Big_T	1797
Big_F	27718
UniProtKB_ID	GeneID	Gene_Name	PPS	Big_P	T+P	Citation	1+Log(T+P)	log10((Cit/yr+1)/10)	1+log10(F/T)+log10(F/P)
PDFR_DROME	31234	Pdfr	9.767	36	5	16	1.699	0.23	5.062
FMR1_DROME	37528	Fmr1	9.681	189	10	16	2.0	0.23	4.34
INSR_DROME	42549	InR	8.985	284	6	23	1.778	0.38	4.163
TIM_DROME	33571	tim	8.932	247	13	9	2.114	0.0	4.225
INSL5_DROME	2768992	Ilp5	8.715	43	4	13	1.602	0.146	4.985
SIFA_DROME	3346202	SIFa	8.627	6	3	5	1.477	0.0	5.841
KGP1_DROME	33253	Pkg21D	8.6	36	5	5	1.699	0.0	5.062
STC_DROME	34888	stc	8.528	7	3	0	1.477	0.0	5.774
PDE4A_DROME	31309	dnc	8.423	76	6	4	1.778	0.0	4.737
A4_DROME	31002	Appl	8.413	77	6	9	1.778	0.0	4.731
Q8IR38_DROME	32461	HDAC6	8.347	18	1	35	1.0	0.556	5.363
A1Z7V1_DROME	35977	brp	8.31	27	4	6	1.602	0.0	5.187
ERKA_DROME	3354888	rl	8.216	223	6	13	1.778	0.146	4.27
HMOC_DROME	31802	oc	8.161	107	6	3	1.778	0.0	4.589
5HT1R_DROME	43669	5-HT7	8.131	13	3	6	1.477	0.0	5.505
Q0KHV6_DROME	31607	Pink1	8.13	111	6	7	1.778	0.0	4.572
Q9V3N4_DROME	43392	htt	8.059	122	6	5	1.778	0.0	4.532
SLOB_DROME	34038	Slob	8.039	15	3	0	1.477	0.0	5.443
PER_DROME	31251	per	7.974	84	5	3	1.699	0.0	4.693
DOPR1_DROME	41726	Dop1R1	7.875	67	4	10	1.602	0.041	4.792
CLOCK_DROME	38872	Clk	7.865	227	7	8	1.845	0.0	4.262
NPF_DROME	42018	NPF	7.855	52	4	9	1.602	0.0	4.903
DAT_DROME	36849	DAT	7.84	53	4	7	1.602	0.0	4.894
Q9VLR8_DROME	34117	SLC5A11	7.828	4	2	2	1.301	0.0	6.017
Q9W5G1_DROME	47141	ebo	7.828	4	2	0	1.301	0.0	6.017
FRU_DROME	42226	fru	7.725	88	3	14	1.477	0.176	4.673
P91632_DROME	40436	mub	7.626	72	4	2	1.602	0.0	4.76
GR43A_DROME	35655	Gr43a	7.512	7	2	4	1.301	0.0	5.774
Q9W581_DROME	31107	Nmdar2	7.436	8	2	0	1.301	0.0	5.716
Q60GL7_DROME	37323	Mgat1	7.436	8	2	2	1.301	0.0	5.716
STX1A_DROME	42854	Syx1A	7.334	45	3	3	1.477	0.0	4.965
DSCL_DROME	38788	Dscam2	7.31	10	2	2	1.301	0.0	5.619
CRY1_DROME	42305	cry	7.306	47	3	2	1.477	0.0	4.946
Q8IMZ4_DROME	2768677	p53	7.289	213	5	8	1.699	0.0	4.29
GR66A_DROME	38935	Gr66a	7.256	23	2	11	1.301	0.079	5.257
CLAT_DROME	42249	Cha	7.254	51	3	4	1.477	0.0	4.911
PDF_DROME	43193	Pdf	7.248	124	4	4	1.602	0.0	4.524
OMB_DROME	31379	bi	7.242	52	3	0	1.477	0.0	4.903
KAPC_DROME	34284	Pka-C1	7.159	141	4	2	1.602	0.0	4.468
NOS_DROME	34495	Nos	7.149	60	3	1	1.477	0.0	4.84
Q9VQ56_DROME	326152	erm	7.12	14	2	3	1.301	0.0	5.473
ACH2_DROME	42919	nAChRalpha2	7.081	15	2	0	1.301	0.0	5.443
Q95RR6_DROME	43797	Pur-alpha	7.053	10	1	17	1.0	0.255	5.619
Q9W3V7_DROME	31624	Atx-1	7.045	16	2	0	1.301	0.0	5.415
ACM1_DROME	37892	mAChR-A	7.01	17	2	0	1.301	0.0	5.388
O77062_DROME	34251	Eaat1	6.978	18	2	3	1.301	0.0	5.363
Q9VTH1_DROME	39266	Ube3a	6.978	18	2	4	1.301	0.0	5.363
NPFR_DROME	40754	NPFR	6.978	18	2	3	1.301	0.0	5.363
TRPA1_DROME	39015	TrpA1	6.94	83	3	8	1.477	0.0	4.699
FRDA_DROME	31845	fh	6.815	24	2	2	1.301	0.0	5.238
TIP60_DROME	31362	Tip60	6.792	25	2	3	1.301	0.0	5.221
Q9V3H5_DROME	34385	Cdk5alpha	6.759	110	3	5	1.477	0.0	4.576
Q9VWX2_DROME	32805	upd2	6.732	18	1	17	1.0	0.255	5.363
Q9VDC6_DROME	42521	e	6.728	28	2	5	1.301	0.0	5.171
FAS2_DROME	31364	Fas2	6.725	116	3	2	1.477	0.0	4.553
GBRB_DROME	39054	Rdl	6.7	121	3	1	1.477	0.0	4.536
TACHY_DROME	41456	Tk	6.689	30	2	0	1.301	0.0	5.141
CORZ_DROME	41742	Crz	6.689	30	2	1	1.301	0.0	5.141
TRSF_DROME	39849	tra	6.671	126	3	0	1.477	0.0	4.517
DSK_DROME	45845	Dsk	6.671	31	2	0	1.301	0.0	5.127
Q9V490_DROME	43833	toy	6.669	127	3	1	1.477	0.0	4.515
MARF_DROME	31581	Marf	6.653	32	2	3	1.301	0.0	5.114
OAMB_DROME	43982	Oamb	6.635	33	2	4	1.301	0.0	5.1
NAAT1_DROME	31457	NAAT1	6.619	1	1	1	1.0	0.0	6.619
Q9W4B3_DROME	31469	Vsx2	6.619	1	1	1	1.0	0.0	6.619
DERL1_DROME	33369	Der-1	6.619	1	1	0	1.0	0.0	6.619
PAIN_DROME	37985	pain	6.619	1	1	0	1.0	0.0	6.619
Q9W0Q0_DROME	38071	Ppm1	6.619	1	1	1	1.0	0.0	6.619
ACH3_DROME	38545	nAChRbeta1	6.619	34	2	1	1.301	0.0	5.087
FAU_DROME	41291	fau	6.619	1	1	0	1.0	0.0	6.619
AMX_DROME	43869	amx	6.619	1	1	0	1.0	0.0	6.619
OPS5_DROME	34615	Rh5	6.586	36	2	2	1.301	0.0	5.062
LCK_DROME	47746	Lk	6.586	36	2	0	1.301	0.0	5.062
DYHC_DROME	38580	Dhc64C	6.553	97	2	12	1.301	0.114	4.631
NMDA1_DROME	40665	Nmdar1	6.526	40	2	5	1.301	0.0	5.016
H1UUD2_DROME	46415	Fer1HCH	6.513	41	2	4	1.301	0.0	5.006
OPS1_DROME	42367	ninaE	6.481	373	4	5	1.602	0.0	4.045
CADN_DROME	35070	CadN	6.389	51	2	4	1.301	0.0	4.911
SODC_DROME	39251	Sod	6.371	202	3	2	1.477	0.0	4.313
TSN2A_DROME	31080	Tsp2A	6.318	2	1	0	1.0	0.0	6.318
Q9W585_DROME	31103	Rab27	6.318	2	1	5	1.0	0.0	6.318
Q9VY46_DROME	32378	Fbxl4	6.318	2	1	0	1.0	0.0	6.318
Q8SXY2_DROME	35670	fa2h	6.318	2	1	0	1.0	0.0	6.318
OR49A_DROME	36350	Or49a	6.318	2	1	2	1.0	0.0	6.318
E1JIQ0_DROME	42310	unc79	6.318	2	1	2	1.0	0.0	6.318
ADAR_DROME	31130	Adar	6.269	63	2	0	1.301	0.0	4.819
Q9VIA5_DROME	40891	Ir84a	6.266	4	1	10	1.0	0.041	6.017
PSN_DROME	40260	Psn	6.226	68	2	0	1.301	0.0	4.786
PBURS_DROME	34845	Pburs	6.193	72	2	1	1.301	0.0	4.76
Q7YU80_DROME	2768852	par-1	6.193	72	2	4	1.301	0.0	4.76
KCC2A_DROME	43828	CaMKII	6.179	74	2	0	1.301	0.0	4.749
FOSLA_DROME	3772082	kay	6.171	75	2	0	1.301	0.0	4.743
Q9VQH1_DROME	33476	G6P	6.142	3	1	0	1.0	0.0	6.142
Q9VQK5_DROME	33513	prp40	6.142	3	1	1	1.0	0.0	6.142
CEG1A_DROME	34803	CenG1A	6.142	3	1	0	1.0	0.0	6.142
XPP_DROME	35029	ApepP	6.142	3	1	0	1.0	0.0	6.142
Q7KMS3_DROME	36963	robl	6.142	3	1	3	1.0	0.0	6.142
Q9W1F8_DROME	37806	Orcokinin	6.142	3	1	1	1.0	0.0	6.142
Q9VRL4_DROME	38616	Ir64a	6.142	3	1	2	1.0	0.0	6.142
Q9VTU7_DROME	39389	Rh7	6.142	3	1	2	1.0	0.0	6.142
Q4V427_DROME	5740700	natalisin	6.142	3	1	1	1.0	0.0	6.142
NOTCH_DROME	31293	N	6.119	619	4	3	1.602	0.0	3.82
L2GL_DROME	33156	l(2)gl	6.087	87	2	1	1.301	0.0	4.679
INSL2_DROME	39150	Ilp2	6.087	87	2	2	1.301	0.0	4.679
Q0E9J9_DROME	35652	Dscam1	6.043	94	2	6	1.301	0.0	4.644
SY65_DROME	33473	Syt1	6.025	97	2	3	1.301	0.0	4.631
Q9VPR1_DROME	33231	Tspo	6.017	4	1	1	1.0	0.0	6.017
CCH2R_DROME	35535	CCHa2-R	6.017	4	1	0	1.0	0.0	6.017
Q9W297_DROME	37516	GlcT-1	6.017	4	1	1	1.0	0.0	6.017
Q9VH87_DROME	41182	FoxP	6.017	4	1	1	1.0	0.0	6.017
Q8I0A1_DROME	42515	SNF4Agamma	6.017	4	1	0	1.0	0.0	6.017
Q9VEX7_DROME	53562	tara	6.017	4	1	0	1.0	0.0	6.017
E74EA_DROME	39962	Eip74EF	5.983	57	1	16	1.0	0.23	4.863
PIP1_DROME	33204	Plc21C	5.975	106	2	0	1.301	0.0	4.593
EYA_DROME	33916	eya	5.953	110	2	1	1.301	0.0	4.576
POMT2_DROME	31024	tw	5.92	5	1	1	1.0	0.0	5.92
Q9VID4_DROME	35402	Mondo	5.92	5	1	0	1.0	0.0	5.92
Q7JX87_DROME	36098	Prx2540-2	5.92	5	1	1	1.0	0.0	5.92
Q4QQA7_DROME	37152	Sik3	5.92	5	1	0	1.0	0.0	5.92
RIG_DROME	37335	rig	5.92	5	1	0	1.0	0.0	5.92
Q5U0V7_DROME	37517	Synj	5.92	5	1	2	1.0	0.0	5.92
CROC_DROME	40374	croc	5.92	5	1	0	1.0	0.0	5.92
M9NE13_DROME	40521	nAChRalpha4	5.92	5	1	0	1.0	0.0	5.92
Q8IPQ2_DROME	40675	CRMP	5.92	5	1	0	1.0	0.0	5.92
DLT_DROME	46719	dlt	5.92	5	1	1	1.0	0.0	5.92
PEN2_DROME	251430	pen-2	5.92	5	1	0	1.0	0.0	5.92
Q7KSQ0_DROME	3772221	sea	5.92	5	1	0	1.0	0.0	5.92
PIPA_DROME	31376	norpA	5.918	117	2	4	1.301	0.0	4.549
DDC_DROME	35190	Ddc	5.874	127	2	1	1.301	0.0	4.515
Q9W436_DROME	31547	Nep1	5.841	6	1	2	1.0	0.0	5.841
O76752_DROME	31781	Sptr	5.841	6	1	1	1.0	0.0	5.841
CAZ_DROME	32587	caz	5.841	6	1	2	1.0	0.0	5.841
Q9VWI2_DROME	32934	Naa15-16	5.841	6	1	1	1.0	0.0	5.841
Q5U154_DROME	36263	Sln	5.841	6	1	5	1.0	0.0	5.841
A1Z991_DROME	36447	GLaz	5.841	6	1	3	1.0	0.0	5.841
ATPA_DROME	37617	blw	5.841	6	1	0	1.0	0.0	5.841
Q9VST9_DROME	39048	teq	5.841	6	1	1	1.0	0.0	5.841
A0A0B4K6P1_DROME	41266	Rfx	5.841	6	1	0	1.0	0.0	5.841
Q9V3H9_DROME	42897	Nab2	5.841	6	1	1	1.0	0.0	5.841
RYAR_DROME	43253	RYa-R	5.841	6	1	0	1.0	0.0	5.841
Q7KTX7_DROME	40336	park	5.822	139	2	9	1.301	0.0	4.475
OR47B_DROME	36212	Or47b	5.808	11	1	10	1.0	0.041	5.577
EGH_DROME	31239	egh	5.774	7	1	2	1.0	0.0	5.774
LOZEN_DROME	31883	lz	5.774	7	1	0	1.0	0.0	5.774
Q9VVK5_DROME	39976	Adgf-A	5.774	7	1	0	1.0	0.0	5.774
TUTL_DROME	46015	tutl	5.774	7	1	1	1.0	0.0	5.774
Q8INK2_DROME	3772232	fabp	5.774	7	1	1	1.0	0.0	5.774
Q6WSQ9_DROME	3885647	Mitf	5.774	7	1	1	1.0	0.0	5.774
DSX_DROME	40940	dsx	5.733	163	2	3	1.301	0.0	4.407
PEPT1_DROME	31340	yin	5.716	8	1	3	1.0	0.0	5.716
BIB_DROME	34330	bib	5.716	8	1	0	1.0	0.0	5.716
OR42B_DROME	35516	Or42b	5.716	8	1	0	1.0	0.0	5.716
Q7JVK6_DROME	36110	trsn	5.716	8	1	0	1.0	0.0	5.716
TPP2_DROME	36444	TppII	5.716	8	1	0	1.0	0.0	5.716
Q9VZD1_DROME	38539	DopEcR	5.716	8	1	1	1.0	0.0	5.716
Q6AWQ4_DROME	40575	5-HT2A	5.716	8	1	2	1.0	0.0	5.716
NUMB_DROME	34263	numb	5.713	169	2	3	1.301	0.0	4.391
PARG_DROME	31329	Parg	5.665	9	1	0	1.0	0.0	5.665
PP4R2_DROME	31979	PPP4R2r	5.665	9	1	0	1.0	0.0	5.665
CADN2_DROME	35071	CadN2	5.665	9	1	0	1.0	0.0	5.665
Q7KY01_DROME	36456	AQP	5.665	9	1	0	1.0	0.0	5.665
DJ1A_DROME	36543	DJ-1alpha	5.665	9	1	3	1.0	0.0	5.665
Q9W151_DROME	37921	ITP	5.665	9	1	2	1.0	0.0	5.665
LYSD_DROME	38127	LysD	5.665	9	1	0	1.0	0.0	5.665
Q9VEG1_DROME	42136	TyrR	5.665	9	1	0	1.0	0.0	5.665
VATL_DROME	44307	Vha16-1	5.665	9	1	1	1.0	0.0	5.665
PPT1_DROME	31805	Ppt1	5.619	10	1	0	1.0	0.0	5.619
Q8IR69_DROME	32278	HDAC4	5.619	10	1	0	1.0	0.0	5.619
Q9NGK5_DROME	33962	Nlg2	5.619	10	1	1	1.0	0.0	5.619
TSH_DROME	35430	tsh	5.619	10	1	0	1.0	0.0	5.619
ARL1_DROME	39745	Arl1	5.619	10	1	1	1.0	0.0	5.619
Q9VV42_DROME	39812	Pdh	5.619	10	1	0	1.0	0.0	5.619
Q9V4E1_DROME	43799	Ephrin	5.619	10	1	1	1.0	0.0	5.619
D8FT20_DROME	46234	fbl	5.619	10	1	0	1.0	0.0	5.619
EGFR_DROME	37455	Egfr	5.581	679	3	2	1.477	0.0	3.778
ORK1_DROME	32020	Ork1	5.577	11	1	1	1.0	0.0	5.577
ATPB1_DROME	33952	nrv1	5.577	11	1	0	1.0	0.0	5.577
Q9VL89_DROME	34294	und	5.577	11	1	0	1.0	0.0	5.577
PNUT_DROME	35801	pnut	5.577	11	1	0	1.0	0.0	5.577
5HT2B_DROME	37191	5-HT1B	5.577	11	1	7	1.0	0.0	5.577
PYRG_DROME	39645	CTPsyn	5.577	11	1	4	1.0	0.0	5.577
KAPR1_DROME	40305	Pka-R1	5.577	11	1	0	1.0	0.0	5.577
MVL_DROME	42490	Mvl	5.577	11	1	0	1.0	0.0	5.577
TLR2_DROME	43551	TkR99D	5.577	11	1	0	1.0	0.0	5.577
NBEA_DROME	44531	rg	5.577	11	1	1	1.0	0.0	5.577
TAO_DROME	32948	Tao	5.54	12	1	1	1.0	0.0	5.54
A1ZAK7_DROME	36889	Psi	5.54	12	1	2	1.0	0.0	5.54
Q7KUD4_DROME	39160	iPLA2-VIA	5.54	12	1	3	1.0	0.0	5.54
Q5U127_DROME	39722	DCP2	5.54	12	1	0	1.0	0.0	5.54
Q9VC93_DROME	42900	Dis3	5.54	12	1	1	1.0	0.0	5.54
CPLX_DROME	64877	cpx	5.54	12	1	5	1.0	0.0	5.54
AGO3_DROME	3355150	AGO3	5.519	32	1	11	1.0	0.079	5.114
Q9W3X9_DROME	31601	Ctr1A	5.505	13	1	0	1.0	0.0	5.505
Q9VM96_DROME	33942	AkhR	5.505	13	1	0	1.0	0.0	5.505
Q7KT97_DROME	34826	nAChRalpha5	5.505	13	1	3	1.0	0.0	5.505
A1Z6N2_DROME	35573	Tdc1	5.505	13	1	1	1.0	0.0	5.505
IDE_DROME	40248	Ide	5.505	13	1	0	1.0	0.0	5.505
EMS_DROME	41697	ems	5.505	13	1	0	1.0	0.0	5.505
A1Z8R8_DROME	36281	rho-7	5.473	14	1	0	1.0	0.0	5.473
5HT2A_DROME	37196	5-HT1A	5.473	14	1	2	1.0	0.0	5.473
HP1_DROME	34119	Su(var)205	5.471	258	2	2	1.301	0.0	4.205
SWS_DROME	31716	sws	5.443	15	1	2	1.0	0.0	5.443
M9NF14_DROME	32009	Imp	5.443	15	1	2	1.0	0.0	5.443
Q9VWI9_DROME	32928	nAChRalpha7	5.443	15	1	1	1.0	0.0	5.443
Q9VKK5_DROME	34537	AstC	5.443	15	1	3	1.0	0.0	5.443
MDR65_DROME	38726	Mdr65	5.443	15	1	3	1.0	0.0	5.443
CISY_DROME	31579	kdn	5.415	16	1	0	1.0	0.0	5.415
TENA_DROME	32183	Ten-a	5.415	16	1	5	1.0	0.0	5.415
INSL1_DROME	39149	Ilp1	5.415	16	1	0	1.0	0.0	5.415
OR83B_DROME	40650	Orco	5.391	60	1	12	1.0	0.114	4.84
INSL6_DROME	31220	Ilp6	5.388	17	1	6	1.0	0.0	5.388
TBH1_DROME	31718	Tbh	5.388	17	1	0	1.0	0.0	5.388
GBRB3_DROME	32554	Lcch3	5.388	17	1	7	1.0	0.0	5.388
TY3H_DROME	38746	ple	5.385	28	1	10	1.0	0.041	5.171
Q9VQC0_DROME	33427	VGlut	5.363	18	1	5	1.0	0.0	5.363
GNAO_DROME	36104	Galphao	5.363	18	1	0	1.0	0.0	5.363
GCH1_DROME	37415	Pu	5.363	18	1	1	1.0	0.0	5.363
JAK_DROME	32080	hop	5.341	324	2	2	1.301	0.0	4.106
CDK5_DROME	36727	Cdk5	5.34	19	1	0	1.0	0.0	5.34
Q9V455_DROME	41158	Kap-alpha3	5.34	19	1	0	1.0	0.0	5.34
Q9W103_DROME	44125	ETH	5.34	19	1	0	1.0	0.0	5.34
RL15_DROME	3354918	RpL15	5.34	19	1	0	1.0	0.0	5.34
SCAL_DROME	32536	sd	5.318	20	1	2	1.0	0.0	5.318
OR22A_DROME	33335	Or22a	5.318	20	1	2	1.0	0.0	5.318
SO_DROME	35662	so	5.318	20	1	4	1.0	0.0	5.318
TIPE_DROME	38504	tipE	5.318	20	1	1	1.0	0.0	5.318
RDGC_DROME	40224	rdgC	5.318	20	1	1	1.0	0.0	5.318
HMG2_DROME	117294	Dsp1	5.318	20	1	0	1.0	0.0	5.318
POXN_DROME	36741	Poxn	5.296	21	1	3	1.0	0.0	5.296
Q24090_DROME	40657	Snr1	5.296	21	1	0	1.0	0.0	5.296
Q9VDG5_DROME	42481	Calx	5.296	21	1	0	1.0	0.0	5.296
GPRK2_DROME	49045	Gprk2	5.296	21	1	0	1.0	0.0	5.296
Q400N1_DROME	3772382	Plp	5.296	21	1	2	1.0	0.0	5.296
HR38_DROME	35332	Hr38	5.276	22	1	1	1.0	0.0	5.276
LIS1_DROME	36791	Lis-1	5.276	22	1	1	1.0	0.0	5.276
Q9VBC7_DROME	43215	amon	5.276	22	1	3	1.0	0.0	5.276
SNP25_DROME	3355084	Snap25	5.276	22	1	0	1.0	0.0	5.276
Q7KT94_DROME	34843	ppk	5.257	23	1	7	1.0	0.0	5.257
O77430_DROME	31016	SkpA	5.238	24	1	0	1.0	0.0	5.238
SPR_DROME	31463	SPR	5.238	24	1	2	1.0	0.0	5.238
DGK1_DROME	35738	Dgk	5.238	24	1	0	1.0	0.0	5.238
Q7JR24_DROME	36157	cag	5.238	24	1	0	1.0	0.0	5.238
SEM2A_DROME	36846	Sema2a	5.238	24	1	0	1.0	0.0	5.238
BAB1_DROME	38116	bab1	5.238	24	1	1	1.0	0.0	5.238
ARNT_DROME	41084	tgo	5.238	24	1	0	1.0	0.0	5.238
Q9V3Z1_DROME	43999	trbl	5.238	24	1	0	1.0	0.0	5.238
Q7KSE4_DROME	47285	repo	5.238	24	1	0	1.0	0.0	5.238
Q9W0C2_DROME	38196	nSyb	5.221	25	1	5	1.0	0.0	5.221
PTP10_DROME	32115	Ptp10D	5.204	26	1	0	1.0	0.0	5.204
NONA_DROME	32603	nonA	5.204	26	1	0	1.0	0.0	5.204
Q59DZ3_DROME	34772	kuz	5.204	26	1	2	1.0	0.0	5.204
ACE_DROME	34805	Ance	5.204	26	1	0	1.0	0.0	5.204
SC6A4_DROME	37895	SerT	5.204	26	1	0	1.0	0.0	5.204
A1Z7H3_DROME	46068	Acsl	5.204	26	1	1	1.0	0.0	5.204
FUR11_DROME	47220	Fur1	5.204	26	1	1	1.0	0.0	5.204
Q9VB13_DROME	326116	tau	5.204	26	1	1	1.0	0.0	5.204
PDM2A_DROME	34673	pdm2	5.171	28	1	0	1.0	0.0	5.171
GSTD1_DROME	41503	GstD1	5.171	28	1	3	1.0	0.0	5.171
CANA_DROME	37232	CalpA	5.141	30	1	0	1.0	0.0	5.141
BURS_DROME	42560	Burs	5.141	30	1	0	1.0	0.0	5.141
Q5BI44_DROME	44226	Xbp1	5.141	30	1	3	1.0	0.0	5.141
HEP_DROME	32256	hep	5.127	31	1	1	1.0	0.0	5.127
AMN_DROME	32999	amn	5.127	31	1	2	1.0	0.0	5.127
FLII_DROME	33110	fliI	5.127	31	1	0	1.0	0.0	5.127
PP2B1_DROME	43670	CanA1	5.127	31	1	1	1.0	0.0	5.127
CEBP_DROME	37889	slbo	5.114	32	1	1	1.0	0.0	5.114
NEMS_DROME	44324	Dms	5.114	32	1	0	1.0	0.0	5.114
Q8IRY0_DROME	31075	DAAM	5.1	33	1	0	1.0	0.0	5.1
Q9VWW4_DROME	32813	upd1	5.1	33	1	0	1.0	0.0	5.1
FUTSC_DROME	5740544	futsch	5.074	35	1	2	1.0	0.0	5.074
CHK1_DROME	34993	grp	5.051	37	1	1	1.0	0.0	5.051
ARRB_DROME	38993	Arr2	5.051	37	1	0	1.0	0.0	5.051
BRAT_DROME	35197	brat	5.039	38	1	1	1.0	0.0	5.039
SNPF_DROME	35286	sNPF	5.016	40	1	2	1.0	0.0	5.016
SIM_DROME	41612	sim	5.016	40	1	0	1.0	0.0	5.016
TIN_DROME	42536	tin	5.007	579	2	0	1.301	0.0	3.848
SEM1A_DROME	34192	Sema-1a	5.006	41	1	5	1.0	0.0	5.006
TRXR1_DROME	31760	Trxr-1	4.995	42	1	0	1.0	0.0	4.995
E0A9E1_DROME	33768	nompC	4.985	43	1	8	1.0	0.0	4.985
TERA_DROME	36040	TER94	4.975	44	1	2	1.0	0.0	4.975
GSTS1_DROME	36927	GstS1	4.975	44	1	0	1.0	0.0	4.975
PC_DROME	40358	Pc	4.969	625	2	1	1.301	0.0	3.82
TLL_DROME	43656	tll	4.965	45	1	2	1.0	0.0	4.965
O96660_DROME	31738	Smox	4.956	46	1	0	1.0	0.0	4.956
ARRA_DROME	35078	Arr1	4.956	46	1	0	1.0	0.0	4.956
Q9VDE3_DROME	42504	slmb	4.956	46	1	1	1.0	0.0	4.956
Q9VET9_DROME	42008	Decay	4.937	48	1	0	1.0	0.0	4.937
RDGB_DROME	32340	rdgB	4.928	49	1	0	1.0	0.0	4.928
OPS6_DROME	41889	Rh6	4.928	49	1	2	1.0	0.0	4.928
Q59DZ0_DROME	34982	dac	4.911	51	1	0	1.0	0.0	4.911
LOK_DROME	35288	lok	4.911	51	1	2	1.0	0.0	4.911
CNN_DROME	36491	cnn	4.911	51	1	4	1.0	0.0	4.911
Q8MQJ7_DROME	39454	Atg1	4.911	51	1	2	1.0	0.0	4.911
Q9VXE3_DROME	43916	Rok	4.903	52	1	1	1.0	0.0	4.903
Q9VDJ9_DROME	42447	Lrrk	4.894	53	1	0	1.0	0.0	4.894
POK_DROME	33392	aop	4.855	58	1	0	1.0	0.0	4.855
DFD_DROME	40832	Dfd	4.84	60	1	0	1.0	0.0	4.84
PIWI_DROME	34521	piwi	4.825	193	1	12	1.0	0.114	4.331
PERO_DROME	2768671	Pxd	4.813	64	1	0	1.0	0.0	4.813
SALM_DROME	34569	salm	4.786	68	1	0	1.0	0.0	4.786
Q9NF31_DROME	44889	ph-d	4.779	69	1	0	1.0	0.0	4.779
Q9W213_DROME	37603	robo1	4.773	70	1	1	1.0	0.0	4.773
ZEST_DROME	31230	z	4.76	72	1	0	1.0	0.0	4.76
SIR2_DROME	34708	Sir2	4.755	73	1	1	1.0	0.0	4.755
PCNA_DROME	37290	PCNA	4.749	74	1	0	1.0	0.0	4.749
HSP22_DROME	3772576	Hsp22	4.749	74	1	0	1.0	0.0	4.749
VND_DROME	31003	vnd	4.72	79	1	0	1.0	0.0	4.72
RUNT_DROME	33059	run	4.715	80	1	1	1.0	0.0	4.715
Q9V3I2_DROME	33418	Rab5	4.705	82	1	0	1.0	0.0	4.705
ELAV_DROME	31000	elav	4.669	89	1	2	1.0	0.0	4.669
APKC_DROME	47594	aPKC	4.655	92	1	0	1.0	0.0	4.655
CALM_DROME	36329	Cam	4.64	95	1	2	1.0	0.0	4.64
HDAC1_DROME	38565	Rpd3	4.64	95	1	1	1.0	0.0	4.64
DRONC_DROME	39173	Dronc	4.635	96	1	0	1.0	0.0	4.635
HTH_DROME	41273	hth	4.635	96	1	0	1.0	0.0	4.635
ECD_DROME	38291	ecd	4.631	97	1	0	1.0	0.0	4.631
BRM_DROME	39744	brm	4.631	97	1	0	1.0	0.0	4.631
A1ZAW0_DROME	36993	Dcr-2	4.622	99	1	2	1.0	0.0	4.622
TPM1_DROME	41852	Tm1	4.622	99	1	6	1.0	0.0	4.622
ATR_DROME	32608	mei-41	4.619	100	1	2	1.0	0.0	4.619
MK14B_DROME	34780	p38b	4.614	101	1	0	1.0	0.0	4.614
HSP26_DROME	39075	Hsp26	4.609	102	1	0	1.0	0.0	4.609
CREBA_DROME	39682	CrebA	4.606	103	1	2	1.0	0.0	4.606
KLC_DROME	39445	Klc	4.593	106	1	0	1.0	0.0	4.593
WNTG_DROME	34009	wg	4.569	112	1	0	1.0	0.0	4.569
FGFR2_DROME	39564	btl	4.569	112	1	0	1.0	0.0	4.569
TRA2_DROME	36619	tra2	4.536	121	1	0	1.0	0.0	4.536
DYN_DROME	45928	shi	4.507	129	1	2	1.0	0.0	4.507
Q7K4Z4_DROME	44339	imd	4.5	131	1	0	1.0	0.0	4.5
TOP2_DROME	35225	Top2	4.494	133	1	1	1.0	0.0	4.494
CASP1_DROME	37729	Dcp-1	4.484	136	1	0	1.0	0.0	4.484
CDK1_DROME	34411	Cdk1	4.369	177	1	1	1.0	0.0	4.369
ACES_DROME	41625	Ace	4.346	187	1	0	1.0	0.0	4.346
FOXO_DROME	41709	foxo	4.34	189	1	4	1.0	0.0	4.34
FTZ_DROME	40834	ftz	4.319	199	1	1	1.0	0.0	4.319
NFKB1_DROME	41087	Rel	4.248	234	1	0	1.0	0.0	4.248
TRX_DROME	41737	trx	4.176	277	1	0	1.0	0.0	4.176
STAT_DROME	42428	Stat92E	4.074	347	1	1	1.0	0.0	4.074
ARM_DROME	31151	arm	3.982	431	1	0	1.0	0.0	3.982
ACT4_DROME	40444	Act79B	3.982	432	1	0	1.0	0.0	3.982
JNK_DROME	44801	bsk	3.968	444	1	0	1.0	0.0	3.968
TOLL_DROME	43222	Tl	3.916	502	1	0	1.0	0.0	3.916
HH_DROME	42737	hh	3.829	607	1	0	1.0	0.0	3.829
