Big_T	949
Big_F	27718
UniProtKB_ID	GeneID	Gene_Name	PPS	Big_P	T+P	Citation	1+Log(T+P)	log10((Cit/yr+1)/10)	1+log10(F/T)+log10(F/P)
MYC_DROME	31310	dm	11.988	174	12	30	2.079	0.491	4.664
NOTCH_DROME	31293	N	9.412	619	7	27	1.845	0.447	4.106
EXD_DROME	32567	exd	9.007	69	3	19	1.477	0.301	5.066
ARM_DROME	31151	arm	8.966	431	9	13	1.954	0.146	4.269
Q8IMZ4_DROME	2768677	p53	8.943	213	9	2	1.954	0.0	4.576
ERCC3_DROME	39202	hay	8.161	24	3	2	1.477	0.0	5.525
CWC22_DROME	35099	ncm	8.074	5	2	0	1.301	0.0	6.206
Q8T0L3_DROME	35998	Uba1	7.971	6	2	3	1.301	0.0	6.127
Q6WSQ9_DROME	3885647	Mitf	7.884	7	2	3	1.301	0.0	6.06
Q9VEN5_DROME	42062	Keap1	7.786	43	2	14	1.301	0.176	5.271
TOLL_DROME	43222	Tl	7.755	502	7	5	1.845	0.0	4.203
PARG_DROME	31329	Parg	7.742	9	2	1	1.301	0.0	5.951
MLP2_DROME	40849	Mlp84B	7.683	10	2	1	1.301	0.0	5.905
VAV_DROME	32920	Vav	7.58	12	2	0	1.301	0.0	5.826
YAP1_DROME	37851	yki	7.569	151	2	19	1.301	0.301	4.725
JAK_DROME	32080	hop	7.462	324	5	8	1.699	0.0	4.392
Q9V3I2_DROME	33418	Rab5	7.373	82	3	0	1.477	0.0	4.991
EWG_DROME	30975	ewg	7.263	21	2	2	1.301	0.0	5.583
JNK_DROME	44801	bsk	7.229	444	5	7	1.699	0.0	4.255
MERH_DROME	32979	Mer	7.205	65	2	12	1.301	0.114	5.092
HH_DROME	42737	hh	7.163	607	5	10	1.699	0.041	4.116
DNAJ1_DROME	38643	DnaJ-1	7.081	29	2	4	1.301	0.0	5.442
RHEB_DROME	117332	Rheb	6.913	39	2	3	1.301	0.0	5.314
ABRU_DROME	34560	ab	6.905	1	1	0	1.0	0.0	6.905
Q7JQI1_DROME	36361	DUBAI	6.905	1	1	0	1.0	0.0	6.905
Q9Y1T2_DROME	42871	Apc2	6.845	44	2	1	1.301	0.0	5.261
EIGER_DROME	36054	egr	6.762	51	2	2	1.301	0.0	5.197
POK_DROME	33392	aop	6.688	58	2	1	1.301	0.0	5.141
TOR_DROME	47396	Tor	6.664	247	3	0	1.477	0.0	4.512
ACT4_DROME	40444	Act79B	6.643	432	3	11	1.477	0.079	4.269
RBF_DROME	31027	Rbf	6.615	66	2	7	1.301	0.0	5.085
Q0KI58_DROME	42169	wrd	6.615	66	2	1	1.301	0.0	5.085
TSN2A_DROME	31080	Tsp2A	6.604	2	1	0	1.0	0.0	6.604
XPA_DROME	31357	Xpac	6.604	2	1	0	1.0	0.0	6.604
BTHD_DROME	32317	BthD	6.604	2	1	0	1.0	0.0	6.604
Q9VY46_DROME	32378	Fbxl4	6.604	2	1	0	1.0	0.0	6.604
Q9VPR6_DROME	33236	Ipk2	6.604	2	1	0	1.0	0.0	6.604
Q9VPX0_DROME	33290	Iris	6.604	2	1	1	1.0	0.0	6.604
Q9VW45_DROME	40163	Fibp	6.604	2	1	0	1.0	0.0	6.604
Q7JXA2_DROME	26067067	PRAS40	6.604	2	1	1	1.0	0.0	6.604
INSR_DROME	42549	InR	6.572	284	3	9	1.477	0.0	4.449
PIWI_DROME	34521	piwi	6.534	193	2	12	1.301	0.114	4.618
WNT2_DROME	35975	Wnt2	6.522	78	2	5	1.301	0.0	5.013
RUX_DROME	31535	rux	6.428	3	1	0	1.0	0.0	6.428
KPC4_DROME	32191	Pkcdelta	6.428	3	1	1	1.0	0.0	6.428
MSH2_DROME	34842	spel1	6.428	3	1	0	1.0	0.0	6.428
A1Z8U0_DROME	36304	Prp8	6.428	3	1	2	1.0	0.0	6.428
L2EFL_DROME	37744	l(2)efl	6.428	3	1	1	1.0	0.0	6.428
DIE_DROME	43474	Diedel	6.428	3	1	4	1.0	0.0	6.428
ABL_DROME	45821	Abl	6.415	94	2	1	1.301	0.0	4.931
HDAC1_DROME	38565	Rpd3	6.409	95	2	1	1.301	0.0	4.926
BRM_DROME	39744	brm	6.397	97	2	1	1.301	0.0	4.917
B7YZU6_DROME	33334	halo	6.303	4	1	0	1.0	0.0	6.303
Q0E8J0_DROME	38327	MEP-1	6.303	4	1	2	1.0	0.0	6.303
Q9VTX5_DROME	39417	ArfGAP1	6.303	4	1	0	1.0	0.0	6.303
BNK_DROME	43687	bnk	6.303	4	1	0	1.0	0.0	6.303
Q9VEX7_DROME	53562	tara	6.303	4	1	0	1.0	0.0	6.303
TRA2_DROME	36619	tra2	6.274	121	2	0	1.301	0.0	4.822
RAS1_DROME	41140	Ras85D	6.264	123	2	0	1.301	0.0	4.815
CDC42_DROME	32981	Cdc42	6.246	127	2	4	1.301	0.0	4.801
DYRK2_DROME	34831	Dyrk2	6.206	5	1	0	1.0	0.0	6.206
SESN_DROME	37755	Sesn	6.206	5	1	4	1.0	0.0	6.206
Q9VUX9_DROME	39757	Tasp1	6.206	5	1	0	1.0	0.0	6.206
Q9W4F5_DROME	31425	Ptp4E	6.127	6	1	1	1.0	0.0	6.127
Q9W3N8_DROME	31696	Nek2	6.127	6	1	1	1.0	0.0	6.127
OGG1_DROME	31806	Ogg1	6.127	6	1	6	1.0	0.0	6.127
CAZ_DROME	32587	caz	6.127	6	1	0	1.0	0.0	6.127
Q9VMD0_DROME	33906	Daxx	6.127	6	1	0	1.0	0.0	6.127
RSMB_DROME	34426	SmB	6.127	6	1	1	1.0	0.0	6.127
A1Z991_DROME	36447	GLaz	6.127	6	1	2	1.0	0.0	6.127
MOB2_DROME	39293	Mob2	6.127	6	1	4	1.0	0.0	6.127
CANB2_DROME	46456	CanB2	6.127	6	1	0	1.0	0.0	6.127
Q8MYL1_DROME	2768674	Fancd2	6.127	6	1	1	1.0	0.0	6.127
SGG_DROME	31248	sgg	6.109	162	2	7	1.301	0.0	4.695
NUMB_DROME	34263	numb	6.085	169	2	3	1.301	0.0	4.677
PC_DROME	40358	Pc	6.065	625	3	1	1.477	0.0	4.106
Q9VM26_DROME	34010	Wnt6	6.06	7	1	0	1.0	0.0	6.06
JHD1_DROME	41090	Kdm2	6.06	7	1	1	1.0	0.0	6.06
TUTL_DROME	46015	tutl	6.06	7	1	1	1.0	0.0	6.06
Q9N675_DROME	317824	Zyx	6.06	7	1	1	1.0	0.0	6.06
PEPT1_DROME	31340	yin	6.002	8	1	0	1.0	0.0	6.002
Q8IR23_DROME	32569	vap	6.002	8	1	0	1.0	0.0	6.002
PSDE_DROME	33738	Rpn11	6.002	8	1	0	1.0	0.0	6.002
SDHB_DROME	35590	SdhB	6.002	8	1	0	1.0	0.0	6.002
Q960T6_DROME	39647	Cep135	6.002	8	1	1	1.0	0.0	6.002
Q7KT06_DROME	43875	Ret	6.002	8	1	1	1.0	0.0	6.002
Q9XZ31_DROME	35878	ana2	5.951	9	1	6	1.0	0.0	5.951
GOLI_DROME	38006	gol	5.951	9	1	2	1.0	0.0	5.951
LYSD_DROME	38127	LysD	5.951	9	1	0	1.0	0.0	5.951
Q9VHI1_DROME	41086	hyx	5.951	9	1	0	1.0	0.0	5.951
ERKA_DROME	3354888	rl	5.927	223	2	2	1.301	0.0	4.556
MDR49_DROME	36428	Mdr49	5.905	10	1	0	1.0	0.0	5.905
ARL1_DROME	39745	Arl1	5.905	10	1	1	1.0	0.0	5.905
WGN_DROME	32849	wgn	5.864	11	1	2	1.0	0.0	5.864
THIO2_DROME	34281	Trx-2	5.864	11	1	0	1.0	0.0	5.864
2AAA_DROME	2768940	Pp2A-29B	5.864	11	1	0	1.0	0.0	5.864
KLP68_DROME	39332	Klp68D	5.826	12	1	0	1.0	0.0	5.826
Q9VV79_DROME	39850	spd-2	5.826	12	1	2	1.0	0.0	5.826
Q9W3X9_DROME	31601	Ctr1A	5.791	13	1	1	1.0	0.0	5.791
Q9W396_DROME	31834	HP1b	5.791	13	1	2	1.0	0.0	5.791
Q9VM43_DROME	33994	Pvf2	5.791	13	1	1	1.0	0.0	5.791
WNT8_DROME	41633	wntD	5.791	13	1	3	1.0	0.0	5.791
PYGO_DROME	43718	pygo	5.791	13	1	0	1.0	0.0	5.791
RBX1A_DROME	31014	Roc1a	5.759	14	1	1	1.0	0.0	5.759
IMB_DROME	35336	Fs(2)Ket	5.759	14	1	0	1.0	0.0	5.759
Q8SXP8_DROME	37781	TBPH	5.738	79	1	13	1.0	0.146	5.006
FSH_DROME	31722	fs(1)h	5.729	15	1	0	1.0	0.0	5.729
ARF6_DROME	36699	Arf51F	5.729	15	1	0	1.0	0.0	5.729
BRCA2_DROME	37916	Brca2	5.701	16	1	1	1.0	0.0	5.701
Q9VCH5_DROME	42816	Nup98-96	5.701	16	1	0	1.0	0.0	5.701
NXF1_DROME	43944	sbr	5.675	17	1	0	1.0	0.0	5.675
Q9VLE6_DROME	34235	Toll-4	5.668	29	1	10	1.0	0.041	5.442
VPS18_DROME	31118	dor	5.65	18	1	2	1.0	0.0	5.65
A1Z9I5_DROME	36538	tum	5.65	18	1	0	1.0	0.0	5.65
EBI_DROME	33212	ebi	5.626	19	1	0	1.0	0.0	5.626
USH_DROME	33225	ush	5.626	19	1	3	1.0	0.0	5.626
CDK5_DROME	36727	Cdk5	5.626	19	1	0	1.0	0.0	5.626
RL15_DROME	3354918	RpL15	5.626	19	1	0	1.0	0.0	5.626
FOJO_DROME	37089	fj	5.583	21	1	0	1.0	0.0	5.583
Q24090_DROME	40657	Snr1	5.583	21	1	0	1.0	0.0	5.583
Q400N1_DROME	3772382	Plp	5.583	21	1	2	1.0	0.0	5.583
NRG_DROME	31792	Nrg	5.543	23	1	0	1.0	0.0	5.543
HIPPO_DROME	37247	hpo	5.543	23	1	2	1.0	0.0	5.543
DJ1B_DROME	43652	dj-1beta	5.543	23	1	1	1.0	0.0	5.543
Q9V3Z1_DROME	43999	trbl	5.525	24	1	0	1.0	0.0	5.525
Q8WR08_DROME	36773	Dg	5.49	26	1	0	1.0	0.0	5.49
Q9VPH1_DROME	40245	Toll-9	5.474	27	1	1	1.0	0.0	5.474
SAV_DROME	252554	sav	5.414	31	1	0	1.0	0.0	5.414
DECA_DROME	33432	dpp	5.403	560	2	2	1.301	0.0	4.153
MARF_DROME	31581	Marf	5.4	32	1	1	1.0	0.0	5.4
Q8T9L5_DROME	41673	Lkb1	5.4	32	1	1	1.0	0.0	5.4
E2F2_DROME	35381	E2f2	5.386	33	1	1	1.0	0.0	5.386
Q9BLX1_DROME	32876	Pvf1	5.361	35	1	0	1.0	0.0	5.361
RB27C_DROME	33968	Hrb27C	5.361	35	1	0	1.0	0.0	5.361
Q7KHK9_DROME	35528	Strica	5.361	35	1	0	1.0	0.0	5.361
A1Z920_DROME	36377	fra	5.348	36	1	1	1.0	0.0	5.348
TOP1_DROME	32458	Top1	5.325	38	1	0	1.0	0.0	5.325
BRAT_DROME	35197	brat	5.325	38	1	1	1.0	0.0	5.325
Q9VZ62_DROME	32015	feo	5.314	39	1	3	1.0	0.0	5.314
A0A0B4KHX4_DROME	43149	Nf1	5.314	39	1	0	1.0	0.0	5.314
DCO_DROME	43673	dco	5.303	40	1	0	1.0	0.0	5.303
SEM1A_DROME	34192	Sema-1a	5.292	41	1	2	1.0	0.0	5.292
ANLN_DROME	35696	scra	5.292	41	1	4	1.0	0.0	5.292
Q8IQD9_DROME	44135	ect	5.292	41	1	1	1.0	0.0	5.292
H1UUD2_DROME	46415	Fer1HCH	5.292	41	1	0	1.0	0.0	5.292
SIMA_DROME	43580	sima	5.251	45	1	3	1.0	0.0	5.251
O96660_DROME	31738	Smox	5.242	46	1	0	1.0	0.0	5.242
Q9VDE3_DROME	42504	slmb	5.242	46	1	1	1.0	0.0	5.242
O97102_DROME	33981	smt3	5.224	48	1	0	1.0	0.0	5.224
WARTS_DROME	43651	wts	5.214	49	1	0	1.0	0.0	5.214
DA_DROME	34413	da	5.197	51	1	0	1.0	0.0	5.197
GCM_DROME	34277	gcm	5.173	54	1	0	1.0	0.0	5.173
DNK_DROME	42273	dnk	5.173	54	1	0	1.0	0.0	5.173
Q9U8R4_DROME	36914	Dark	5.164	55	1	2	1.0	0.0	5.164
KC1A_DROME	32221	CkIalpha	5.134	59	1	0	1.0	0.0	5.134
Q94513_DROME	36645	BEAF-32	5.126	60	1	0	1.0	0.0	5.126
Q9V9C8_DROME	53585	Debcl	5.092	65	1	0	1.0	0.0	5.092
MOEH_DROME	31816	Moe	5.085	66	1	2	1.0	0.0	5.085
M9PAY7_DROME	33203	Pi3K21B	5.085	66	1	0	1.0	0.0	5.085
Q9W213_DROME	37603	robo1	5.059	70	1	0	1.0	0.0	5.059
CID_DROME	36495	cid	5.047	72	1	6	1.0	0.0	5.047
SIR2_DROME	34708	Sir2	5.041	73	1	6	1.0	0.0	5.041
Q9V4E6_DROME	43804	mav	5.041	73	1	0	1.0	0.0	5.041
PCNA_DROME	37290	PCNA	5.035	74	1	0	1.0	0.0	5.035
M9PD17_DROME	40201	gig	5.029	75	1	4	1.0	0.0	5.029
A4_DROME	31002	Appl	5.017	77	1	0	1.0	0.0	5.017
RUNT_DROME	33059	run	5.001	80	1	0	1.0	0.0	5.001
TRPA1_DROME	39015	TrpA1	4.985	83	1	0	1.0	0.0	4.985
ITA2_DROME	32661	if	4.97	86	1	2	1.0	0.0	4.97
L2GL_DROME	33156	l(2)gl	4.965	87	1	0	1.0	0.0	4.965
GRIM_DROME	40014	grim	4.959	88	1	1	1.0	0.0	4.959
Q0E9J9_DROME	35652	Dscam1	4.931	94	1	0	1.0	0.0	4.931
LAP4_DROME	44448	scrib	4.931	94	1	3	1.0	0.0	4.931
SMO_DROME	33196	smo	4.926	95	1	3	1.0	0.0	4.926
Q94883_DROME	34328	Dref	4.922	96	1	0	1.0	0.0	4.922
DRONC_DROME	39173	Dronc	4.922	96	1	1	1.0	0.0	4.922
HTH_DROME	41273	hth	4.922	96	1	0	1.0	0.0	4.922
TBB2_DROME	41124	betaTub85D	4.917	97	1	0	1.0	0.0	4.917
A1ZAW0_DROME	36993	Dcr-2	4.908	99	1	0	1.0	0.0	4.908
ATR_DROME	32608	mei-41	4.905	100	1	2	1.0	0.0	4.905
H2AV_DROME	43229	His2Av	4.9	101	1	0	1.0	0.0	4.9
HSF_DROME	37068	Hsf	4.887	104	1	0	1.0	0.0	4.887
LAM0_DROME	33782	Lam	4.879	106	1	1	1.0	0.0	4.879
KLC_DROME	39445	Klc	4.879	106	1	0	1.0	0.0	4.879
HMOC_DROME	31802	oc	4.876	107	1	1	1.0	0.0	4.876
EYA_DROME	33916	eya	4.862	110	1	6	1.0	0.0	4.862
WNTG_DROME	34009	wg	4.855	112	1	0	1.0	0.0	4.855
PTC_DROME	35851	ptc	4.852	113	1	1	1.0	0.0	4.852
FTZF1_DROME	40045	ftz-f1	4.828	119	1	1	1.0	0.0	4.828
Q9V3N4_DROME	43392	htt	4.818	122	1	1	1.0	0.0	4.818
VASA1_DROME	26067080	vas	4.787	131	1	4	1.0	0.0	4.787
CASP1_DROME	37729	Dcp-1	4.77	136	1	1	1.0	0.0	4.77
E2F1_DROME	42550	E2f1	4.755	141	1	0	1.0	0.0	4.755
PROS_DROME	41363	pros	4.7	160	1	0	1.0	0.0	4.7
DSX_DROME	40940	dsx	4.693	163	1	3	1.0	0.0	4.693
CDK1_DROME	34411	Cdk1	4.656	177	1	0	1.0	0.0	4.656
DLG1_DROME	32083	dlg1	4.615	195	1	9	1.0	0.0	4.615
DIAP1_DROME	39753	Diap1	4.583	209	1	1	1.0	0.0	4.583
ECR_DROME	35540	EcR	4.508	248	1	6	1.0	0.0	4.508
CCNE_DROME	34924	CycE	4.496	255	1	2	1.0	0.0	4.496
HUNB_DROME	41032	hb	4.496	255	1	3	1.0	0.0	4.496
HP1_DROME	34119	Su(var)205	4.492	258	1	0	1.0	0.0	4.492
TRX_DROME	41737	trx	4.462	277	1	7	1.0	0.0	4.462
MYSN_DROME	38001	zip	4.332	370	1	1	1.0	0.0	4.332
ADH_DROME	3771877	Adh	4.248	452	1	0	1.0	0.0	4.248
EGFR_DROME	37455	Egfr	4.064	679	1	0	1.0	0.0	4.064
