Big_T	401
Big_F	27718
UniProtKB_ID	GeneID	Gene_Name	PPS	Big_P	T+P	Citation	1+Log(T+P)	log10((Cit/yr+1)/10)	1+log10(F/T)+log10(F/P)
PIWI_DROME	34521	piwi	11.577	193	4	51	1.602	0.716	4.994
INSR_DROME	42549	InR	9.962	284	4	28	1.602	0.462	4.826
Q9VKP2_DROME	34499	Porin2	8.69	4	2	0	1.301	0.0	6.68
STIL_DROME	36380	stil	8.461	6	2	0	1.301	0.0	6.503
MARF_DROME	31581	Marf	8.075	32	1	24	1.0	0.398	5.776
Q9VKK5_DROME	34537	AstC	7.943	15	2	3	1.301	0.0	6.105
AGO3_DROME	3355150	AGO3	7.515	32	2	8	1.301	0.0	5.776
Q9VED8_DROME	48228	DNaseII	7.403	39	2	0	1.301	0.0	5.69
INSL5_DROME	2768992	Ilp5	7.348	43	2	5	1.301	0.0	5.648
Q9W1S2_DROME	246604	tbrd-3	7.282	1	1	0	1.0	0.0	7.282
MED22_DROME	31038	MED22	6.981	2	1	0	1.0	0.0	6.981
COIL_DROME	35785	coil	6.981	2	1	5	1.0	0.0	6.981
Q7K0P0_DROME	36819	JhI-26	6.981	2	1	1	1.0	0.0	6.981
R10AB_DROME	39338	RpL10Ab	6.981	2	1	0	1.0	0.0	6.981
Q7JXA2_DROME	26067067	PRAS40	6.981	2	1	1	1.0	0.0	6.981
Q9W5W9_DROME	33015	Phf7	6.804	3	1	2	1.0	0.0	6.804
Q9W1F8_DROME	37806	Orcokinin	6.804	3	1	1	1.0	0.0	6.804
PDF_DROME	43193	Pdf	6.749	124	2	0	1.301	0.0	5.187
NPC1B_DROME	33072	Npc1b	6.68	4	1	2	1.0	0.0	6.68
Q9VRF2_DROME	33093	unc	6.68	4	1	2	1.0	0.0	6.68
Q9W1E8_DROME	43943	or	6.68	4	1	0	1.0	0.0	6.68
INX4_DROME	251414	zpg	6.68	4	1	1	1.0	0.0	6.68
A0A0B4JDC9_DROME	41880	Rbp	6.652	30	1	13	1.0	0.146	5.804
PROS_DROME	41363	pros	6.605	160	2	0	1.301	0.0	5.077
GALT7_DROME	32836	GalNAc-T2	6.583	5	1	2	1.0	0.0	6.583
Q9XZ01_DROME	40588	Nep2	6.583	5	1	0	1.0	0.0	6.583
PSA72_DROME	42457	Prosalpha4T1	6.583	5	1	0	1.0	0.0	6.583
LIN28_DROME	38639	lin-28	6.503	6	1	0	1.0	0.0	6.503
PATH_DROME	39106	path	6.503	6	1	4	1.0	0.0	6.503
SYEP_DROME	42834	GluProRS	6.503	6	1	5	1.0	0.0	6.503
SIFA_DROME	3346202	SIFa	6.503	6	1	3	1.0	0.0	6.503
DLG1_DROME	32083	dlg1	6.494	195	2	0	1.301	0.0	4.991
Q5LJN5_DROME	26067054	kl-5	6.436	7	1	0	1.0	0.0	6.436
IDGF1_DROME	34978	Idgf1	6.378	8	1	0	1.0	0.0	6.378
Q7KT06_DROME	43875	Ret	6.378	8	1	1	1.0	0.0	6.378
TIM_DROME	33571	tim	6.36	247	2	0	1.301	0.0	4.888
PARG_DROME	31329	Parg	6.327	9	1	0	1.0	0.0	6.327
Q9W329_DROME	31902	Gga	6.327	9	1	1	1.0	0.0	6.327
Q9VHI1_DROME	41086	hyx	6.327	9	1	0	1.0	0.0	6.327
A1Z6L9_DROME	35559	Trap1	6.281	10	1	1	1.0	0.0	6.281
NUDEL_DROME	38738	ndl	6.24	11	1	0	1.0	0.0	6.24
PYRG_DROME	39645	CTPsyn	6.24	11	1	1	1.0	0.0	6.24
SRYB_DROME	43570	Sry-beta	6.24	11	1	0	1.0	0.0	6.24
CHI10_DROME	3355116	Cht10	6.24	11	1	0	1.0	0.0	6.24
LSD2_DROME	32437	Lsd-2	6.202	12	1	0	1.0	0.0	6.202
RNP4F_DROME	31448	Rnp4F	6.168	13	1	0	1.0	0.0	6.168
CLH_DROME	32537	Chc	6.168	13	1	0	1.0	0.0	6.168
DIUX_DROME	34181	Dh31	6.168	13	1	5	1.0	0.0	6.168
IDE_DROME	40248	Ide	6.168	13	1	0	1.0	0.0	6.168
Q5BI50_DROME	35780	Cul4	6.135	14	1	0	1.0	0.0	6.135
ANM5_DROME	36809	csul	6.135	14	1	4	1.0	0.0	6.135
BOULE_DROME	39049	bol	6.135	14	1	2	1.0	0.0	6.135
MY31D_DROME	34445	Myo31DF	6.105	15	1	0	1.0	0.0	6.105
Q9VH98_DROME	41170	Dh44	6.105	15	1	0	1.0	0.0	6.105
FLNA_DROME	42066	cher	6.105	15	1	1	1.0	0.0	6.105
Q9V3I1_DROME	34529	dUTPase	6.077	16	1	0	1.0	0.0	6.077
INSL1_DROME	39149	Ilp1	6.077	16	1	2	1.0	0.0	6.077
Q8T9A8_DROME	3771968	Msp300	6.077	16	1	1	1.0	0.0	6.077
Q9VK54_DROME	34688	kek1	6.051	17	1	4	1.0	0.0	6.051
USH_DROME	33225	ush	6.003	19	1	0	1.0	0.0	6.003
Q9W103_DROME	44125	ETH	6.003	19	1	0	1.0	0.0	6.003
ESCA_DROME	34903	esg	5.98	20	1	0	1.0	0.0	5.98
MYO7A_DROME	34882	ck	5.959	21	1	0	1.0	0.0	5.959
POXN_DROME	36741	Poxn	5.959	21	1	3	1.0	0.0	5.959
GPRK2_DROME	49045	Gprk2	5.959	21	1	0	1.0	0.0	5.959
TAL3A_DROME	7354378	tal-3A	5.92	23	1	2	1.0	0.0	5.92
Q9VQE0_DROME	33445	Drp1	5.901	24	1	0	1.0	0.0	5.901
VDAC_DROME	34500	porin	5.883	25	1	1	1.0	0.0	5.883
ACE_DROME	34805	Ance	5.867	26	1	0	1.0	0.0	5.867
HH_DROME	42737	hh	5.844	607	2	5	1.301	0.0	4.492
A36DE_DROME	35096	Acp36DE	5.819	29	1	0	1.0	0.0	5.819
CORZ_DROME	41742	Crz	5.804	30	1	1	1.0	0.0	5.804
FLII_DROME	33110	fliI	5.79	31	1	0	1.0	0.0	5.79
DSK_DROME	45845	Dsk	5.79	31	1	0	1.0	0.0	5.79
CEBP_DROME	37889	slbo	5.776	32	1	1	1.0	0.0	5.776
OAMB_DROME	43982	Oamb	5.763	33	1	2	1.0	0.0	5.763
AUB_DROME	34524	aub	5.713	37	1	7	1.0	0.0	5.713
TRXR1_DROME	31760	Trxr-1	5.658	42	1	0	1.0	0.0	5.658
Q8IPG1_DROME	34127	Pvr	5.637	44	1	0	1.0	0.0	5.637
O96660_DROME	31738	Smox	5.618	46	1	1	1.0	0.0	5.618
Q9XZ56_DROME	33569	Thor	5.582	50	1	9	1.0	0.0	5.582
NPF_DROME	42018	NPF	5.566	52	1	1	1.0	0.0	5.566
Q9VCN7_DROME	42752	orb	5.557	53	1	1	1.0	0.0	5.557
NETA_DROME	32398	NetA	5.525	57	1	0	1.0	0.0	5.525
Q9VMT1_DROME	33753	tkv	5.503	60	1	2	1.0	0.0	5.503
NOS_DROME	34495	Nos	5.503	60	1	0	1.0	0.0	5.503
PER_DROME	31251	per	5.356	84	1	1	1.0	0.0	5.356
A70A_DROME	39494	SP	5.332	89	1	0	1.0	0.0	5.332
SQH_DROME	31554	sqh	5.322	91	1	0	1.0	0.0	5.322
ECD_DROME	38291	ecd	5.294	97	1	2	1.0	0.0	5.294
Q86NQ2_DROME	42356	bnl	5.289	98	1	3	1.0	0.0	5.289
HSP26_DROME	39075	Hsp26	5.272	102	1	0	1.0	0.0	5.272
LAM0_DROME	33782	Lam	5.255	106	1	0	1.0	0.0	5.255
Q9VAT0_DROME	43402	WASp	5.255	106	1	0	1.0	0.0	5.255
EYA_DROME	33916	eya	5.239	110	1	1	1.0	0.0	5.239
MYSA_DROME	35007	Mhc	5.232	112	1	0	1.0	0.0	5.232
FTZF1_DROME	40045	ftz-f1	5.204	119	1	0	1.0	0.0	5.204
Q9VZA8_DROME	38559	Tie	5.169	129	1	0	1.0	0.0	5.169
VASA1_DROME	26067080	vas	5.163	131	1	1	1.0	0.0	5.163
VIT1_DROME	31939	Yp1	5.153	134	1	0	1.0	0.0	5.153
E2F1_DROME	42550	E2f1	5.131	141	1	0	1.0	0.0	5.131
CCNB_DROME	37618	CycB	5.077	160	1	0	1.0	0.0	5.077
MYC_DROME	31310	dm	5.04	174	1	2	1.0	0.0	5.04
FMR1_DROME	37528	Fmr1	5.003	189	1	1	1.0	0.0	5.003
Q8IMZ4_DROME	2768677	p53	4.953	213	1	1	1.0	0.0	4.953
SXL_DROME	3772180	Sxl	4.83	280	1	0	1.0	0.0	4.83
RPB1_DROME	32100	RpII215	4.817	289	1	0	1.0	0.0	4.817
JAK_DROME	32080	hop	4.768	324	1	0	1.0	0.0	4.768
ACT4_DROME	40444	Act79B	4.645	432	1	0	1.0	0.0	4.645
DECA_DROME	33432	dpp	4.529	560	1	2	1.0	0.0	4.529
NOTCH_DROME	31293	N	4.482	619	1	3	1.0	0.0	4.482
EGFR_DROME	37455	Egfr	4.441	679	1	0	1.0	0.0	4.441
