Big_T	441
Big_F	27718
UniProtKB_ID	GeneID	Gene_Name	PPS	Big_P	T+P	Citation	1+Log(T+P)	log10((Cit/yr+1)/10)	1+log10(F/T)+log10(F/P)
Q0E9J9_DROME	35652	Dscam1	10.15	94	5	16	1.699	0.23	5.261
Q9VT37_DROME	39137	vsg	9.798	4	3	1	1.477	0.0	6.633
MDR65_DROME	38726	Mdr65	8.95	15	3	3	1.477	0.0	6.059
Q8IPG9_DROME	318841	Bsg	8.504	5	2	1	1.301	0.0	6.536
A1Z991_DROME	36447	GLaz	8.401	6	2	5	1.301	0.0	6.457
D5AEK4_DROME	38769	Mp	8.314	7	2	4	1.301	0.0	6.39
ARM_DROME	31151	arm	8.177	431	6	6	1.778	0.0	4.599
CADN_DROME	35070	CadN	8.164	51	3	7	1.477	0.0	5.527
DSCL_DROME	38788	Dscam2	8.112	10	2	2	1.301	0.0	6.235
Q9W4T9_DROME	31292	kirre	7.922	14	2	0	1.301	0.0	6.089
O77062_DROME	34251	Eaat1	7.78	18	2	1	1.301	0.0	5.98
A0A1W5PZ45_DROME	34350	Sur	7.72	20	2	3	1.301	0.0	5.934
FAS2_DROME	31364	Fas2	7.635	116	3	3	1.477	0.0	5.169
Q9VWV6_DROME	32821	Tsf1	7.594	25	2	0	1.301	0.0	5.837
PARP_DROME	3355109	Parp	7.237	47	2	0	1.301	0.0	5.563
Q95T29_DROME	36681	igl	7.235	1	1	0	1.0	0.0	7.235
EIGER_DROME	36054	egr	7.191	51	2	2	1.301	0.0	5.527
DECA_DROME	33432	dpp	7.181	560	4	2	1.602	0.0	4.483
PERO_DROME	2768671	Pxd	7.063	64	2	0	1.301	0.0	5.429
ITBX_DROME	44885	mys	6.995	72	2	1	1.301	0.0	5.377
TSN2A_DROME	31080	Tsp2A	6.934	2	1	0	1.0	0.0	6.934
A0A0B4LFJ1_DROME	36868	Idgf6	6.934	2	1	0	1.0	0.0	6.934
PERC_DROME	42131	Pxt	6.934	2	1	0	1.0	0.0	6.934
Q7KU30_DROME	43895	E23	6.934	2	1	1	1.0	0.0	6.934
SY65_DROME	33473	Syt1	6.827	97	2	7	1.301	0.0	5.247
Q9VQK5_DROME	33513	prp40	6.758	3	1	1	1.0	0.0	6.758
Q9VP10_DROME	40399	S1P	6.758	3	1	0	1.0	0.0	6.758
Q7YU05_DROME	31406	l(1)G0334	6.536	5	1	1	1.0	0.0	6.536
GALT7_DROME	32836	GalNAc-T2	6.536	5	1	3	1.0	0.0	6.536
Q9I7L4_DROME	40860	MAGE	6.536	5	1	0	1.0	0.0	6.536
Q9VBZ9_DROME	42991	beta4GalT7	6.536	5	1	0	1.0	0.0	6.536
Q9V9T9_DROME	43746	betaGlu	6.536	5	1	0	1.0	0.0	6.536
PEN2_DROME	251430	pen-2	6.536	5	1	1	1.0	0.0	6.536
Q7YU67_DROME	37066	Sema5c	6.457	6	1	0	1.0	0.0	6.457
CIN_DROME	30973	cin	6.39	7	1	0	1.0	0.0	6.39
STAN_DROME	36125	stan	6.39	7	1	1	1.0	0.0	6.39
PEPT1_DROME	31340	yin	6.332	8	1	0	1.0	0.0	6.332
G6PI_DROME	35886	Pgi	6.332	8	1	1	1.0	0.0	6.332
Q9XZ10_DROME	43442	Vha100-1	6.332	8	1	5	1.0	0.0	6.332
Q7KT06_DROME	43875	Ret	6.332	8	1	1	1.0	0.0	6.332
Q9VX41_DROME	252671	X11L	6.332	8	1	4	1.0	0.0	6.332
Q8SXR1_DROME	33324	NLaz	6.281	9	1	0	1.0	0.0	6.281
Q9NGK5_DROME	33962	Nlg2	6.235	10	1	1	1.0	0.0	6.235
Q9VKE2_DROME	34604	Crys	6.235	10	1	0	1.0	0.0	6.235
ACT3_DROME	37368	Act57B	6.235	10	1	4	1.0	0.0	6.235
BROWN_DROME	37724	bw	6.235	10	1	2	1.0	0.0	6.235
NICA_DROME	42964	nct	6.235	10	1	0	1.0	0.0	6.235
Q8INY3_DROME	326160	ninaD	6.235	10	1	2	1.0	0.0	6.235
ORK1_DROME	32020	Ork1	6.194	11	1	3	1.0	0.0	6.194
WGN_DROME	32849	wgn	6.194	11	1	2	1.0	0.0	6.194
NBEA_DROME	44531	rg	6.194	11	1	1	1.0	0.0	6.194
5HT1R_DROME	43669	5-HT7	6.121	13	1	3	1.0	0.0	6.121
5HT2A_DROME	37196	5-HT1A	6.089	14	1	3	1.0	0.0	6.089
EYS_DROME	3771890	eys	6.059	15	1	3	1.0	0.0	6.059
BRCA2_DROME	37916	Brca2	6.031	16	1	1	1.0	0.0	6.031
ICCR_DROME	31290	rst	6.005	17	1	0	1.0	0.0	6.005
Q9I7N0_DROME	34686	MRP	6.005	17	1	0	1.0	0.0	6.005
ACT4_DROME	40444	Act79B	5.983	432	2	3	1.301	0.0	4.599
NPFR_DROME	40754	NPFR	5.98	18	1	5	1.0	0.0	5.98
ESCA_DROME	34903	esg	5.934	20	1	0	1.0	0.0	5.934
FAS1_DROME	42025	Fas1	5.892	22	1	0	1.0	0.0	5.892
NRG_DROME	31792	Nrg	5.873	23	1	0	1.0	0.0	5.873
FRDA_DROME	31845	fh	5.855	24	1	2	1.0	0.0	5.855
PAKM_DROME	32631	mbt	5.855	24	1	0	1.0	0.0	5.855
Q8WR08_DROME	36773	Dg	5.82	26	1	0	1.0	0.0	5.82
FUR11_DROME	47220	Fur1	5.82	26	1	1	1.0	0.0	5.82
PTP69_DROME	39443	Ptp69D	5.804	27	1	0	1.0	0.0	5.804
Q9VDC6_DROME	42521	e	5.788	28	1	4	1.0	0.0	5.788
Q8MPN3_DROME	45320	trol	5.788	28	1	0	1.0	0.0	5.788
Q9VLE6_DROME	34235	Toll-4	5.772	29	1	0	1.0	0.0	5.772
Q9VUG1_DROME	39596	dlp	5.772	29	1	0	1.0	0.0	5.772
NOTCH_DROME	31293	N	5.771	619	2	1	1.301	0.0	4.436
SPTCB_DROME	32746	beta-Spec	5.758	30	1	0	1.0	0.0	5.758
AMN_DROME	32999	amn	5.744	31	1	2	1.0	0.0	5.744
KU70_DROME	117419	Irbp	5.744	31	1	0	1.0	0.0	5.744
DEFI_DROME	36047	Def	5.73	32	1	1	1.0	0.0	5.73
DIF_DROME	35045	Dif	5.678	36	1	1	1.0	0.0	5.678
SEM1A_DROME	34192	Sema-1a	5.622	41	1	2	1.0	0.0	5.622
O96660_DROME	31738	Smox	5.572	46	1	1	1.0	0.0	5.572
7LESS_DROME	32039	sev	5.572	46	1	0	1.0	0.0	5.572
Q9VPU1_DROME	33262	dock	5.544	49	1	1	1.0	0.0	5.544
JIL1_DROME	39241	JIL-1	5.527	51	1	1	1.0	0.0	5.527
DAT_DROME	36849	DAT	5.51	53	1	2	1.0	0.0	5.51
Q9VCN7_DROME	42752	orb	5.51	53	1	0	1.0	0.0	5.51
NETA_DROME	32398	NetA	5.479	57	1	4	1.0	0.0	5.479
NOS_DROME	34495	Nos	5.456	60	1	0	1.0	0.0	5.456
FRIZ2_DROME	40090	fz2	5.456	60	1	0	1.0	0.0	5.456
INAD_DROME	37629	inaD	5.435	63	1	0	1.0	0.0	5.435
PSN_DROME	40260	Psn	5.402	68	1	0	1.0	0.0	5.402
TBG1_DROME	33501	gammaTub23C	5.359	75	1	0	1.0	0.0	5.359
EVE_DROME	36039	eve	5.347	77	1	0	1.0	0.0	5.347
WNT2_DROME	35975	Wnt2	5.343	78	1	0	1.0	0.0	5.343
LAMA_DROME	38723	LanA	5.321	82	1	4	1.0	0.0	5.321
SOG_DROME	32498	sog	5.315	83	1	0	1.0	0.0	5.315
EST6_DROME	39392	Est-6	5.261	94	1	0	1.0	0.0	5.261
PIP1_DROME	33204	Plc21C	5.209	106	1	0	1.0	0.0	5.209
HMOC_DROME	31802	oc	5.206	107	1	0	1.0	0.0	5.206
XDH_DROME	41605	ry	5.174	115	1	0	1.0	0.0	5.174
KRAF1_DROME	31221	phl	5.137	125	1	0	1.0	0.0	5.137
TRSF_DROME	39849	tra	5.133	126	1	0	1.0	0.0	5.133
DYN_DROME	45928	shi	5.123	129	1	5	1.0	0.0	5.123
Q7K4Z4_DROME	44339	imd	5.117	131	1	6	1.0	0.0	5.117
VIT1_DROME	31939	Yp1	5.106	134	1	0	1.0	0.0	5.106
ACES_DROME	41625	Ace	4.963	187	1	0	1.0	0.0	4.963
DLG1_DROME	32083	dlg1	4.945	195	1	0	1.0	0.0	4.945
ERKA_DROME	3354888	rl	4.886	223	1	1	1.0	0.0	4.886
JAK_DROME	32080	hop	4.722	324	1	0	1.0	0.0	4.722
CADE_DROME	37386	shg	4.69	347	1	1	1.0	0.0	4.69
OPS1_DROME	42367	ninaE	4.662	373	1	1	1.0	0.0	4.662
JNK_DROME	44801	bsk	4.585	444	1	0	1.0	0.0	4.585
TOLL_DROME	43222	Tl	4.533	502	1	0	1.0	0.0	4.533
EGFR_DROME	37455	Egfr	4.394	679	1	1	1.0	0.0	4.394
