Big_T	2917
Big_F	27718
UniProtKB_ID	GeneID	Gene_Name	PPS	Big_P	T+P	Citation	1+Log(T+P)	log10((Cit/yr+1)/10)	1+log10(F/T)+log10(F/P)
OPS1_DROME	42367	ninaE	11.508	373	33	30	2.519	0.491	3.823
TRPA1_DROME	39015	TrpA1	11.444	83	9	39	1.954	0.602	4.477
PIPA_DROME	31376	norpA	10.954	117	17	19	2.23	0.301	4.327
A1Z7V1_DROME	35977	brp	10.732	27	5	28	1.699	0.462	4.965
DJ1A_DROME	36543	DJ-1alpha	10.358	9	4	19	1.602	0.301	5.443
FMR1_DROME	37528	Fmr1	10.166	189	14	20	2.146	0.322	4.119
RB97D_DROME	43231	Rb97D	9.371	64	11	4	2.041	0.0	4.591
PDFR_DROME	31234	Pdfr	9.339	36	5	16	1.699	0.23	4.84
FRU_DROME	42226	fru	9.239	88	7	16	1.845	0.23	4.451
AMN_DROME	32999	amn	9.198	31	5	14	1.699	0.176	4.906
DAT_DROME	36849	DAT	9.152	53	7	12	1.845	0.114	4.672
Q0KHV6_DROME	31607	Pink1	9.03	111	7	16	1.845	0.23	4.35
PDF_DROME	43193	Pdf	8.783	124	10	10	2.0	0.041	4.303
HMOC_DROME	31802	oc	8.735	107	10	6	2.0	0.0	4.368
Q8SXP8_DROME	37781	TBPH	8.679	79	5	16	1.699	0.23	4.498
OPS5_DROME	34615	Rh5	8.607	36	6	2	1.778	0.0	4.84
GCM_DROME	34277	gcm	8.606	54	7	1	1.845	0.0	4.664
Q0E9J9_DROME	35652	Dscam1	8.533	94	5	16	1.699	0.23	4.423
GR66A_DROME	38935	Gr66a	8.465	23	3	15	1.477	0.204	5.035
INSR_DROME	42549	InR	8.433	284	6	22	1.778	0.362	3.941
GR43A_DROME	35655	Gr43a	8.431	7	3	10	1.477	0.041	5.552
RIG_DROME	37335	rig	8.417	5	3	1	1.477	0.0	5.698
CROC_DROME	40374	croc	8.417	5	3	0	1.477	0.0	5.698
A1Z8R8_DROME	36281	rho-7	8.412	14	4	3	1.602	0.0	5.251
OR47B_DROME	36212	Or47b	8.335	11	3	11	1.477	0.079	5.355
SIFA_DROME	3346202	SIFa	8.3	6	3	5	1.477	0.0	5.619
O77062_DROME	34251	Eaat1	8.237	18	4	3	1.602	0.0	5.141
Q9VTH1_DROME	39266	Ube3a	8.237	18	4	7	1.602	0.0	5.141
E0A9E1_DROME	33768	nompC	8.133	43	3	16	1.477	0.23	4.763
ARRA_DROME	35078	Arr1	8.043	46	5	0	1.699	0.0	4.734
NPF_DROME	42018	NPF	8.033	52	4	12	1.602	0.114	4.681
GBRB_DROME	39054	Rdl	7.96	121	7	1	1.845	0.0	4.314
Q9V3N4_DROME	43392	htt	7.953	122	7	6	1.845	0.0	4.31
TIM_DROME	33571	tim	7.824	247	9	8	1.954	0.0	4.003
ADAR_DROME	31130	Adar	7.81	63	5	9	1.699	0.0	4.597
5HT1R_DROME	43669	5-HT7	7.804	13	3	6	1.477	0.0	5.283
ERKA_DROME	3354888	rl	7.789	223	6	13	1.778	0.146	4.048
Q9VWI9_DROME	32928	nAChRalpha7	7.712	15	3	2	1.477	0.0	5.221
SLOB_DROME	34038	Slob	7.712	15	3	0	1.477	0.0	5.221
Q9VKK5_DROME	34537	AstC	7.712	15	3	3	1.477	0.0	5.221
NMDA1_DROME	40665	Nmdar1	7.681	40	4	5	1.602	0.0	4.794
A4_DROME	31002	Appl	7.661	77	5	9	1.699	0.0	4.509
Q9V490_DROME	43833	toy	7.633	127	6	6	1.778	0.0	4.293
TBH1_DROME	31718	Tbh	7.631	17	3	0	1.477	0.0	5.166
Q9W3G6_DROME	31767	nAChRalpha3	7.631	17	3	2	1.477	0.0	5.166
ACM1_DROME	37892	mAChR-A	7.631	17	3	0	1.477	0.0	5.166
Q9VQC0_DROME	33427	VGlut	7.595	18	3	6	1.477	0.0	5.141
NPFR_DROME	40754	NPFR	7.595	18	3	4	1.477	0.0	5.141
A0A0B4KGF0_DROME	42203	PKD	7.539	4	2	0	1.301	0.0	5.795
SO_DROME	35662	so	7.527	20	3	6	1.477	0.0	5.096
CADN_DROME	35070	CadN	7.512	51	4	7	1.602	0.0	4.689
CLAT_DROME	42249	Cha	7.512	51	4	4	1.602	0.0	4.689
Q9VDJ9_DROME	42447	Lrrk	7.485	53	4	3	1.602	0.0	4.672
Q9I7L4_DROME	40860	MAGE	7.413	5	2	0	1.301	0.0	5.698
FRDA_DROME	31845	fh	7.41	24	3	4	1.477	0.0	5.016
TIP60_DROME	31362	Tip60	7.384	25	3	5	1.477	0.0	4.999
Q9VB13_DROME	326116	tau	7.359	26	3	3	1.477	0.0	4.982
FAS2_DROME	31364	Fas2	7.358	116	5	3	1.699	0.0	4.331
PER_DROME	31251	per	7.349	84	4	10	1.602	0.041	4.471
PATH_DROME	39106	path	7.31	6	2	4	1.301	0.0	5.619
Q9V3H9_DROME	42897	Nab2	7.31	6	2	4	1.301	0.0	5.619
P91632_DROME	40436	mub	7.271	72	4	4	1.602	0.0	4.539
CORZ_DROME	41742	Crz	7.267	30	3	2	1.477	0.0	4.919
FLII_DROME	33110	fliI	7.246	31	3	3	1.477	0.0	4.906
DSK_DROME	45845	Dsk	7.246	31	3	0	1.477	0.0	4.906
STC_DROME	34888	stc	7.223	7	2	0	1.301	0.0	5.552
A8DYP2_DROME	37844	ppk29	7.223	7	2	1	1.301	0.0	5.552
NOTCH_DROME	31293	N	7.195	619	10	4	2.0	0.0	3.598
ACH3_DROME	38545	nAChRbeta1	7.187	34	3	2	1.477	0.0	4.865
KGP1_DROME	33253	Pkg21D	7.15	36	3	1	1.477	0.0	4.84
LCK_DROME	47746	Lk	7.15	36	3	2	1.477	0.0	4.84
Q9W581_DROME	31107	Nmdar2	7.148	8	2	0	1.301	0.0	5.494
Q60GL7_DROME	37323	Mgat1	7.148	8	2	2	1.301	0.0	5.494
Q9VX41_DROME	252671	X11L	7.148	8	2	4	1.301	0.0	5.494
ARRB_DROME	38993	Arr2	7.133	37	3	0	1.477	0.0	4.829
NUMB_DROME	34263	numb	7.083	169	5	8	1.699	0.0	4.169
SY65_DROME	33473	Syt1	7.064	97	4	4	1.602	0.0	4.409
PPT1_DROME	31805	Ppt1	7.022	10	2	1	1.301	0.0	5.397
DSCL_DROME	38788	Dscam2	7.022	10	2	2	1.301	0.0	5.397
ARL1_DROME	39745	Arl1	7.022	10	2	1	1.301	0.0	5.397
ACH1_DROME	42918	nAChRalpha1	7.022	10	2	0	1.301	0.0	5.397
STX1A_DROME	42854	Syx1A	7.006	45	3	3	1.477	0.0	4.743
CRY1_DROME	42305	cry	6.978	47	3	7	1.477	0.0	4.724
DLG1_DROME	32083	dlg1	6.977	195	5	9	1.699	0.0	4.107
EYA_DROME	33916	eya	6.975	110	4	4	1.602	0.0	4.354
RDGB_DROME	32340	rdgB	6.952	49	3	0	1.477	0.0	4.706
OPS6_DROME	41889	Rh6	6.952	49	3	4	1.477	0.0	4.706
Q9V3Q9_DROME	34878	GABA-B-R1	6.918	12	2	3	1.301	0.0	5.318
OMB_DROME	31379	bi	6.914	52	3	0	1.477	0.0	4.681
Q8IMZ4_DROME	2768677	p53	6.912	213	5	8	1.699	0.0	4.068
SYN_DROME	41247	Syn	6.89	54	3	8	1.477	0.0	4.664
Q9W4N8_DROME	31349	Vap33	6.873	13	2	6	1.301	0.0	5.283
RNP4F_DROME	31448	Rnp4F	6.873	13	2	0	1.301	0.0	5.283
DIUX_DROME	34181	Dh31	6.873	13	2	6	1.301	0.0	5.283
GBG1_DROME	35881	Ggamma1	6.873	13	2	0	1.301	0.0	5.283
CLOCK_DROME	38872	Clk	6.865	227	5	3	1.699	0.0	4.041
NOS_DROME	34495	Nos	6.821	60	3	0	1.477	0.0	4.618
INAD_DROME	37629	inaD	6.79	63	3	3	1.477	0.0	4.597
PERO_DROME	2768671	Pxd	6.781	64	3	1	1.477	0.0	4.591
Q95RR6_DROME	43797	Pur-alpha	6.775	10	1	17	1.0	0.255	5.397
EGFR_DROME	37455	Egfr	6.768	679	8	6	1.903	0.0	3.556
DOPR1_DROME	41726	Dop1R1	6.751	67	3	9	1.477	0.0	4.57
DRD2L_DROME	33007	Dop2R	6.722	17	2	5	1.301	0.0	5.166
DSX_DROME	40940	dsx	6.704	163	4	4	1.602	0.0	4.185
Q9VC03_DROME	42987	Nmnat	6.689	18	2	7	1.301	0.0	5.141
KCC2A_DROME	43828	CaMKII	6.687	74	3	0	1.477	0.0	4.527
PDE4A_DROME	31309	dnc	6.67	76	3	0	1.477	0.0	4.515
TIPE_DROME	38504	tipE	6.63	20	2	1	1.301	0.0	5.096
RDGC_DROME	40224	rdgC	6.63	20	2	1	1.301	0.0	5.096
ACES_DROME	41625	Ace	6.608	187	4	1	1.602	0.0	4.125
POXN_DROME	36741	Poxn	6.602	21	2	8	1.301	0.0	5.074
INSL2_DROME	39150	Ilp2	6.583	87	3	4	1.477	0.0	4.457
HR38_DROME	35332	Hr38	6.576	22	2	1	1.301	0.0	5.054
DCHS_DROME	36076	Hdc	6.576	22	2	0	1.301	0.0	5.054
Q7KT94_DROME	34843	ppk	6.551	23	2	9	1.301	0.0	5.035
ABL_DROME	45821	Abl	6.533	94	3	1	1.477	0.0	4.423
SEM2A_DROME	36846	Sema2a	6.527	24	2	0	1.301	0.0	5.016
SPAST_DROME	42846	spas	6.527	24	2	5	1.301	0.0	5.016
VDAC_DROME	34500	porin	6.504	25	2	1	1.301	0.0	4.999
Q9W0C2_DROME	38196	nSyb	6.504	25	2	5	1.301	0.0	4.999
HUGIN_DROME	41547	Hug	6.504	25	2	1	1.301	0.0	4.999
PTP10_DROME	32115	Ptp10D	6.482	26	2	0	1.301	0.0	4.982
Q9VPZ7_DROME	33314	robo3	6.46	27	2	3	1.301	0.0	4.965
PTP69_DROME	39443	Ptp69D	6.46	27	2	0	1.301	0.0	4.965
AST4_DROME	30982	sc	6.456	106	3	0	1.477	0.0	4.371
PIP1_DROME	33204	Plc21C	6.456	106	3	8	1.477	0.0	4.371
Q9VDC6_DROME	42521	e	6.439	28	2	5	1.301	0.0	4.949
Q9V3H5_DROME	34385	Cdk5alpha	6.431	110	3	5	1.477	0.0	4.354
ECR_DROME	35540	EcR	6.408	248	4	1	1.602	0.0	4.0
CANA_DROME	37232	CalpA	6.4	30	2	2	1.301	0.0	4.919
TACHY_DROME	41456	Tk	6.4	30	2	0	1.301	0.0	4.919
BURS_DROME	42560	Burs	6.4	30	2	2	1.301	0.0	4.919
NAAT1_DROME	31457	NAAT1	6.397	1	1	1	1.0	0.0	6.397
Q9W4B3_DROME	31469	Vsx2	6.397	1	1	1	1.0	0.0	6.397
Q9VXP5_DROME	32528	Efhc1.1	6.397	1	1	0	1.0	0.0	6.397
Q9VXA3_DROME	32674	RSG7	6.397	1	1	0	1.0	0.0	6.397
Q9VR25_DROME	33676	15630	6.397	1	1	0	1.0	0.0	6.397
Q9I7L6_DROME	35370	tadr	6.397	1	1	0	1.0	0.0	6.397
Q95T29_DROME	36681	igl	6.397	1	1	0	1.0	0.0	6.397
CEP89_DROME	36733	Cep89	6.397	1	1	2	1.0	0.0	6.397
Q9W0Q0_DROME	38071	Ppm1	6.397	1	1	1	1.0	0.0	6.397
P91638_DROME	38824	smid	6.397	1	1	0	1.0	0.0	6.397
Q9VSV2_DROME	39056	DmNAT3	6.397	1	1	1	1.0	0.0	6.397
OR71A_DROME	39641	Or71a	6.397	1	1	4	1.0	0.0	6.397
Q9VUM1_DROME	39655	Prp31	6.397	1	1	0	1.0	0.0	6.397
Q9VW68_DROME	40188	Gabat	6.397	1	1	2	1.0	0.0	6.397
FAU_DROME	41291	fau	6.397	1	1	0	1.0	0.0	6.397
JUPIT_DROME	41392	Jupiter	6.397	1	1	2	1.0	0.0	6.397
SYMM_DROME	41733	Aats-met-m	6.397	1	1	8	1.0	0.0	6.397
A0A023GQ97_DROME	43806	Ekar	6.397	1	1	2	1.0	0.0	6.397
AMX_DROME	43869	amx	6.397	1	1	0	1.0	0.0	6.397
A1ZA16_DROME	246630	Ir52c	6.397	1	1	9	1.0	0.0	6.397
GR05A_DROME	44873	Gr5a	6.382	31	2	3	1.301	0.0	4.906
MARF_DROME	31581	Marf	6.364	32	2	5	1.301	0.0	4.892
SHAKB_DROME	33062	shakB	6.346	33	2	0	1.301	0.0	4.878
EMC_DROME	38091	emc	6.346	33	2	1	1.301	0.0	4.878
DDC_DROME	35190	Ddc	6.341	127	3	1	1.477	0.0	4.293
DYN_DROME	45928	shi	6.329	129	3	5	1.477	0.0	4.285
ATO_DROME	40975	ato	6.313	35	2	0	1.301	0.0	4.852
KAPC_DROME	34284	Pka-C1	6.273	141	3	2	1.477	0.0	4.246
RS27A_DROME	34420	RpS27A	6.252	39	2	1	1.301	0.0	4.806
DYHC_DROME	38580	Dhc64C	6.239	97	2	12	1.301	0.114	4.409
NINAC_DROME	34012	ninaC	6.238	40	2	2	1.301	0.0	4.794
SNPF_DROME	35286	sNPF	6.238	40	2	2	1.301	0.0	4.794
KCNAL_DROME	40129	Shal	6.21	42	2	0	1.301	0.0	4.773
INSL5_DROME	2768992	Ilp5	6.197	43	2	7	1.301	0.0	4.763
SGG_DROME	31248	sgg	6.185	162	3	7	1.477	0.0	4.187
TERA_DROME	36040	TER94	6.184	44	2	4	1.301	0.0	4.753
O16117_DROME	43825	sv	6.184	44	2	2	1.301	0.0	4.753
ARM_DROME	31151	arm	6.18	431	4	10	1.602	0.041	3.76
SIMA_DROME	43580	sima	6.171	45	2	3	1.301	0.0	4.743
Q9VPU1_DROME	33262	dock	6.123	49	2	1	1.301	0.0	4.706
TSN2A_DROME	31080	Tsp2A	6.096	2	1	0	1.0	0.0	6.096
Q9W585_DROME	31103	Rab27	6.096	2	1	5	1.0	0.0	6.096
XPA_DROME	31357	Xpac	6.096	2	1	0	1.0	0.0	6.096
Q9W365_DROME	31867	Ir8a	6.096	2	1	4	1.0	0.0	6.096
Q9VY46_DROME	32378	Fbxl4	6.096	2	1	2	1.0	0.0	6.096
Q95RI9_DROME	35419	Ac3	6.096	2	1	0	1.0	0.0	6.096
OR49A_DROME	36350	Or49a	6.096	2	1	2	1.0	0.0	6.096
CCH1R_DROME	37004	CCHa1-R	6.096	2	1	1	1.0	0.0	6.096
LETM1_DROME	37912	Letm1	6.096	2	1	1	1.0	0.0	6.096
BMCP_DROME	39322	Bmcp	6.096	2	1	1	1.0	0.0	6.096
E1JIQ0_DROME	42310	unc79	6.096	2	1	2	1.0	0.0	6.096
Q7KU30_DROME	43895	E23	6.096	2	1	1	1.0	0.0	6.096
FUCTC_DROME	3355171	FucTC	6.096	2	1	1	1.0	0.0	6.096
SODC_DROME	39251	Sod	6.043	202	3	3	1.477	0.0	4.091
NETA_DROME	32398	NetA	6.038	57	2	4	1.301	0.0	4.641
Q9VIA5_DROME	40891	Ir84a	6.035	4	1	10	1.0	0.041	5.795
DFD_DROME	40832	Dfd	6.008	60	2	0	1.301	0.0	4.618
WNT5_DROME	32838	Wnt5	5.973	64	2	1	1.301	0.0	4.591
HMEN_DROME	36240	en	5.968	226	3	2	1.477	0.0	4.041
Q9W2S2_DROME	32001	Atg8a	5.956	36	1	16	1.0	0.23	4.84
PSN_DROME	40260	Psn	5.938	68	2	0	1.301	0.0	4.564
Q9VXZ3_DROME	32430	be	5.92	3	1	0	1.0	0.0	5.92
PPK28_DROME	32671	ppk28	5.92	3	1	7	1.0	0.0	5.92
NPC2_DROME	33374	Npc2a	5.92	3	1	3	1.0	0.0	5.92
Q9VQK5_DROME	33513	prp40	5.92	3	1	1	1.0	0.0	5.92
XPP_DROME	35029	ApepP	5.92	3	1	0	1.0	0.0	5.92
LACH_DROME	36363	Lac	5.92	3	1	0	1.0	0.0	5.92
Q7K221_DROME	36782	Got1	5.92	3	1	0	1.0	0.0	5.92
HIL_DROME	37328	Hil	5.92	3	1	0	1.0	0.0	5.92
Q9W268_DROME	37546	dve	5.92	3	1	0	1.0	0.0	5.92
Q9W1F8_DROME	37806	Orcokinin	5.92	3	1	1	1.0	0.0	5.92
SPZ5_DROME	38350	spz5	5.92	3	1	4	1.0	0.0	5.92
Q9VRL4_DROME	38616	Ir64a	5.92	3	1	2	1.0	0.0	5.92
Q9VTU7_DROME	39389	Rh7	5.92	3	1	2	1.0	0.0	5.92
Q8IQU1_DROME	40149	verm	5.92	3	1	0	1.0	0.0	5.92
DPP3_DROME	40996	DppIII	5.92	3	1	0	1.0	0.0	5.92
BL1S1_DROME	246439	Blos1	5.92	3	1	0	1.0	0.0	5.92
Q4V427_DROME	5740700	natalisin	5.92	3	1	1	1.0	0.0	5.92
TPM1_DROME	41852	Tm1	5.906	99	2	10	1.301	0.041	4.4
Q7YU80_DROME	2768852	par-1	5.905	72	2	4	1.301	0.0	4.539
SIR2_DROME	34708	Sir2	5.897	73	2	7	1.301	0.0	4.533
FOSLA_DROME	3772082	kay	5.882	75	2	0	1.301	0.0	4.521
VND_DROME	31003	vnd	5.852	79	2	1	1.301	0.0	4.498
ITPR_DROME	40664	Itp-r83A	5.817	84	2	0	1.301	0.0	4.471
NPC1B_DROME	33072	Npc1b	5.795	4	1	2	1.0	0.0	5.795
Q9VRF2_DROME	33093	unc	5.795	4	1	2	1.0	0.0	5.795
Q9VPR1_DROME	33231	Tspo	5.795	4	1	1	1.0	0.0	5.795
Q9VM31_DROME	34005	Ndae1	5.795	4	1	2	1.0	0.0	5.795
Q7JS69_DROME	35408	nrv3	5.795	4	1	1	1.0	0.0	5.795
CCH2R_DROME	35535	CCHa2-R	5.795	4	1	0	1.0	0.0	5.795
A0A0B4LF06_DROME	35974	Camta	5.795	4	1	0	1.0	0.0	5.795
Q8SX64_DROME	38385	Girdin	5.795	4	1	0	1.0	0.0	5.795
Q9VH87_DROME	41182	FoxP	5.795	4	1	1	1.0	0.0	5.795
UBX_DROME	42034	Ubx	5.795	601	4	0	1.602	0.0	3.617
Q9VEG2_DROME	42135	TyrRII	5.795	4	1	2	1.0	0.0	5.795
Q9VEC5_DROME	42171	cdm	5.795	4	1	1	1.0	0.0	5.795
Q9Y133_DROME	42561	GABA-B-R2	5.795	4	1	1	1.0	0.0	5.795
CPO_DROME	45840	cpo	5.795	4	1	0	1.0	0.0	5.795
Q9W5G1_DROME	47141	ebo	5.795	4	1	0	1.0	0.0	5.795
Q9VEX7_DROME	53562	tara	5.795	4	1	0	1.0	0.0	5.795
HH_DROME	42737	hh	5.779	607	4	8	1.602	0.0	3.607
E74EA_DROME	39962	Eip74EF	5.71	57	1	16	1.0	0.23	4.641
RCOR_DROME	32941	CoRest	5.698	5	1	1	1.0	0.0	5.698
Q9V3V0_DROME	33967	x16	5.698	5	1	0	1.0	0.0	5.698
Q9VID4_DROME	35402	Mondo	5.698	5	1	0	1.0	0.0	5.698
Q7KJ73_DROME	35614	Tsp42Ee	5.698	5	1	1	1.0	0.0	5.698
Q7K3Z3_DROME	35674	p47	5.698	5	1	0	1.0	0.0	5.698
LIG_DROME	35771	lig	5.698	5	1	0	1.0	0.0	5.698
Q7JX87_DROME	36098	Prx2540-2	5.698	5	1	1	1.0	0.0	5.698
Q5U0V7_DROME	37517	Synj	5.698	5	1	2	1.0	0.0	5.698
Q9VZ92_DROME	38573	HL3	5.698	5	1	0	1.0	0.0	5.698
RL14_DROME	38983	RpL14	5.698	5	1	0	1.0	0.0	5.698
M9NE13_DROME	40521	nAChRalpha4	5.698	5	1	0	1.0	0.0	5.698
Q8IPQ2_DROME	40675	CRMP	5.698	5	1	0	1.0	0.0	5.698
PEN2_DROME	251430	pen-2	5.698	5	1	0	1.0	0.0	5.698
Q8IPG9_DROME	318841	Bsg	5.698	5	1	1	1.0	0.0	5.698
A0A0B4JDC9_DROME	41880	Rbp	5.638	30	1	13	1.0	0.146	4.919
Q9W436_DROME	31547	Nep1	5.619	6	1	2	1.0	0.0	5.619
Q9VYC7_DROME	32303	Neto	5.619	6	1	0	1.0	0.0	5.619
CAZ_DROME	32587	caz	5.619	6	1	2	1.0	0.0	5.619
Q9VWI2_DROME	32934	Naa15-16	5.619	6	1	1	1.0	0.0	5.619
TILB_DROME	33130	tilB	5.619	6	1	2	1.0	0.0	5.619
AFF4_DROME	33496	lilli	5.619	6	1	0	1.0	0.0	5.619
PIEZO_DROME	34112	Piezo	5.619	6	1	3	1.0	0.0	5.619
Q9VLK3_DROME	34182	Bace	5.619	6	1	1	1.0	0.0	5.619
Q7KN61_DROME	36209	Fpps	5.619	6	1	2	1.0	0.0	5.619
Q5U154_DROME	36263	Sln	5.619	6	1	5	1.0	0.0	5.619
A1Z991_DROME	36447	GLaz	5.619	6	1	2	1.0	0.0	5.619
Q56JH9_DROME	36589	Ih	5.619	6	1	1	1.0	0.0	5.619
FKB12_DROME	37214	FK506-bp2	5.619	6	1	0	1.0	0.0	5.619
ATPA_DROME	37617	blw	5.619	6	1	0	1.0	0.0	5.619
GR61A_DROME	38098	Gr61a	5.619	6	1	3	1.0	0.0	5.619
FLOWR_DROME	39720	fwe	5.619	6	1	0	1.0	0.0	5.619
A0A0B4K6P1_DROME	41266	Rfx	5.619	6	1	0	1.0	0.0	5.619
ESM5_DROME	43158	E(spl)m5-HLH	5.619	6	1	0	1.0	0.0	5.619
CANB2_DROME	46456	CanB2	5.619	6	1	0	1.0	0.0	5.619
Q7KMM4_DROME	49953	GCS2alpha	5.619	6	1	0	1.0	0.0	5.619
Q9VCW6_DROME	248194	Gclm	5.619	6	1	3	1.0	0.0	5.619
TRA2_DROME	36619	tra2	5.613	121	2	0	1.301	0.0	4.314
TRSF_DROME	39849	tra	5.588	126	2	0	1.301	0.0	4.295
JRA_DROME	36057	Jra	5.58	128	2	2	1.301	0.0	4.289
Q9VZA8_DROME	38559	Tie	5.574	129	2	0	1.301	0.0	4.285
Q7K4Z4_DROME	44339	imd	5.566	131	2	5	1.301	0.0	4.279
EGH_DROME	31239	egh	5.552	7	1	2	1.0	0.0	5.552
O76928_DROME	31647	cm	5.552	7	1	0	1.0	0.0	5.552
LOZEN_DROME	31883	lz	5.552	7	1	0	1.0	0.0	5.552
A8JUP8_DROME	32860	CCKLR-17D1	5.552	7	1	1	1.0	0.0	5.552
Q9VPS6_DROME	33247	Eaat2	5.552	7	1	0	1.0	0.0	5.552
D5AEK4_DROME	38769	Mp	5.552	7	1	3	1.0	0.0	5.552
GR68A_DROME	39324	Gr68a	5.552	7	1	2	1.0	0.0	5.552
VACHT_DROME	42795	VAChT	5.552	7	1	2	1.0	0.0	5.552
TUTL_DROME	46015	tutl	5.552	7	1	1	1.0	0.0	5.552
CASP1_DROME	37729	Dcp-1	5.545	136	2	1	1.301	0.0	4.262
Q7KTX7_DROME	40336	park	5.533	139	2	9	1.301	0.0	4.253
PEPT1_DROME	31340	yin	5.494	8	1	3	1.0	0.0	5.494
GCM2_DROME	34280	gcm2	5.494	8	1	0	1.0	0.0	5.494
BIB_DROME	34330	bib	5.494	8	1	0	1.0	0.0	5.494
MCM10_DROME	35390	Mcm10	5.494	8	1	0	1.0	0.0	5.494
Q7JVK6_DROME	36110	trsn	5.494	8	1	0	1.0	0.0	5.494
FMAR_DROME	38357	FR	5.494	8	1	0	1.0	0.0	5.494
Q9VZD1_DROME	38539	DopEcR	5.494	8	1	1	1.0	0.0	5.494
Q960T6_DROME	39647	Cep135	5.494	8	1	1	1.0	0.0	5.494
Q6AWQ4_DROME	40575	5-HT2A	5.494	8	1	2	1.0	0.0	5.494
TLR1_DROME	41286	TkR86C	5.494	8	1	1	1.0	0.0	5.494
MSRB_DROME	41309	SelR	5.494	8	1	0	1.0	0.0	5.494
NINAB_DROME	41678	ninaB	5.494	8	1	2	1.0	0.0	5.494
KPC3_DROME	43428	Pkc98E	5.494	8	1	0	1.0	0.0	5.494
Q9XZ10_DROME	43442	Vha100-1	5.494	8	1	5	1.0	0.0	5.494
IMDH_DROME	43873	ras	5.494	8	1	1	1.0	0.0	5.494
Q8IR42_DROME	318102	drd	5.494	8	1	0	1.0	0.0	5.494
PP4R2_DROME	31979	PPP4R2r	5.443	9	1	0	1.0	0.0	5.443
Q8SXR1_DROME	33324	NLaz	5.443	9	1	0	1.0	0.0	5.443
GALT_DROME	33935	Galt	5.443	9	1	0	1.0	0.0	5.443
JHAMT_DROME	34977	jhamt	5.443	9	1	2	1.0	0.0	5.443
CADN2_DROME	35071	CadN2	5.443	9	1	0	1.0	0.0	5.443
Q5PXF9_DROME	36071	KCNQ	5.443	9	1	2	1.0	0.0	5.443
Q7KY01_DROME	36456	AQP	5.443	9	1	0	1.0	0.0	5.443
Q9W151_DROME	37921	ITP	5.443	9	1	2	1.0	0.0	5.443
LYSD_DROME	38127	LysD	5.443	9	1	0	1.0	0.0	5.443
R9PY25_DROME	45338	na	5.443	9	1	1	1.0	0.0	5.443
MYC_DROME	31310	dm	5.407	174	2	5	1.301	0.0	4.156
YELL_DROME	30980	y	5.397	10	1	0	1.0	0.0	5.397
GR32A_DROME	34545	Gr32a	5.397	10	1	5	1.0	0.0	5.397
TSH_DROME	35430	tsh	5.397	10	1	0	1.0	0.0	5.397
A1Z6L9_DROME	35559	Trap1	5.397	10	1	1	1.0	0.0	5.397
NPLP1_DROME	38003	Nplp1	5.397	10	1	0	1.0	0.0	5.397
Q9VV42_DROME	39812	Pdh	5.397	10	1	0	1.0	0.0	5.397
NICA_DROME	42964	nct	5.397	10	1	0	1.0	0.0	5.397
YEMA_DROME	43439	yem	5.397	10	1	0	1.0	0.0	5.397
Q9V4E1_DROME	43799	Ephrin	5.397	10	1	1	1.0	0.0	5.397
TIN_DROME	42536	tin	5.357	579	3	1	1.477	0.0	3.626
PROD_DROME	33117	slgA	5.355	11	1	0	1.0	0.0	5.355
ATPB1_DROME	33952	nrv1	5.355	11	1	0	1.0	0.0	5.355
PNUT_DROME	35801	pnut	5.355	11	1	0	1.0	0.0	5.355
A1ZA01_DROME	36702	Hr51	5.355	11	1	0	1.0	0.0	5.355
5HT2B_DROME	37191	5-HT1B	5.355	11	1	7	1.0	0.0	5.355
KAPR1_DROME	40305	Pka-R1	5.355	11	1	0	1.0	0.0	5.355
MVL_DROME	42490	Mvl	5.355	11	1	0	1.0	0.0	5.355
EXOC6_DROME	42499	Sec15	5.355	11	1	8	1.0	0.0	5.355
O18332_DROME	42524	Rab1	5.355	11	1	1	1.0	0.0	5.355
TLR2_DROME	43551	TkR99D	5.355	11	1	0	1.0	0.0	5.355
NBEA_DROME	44531	rg	5.355	11	1	1	1.0	0.0	5.355
Q9W4I7_DROME	31394	pon	5.318	12	1	4	1.0	0.0	5.318
O96607_DROME	33944	homer	5.318	12	1	1	1.0	0.0	5.318
A1ZAK7_DROME	36889	Psi	5.318	12	1	2	1.0	0.0	5.318
SCN60_DROME	37981	NaCP60E	5.318	12	1	0	1.0	0.0	5.318
KLP68_DROME	39332	Klp68D	5.318	12	1	0	1.0	0.0	5.318
Q9VUD5_DROME	39571	nan	5.318	12	1	3	1.0	0.0	5.318
Q5U127_DROME	39722	DCP2	5.318	12	1	0	1.0	0.0	5.318
SMN_DROME	39844	Smn	5.318	12	1	4	1.0	0.0	5.318
Q9VC93_DROME	42900	Dis3	5.318	12	1	1	1.0	0.0	5.318
CPLX_DROME	64877	cpx	5.318	12	1	5	1.0	0.0	5.318
A1Z6N4_DROME	246620	Tdc2	5.318	12	1	1	1.0	0.0	5.318
Q9W3X9_DROME	31601	Ctr1A	5.283	13	1	0	1.0	0.0	5.283
Q7KT97_DROME	34826	nAChRalpha5	5.283	13	1	3	1.0	0.0	5.283
Q94534_DROME	34947	beat-Ia	5.283	13	1	0	1.0	0.0	5.283
A1Z6N2_DROME	35573	Tdc1	5.283	13	1	1	1.0	0.0	5.283
GR63A_DROME	38453	Gr63a	5.283	13	1	3	1.0	0.0	5.283
IDE_DROME	40248	Ide	5.283	13	1	0	1.0	0.0	5.283
EMS_DROME	41697	ems	5.283	13	1	0	1.0	0.0	5.283
AGO3_DROME	3355150	AGO3	5.279	32	1	11	1.0	0.079	4.892
SCA_DROME	36411	sca	5.251	14	1	2	1.0	0.0	5.251
5HT2A_DROME	37196	5-HT1A	5.251	14	1	2	1.0	0.0	5.251
BOULE_DROME	39049	bol	5.251	14	1	0	1.0	0.0	5.251
Q9VQ56_DROME	326152	erm	5.251	14	1	1	1.0	0.0	5.251
NFKB1_DROME	41087	Rel	5.238	234	2	0	1.301	0.0	4.026
SWS_DROME	31716	sws	5.221	15	1	2	1.0	0.0	5.221
M9NF14_DROME	32009	Imp	5.221	15	1	2	1.0	0.0	5.221
Q9VKH3_DROME	34568	salr	5.221	15	1	0	1.0	0.0	5.221
Q7KLE5_DROME	36383	Amph	5.221	15	1	0	1.0	0.0	5.221
MDR65_DROME	38726	Mdr65	5.221	15	1	3	1.0	0.0	5.221
Q9VH98_DROME	41170	Dh44	5.221	15	1	0	1.0	0.0	5.221
ACH2_DROME	42919	nAChRalpha2	5.221	15	1	0	1.0	0.0	5.221
Q9VLH8_DROME	44275	SoxN	5.221	15	1	1	1.0	0.0	5.221
EYS_DROME	3771890	eys	5.221	15	1	0	1.0	0.0	5.221
CISY_DROME	31579	kdn	5.193	16	1	0	1.0	0.0	5.193
Q9W3V7_DROME	31624	Atx-1	5.193	16	1	0	1.0	0.0	5.193
TENA_DROME	32183	Ten-a	5.193	16	1	5	1.0	0.0	5.193
BARH2_DROME	32723	B-H2	5.193	16	1	1	1.0	0.0	5.193
INSL1_DROME	39149	Ilp1	5.193	16	1	2	1.0	0.0	5.193
Q9VLV9_DROME	250710	Proc	5.193	16	1	0	1.0	0.0	5.193
HP1_DROME	34119	Su(var)205	5.183	258	2	2	1.301	0.0	3.984
CSK2B_DROME	32132	CkIIbeta	5.166	17	1	0	1.0	0.0	5.166
Q9I7N0_DROME	34686	MRP	5.166	17	1	0	1.0	0.0	5.166
A1Z700_DROME	35680	didum	5.166	17	1	5	1.0	0.0	5.166
Q95NU8_DROME	36295	jeb	5.166	17	1	1	1.0	0.0	5.166
TY3H_DROME	38746	ple	5.154	28	1	10	1.0	0.041	4.949
OR83B_DROME	40650	Orco	5.144	60	1	12	1.0	0.114	4.618
Q9XYR0_DROME	33638	Traf4	5.141	18	1	1	1.0	0.0	5.141
GNAO_DROME	36104	Galphao	5.141	18	1	0	1.0	0.0	5.141
OR67D_DROME	39191	Or67d	5.141	18	1	8	1.0	0.0	5.141
SH3G3_DROME	42265	EndoA	5.141	18	1	2	1.0	0.0	5.141
Q8T8Y5_DROME	36251	Buffy	5.118	19	1	1	1.0	0.0	5.118
CDK5_DROME	36727	Cdk5	5.118	19	1	0	1.0	0.0	5.118
Q9W103_DROME	44125	ETH	5.118	19	1	0	1.0	0.0	5.118
RYR_DROME	49090	RyR	5.118	19	1	0	1.0	0.0	5.118
GSH1_DROME	53581	Gclc	5.118	19	1	0	1.0	0.0	5.118
RL15_DROME	3354918	RpL15	5.118	19	1	0	1.0	0.0	5.118
SCAL_DROME	32536	sd	5.096	20	1	2	1.0	0.0	5.096
OR22A_DROME	33335	Or22a	5.096	20	1	2	1.0	0.0	5.096
KRH1_DROME	33861	Kr-h1	5.096	20	1	1	1.0	0.0	5.096
Q9VM93_DROME	249072	Liprin-alpha	5.096	20	1	0	1.0	0.0	5.096
EWG_DROME	30975	ewg	5.074	21	1	0	1.0	0.0	5.074
ORB2_DROME	39018	orb2	5.074	21	1	2	1.0	0.0	5.074
Q9VDG5_DROME	42481	Calx	5.074	21	1	0	1.0	0.0	5.074
Q9VDU9_DROME	45910	ort	5.074	21	1	0	1.0	0.0	5.074
GPRK2_DROME	49045	Gprk2	5.074	21	1	0	1.0	0.0	5.074
Q400N1_DROME	3772382	Plp	5.074	21	1	2	1.0	0.0	5.074
CYPR_DROME	33271	ninaA	5.054	22	1	0	1.0	0.0	5.054
ODD_DROME	33583	odd	5.054	22	1	1	1.0	0.0	5.054
LIS1_DROME	36791	Lis-1	5.054	22	1	1	1.0	0.0	5.054
KPC2_DROME	36897	inaC	5.054	22	1	0	1.0	0.0	5.054
FAS1_DROME	42025	Fas1	5.054	22	1	0	1.0	0.0	5.054
Q9VBC7_DROME	43215	amon	5.054	22	1	3	1.0	0.0	5.054
NKD_DROME	44843	nkd	5.054	22	1	0	1.0	0.0	5.054
SNP25_DROME	3355084	Snap25	5.054	22	1	2	1.0	0.0	5.054
JAK_DROME	32080	hop	5.053	324	2	1	1.301	0.0	3.884
NRG_DROME	31792	Nrg	5.035	23	1	0	1.0	0.0	5.035
SPR_DROME	31463	SPR	5.016	24	1	2	1.0	0.0	5.016
WNT4_DROME	34007	Wnt4	5.016	24	1	1	1.0	0.0	5.016
DGK1_DROME	35738	Dgk	5.016	24	1	0	1.0	0.0	5.016
Q7JR24_DROME	36157	cag	5.016	24	1	0	1.0	0.0	5.016
BAB1_DROME	38116	bab1	5.016	24	1	1	1.0	0.0	5.016
ERCC3_DROME	39202	hay	5.016	24	1	1	1.0	0.0	5.016
ARNT_DROME	41084	tgo	5.016	24	1	0	1.0	0.0	5.016
Q9V3Z1_DROME	43999	trbl	5.016	24	1	0	1.0	0.0	5.016
Q7KSE4_DROME	47285	repo	5.016	24	1	0	1.0	0.0	5.016
CAUP_DROME	39440	caup	4.999	25	1	2	1.0	0.0	4.999
MSRA_DROME	39675	Eip71CD	4.999	25	1	0	1.0	0.0	4.999
GRM_DROME	43838	mGluR	4.999	25	1	0	1.0	0.0	4.999
NONA_DROME	32603	nonA	4.982	26	1	0	1.0	0.0	4.982
Q7KNM2_DROME	33226	lwr	4.982	26	1	0	1.0	0.0	4.982
Q9VKM2_DROME	34519	SCAR	4.982	26	1	2	1.0	0.0	4.982
Q59DZ3_DROME	34772	kuz	4.982	26	1	2	1.0	0.0	4.982
ACE_DROME	34805	Ance	4.982	26	1	0	1.0	0.0	4.982
Q8WR08_DROME	36773	Dg	4.982	26	1	0	1.0	0.0	4.982
FUR11_DROME	47220	Fur1	4.982	26	1	1	1.0	0.0	4.982
FREQ_DROME	32797	Frq1	4.965	27	1	0	1.0	0.0	4.965
ITA3_DROME	36692	scb	4.965	27	1	1	1.0	0.0	4.965
CREBB_DROME	32817	CrebB	4.949	28	1	4	1.0	0.0	4.949
PDM2A_DROME	34673	pdm2	4.949	28	1	0	1.0	0.0	4.949
OPS4_DROME	39887	Rh4	4.949	28	1	0	1.0	0.0	4.949
Q9VW24_DROME	40143	wnd	4.949	28	1	0	1.0	0.0	4.949
DNAJ1_DROME	38643	DnaJ-1	4.934	29	1	2	1.0	0.0	4.934
OB76A_DROME	40136	lush	4.934	29	1	0	1.0	0.0	4.934
HLES_DROME	42445	H	4.934	29	1	0	1.0	0.0	4.934
WEE1_DROME	33965	Wee1	4.919	30	1	0	1.0	0.0	4.919
HMGD_DROME	37481	HmgD	4.919	30	1	0	1.0	0.0	4.919
CASP8_DROME	31011	Dredd	4.906	31	1	4	1.0	0.0	4.906
INX2_DROME	31646	Inx2	4.906	31	1	3	1.0	0.0	4.906
SLO_DROME	42940	slo	4.906	31	1	0	1.0	0.0	4.906
PP2B1_DROME	43670	CanA1	4.906	31	1	1	1.0	0.0	4.906
KU70_DROME	117419	Irbp	4.906	31	1	1	1.0	0.0	4.906
CEBP_DROME	37889	slbo	4.892	32	1	1	1.0	0.0	4.892
ACT4_DROME	40444	Act79B	4.892	432	2	0	1.301	0.0	3.76
GATAC_DROME	40962	grn	4.892	32	1	2	1.0	0.0	4.892
NEMS_DROME	44324	Dms	4.892	32	1	0	1.0	0.0	4.892
Q8IRY0_DROME	31075	DAAM	4.878	33	1	0	1.0	0.0	4.878
Q9VWW4_DROME	32813	upd1	4.878	33	1	0	1.0	0.0	4.878
Q4V6Y6_DROME	246618	Opbp	4.878	33	1	0	1.0	0.0	4.878
GNAQ_DROME	36384	Galphaq	4.865	34	1	1	1.0	0.0	4.865
NSF1_DROME	47091	comt	4.865	34	1	0	1.0	0.0	4.865
FUTSC_DROME	5740544	futsch	4.852	35	1	2	1.0	0.0	4.852
BTKL_DROME	34132	Btk29A	4.84	36	1	0	1.0	0.0	4.84
A1Z920_DROME	36377	fra	4.84	36	1	2	1.0	0.0	4.84
GSB_DROME	38005	gsb	4.84	36	1	0	1.0	0.0	4.84
ITA1_DROME	32275	mew	4.829	37	1	0	1.0	0.0	4.829
CHK1_DROME	34993	grp	4.829	37	1	1	1.0	0.0	4.829
TOP1_DROME	32458	Top1	4.817	38	1	1	1.0	0.0	4.817
BRAT_DROME	35197	brat	4.817	38	1	1	1.0	0.0	4.817
SIM_DROME	41612	sim	4.794	40	1	0	1.0	0.0	4.794
PNT1_DROME	42757	pnt	4.794	40	1	0	1.0	0.0	4.794
SEM1A_DROME	34192	Sema-1a	4.784	41	1	5	1.0	0.0	4.784
CRB_DROME	42896	crb	4.784	41	1	0	1.0	0.0	4.784
H1UUD2_DROME	46415	Fer1HCH	4.784	41	1	0	1.0	0.0	4.784
TRXR1_DROME	31760	Trxr-1	4.773	42	1	0	1.0	0.0	4.773
GSTS1_DROME	36927	GstS1	4.753	44	1	0	1.0	0.0	4.753
TLL_DROME	43656	tll	4.743	45	1	2	1.0	0.0	4.743
DECA_DROME	33432	dpp	4.742	560	2	5	1.301	0.0	3.644
Q9VDE3_DROME	42504	slmb	4.734	46	1	1	1.0	0.0	4.734
REF2P_DROME	35246	ref(2)P	4.724	47	1	2	1.0	0.0	4.724
AST5_DROME	30981	ac	4.715	48	1	1	1.0	0.0	4.715
Q9VET9_DROME	42008	Decay	4.715	48	1	0	1.0	0.0	4.715
WARTS_DROME	43651	wts	4.706	49	1	0	1.0	0.0	4.706
KCNAE_DROME	32428	eag	4.698	50	1	0	1.0	0.0	4.698
SPTCA_DROME	38231	alpha-Spec	4.698	50	1	0	1.0	0.0	4.698
LOK_DROME	35288	lok	4.689	51	1	2	1.0	0.0	4.689
CNN_DROME	36491	cnn	4.689	51	1	4	1.0	0.0	4.689
Q8MQJ7_DROME	39454	Atg1	4.689	51	1	2	1.0	0.0	4.689
CP6G1_DROME	36316	Cyp6g1	4.681	52	1	0	1.0	0.0	4.681
Q9VXE3_DROME	43916	Rok	4.681	52	1	1	1.0	0.0	4.681
Q9U8R4_DROME	36914	Dark	4.656	55	1	3	1.0	0.0	4.656
POK_DROME	33392	aop	4.633	58	1	0	1.0	0.0	4.633
FMRF_DROME	36030	FMRFa	4.633	58	1	0	1.0	0.0	4.633
Q94513_DROME	36645	BEAF-32	4.618	60	1	0	1.0	0.0	4.618
Q9VMP4_DROME	33788	GluRIIA	4.605	62	1	1	1.0	0.0	4.605
PIWI_DROME	34521	piwi	4.578	193	1	12	1.0	0.114	4.11
SALM_DROME	34569	salm	4.564	68	1	0	1.0	0.0	4.564
Q9NF31_DROME	44889	ph-d	4.557	69	1	0	1.0	0.0	4.557
Q9W213_DROME	37603	robo1	4.551	70	1	1	1.0	0.0	4.551
PBURS_DROME	34845	Pburs	4.539	72	1	1	1.0	0.0	4.539
BICD_DROME	35051	BicD	4.533	73	1	1	1.0	0.0	4.533
PCNA_DROME	37290	PCNA	4.527	74	1	0	1.0	0.0	4.527
TBG1_DROME	33501	gammaTub23C	4.521	75	1	0	1.0	0.0	4.521
M9PD17_DROME	40201	gig	4.521	75	1	0	1.0	0.0	4.521
CTBP_DROME	41602	CtBP	4.504	78	1	0	1.0	0.0	4.504
DCTN1_DROME	39536	Gl	4.498	79	1	1	1.0	0.0	4.498
RUNT_DROME	33059	run	4.493	80	1	1	1.0	0.0	4.493
Q9V3I2_DROME	33418	Rab5	4.483	82	1	0	1.0	0.0	4.483
SOG_DROME	32498	sog	4.477	83	1	2	1.0	0.0	4.477
ELAV_DROME	31000	elav	4.447	89	1	2	1.0	0.0	4.447
APKC_DROME	47594	aPKC	4.433	92	1	0	1.0	0.0	4.433
EST6_DROME	39392	Est-6	4.423	94	1	0	1.0	0.0	4.423
CALM_DROME	36329	Cam	4.418	95	1	1	1.0	0.0	4.418
HDAC1_DROME	38565	Rpd3	4.418	95	1	1	1.0	0.0	4.418
DRONC_DROME	39173	Dronc	4.414	96	1	0	1.0	0.0	4.414
BRM_DROME	39744	brm	4.409	97	1	0	1.0	0.0	4.409
Q86NQ2_DROME	42356	bnl	4.404	98	1	3	1.0	0.0	4.404
ATR_DROME	32608	mei-41	4.397	100	1	2	1.0	0.0	4.397
TTKA_DROME	48317	ttk	4.397	100	1	0	1.0	0.0	4.397
RHOM_DROME	38168	rho	4.392	101	1	0	1.0	0.0	4.392
HSP26_DROME	39075	Hsp26	4.387	102	1	0	1.0	0.0	4.387
KLC_DROME	39445	Klc	4.371	106	1	2	1.0	0.0	4.371
WNTG_DROME	34009	wg	4.347	112	1	0	1.0	0.0	4.347
FGFR2_DROME	39564	btl	4.347	112	1	0	1.0	0.0	4.347
HSP27_DROME	39078	Hsp27	4.343	113	1	0	1.0	0.0	4.343
CCNA_DROME	39340	CycA	4.327	117	1	0	1.0	0.0	4.327
FTZF1_DROME	40045	ftz-f1	4.32	119	1	0	1.0	0.0	4.32
SNAI_DROME	34908	sna	4.306	123	1	1	1.0	0.0	4.306
KRAF1_DROME	31221	phl	4.299	125	1	0	1.0	0.0	4.299
Q9VX75_DROME	32703	baz	4.283	130	1	0	1.0	0.0	4.283
RAC1_DROME	38146	Rac1	4.262	136	1	1	1.0	0.0	4.262
AKT1_DROME	41957	Akt1	4.244	142	1	6	1.0	0.0	4.244
Q9VMJ5_DROME	33839	Gal	4.231	146	1	0	1.0	0.0	4.231
PROS_DROME	41363	pros	4.192	160	1	0	1.0	0.0	4.192
RHO1_DROME	36775	Rho1	4.187	162	1	0	1.0	0.0	4.187
FOXO_DROME	41709	foxo	4.119	189	1	4	1.0	0.0	4.119
FTZ_DROME	40834	ftz	4.097	199	1	1	1.0	0.0	4.097
ANTP_DROME	40835	Antp	4.097	198	1	0	1.0	0.0	4.097
CCNE_DROME	34924	CycE	3.988	255	1	0	1.0	0.0	3.988
HUNB_DROME	41032	hb	3.988	255	1	0	1.0	0.0	3.988
TRX_DROME	41737	trx	3.954	277	1	0	1.0	0.0	3.954
ABDB_DROME	47763	Abd-B	3.941	285	1	3	1.0	0.0	3.941
CADE_DROME	37386	shg	3.852	347	1	1	1.0	0.0	3.852
JNK_DROME	44801	bsk	3.747	444	1	1	1.0	0.0	3.747
TOLL_DROME	43222	Tl	3.695	502	1	1	1.0	0.0	3.695
PC_DROME	40358	Pc	3.598	625	1	1	1.0	0.0	3.598
