Big_T	1381
Big_F	27718
UniProtKB_ID	GeneID	Gene_Name	PPS	Big_P	T+P	Citation	1+Log(T+P)	log10((Cit/yr+1)/10)	1+log10(F/T)+log10(F/P)
Q0KHV6_DROME	31607	Pink1	10.249	111	8	18	1.903	0.279	4.697
Q8IR38_DROME	32461	HDAC6	8.541	18	1	35	1.0	0.556	5.488
MARF_DROME	31581	Marf	8.503	32	3	13	1.477	0.146	5.239
Q9VDJ9_DROME	42447	Lrrk	8.04	53	4	3	1.602	0.0	5.019
NOTCH_DROME	31293	N	8.021	619	6	17	1.778	0.255	3.944
Q9VPR1_DROME	33231	Tspo	7.991	4	2	3	1.301	0.0	6.142
A4_DROME	31002	Appl	7.78	77	4	6	1.602	0.0	4.856
DJ1A_DROME	36543	DJ-1alpha	7.772	9	2	10	1.301	0.041	5.789
Q7KTX7_DROME	40336	park	7.734	139	3	15	1.477	0.204	4.6
FOXO_DROME	41709	foxo	7.625	189	3	16	1.477	0.23	4.465
LYSD_DROME	38127	LysD	7.532	9	2	0	1.301	0.0	5.789
ARM_DROME	31151	arm	7.473	431	6	10	1.778	0.041	4.107
Q9V3N4_DROME	43392	htt	7.461	122	4	3	1.602	0.0	4.657
Q95RR6_DROME	43797	Pur-alpha	7.21	10	1	17	1.0	0.255	5.744
VINC_DROME	31201	Vinc	7.173	17	2	6	1.301	0.0	5.513
Q9VC29_DROME	42962	Esp	7.173	17	2	2	1.301	0.0	5.513
NELFD_DROME	32607	TH1	7.14	18	2	1	1.301	0.0	5.488
Q9V3H5_DROME	34385	Cdk5alpha	7.138	110	3	10	1.477	0.041	4.701
SODC_DROME	39251	Sod	7.11	202	4	4	1.602	0.0	4.438
FRDA_DROME	31845	fh	6.978	24	2	4	1.301	0.0	5.363
TIP60_DROME	31362	Tip60	6.955	25	2	3	1.301	0.0	5.346
FMR1_DROME	37528	Fmr1	6.949	189	2	17	1.301	0.255	4.465
Q59DZ3_DROME	34772	kuz	6.933	26	2	2	1.301	0.0	5.329
JAK_DROME	32080	hop	6.867	324	3	13	1.477	0.146	4.23
ATLAS_DROME	42934	atl	6.809	9	1	14	1.0	0.176	5.789
Q7KW08_DROME	31141	Pex5	6.744	1	1	1	1.0	0.0	6.744
Q9VXP5_DROME	32528	Efhc1.1	6.744	1	1	0	1.0	0.0	6.744
DERL1_DROME	33369	Der-1	6.744	1	1	0	1.0	0.0	6.744
Q9I7L6_DROME	35370	tadr	6.744	1	1	0	1.0	0.0	6.744
Q9VNX4_DROME	40434	P5CDh1	6.744	1	1	0	1.0	0.0	6.744
SYMM_DROME	41733	Aats-met-m	6.744	1	1	8	1.0	0.0	6.744
OPS1_DROME	42367	ninaE	6.681	373	4	3	1.602	0.0	4.17
CNN_DROME	36491	cnn	6.552	51	2	2	1.301	0.0	5.036
TOLL_DROME	43222	Tl	6.475	502	4	4	1.602	0.0	4.041
TSN2A_DROME	31080	Tsp2A	6.443	2	1	0	1.0	0.0	6.443
Q961S1_DROME	31473	RhoGAP5A	6.443	2	1	0	1.0	0.0	6.443
LETM1_DROME	37912	Letm1	6.443	2	1	1	1.0	0.0	6.443
Q9VUB7_DROME	39552	Ptip	6.443	2	1	1	1.0	0.0	6.443
WNT2_DROME	35975	Wnt2	6.312	78	2	6	1.301	0.0	4.851
TRPA1_DROME	39015	TrpA1	6.275	83	2	6	1.301	0.0	4.823
Q9VWT3_DROME	32839	Ggt-1	6.267	3	1	0	1.0	0.0	6.267
LA_DROME	35305	La	6.142	4	1	0	1.0	0.0	6.142
Q7JS69_DROME	35408	nrv3	6.142	4	1	1	1.0	0.0	6.142
GALE_DROME	38076	Gale	6.142	4	1	1	1.0	0.0	6.142
A0A0B4KGF0_DROME	42203	PKD	6.142	4	1	0	1.0	0.0	6.142
BNK_DROME	43687	bnk	6.142	4	1	0	1.0	0.0	6.142
Q9VAT0_DROME	43402	WASp	6.138	106	2	0	1.301	0.0	4.718
E74EA_DROME	39962	Eip74EF	6.137	57	1	16	1.0	0.23	4.988
EYA_DROME	33916	eya	6.116	110	2	6	1.301	0.0	4.701
Q5U0V7_DROME	37517	Synj	6.045	5	1	2	1.0	0.0	6.045
Q9I7L4_DROME	40860	MAGE	6.045	5	1	0	1.0	0.0	6.045
PEN2_DROME	251430	pen-2	6.045	5	1	0	1.0	0.0	6.045
Q9W436_DROME	31547	Nep1	5.966	6	1	2	1.0	0.0	5.966
OGG1_DROME	31806	Ogg1	5.966	6	1	6	1.0	0.0	5.966
CAZ_DROME	32587	caz	5.966	6	1	2	1.0	0.0	5.966
STIL_DROME	36380	stil	5.966	6	1	0	1.0	0.0	5.966
Q9W0P2_DROME	38079	Rev1	5.966	6	1	2	1.0	0.0	5.966
MOB2_DROME	39293	Mob2	5.966	6	1	4	1.0	0.0	5.966
SIFA_DROME	3346202	SIFa	5.966	6	1	3	1.0	0.0	5.966
Q6WSQ9_DROME	3885647	Mitf	5.899	7	1	1	1.0	0.0	5.899
MYC_DROME	31310	dm	5.858	174	2	5	1.301	0.0	4.502
PEPT1_DROME	31340	yin	5.841	8	1	0	1.0	0.0	5.841
TRPCG_DROME	36694	Trpm	5.841	8	1	1	1.0	0.0	5.841
NINAB_DROME	41678	ninaB	5.841	8	1	2	1.0	0.0	5.841
DLG1_DROME	32083	dlg1	5.794	195	2	9	1.301	0.0	4.453
PARG_DROME	31329	Parg	5.789	9	1	1	1.0	0.0	5.789
H33_DROME	33736	His3.3B	5.789	9	1	0	1.0	0.0	5.789
Q9VJ86_DROME	35100	bsf	5.789	9	1	1	1.0	0.0	5.789
GOLI_DROME	38006	gol	5.789	9	1	2	1.0	0.0	5.789
Q9VHI1_DROME	41086	hyx	5.789	9	1	0	1.0	0.0	5.789
Q9Y154_DROME	43654	cindr	5.789	9	1	7	1.0	0.0	5.789
TSH_DROME	35430	tsh	5.744	10	1	0	1.0	0.0	5.744
Q9VN89_DROME	53566	Kat60	5.744	10	1	0	1.0	0.0	5.744
Q8IMZ4_DROME	2768677	p53	5.744	213	2	0	1.301	0.0	4.415
Q7KUD4_DROME	39160	iPLA2-VIA	5.664	12	1	3	1.0	0.0	5.664
Q9VV79_DROME	39850	spd-2	5.664	12	1	2	1.0	0.0	5.664
GR21A_DROME	33251	Gr21a	5.63	13	1	0	1.0	0.0	5.63
GBG1_DROME	35881	Ggamma1	5.63	13	1	0	1.0	0.0	5.63
ATRX_DROME	43080	XNP	5.597	14	1	1	1.0	0.0	5.597
T23O_DROME	32026	v	5.567	15	1	3	1.0	0.0	5.567
TNNT_DROME	32314	up	5.567	15	1	0	1.0	0.0	5.567
Q9W3V7_DROME	31624	Atx-1	5.54	16	1	0	1.0	0.0	5.54
Q9VCH5_DROME	42816	Nup98-96	5.54	16	1	0	1.0	0.0	5.54
Q8T0Q4_DROME	35933	shrb	5.513	17	1	2	1.0	0.0	5.513
NXF1_DROME	43944	sbr	5.513	17	1	0	1.0	0.0	5.513
LINES_DROME	45325	lin	5.513	17	1	0	1.0	0.0	5.513
Q86NW1_DROME	3346192	Vmat	5.513	17	1	1	1.0	0.0	5.513
Q9VLE6_DROME	34235	Toll-4	5.5	29	1	10	1.0	0.041	5.281
Q9VTH1_DROME	39266	Ube3a	5.488	18	1	2	1.0	0.0	5.488
Q8I0C2_DROME	40633	Hph	5.488	18	1	0	1.0	0.0	5.488
Q9VC03_DROME	42987	Nmnat	5.488	18	1	7	1.0	0.0	5.488
SO_DROME	35662	so	5.442	20	1	2	1.0	0.0	5.442
EWG_DROME	30975	ewg	5.421	21	1	2	1.0	0.0	5.421
FOJO_DROME	37089	fj	5.421	21	1	0	1.0	0.0	5.421
ORB2_DROME	39018	orb2	5.421	21	1	0	1.0	0.0	5.421
Q24090_DROME	40657	Snr1	5.421	21	1	0	1.0	0.0	5.421
Q9VDG5_DROME	42481	Calx	5.421	21	1	0	1.0	0.0	5.421
SLOU_DROME	42547	slou	5.421	21	1	0	1.0	0.0	5.421
ODD_DROME	33583	odd	5.401	22	1	1	1.0	0.0	5.401
NRG_DROME	31792	Nrg	5.382	23	1	0	1.0	0.0	5.382
Q7KUA8_DROME	46156	Gug	5.382	23	1	0	1.0	0.0	5.382
COX1_DROME	19893533	mt:CoI	5.382	23	1	0	1.0	0.0	5.382
O77430_DROME	31016	SkpA	5.363	24	1	0	1.0	0.0	5.363
CP306_DROME	32857	phm	5.363	24	1	1	1.0	0.0	5.363
Q9VQE0_DROME	33445	Drp1	5.363	24	1	0	1.0	0.0	5.363
CNC_DROME	42743	cnc	5.363	24	1	0	1.0	0.0	5.363
SPAST_DROME	42846	spas	5.363	24	1	5	1.0	0.0	5.363
VDAC_DROME	34500	porin	5.346	25	1	0	1.0	0.0	5.346
LEDL3_DROME	3346221	lectin-37Db	5.346	25	1	0	1.0	0.0	5.346
Q9VB13_DROME	326116	tau	5.329	26	1	1	1.0	0.0	5.329
JNK_DROME	44801	bsk	5.326	444	2	0	1.301	0.0	4.093
FREQ_DROME	32797	Frq1	5.312	27	1	0	1.0	0.0	5.312
Q9VF15_DROME	41930	glob1	5.296	28	1	0	1.0	0.0	5.296
APH4_DROME	43671	Aph4	5.296	28	1	0	1.0	0.0	5.296
DNAJ1_DROME	38643	DnaJ-1	5.281	29	1	2	1.0	0.0	5.281
DIAP2_DROME	36748	Diap2	5.266	30	1	0	1.0	0.0	5.266
PABP_DROME	37070	pAbp	5.266	30	1	3	1.0	0.0	5.266
CANA_DROME	37232	CalpA	5.266	30	1	2	1.0	0.0	5.266
HEP_DROME	32256	hep	5.252	31	1	0	1.0	0.0	5.252
KU70_DROME	117419	Irbp	5.252	31	1	1	1.0	0.0	5.252
YAP1_DROME	37851	yki	5.23	151	1	13	1.0	0.146	4.563
Q9BLX1_DROME	32876	Pvf1	5.199	35	1	0	1.0	0.0	5.199
SGO1_DROME	37523	mei-S332	5.199	35	1	5	1.0	0.0	5.199
Q8I0P9_DROME	48445	Acph-1	5.199	35	1	0	1.0	0.0	5.199
DECA_DROME	33432	dpp	5.193	560	2	0	1.301	0.0	3.991
CHK1_DROME	34993	grp	5.176	37	1	1	1.0	0.0	5.176
O18645_DROME	43904	AMPKalpha	5.164	38	1	0	1.0	0.0	5.164
Q9VZ62_DROME	32015	feo	5.152	39	1	3	1.0	0.0	5.152
SEM1A_DROME	34192	Sema-1a	5.131	41	1	2	1.0	0.0	5.131
MK14A_DROME	42866	Mpk2	5.131	41	1	0	1.0	0.0	5.131
KCNAL_DROME	40129	Shal	5.12	42	1	0	1.0	0.0	5.12
INSL5_DROME	2768992	Ilp5	5.11	43	1	2	1.0	0.0	5.11
TERA_DROME	36040	TER94	5.1	44	1	2	1.0	0.0	5.1
GSTS1_DROME	36927	GstS1	5.1	44	1	0	1.0	0.0	5.1
SIMA_DROME	43580	sima	5.09	45	1	3	1.0	0.0	5.09
O96660_DROME	31738	Smox	5.081	46	1	3	1.0	0.0	5.081
TNNI_DROME	32794	wupA	5.081	46	1	6	1.0	0.0	5.081
Q9VET9_DROME	42008	Decay	5.062	48	1	0	1.0	0.0	5.062
RDGB_DROME	32340	rdgB	5.053	49	1	0	1.0	0.0	5.053
WARTS_DROME	43651	wts	5.053	49	1	0	1.0	0.0	5.053
SPTCA_DROME	38231	alpha-Spec	5.045	50	1	0	1.0	0.0	5.045
LOK_DROME	35288	lok	5.036	51	1	2	1.0	0.0	5.036
EIGER_DROME	36054	egr	5.036	51	1	0	1.0	0.0	5.036
Q8MQJ7_DROME	39454	Atg1	5.036	51	1	2	1.0	0.0	5.036
Q9VXE3_DROME	43916	Rok	5.028	52	1	1	1.0	0.0	5.028
DAT_DROME	36849	DAT	5.019	53	1	1	1.0	0.0	5.019
NOS_DROME	34495	Nos	4.965	60	1	1	1.0	0.0	4.965
PIWI_DROME	34521	piwi	4.964	193	1	12	1.0	0.114	4.456
DYHC_DROME	38580	Dhc64C	4.953	97	1	10	1.0	0.041	4.756
PERO_DROME	2768671	Pxd	4.938	64	1	0	1.0	0.0	4.938
Q9V9C8_DROME	53585	Debcl	4.93	65	1	0	1.0	0.0	4.93
MYB_DROME	32543	Myb	4.898	70	1	0	1.0	0.0	4.898
ZEST_DROME	31230	z	4.885	72	1	0	1.0	0.0	4.885
VATF1_DROME	36731	Vha14-1	4.885	72	1	1	1.0	0.0	4.885
Q7YU80_DROME	2768852	par-1	4.885	72	1	4	1.0	0.0	4.885
Q9V4E6_DROME	43804	mav	4.88	73	1	0	1.0	0.0	4.88
M9PD17_DROME	40201	gig	4.868	75	1	4	1.0	0.0	4.868
Q8SXP8_DROME	37781	TBPH	4.845	79	1	1	1.0	0.0	4.845
RUNT_DROME	33059	run	4.84	80	1	0	1.0	0.0	4.84
Q9V3I2_DROME	33418	Rab5	4.83	82	1	0	1.0	0.0	4.83
FRU_DROME	42226	fru	4.798	88	1	1	1.0	0.0	4.798
SRC64_DROME	48973	Src64B	4.798	88	1	0	1.0	0.0	4.798
AMYA_DROME	47764	Amy-p	4.784	91	1	0	1.0	0.0	4.784
DRONC_DROME	39173	Dronc	4.76	96	1	0	1.0	0.0	4.76
BRM_DROME	39744	brm	4.756	97	1	1	1.0	0.0	4.756
Q86NQ2_DROME	42356	bnl	4.751	98	1	1	1.0	0.0	4.751
H2AV_DROME	43229	His2Av	4.739	101	1	0	1.0	0.0	4.739
60A_DROME	37778	gbb	4.734	102	1	0	1.0	0.0	4.734
O18335_DROME	42501	Rab11	4.734	102	1	2	1.0	0.0	4.734
KLC_DROME	39445	Klc	4.718	106	1	2	1.0	0.0	4.718
TBP_DROME	37476	Tbp	4.69	113	1	0	1.0	0.0	4.69
PIPA_DROME	31376	norpA	4.674	117	1	0	1.0	0.0	4.674
SNAI_DROME	34908	sna	4.653	123	1	0	1.0	0.0	4.653
RAS1_DROME	41140	Ras85D	4.653	123	1	0	1.0	0.0	4.653
CATA_DROME	40048	Cat	4.649	124	1	0	1.0	0.0	4.649
KRAF1_DROME	31221	phl	4.645	125	1	1	1.0	0.0	4.645
CDC42_DROME	32981	Cdc42	4.639	127	1	4	1.0	0.0	4.639
Q9V490_DROME	43833	toy	4.639	127	1	1	1.0	0.0	4.639
JRA_DROME	36057	Jra	4.635	128	1	2	1.0	0.0	4.635
DYN_DROME	45928	shi	4.631	129	1	2	1.0	0.0	4.631
Q9VX75_DROME	32703	baz	4.629	130	1	4	1.0	0.0	4.629
AKT1_DROME	41957	Akt1	4.591	142	1	6	1.0	0.0	4.591
PROS_DROME	41363	pros	4.539	160	1	0	1.0	0.0	4.539
SGG_DROME	31248	sgg	4.534	162	1	5	1.0	0.0	4.534
RHO1_DROME	36775	Rho1	4.534	162	1	0	1.0	0.0	4.534
CDK1_DROME	34411	Cdk1	4.494	177	1	0	1.0	0.0	4.494
ERKA_DROME	3354888	rl	4.394	223	1	1	1.0	0.0	4.394
TOR_DROME	47396	Tor	4.35	247	1	1	1.0	0.0	4.35
TRX_DROME	41737	trx	4.301	277	1	7	1.0	0.0	4.301
PC_DROME	40358	Pc	3.944	625	1	5	1.0	0.0	3.944
