Big_T	318
Big_F	27718
UniProtKB_ID	GeneID	Gene_Name	PPS	Big_P	T+P	Citation	1+Log(T+P)	log10((Cit/yr+1)/10)	1+log10(F/T)+log10(F/P)
NOTCH_DROME	31293	N	9.085	619	6	15	1.778	0.204	4.583
GCM_DROME	34277	gcm	9.051	54	4	1	1.602	0.0	5.65
Q9I7L4_DROME	40860	MAGE	8.695	5	2	0	1.301	0.0	6.683
NUMB_DROME	34263	numb	8.258	169	4	6	1.602	0.0	5.154
Q9VQ56_DROME	326152	erm	8.113	14	2	3	1.301	0.0	6.236
ARP2_DROME	32623	Arp2	7.975	96	3	1	1.477	0.0	5.399
Q86NQ2_DROME	42356	bnl	7.961	98	3	5	1.477	0.0	5.39
JAK_DROME	32080	hop	7.8	324	4	2	1.602	0.0	4.869
A1Z7H3_DROME	46068	Acsl	7.764	26	2	1	1.301	0.0	5.967
PROS_DROME	41363	pros	7.648	160	3	0	1.477	0.0	5.178
Q9W4B3_DROME	31469	Vsx2	7.382	1	1	1	1.0	0.0	7.382
Q9Y102_DROME	40368	rgn	7.382	1	1	0	1.0	0.0	7.382
HH_DROME	42737	hh	7.358	607	4	5	1.602	0.0	4.593
MED22_DROME	31038	MED22	7.081	2	1	0	1.0	0.0	7.081
Q29R48_DROME	31224	PsGEF	7.081	2	1	0	1.0	0.0	7.081
LAM0_DROME	33782	Lam	6.969	106	2	1	1.301	0.0	5.356
KPC4_DROME	32191	Pkcdelta	6.905	3	1	1	1.0	0.0	6.905
Q9W5W9_DROME	33015	Phf7	6.905	3	1	2	1.0	0.0	6.905
Q9V490_DROME	43833	toy	6.867	127	2	2	1.301	0.0	5.278
CASP1_DROME	37729	Dcp-1	6.827	136	2	3	1.301	0.0	5.247
CPO_DROME	45840	cpo	6.78	4	1	0	1.0	0.0	6.78
INX4_DROME	251414	zpg	6.78	4	1	1	1.0	0.0	6.78
Q9V3V3_DROME	33882	Pez	6.683	5	1	4	1.0	0.0	6.683
Q5U0V7_DROME	37517	Synj	6.683	5	1	2	1.0	0.0	6.683
Q9VBA5_DROME	43235	T48	6.683	5	1	0	1.0	0.0	6.683
PIWI_DROME	34521	piwi	6.629	193	2	3	1.301	0.0	5.095
LIN28_DROME	38639	lin-28	6.604	6	1	0	1.0	0.0	6.604
Q8IMZ4_DROME	2768677	p53	6.575	213	2	3	1.301	0.0	5.053
Q960T6_DROME	39647	Cep135	6.479	8	1	1	1.0	0.0	6.479
PARG_DROME	31329	Parg	6.428	9	1	1	1.0	0.0	6.428
MDR49_DROME	36428	Mdr49	6.382	10	1	0	1.0	0.0	6.382
FAF_DROME	43749	faf	6.341	11	1	0	1.0	0.0	6.341
Q5BI50_DROME	35780	Cul4	6.236	14	1	0	1.0	0.0	6.236
Q9VCH5_DROME	42816	Nup98-96	6.178	16	1	0	1.0	0.0	6.178
ARM_DROME	31151	arm	6.174	431	2	4	1.301	0.0	4.746
INSL6_DROME	31220	Ilp6	6.152	17	1	0	1.0	0.0	6.152
Q9VWX2_DROME	32805	upd2	6.127	18	1	5	1.0	0.0	6.127
A1Z9I5_DROME	36538	tum	6.127	18	1	0	1.0	0.0	6.127
ESCA_DROME	34903	esg	6.081	20	1	0	1.0	0.0	6.081
FOJO_DROME	37089	fj	6.06	21	1	0	1.0	0.0	6.06
Q400N1_DROME	3772382	Plp	6.06	21	1	2	1.0	0.0	6.06
ODD_DROME	33583	odd	6.04	22	1	1	1.0	0.0	6.04
DECA_DROME	33432	dpp	6.023	560	2	2	1.301	0.0	4.63
TIN_DROME	42536	tin	6.0	579	2	1	1.301	0.0	4.612
UBCD1_DROME	41785	eff	5.984	25	1	0	1.0	0.0	5.984
Q7KNM2_DROME	33226	lwr	5.967	26	1	2	1.0	0.0	5.967
CANA_DROME	37232	CalpA	5.905	30	1	0	1.0	0.0	5.905
GATAC_DROME	40962	grn	5.877	32	1	2	1.0	0.0	5.877
K10_DROME	47781	fs(1)K10	5.791	39	1	1	1.0	0.0	5.791
PROF_DROME	33834	chic	5.71	47	1	1	1.0	0.0	5.71
Q59DZ0_DROME	34982	dac	5.674	51	1	0	1.0	0.0	5.674
EIGER_DROME	36054	egr	5.674	51	1	4	1.0	0.0	5.674
NEUR_DROME	41085	neur	5.674	51	1	0	1.0	0.0	5.674
DAT_DROME	36849	DAT	5.657	53	1	1	1.0	0.0	5.657
Q9VCN7_DROME	42752	orb	5.657	53	1	1	1.0	0.0	5.657
Q9VMT1_DROME	33753	tkv	5.603	60	1	2	1.0	0.0	5.603
WNT2_DROME	35975	Wnt2	5.49	78	1	3	1.0	0.0	5.49
LAMA_DROME	38723	LanA	5.468	82	1	4	1.0	0.0	5.468
L2GL_DROME	33156	l(2)gl	5.442	87	1	0	1.0	0.0	5.442
SQH_DROME	31554	sqh	5.422	91	1	1	1.0	0.0	5.422
SY65_DROME	33473	Syt1	5.394	97	1	0	1.0	0.0	5.394
O18335_DROME	42501	Rab11	5.372	102	1	0	1.0	0.0	5.372
AST4_DROME	30982	sc	5.356	106	1	0	1.0	0.0	5.356
EYA_DROME	33916	eya	5.339	110	1	1	1.0	0.0	5.339
Q0KHV6_DROME	31607	Pink1	5.336	111	1	1	1.0	0.0	5.336
WNTG_DROME	34009	wg	5.332	112	1	1	1.0	0.0	5.332
FGFR2_DROME	39564	btl	5.332	112	1	1	1.0	0.0	5.332
SNAI_DROME	34908	sna	5.292	123	1	1	1.0	0.0	5.292
Q9VX75_DROME	32703	baz	5.268	130	1	4	1.0	0.0	5.268
E2F1_DROME	42550	E2f1	5.232	141	1	0	1.0	0.0	5.232
YAP1_DROME	37851	yki	5.202	151	1	0	1.0	0.0	5.202
CCNB_DROME	37618	CycB	5.178	160	1	0	1.0	0.0	5.178
MYC_DROME	31310	dm	5.141	174	1	0	1.0	0.0	5.141
FMR1_DROME	37528	Fmr1	5.104	189	1	2	1.0	0.0	5.104
FOXO_DROME	41709	foxo	5.104	189	1	2	1.0	0.0	5.104
DLG1_DROME	32083	dlg1	5.092	195	1	0	1.0	0.0	5.092
CCNE_DROME	34924	CycE	4.973	255	1	0	1.0	0.0	4.973
TRX_DROME	41737	trx	4.94	277	1	0	1.0	0.0	4.94
SXL_DROME	3772180	Sxl	4.931	280	1	0	1.0	0.0	4.931
CADE_DROME	37386	shg	4.837	347	1	3	1.0	0.0	4.837
STAT_DROME	42428	Stat92E	4.837	347	1	1	1.0	0.0	4.837
ACT4_DROME	40444	Act79B	4.746	432	1	0	1.0	0.0	4.746
UBX_DROME	42034	Ubx	4.602	601	1	0	1.0	0.0	4.602
PC_DROME	40358	Pc	4.583	625	1	4	1.0	0.0	4.583
