Big_T	9559
Big_F	1558007
UniProtKB_ID	GeneID	Gene_Name	PPS	Big_P	T+P	Citation	1+Log(T+P)	log10((Cit/yr+1)/10)	1+log10(F/T)+log10(F/P)
DMD_MOUSE	13405	Dmd	25.825	1348	104	125	3.017	1.1	6.272
SMN_MOUSE	20595	Smn1	23.709	265	26	95	2.415	0.982	6.979
Q3UTR7_MOUSE	11606	Agt	23.358	2105	87	79	2.94	0.903	6.079
GRM7_MOUSE	108073	Grm7	22.022	150	18	61	2.255	0.792	7.226
AKT1_MOUSE	11651	Akt1	21.657	7425	75	109	2.875	1.041	5.53
CXA1_MOUSE	14609	Gja1	20.97	1240	37	56	2.568	0.756	6.309
CXA5_MOUSE	14613	Gja5	20.413	301	24	36	2.38	0.568	6.924
GATA4_MOUSE	14463	Gata4	19.901	725	19	57	2.279	0.763	6.542
CAV3_MOUSE	12391	Cav3	19.34	176	14	35	2.146	0.556	7.157
IGF1_MOUSE	16000	Igf1	18.85	4315	29	63	2.462	0.806	5.767
ANDR_MOUSE	11835	Ar	18.768	1195	29	31	2.462	0.505	6.324
APOE_MOUSE	11816	Apoe	18.73	6732	45	50	2.653	0.708	5.573
DESM_MOUSE	13346	Des	18.485	547	27	21	2.431	0.342	6.664
ACE_MOUSE	11421	Ace	18.106	767	30	19	2.477	0.301	6.517
F8VPZ1_MOUSE	433766	Trim63	17.904	298	12	31	2.079	0.505	6.928
GDF8_MOUSE	17700	Mstn	17.872	425	15	28	2.176	0.462	6.774
BGAL_MOUSE	12091	Glb1	17.646	1858	26	28	2.415	0.462	6.133
KIT_MOUSE	16590	Kit	17.553	2145	19	40	2.279	0.613	6.07
EDN1_MOUSE	13614	Edn1	17.285	1191	30	17	2.477	0.255	6.326
LMNA_MOUSE	16905	Lmna	17.209	277	11	26	2.041	0.431	6.96
CASP3_MOUSE	12367	Casp3	17.167	6954	24	50	2.38	0.708	5.56
PRGC1_MOUSE	19017	Ppargc1a	17.164	1569	11	52	2.041	0.724	6.206
ADRB1_MOUSE	11554	Adrb1	17.081	339	18	16	2.255	0.23	6.872
BCL2_MOUSE	12043	Bcl2	16.788	6235	13	75	2.114	0.881	5.606
SODC_MOUSE	20655	Sod1	16.634	2579	23	25	2.362	0.415	5.991
KCRM_MOUSE	12715	Ckm	16.259	191	16	11	2.204	0.079	7.121
DYSF_MOUSE	26903	Dysf	16.238	120	11	14	2.041	0.176	7.323
ACTA_MOUSE	11475	Acta2	16.211	1149	12	29	2.079	0.477	6.341
MYF5_MOUSE	17877	Myf5	16.134	391	13	17	2.114	0.255	6.81
TGFB1_MOUSE	21803	Tgfb1	16.095	11126	23	43	2.362	0.643	5.356
NOS1_MOUSE	18125	Nos1	16.026	2301	30	14	2.477	0.176	6.04
LYAG_MOUSE	14387	Gaa	16.005	97	9	15	1.954	0.204	7.415
F8VQL0_MOUSE	17295	Met	15.963	613	7	36	1.845	0.568	6.615
SIR1_MOUSE	93759	Sirt1	15.913	1503	4	89	1.602	0.954	6.225
MYH6_MOUSE	17888	Myh6	15.8	280	11	16	2.041	0.23	6.955
AT2A2_MOUSE	11938	Atp2a2	15.64	427	17	11	2.23	0.079	6.772
ACE2_MOUSE	70008	Ace2	15.602	326	8	22	1.903	0.362	6.889
AGTRA_MOUSE	11607	Agtr1a	15.597	723	22	10	2.342	0.041	6.543
RHOA_MOUSE	11848	Rhoa	15.416	1108	14	18	2.146	0.279	6.358
Q8VCD0_MOUSE	16542	Kdr	15.247	2425	9	37	1.954	0.58	6.017
GTR4_MOUSE	20528	Slc2a4	15.232	1182	15	16	2.176	0.23	6.329
EPO_MOUSE	13856	Epo	15.218	2755	21	16	2.322	0.23	5.962
SCN5A_MOUSE	20271	Scn5a	15.123	201	9	14	1.954	0.176	7.099
ADIPO_MOUSE	11450	Adipoq	15.105	1696	10	27	2.0	0.447	6.172
ISL1_MOUSE	16392	Isl1	15.055	331	7	21	1.845	0.342	6.882
ACES_MOUSE	11423	Ache	15.045	1637	27	0	2.431	0.0	6.188
ARBK1_MOUSE	110355	Grk2	14.981	264	10	13	2.0	0.146	6.98
AGRIN_MOUSE	11603	Agrn	14.966	160	12	9	2.079	0.0	7.198
Q3URE6_MOUSE	11551	Adra2a	14.922	168	10	11	2.0	0.079	7.177
CATA_MOUSE	12359	Cat	14.907	2500	16	18	2.204	0.279	6.004
BMP4_MOUSE	12159	Bmp4	14.897	1390	12	19	2.079	0.301	6.259
LAMA2_MOUSE	16773	Lama2	14.89	179	11	10	2.041	0.041	7.149
MK14_MOUSE	26416	Mapk14	14.813	6125	15	28	2.176	0.462	5.614
ELN_MOUSE	13717	Eln	14.689	725	11	15	2.041	0.204	6.542
CSN8_MOUSE	108679	Cops8	14.688	10	4	13	1.602	0.146	8.402
RYR2_MOUSE	20191	Ryr2	14.611	325	6	21	1.778	0.342	6.89
RENI2_MOUSE	19702	Ren2	14.57	248	12	3	2.079	0.0	7.008
OLR1_MOUSE	108078	Olr1	14.556	187	11	9	2.041	0.0	7.13
CNR1_MOUSE	12801	Cnr1	14.529	1737	12	18	2.079	0.279	6.162
TNNT2_MOUSE	21956	Tnnt2	14.525	206	8	13	1.903	0.146	7.088
CALCA_MOUSE	12310	Calca	14.45	824	13	12	2.114	0.114	6.486
DMPK_MOUSE	13400	Dmpk	14.408	107	9	2	1.954	0.0	7.373
PPARG_MOUSE	19016	Pparg	14.322	2224	8	28	1.903	0.462	6.055
DYST_MOUSE	13518	Dst	14.292	78	8	4	1.903	0.0	7.51
TAGL_MOUSE	21345	Tagln	14.232	253	9	11	1.954	0.079	6.999
IL6_MOUSE	16193	Il6	14.2	20477	22	27	2.342	0.447	5.09
BMR1A_MOUSE	12166	Bmpr1a	14.191	265	6	17	1.778	0.255	6.979
CY24B_MOUSE	13058	Cybb	14.191	953	9	17	1.954	0.255	6.423
NTF3_MOUSE	18205	Ntf3	14.097	541	13	5	2.114	0.0	6.669
Q8BUJ6_MOUSE	22138	Ttn	14.01	171	9	8	1.954	0.0	7.169
TBX3_MOUSE	21386	Tbx3	13.993	112	4	19	1.602	0.301	7.353
ACTB_MOUSE	11461	Actb	13.962	486	8	14	1.903	0.176	6.715
ATRAP_MOUSE	11610	Agtrap	13.935	400	8	13	1.903	0.146	6.8
MYOD1_MOUSE	17927	Myod1	13.932	999	15	6	2.176	0.0	6.402
LEP_MOUSE	16846	Lep	13.929	1864	11	16	2.041	0.23	6.131
PAX3_MOUSE	18505	Pax3	13.929	491	7	16	1.845	0.23	6.711
TLR4_MOUSE	21898	Tlr4	13.851	5694	4	70	1.602	0.851	5.646
NF2L2_MOUSE	18024	Nfe2l2	13.823	2480	8	24	1.903	0.398	6.007
S1PR1_MOUSE	13609	S1pr1	13.822	730	5	25	1.699	0.415	6.539
CSRP2_MOUSE	13008	Csrp2	13.801	19	5	1	1.699	0.0	8.123
GDNF_MOUSE	14573	Gdnf	13.796	1002	11	12	2.041	0.114	6.401
ACHA7_MOUSE	11441	Chrna7	13.749	1076	9	15	1.954	0.204	6.37
BMP2_MOUSE	12156	Bmp2	13.675	1806	12	13	2.079	0.146	6.145
ANPRA_MOUSE	18160	Npr1	13.648	204	6	13	1.778	0.146	7.092
AGTR2_MOUSE	11609	Agtr2	13.602	399	10	2	2.0	0.0	6.801
Q61636_MOUSE	22288	Utrn	13.579	284	9	6	1.954	0.0	6.949
Q8BQV2_MOUSE	12647	Chat	13.572	567	11	1	2.041	0.0	6.648
ANGP1_MOUSE	11600	Angpt1	13.513	504	8	12	1.903	0.114	6.7
FGF2_MOUSE	14173	Fgf2	13.496	2693	14	12	2.146	0.114	5.971
FKRP_MOUSE	243853	Fkrp	13.489	29	5	4	1.699	0.0	7.94
ANFB_MOUSE	18158	Nppb	13.465	325	9	7	1.954	0.0	6.89
A3KN90_MOUSE	110784	Nr3c2	13.462	213	8	6	1.903	0.0	7.074
MLRV_MOUSE	17906	Myl2	13.394	139	7	4	1.845	0.0	7.259
RYR1_MOUSE	20190	Ryr1	13.364	366	9	4	1.954	0.0	6.839
NOX4_MOUSE	50490	Nox4	13.243	526	3	31	1.477	0.505	6.681
SPY1_MOUSE	24063	Spry1	13.216	75	1	56	1.0	0.756	7.527
VEGFA_MOUSE	22339	Vegfa	13.148	8050	13	18	2.114	0.279	5.495
DAG1_MOUSE	13138	Dag1	13.147	102	6	1	1.778	0.0	7.393
NGF_MOUSE	18049	Ngf	13.146	1201	12	4	2.079	0.0	6.322
AA1R_MOUSE	11539	Adora1	13.144	313	8	6	1.903	0.0	6.906
LYOX_MOUSE	16948	Lox	13.114	611	6	15	1.778	0.204	6.616
KGP1_MOUSE	19091	Prkg1	13.068	113	5	11	1.699	0.079	7.349
VDR_MOUSE	22337	Vdr	13.063	950	6	17	1.778	0.255	6.424
Q8N7N6_MOUSE	103213	Traf3ip2	13.052	18	4	8	1.602	0.0	8.147
CCND1_MOUSE	12443	Ccnd1	13.004	2816	9	16	1.954	0.23	5.952
NOS3_MOUSE	18127	Nos3	13.0	1787	13	7	2.114	0.0	6.15
Q3UNV2_MOUSE	100066	Cyp2j11	12.999	4	3	2	1.477	0.0	8.8
P2RY1_MOUSE	18441	P2ry1	12.976	234	7	5	1.845	0.0	7.033
Q3TYJ1_MOUSE	20508	Slc18a3	12.959	130	6	4	1.778	0.0	7.288
PMP22_MOUSE	18858	Pmp22	12.949	242	7	3	1.845	0.0	7.018
ATX1_MOUSE	20238	Atxn1	12.919	876	5	19	1.699	0.301	6.459
TNNI3_MOUSE	21954	Tnni3	12.904	256	5	13	1.699	0.146	6.994
G5E899_MOUSE	18787	Serpine1	12.892	1221	11	3	2.041	0.0	6.315
ADA17_MOUSE	11491	Adam17	12.879	431	8	9	1.903	0.0	6.768
CAC1C_MOUSE	12288	Cacna1c	12.862	270	7	3	1.845	0.0	6.971
KCJ11_MOUSE	16514	Kcnj11	12.845	220	6	10	1.778	0.041	7.06
FHL1_MOUSE	14199	Fhl1	12.784	42	4	10	1.602	0.041	7.779
ALDH2_MOUSE	11669	Aldh2	12.771	166	5	11	1.699	0.079	7.182
NEUM_MOUSE	14432	Gap43	12.771	449	6	12	1.778	0.114	6.75
CD34_MOUSE	12490	Cd34	12.758	2326	13	9	2.114	0.0	6.035
CD4_MOUSE	12504	Cd4	12.714	22385	22	14	2.342	0.176	5.048
HIF1A_MOUSE	15251	Hif1a	12.714	2440	10	12	2.0	0.114	6.014
CASQ2_MOUSE	12373	Casq2	12.705	70	4	11	1.602	0.079	7.557
PAX7_MOUSE	18509	Pax7	12.696	332	7	8	1.845	0.0	6.881
CALR_MOUSE	12317	Calr	12.674	341	7	2	1.845	0.0	6.869
BDNF_MOUSE	12064	Bdnf	12.617	3528	13	10	2.114	0.041	5.854
UCHL1_MOUSE	22223	Uchl1	12.609	370	7	6	1.845	0.0	6.834
CAV1_MOUSE	12389	Cav1	12.569	627	8	4	1.903	0.0	6.605
CRYAB_MOUSE	12955	Cryab	12.557	219	6	9	1.778	0.0	7.062
MEF2C_MOUSE	17260	Mef2c	12.499	625	6	12	1.778	0.114	6.606
P2RX1_MOUSE	18436	P2rx1	12.492	112	5	6	1.699	0.0	7.353
NOS2_MOUSE	18126	Nos2	12.468	6491	17	6	2.23	0.0	5.59
ID2_MOUSE	15902	Id2	12.454	250	4	14	1.602	0.176	7.004
DYH8_MOUSE	13417	Dnah8	12.431	462	7	5	1.845	0.0	6.737
EMD_MOUSE	13726	Emd	12.399	46	4	8	1.602	0.0	7.739
IL15_MOUSE	16168	Il15	12.385	1202	7	12	1.845	0.114	6.322
PRIO_MOUSE	19122	Prnp	12.355	2238	10	10	2.0	0.041	6.052
CTNB1_MOUSE	12387	Ctnnb1	12.315	2035	5	20	1.699	0.322	6.093
JAG1_MOUSE	16449	Jag1	12.307	435	6	10	1.778	0.041	6.764
AHR_MOUSE	11622	Ahr	12.295	1582	8	11	1.903	0.079	6.203
NAC1_MOUSE	20541	Slc8a1	12.292	147	5	0	1.699	0.0	7.235
LY6A_MOUSE	110454	Ly6a	12.284	555	7	6	1.845	0.0	6.658
BAX_MOUSE	12028	Bax	12.274	3937	13	9	2.114	0.0	5.806
CAN1_MOUSE	12333	Capn1	12.267	152	5	2	1.699	0.0	7.22
IL1B_MOUSE	16176	Il1b	12.265	13155	14	14	2.146	0.176	5.281
DNS2A_MOUSE	13423	Dnase2	12.262	18	1	31	1.0	0.505	8.147
UCP1_MOUSE	22227	Ucp1	12.26	912	4	19	1.602	0.301	6.442
HSPB1_MOUSE	15507	Hspb1	12.223	599	7	3	1.845	0.0	6.625
MK_MOUSE	17242	Mdk	12.206	1433	9	2	1.954	0.0	6.246
A2ANQ2_MOUSE	11550	Adra1d	12.202	61	4	4	1.602	0.0	7.617
CLCN1_MOUSE	12723	Clcn1	12.202	61	4	3	1.602	0.0	7.617
CAC1A_MOUSE	12286	Cacna1a	12.175	359	6	4	1.778	0.0	6.847
SOMA_MOUSE	14599	Gh1	12.144	1540	9	7	1.954	0.0	6.214
CADH2_MOUSE	12558	Cdh2	12.118	683	7	8	1.845	0.0	6.568
TPM1_MOUSE	22003	Tpm1	12.118	186	5	4	1.699	0.0	7.133
TNF12_MOUSE	21944	Tnfsf12	12.097	161	3	15	1.477	0.204	7.195
CEBPA_MOUSE	12606	Cebpa	12.085	1222	2	40	1.301	0.613	6.315
ADRB2_MOUSE	11555	Adrb2	12.084	404	6	4	1.778	0.0	6.796
HMOX1_MOUSE	15368	Hmox1	12.08	2301	10	2	2.0	0.0	6.04
FGF1_MOUSE	14164	Fgf1	12.078	407	6	4	1.778	0.0	6.792
AAKG2_MOUSE	108099	Prkag2	12.07	17	3	6	1.477	0.0	8.172
CAN3_MOUSE	12335	Capn3	12.059	75	4	4	1.602	0.0	7.527
ADCY5_MOUSE	224129	Adcy5	12.014	80	4	6	1.602	0.0	7.499
INSR_MOUSE	16337	Insr	12.008	995	5	14	1.699	0.176	6.404
ESR1_MOUSE	13982	Esr1	11.974	2600	10	6	2.0	0.0	5.987
JUN_MOUSE	16476	Jun	11.939	4564	8	14	1.903	0.176	5.742
TPA_MOUSE	18791	Plat	11.928	494	6	3	1.778	0.0	6.708
HGF_MOUSE	15234	Hgf	11.914	1386	8	6	1.903	0.0	6.26
PPARA_MOUSE	19013	Ppara	11.903	3256	7	14	1.845	0.176	5.889
TIMP4_MOUSE	110595	Timp4	11.894	95	4	2	1.602	0.0	7.424
MUSK_MOUSE	18198	Musk	11.866	99	4	4	1.602	0.0	7.406
Q6DR98_MOUSE	211323	Nrg1	11.842	396	5	10	1.699	0.041	6.804
KCNJ2_MOUSE	16518	Kcnj2	11.767	114	4	2	1.602	0.0	7.345
CLN8_MOUSE	26889	Cln8	11.742	72	3	11	1.477	0.079	7.545
DTNA_MOUSE	13527	Dtna	11.685	31	3	0	1.477	0.0	7.911
CTF1_MOUSE	13019	Ctf1	11.671	131	4	3	1.602	0.0	7.285
ALEX_MOUSE	14683	Gnas	11.656	348	5	3	1.699	0.0	6.861
SODM_MOUSE	20656	Sod2	11.641	1238	5	13	1.699	0.146	6.309
SMAD2_MOUSE	17126	Smad2	11.639	1242	7	6	1.845	0.0	6.308
CTGF_MOUSE	14219	Ctgf	11.633	724	6	6	1.778	0.0	6.542
ADML_MOUSE	11535	Adm	11.615	142	4	0	1.602	0.0	7.25
FBX32_MOUSE	67731	Fbxo32	11.6	318	3	15	1.477	0.204	6.9
UBP14_MOUSE	59025	Usp14	11.572	37	3	7	1.477	0.0	7.834
MRP6_MOUSE	27421	Abcc6	11.547	96	3	11	1.477	0.079	7.42
TKN1_MOUSE	21333	Tac1	11.543	1539	6	11	1.778	0.079	6.215
CCR2_MOUSE	12772	Ccr2	11.521	1175	6	10	1.778	0.041	6.332
E9QPE7_MOUSE	17880	Myh11	11.514	164	4	7	1.602	0.0	7.187
IL17_MOUSE	16171	Il17a	11.493	5052	4	25	1.602	0.415	5.698
VGFR1_MOUSE	14254	Flt1	11.481	882	6	9	1.778	0.0	6.457
PLM_MOUSE	56188	Fxyd1	11.475	43	3	3	1.477	0.0	7.769
ANK2_MOUSE	109676	Ank2	11.475	43	3	4	1.477	0.0	7.769
PK3CG_MOUSE	30955	Pik3cg	11.469	175	4	8	1.602	0.0	7.159
COLI_MOUSE	18976	Pomc	11.465	2384	8	1	1.903	0.0	6.024
CAH1_MOUSE	12346	Ca1	11.411	3651	9	0	1.954	0.0	5.839
EGFR_MOUSE	13649	Egfr	11.406	3436	8	10	1.903	0.041	5.866
NPY_MOUSE	109648	Npy	11.372	1015	6	8	1.778	0.0	6.395
STIM1_MOUSE	20866	Stim1	11.359	205	4	7	1.602	0.0	7.09
MT1_MOUSE	17748	Mt1	11.334	1066	6	0	1.778	0.0	6.374
OSTP_MOUSE	20750	Spp1	11.308	1702	4	16	1.602	0.23	6.171
MLRS_MOUSE	17907	Mylpf	11.294	57	3	1	1.477	0.0	7.646
CHLE_MOUSE	12038	Bche	11.274	584	5	1	1.699	0.0	6.636
RENR_MOUSE	70495	Atp6ap2	11.267	96	3	10	1.477	0.041	7.42
M3K5_MOUSE	26408	Map3k5	11.252	239	4	5	1.602	0.0	7.024
ADCY6_MOUSE	11512	Adcy6	11.24	62	3	2	1.477	0.0	7.61
ANXA7_MOUSE	11750	Anxa7	11.23	63	3	1	1.477	0.0	7.603
WNT1_MOUSE	22408	Wnt1	11.186	658	5	7	1.699	0.0	6.584
IGF2_MOUSE	16002	Igf2	11.157	1340	6	1	1.778	0.0	6.275
FGF21_MOUSE	56636	Fgf21	11.156	493	2	22	1.301	0.362	6.709
NOTC3_MOUSE	18131	Notch3	11.145	279	4	9	1.602	0.0	6.956
KCNE1_MOUSE	16509	Kcne1	11.136	73	3	2	1.477	0.0	7.539
ICAM1_MOUSE	15894	Icam1	11.129	3579	8	5	1.903	0.0	5.848
HYES_MOUSE	13850	Ephx2	11.125	287	4	9	1.602	0.0	6.944
TNFA_MOUSE	21926	Tnf	11.124	32739	19	9	2.279	0.0	4.882
TRPC4_MOUSE	22066	Trpc4	11.101	77	3	6	1.477	0.0	7.516
B1AUF1_MOUSE	20481	Ski	11.085	79	3	2	1.477	0.0	7.504
CXA3_MOUSE	14611	Gja3	11.076	308	4	6	1.602	0.0	6.913
E2F4_MOUSE	104394	E2f4	11.069	81	3	0	1.477	0.0	7.494
AP2A2_MOUSE	11772	Ap2a2	11.057	8	2	0	1.301	0.0	8.499
CXCR4_MOUSE	12767	Cxcr4	11.037	1566	6	6	1.778	0.0	6.207
MESP1_MOUSE	17292	Mesp1	11.033	60	2	13	1.301	0.146	7.624
IL13_MOUSE	16163	Il13	11.014	3366	5	14	1.699	0.176	5.874
Q8CFT3_MOUSE	18053	Ngfr	11.008	837	5	2	1.699	0.0	6.479
ITPR1_MOUSE	16438	Itpr1	11.005	341	4	3	1.602	0.0	6.869
KCRB_MOUSE	12709	Ckb	10.994	91	3	0	1.477	0.0	7.443
DLL1_MOUSE	13388	Dll1	10.991	348	4	4	1.602	0.0	6.861
EGR3_MOUSE	13655	Egr3	10.987	92	3	4	1.477	0.0	7.438
EGR1_MOUSE	13653	Egr1	10.966	1027	4	12	1.602	0.114	6.391
Q62467_MOUSE	20272	Scn7a	10.931	10	2	0	1.301	0.0	8.402
VISL1_MOUSE	26950	Vsnl1	10.931	10	2	0	1.301	0.0	8.402
KCNK3_MOUSE	16527	Kcnk3	10.927	101	3	4	1.477	0.0	7.398
PLMN_MOUSE	18815	Plg	10.924	383	4	2	1.602	0.0	6.819
MYCD_MOUSE	214384	Myocd	10.918	72	2	13	1.301	0.146	7.545
CDK20_MOUSE	105278	Cdk20	10.91	391	4	7	1.602	0.0	6.81
MMP9_MOUSE	17395	Mmp9	10.908	4670	8	8	1.903	0.0	5.732
HBB1_MOUSE	15129	Hbb-b1	10.902	967	5	4	1.699	0.0	6.417
IFNG_MOUSE	15978	Ifng	10.9	21013	14	8	2.146	0.0	5.079
GSHR_MOUSE	14782	Gsr	10.899	970	5	4	1.699	0.0	6.415
MYH3_MOUSE	17883	Myh3	10.878	11	2	2	1.301	0.0	8.361
TADBP_MOUSE	230908	Tardbp	10.874	260	3	11	1.477	0.079	6.987
Q6P7T9_MOUSE	18018	Nfatc1	10.865	676	3	14	1.477	0.176	6.572
CDN1A_MOUSE	12575	Cdkn1a	10.861	3275	7	8	1.845	0.0	5.886
FINC_MOUSE	14268	Fn1	10.861	3274	7	2	1.845	0.0	5.886
FABP4_MOUSE	11770	Fabp4	10.86	420	4	1	1.602	0.0	6.779
APEL_MOUSE	30878	Apln	10.828	118	3	6	1.477	0.0	7.33
SIN1_MOUSE	227743	Mapkap1	10.796	124	3	0	1.477	0.0	7.309
ANGI_MOUSE	11727	Ang	10.794	462	4	5	1.602	0.0	6.737
C1QA_MOUSE	12259	C1qa	10.785	468	4	0	1.602	0.0	6.732
CODA1_MOUSE	12817	Col13a1	10.783	13	2	0	1.301	0.0	8.288
ARI5B_MOUSE	71371	Arid5b	10.783	13	2	0	1.301	0.0	8.288
GARS_MOUSE	353172	Gars	10.783	13	2	3	1.301	0.0	8.288
CATD_MOUSE	13033	Ctsd	10.772	477	4	0	1.602	0.0	6.724
KLF5_MOUSE	12224	Klf5	10.765	130	3	7	1.477	0.0	7.288
CD38_MOUSE	12494	Cd38	10.756	488	4	6	1.602	0.0	6.714
OXYR_MOUSE	18430	Oxtr	10.756	132	3	3	1.477	0.0	7.282
LAMA1_MOUSE	16772	Lama1	10.751	133	3	2	1.477	0.0	7.278
AASS_MOUSE	30956	Aass	10.732	137	3	0	1.477	0.0	7.265
RAC1_MOUSE	19353	Rac1	10.711	1252	5	5	1.699	0.0	6.304
E9Q6P9_MOUSE	58226	Cacna1h	10.695	145	3	1	1.477	0.0	7.241
HMOX2_MOUSE	15369	Hmox2	10.682	148	3	3	1.477	0.0	7.232
ANF_MOUSE	230899	Nppa	10.675	548	4	0	1.602	0.0	6.663
CXA4_MOUSE	14612	Gja4	10.661	153	3	0	1.477	0.0	7.217
THIO_MOUSE	22166	Txn	10.652	566	4	2	1.602	0.0	6.649
KCMA1_MOUSE	16531	Kcnma1	10.648	156	3	4	1.477	0.0	7.209
LOX5_MOUSE	11689	Alox5	10.638	578	4	3	1.602	0.0	6.64
BNIP3_MOUSE	12176	Bnip3	10.636	159	3	4	1.477	0.0	7.201
PDIA1_MOUSE	18453	P4hb	10.636	159	3	2	1.477	0.0	7.201
RAGE_MOUSE	11596	Ager	10.635	580	4	4	1.602	0.0	6.639
TLX2_MOUSE	21909	Tlx2	10.632	160	3	2	1.477	0.0	7.198
POPD1_MOUSE	23828	Bves	10.632	17	2	2	1.301	0.0	8.172
MBNL2_MOUSE	105559	Mbnl2	10.632	17	2	8	1.301	0.0	8.172
FOS_MOUSE	14281	Fos	10.625	4395	7	4	1.845	0.0	5.759
CAC1D_MOUSE	12289	Cacna1d	10.62	163	3	4	1.477	0.0	7.19
CALB1_MOUSE	12307	Calb1	10.6	610	4	4	1.602	0.0	6.617
COFA1_MOUSE	12819	Col15a1	10.599	18	2	0	1.301	0.0	8.147
NRAP_MOUSE	18175	Nrap	10.599	18	2	1	1.301	0.0	8.147
ACSL1_MOUSE	14081	Acsl1	10.598	1459	5	6	1.699	0.0	6.238
BMAL1_MOUSE	11865	Arntl	10.586	623	4	3	1.602	0.0	6.607
GTR1_MOUSE	20525	Slc2a1	10.582	626	4	3	1.602	0.0	6.605
CRCM1_MOUSE	109305	Orai1	10.575	175	3	4	1.477	0.0	7.159
RAF1_MOUSE	110157	Raf1	10.572	635	4	5	1.602	0.0	6.599
CNN1_MOUSE	12797	Cnn1	10.569	19	2	0	1.301	0.0	8.123
KCC2D_MOUSE	108058	Camk2d	10.567	177	3	4	1.477	0.0	7.154
HBEGF_MOUSE	15200	Hbegf	10.561	413	2	17	1.301	0.255	6.786
MMP2_MOUSE	17390	Mmp2	10.558	2911	6	3	1.778	0.0	5.938
TRPC1_MOUSE	22063	Trpc1	10.55	182	3	6	1.477	0.0	7.142
CGL_MOUSE	107869	Cth	10.543	184	3	9	1.477	0.0	7.137
CHIN_MOUSE	108699	Chn1	10.54	20	2	1	1.301	0.0	8.101
PPIF_MOUSE	105675	Ppif	10.539	185	3	2	1.477	0.0	7.135
XDH_MOUSE	22436	Xdh	10.528	677	4	1	1.602	0.0	6.571
CXG1_MOUSE	14615	Gjc1	10.519	191	3	4	1.477	0.0	7.121
MYOG_MOUSE	17928	Myog	10.501	704	4	3	1.602	0.0	6.554
MYH7_MOUSE	140781	Myh7	10.486	201	3	2	1.477	0.0	7.099
LIPL_MOUSE	16956	Lpl	10.479	726	4	0	1.602	0.0	6.541
KCNA1_MOUSE	16485	Kcna1	10.458	210	3	3	1.477	0.0	7.08
A0A0B4J1E3_MOUSE	20589	Ighmbp2	10.455	211	3	4	1.477	0.0	7.078
NF1_MOUSE	18015	Nf1	10.44	768	4	9	1.602	0.0	6.517
CDN1C_MOUSE	12577	Cdkn1c	10.431	219	3	4	1.477	0.0	7.062
CNTN1_MOUSE	12805	Cntn1	10.414	25	2	0	1.301	0.0	8.004
TNNT1_MOUSE	21955	Tnnt1	10.414	25	2	1	1.301	0.0	8.004
VIP_MOUSE	22353	Vip	10.405	807	4	2	1.602	0.0	6.495
UROK_MOUSE	18792	Plau	10.4	814	4	2	1.602	0.0	6.491
RGMA_MOUSE	244058	Rgma	10.391	26	2	4	1.301	0.0	7.987
PITX2_MOUSE	18741	Pitx2	10.386	235	3	6	1.477	0.0	7.031
NCAM1_MOUSE	17967	Ncam1	10.38	837	4	2	1.602	0.0	6.479
E9PYV8_MOUSE	101401	Adamts9	10.37	27	2	6	1.301	0.0	7.971
ATF2_MOUSE	11909	Atf2	10.367	242	3	2	1.477	0.0	7.018
KCC2B_MOUSE	12323	Camk2b	10.362	244	3	4	1.477	0.0	7.015
CAH2_MOUSE	12349	Ca2	10.358	864	4	6	1.602	0.0	6.466
UCHL3_MOUSE	50933	Uchl3	10.35	28	2	1	1.301	0.0	7.955
ANO1_MOUSE	101772	Ano1	10.327	127	2	12	1.301	0.114	7.298
DOPO_MOUSE	13166	Dbh	10.321	260	3	1	1.477	0.0	6.987
PROX1_MOUSE	19130	Prox1	10.316	262	3	4	1.477	0.0	6.984
CISY_MOUSE	12974	Cs	10.301	268	3	7	1.477	0.0	6.974
CSF1_MOUSE	12977	Csf1	10.298	2189	5	3	1.699	0.0	6.061
CREB1_MOUSE	12912	Creb1	10.292	2207	5	1	1.699	0.0	6.058
MKL1_MOUSE	223701	Mkl1	10.286	89	2	11	1.301	0.079	7.453
ECM1_MOUSE	13601	Ecm1	10.285	275	3	1	1.477	0.0	6.963
GATA6_MOUSE	14465	Gata6	10.282	276	3	4	1.477	0.0	6.961
DUS1_MOUSE	19252	Dusp1	10.269	282	3	3	1.477	0.0	6.952
MK01_MOUSE	26413	Mapk1	10.267	9098	7	10	1.845	0.041	5.443
TEAD1_MOUSE	21676	Tead1	10.257	33	2	1	1.301	0.0	7.884
TRI72_MOUSE	434246	Trim72	10.257	33	2	0	1.301	0.0	7.884
M3K7_MOUSE	26409	Map3k7	10.255	288	3	5	1.477	0.0	6.943
CX3C1_MOUSE	13051	Cx3cr1	10.249	581	1	34	1.0	0.544	6.638
NMDZ1_MOUSE	14810	Grin1	10.245	1472	4	10	1.602	0.041	6.234
GAMT_MOUSE	14431	Gamt	10.24	34	2	1	1.301	0.0	7.871
TNNI1_MOUSE	21952	Tnni1	10.24	34	2	0	1.301	0.0	7.871
ERBB2_MOUSE	13866	Erbb2	10.229	2405	5	4	1.699	0.0	6.02
KCRU_MOUSE	12716	Ckmt1	10.224	35	2	1	1.301	0.0	7.858
DSG2_MOUSE	13511	Dsg2	10.224	35	2	6	1.301	0.0	7.858
IRS1_MOUSE	16367	Irs1	10.213	1064	4	6	1.602	0.0	6.375
OAZ1_MOUSE	18245	Oaz1	10.208	36	2	0	1.301	0.0	7.846
BKRB2_MOUSE	12062	Bdkrb2	10.206	311	3	3	1.477	0.0	6.909
LAMB2_MOUSE	16779	Lamb2	10.177	38	2	1	1.301	0.0	7.822
EGR2_MOUSE	13654	Egr2	10.17	329	3	3	1.477	0.0	6.885
E9PUR6_MOUSE	14815	Nr3c1	10.17	1133	4	2	1.602	0.0	6.348
KAD1_MOUSE	11636	Ak1	10.162	39	2	2	1.301	0.0	7.811
CCM2_MOUSE	216527	Ccm2	10.162	39	2	3	1.301	0.0	7.811
A4_MOUSE	11820	App	10.147	2687	5	0	1.699	0.0	5.972
THRB_MOUSE	14061	F2	10.142	1178	4	5	1.602	0.0	6.331
KPCE_MOUSE	18754	Prkce	10.136	347	3	2	1.477	0.0	6.862
VTNC_MOUSE	22370	Vtn	10.134	348	3	0	1.477	0.0	6.861
ACTC_MOUSE	11464	Actc1	10.107	43	2	0	1.301	0.0	7.769
Q91Y82_MOUSE	19144	Klk6	10.107	43	2	0	1.301	0.0	7.769
SRF_MOUSE	20807	Srf	10.105	364	3	4	1.477	0.0	6.841
Q80Z68_MOUSE	171207	Arhgap4	10.094	44	2	0	1.301	0.0	7.759
NOTC1_MOUSE	18128	Notch1	10.086	1278	4	7	1.602	0.0	6.296
EDNRA_MOUSE	13617	Ednra	10.082	377	3	1	1.477	0.0	6.826
EZH2_MOUSE	14056	Ezh2	10.077	380	3	2	1.477	0.0	6.822
GLUC_MOUSE	14526	Gcg	10.075	1174	3	12	1.477	0.114	6.332
MC4R_MOUSE	17202	Mc4r	10.064	388	3	0	1.477	0.0	6.813
GFPT1_MOUSE	14583	Gfpt1	10.057	47	2	2	1.301	0.0	7.73
CP21A_MOUSE	13079	Cyp21	10.045	1354	4	0	1.602	0.0	6.27
ENAH_MOUSE	13800	Enah	10.045	48	2	0	1.301	0.0	7.721
PAR1_MOUSE	14062	F2r	10.044	400	3	4	1.477	0.0	6.8
HXA13_MOUSE	15398	Hoxa13	10.033	49	2	5	1.301	0.0	7.712
TRXR2_MOUSE	26462	Txnrd2	10.033	49	2	8	1.301	0.0	7.712
TF_MOUSE	14066	F3	10.029	410	3	1	1.477	0.0	6.789
Q810E8_MOUSE	66826	Taz	10.025	86	2	10	1.301	0.041	7.468
SGCD_MOUSE	24052	Sgcd	10.022	50	2	1	1.301	0.0	7.703
CNTF_MOUSE	12803	Cntf	10.021	415	3	1	1.477	0.0	6.784
DCHS_MOUSE	15186	Hdc	10.012	421	3	1	1.477	0.0	6.778
ASGR1_MOUSE	11889	Asgr1	10.011	51	2	0	1.301	0.0	7.695
EPAS1_MOUSE	13819	Epas1	9.998	430	3	0	1.477	0.0	6.769
TNR1A_MOUSE	21937	Tnfrsf1a	9.982	1483	4	5	1.602	0.0	6.231
NR4A1_MOUSE	15370	Nr4a1	9.979	443	3	2	1.477	0.0	6.756
GHR_MOUSE	14600	Ghr	9.978	444	3	4	1.477	0.0	6.755
LIF_MOUSE	16878	Lif	9.973	1501	4	0	1.602	0.0	6.225
G6PI_MOUSE	14751	Gpi	9.965	453	3	2	1.477	0.0	6.746
PDE3B_MOUSE	18576	Pde3b	9.958	56	2	3	1.301	0.0	7.654
KCNH2_MOUSE	16511	Kcnh2	9.948	57	2	0	1.301	0.0	7.646
TBX18_MOUSE	76365	Tbx18	9.938	58	2	3	1.301	0.0	7.639
Q199A7_MOUSE	22431	Wt1	9.934	475	3	6	1.477	0.0	6.725
RAPSN_MOUSE	19400	Rapsn	9.928	59	2	0	1.301	0.0	7.631
NKX25_MOUSE	18091	Nkx2-5	9.921	485	3	9	1.477	0.0	6.716
PGFRA_MOUSE	18595	Pdgfra	9.909	494	3	2	1.477	0.0	6.708
IL23A_MOUSE	83430	Il23a	9.909	1648	4	5	1.602	0.0	6.185
HMGB1_MOUSE	15289	Hmgb1	9.901	1667	4	7	1.602	0.0	6.18
E9QPX8_MOUSE	12292	Cacna1s	9.9	62	2	1	1.301	0.0	7.61
GRK5_MOUSE	14773	Grk5	9.882	64	2	2	1.301	0.0	7.596
G3P_MOUSE	14433	Gapdh	9.881	516	3	0	1.477	0.0	6.689
LRP1_MOUSE	16971	Lrp1	9.876	520	3	8	1.477	0.0	6.686
DDAH2_MOUSE	51793	Ddah2	9.874	65	2	5	1.301	0.0	7.589
RECK_MOUSE	53614	Reck	9.874	65	2	5	1.301	0.0	7.589
TENA_MOUSE	21923	Tnc	9.864	530	3	0	1.477	0.0	6.678
PRAX_MOUSE	19153	Prx	9.848	68	2	1	1.301	0.0	7.57
CSF3_MOUSE	12985	Csf3	9.845	1807	4	1	1.602	0.0	6.145
ILRL1_MOUSE	17082	Il1rl1	9.838	552	2	14	1.301	0.176	6.66
A2RSX2_MOUSE	15285	Mnx1	9.832	70	2	2	1.301	0.0	7.557
BGLR_MOUSE	110006	Gusb	9.832	557	3	1	1.477	0.0	6.656
CAD15_MOUSE	12555	Cdh15	9.816	72	2	8	1.301	0.0	7.545
P2RY6_MOUSE	233571	P2ry6	9.8	74	2	3	1.301	0.0	7.533
IKBB_MOUSE	18036	Nfkbib	9.797	588	3	3	1.477	0.0	6.633
PTEN_MOUSE	19211	Pten	9.793	1946	4	9	1.602	0.0	6.113
Q921K2_MOUSE	11545	Parp1	9.778	1989	4	2	1.602	0.0	6.103
G3X9Q1_MOUSE	16404	Itga7	9.778	77	2	3	1.301	0.0	7.516
SMAD4_MOUSE	17128	Smad4	9.77	613	3	8	1.477	0.0	6.615
RARA_MOUSE	19401	Rara	9.753	630	3	1	1.477	0.0	6.603
ETV1_MOUSE	14009	Etv1	9.736	83	2	1	1.301	0.0	7.483
KS6B2_MOUSE	58988	Rps6kb2	9.734	31	1	16	1.0	0.23	7.911
SIM1_MOUSE	20464	Sim1	9.729	84	2	2	1.301	0.0	7.478
FETUA_MOUSE	11625	Ahsg	9.716	86	2	2	1.301	0.0	7.468
CD166_MOUSE	11658	Alcam	9.703	88	2	0	1.301	0.0	7.458
NEDD4_MOUSE	17999	Nedd4	9.696	89	2	2	1.301	0.0	7.453
HPRT_MOUSE	15452	Hprt1	9.694	691	3	0	1.477	0.0	6.562
RGS4_MOUSE	19736	Rgs4	9.69	90	2	5	1.301	0.0	7.448
GFAP_MOUSE	14580	Gfap	9.669	2323	4	1	1.602	0.0	6.036
E9Q604_MOUSE	16409	Itgam	9.664	5159	5	3	1.699	0.0	5.688
CAD11_MOUSE	12552	Cdh11	9.659	95	2	0	1.301	0.0	7.424
FGF5_MOUSE	14176	Fgf5	9.653	96	2	0	1.301	0.0	7.42
CNR2_MOUSE	12802	Cnr2	9.649	741	3	1	1.477	0.0	6.532
MYO5A_MOUSE	17918	Myo5a	9.642	98	2	2	1.301	0.0	7.411
TERA_MOUSE	269523	Vcp	9.642	98	2	4	1.301	0.0	7.411
MMP3_MOUSE	17392	Mmp3	9.64	751	3	0	1.477	0.0	6.526
TCP4_MOUSE	20024	Sub1	9.634	168	1	21	1.0	0.342	7.177
ARGI1_MOUSE	11846	Arg1	9.633	759	3	0	1.477	0.0	6.522
MIF_MOUSE	17319	Mif	9.632	761	3	0	1.477	0.0	6.521
PECA1_MOUSE	18613	Pecam1	9.628	2466	4	6	1.602	0.0	6.01
ASIC3_MOUSE	171209	Asic3	9.625	101	2	0	1.301	0.0	7.398
EFNB1_MOUSE	13641	Efnb1	9.614	103	2	0	1.301	0.0	7.389
NECD_MOUSE	17984	Ndn	9.608	104	2	1	1.301	0.0	7.385
AT2A3_MOUSE	53313	Atp2a3	9.608	104	2	0	1.301	0.0	7.385
NR4A3_MOUSE	18124	Nr4a3	9.603	105	2	2	1.301	0.0	7.381
E9Q284_MOUSE	12812	Coil	9.597	106	2	0	1.301	0.0	7.377
MK03_MOUSE	26417	Mapk3	9.589	5725	5	0	1.699	0.0	5.644
PROP1_MOUSE	19127	Prop1	9.582	109	2	1	1.301	0.0	7.365
SARCO_MOUSE	66402	Sln	9.566	112	2	3	1.301	0.0	7.353
TGFR2_MOUSE	21813	Tgfbr2	9.552	448	2	12	1.301	0.114	6.751
ISG15_MOUSE	100038882	Isg15	9.551	115	2	3	1.301	0.0	7.341
FRDA_MOUSE	14297	Fxn	9.542	117	2	7	1.301	0.0	7.334
LHX1_MOUSE	16869	Lhx1	9.537	118	2	3	1.301	0.0	7.33
GHRL_MOUSE	58991	Ghrl	9.535	885	3	2	1.477	0.0	6.455
B2RY58_MOUSE	330953	Hcn4	9.532	119	2	0	1.301	0.0	7.327
EFNA5_MOUSE	13640	Efna5	9.527	120	2	0	1.301	0.0	7.323
ETV4_MOUSE	18612	Etv4	9.518	122	2	1	1.301	0.0	7.316
P85A_MOUSE	18708	Pik3r1	9.517	2892	4	3	1.602	0.0	5.94
ACVR1_MOUSE	11477	Acvr1	9.504	125	2	5	1.301	0.0	7.305
CO6A1_MOUSE	12833	Col6a1	9.502	68	1	17	1.0	0.255	7.57
CXAR_MOUSE	13052	Cxadr	9.5	126	2	3	1.301	0.0	7.302
EPB42_MOUSE	13828	Epb42	9.486	129	2	0	1.301	0.0	7.291
HCN1_MOUSE	15165	Hcn1	9.486	129	2	4	1.301	0.0	7.291
GBRG1_MOUSE	14405	Gabrg1	9.472	976	3	2	1.477	0.0	6.413
DNAS1_MOUSE	13419	Dnase1	9.468	982	3	2	1.477	0.0	6.41
CP1A1_MOUSE	13076	Cyp1a1	9.466	985	3	1	1.477	0.0	6.408
PPLA_MOUSE	18821	Pln	9.461	135	2	0	1.301	0.0	7.272
GLP2R_MOUSE	93896	Glp2r	9.448	138	2	0	1.301	0.0	7.262
KCND2_MOUSE	16508	Kcnd2	9.44	140	2	4	1.301	0.0	7.256
MYF6_MOUSE	17878	Myf6	9.436	141	2	0	1.301	0.0	7.253
CFTR_MOUSE	12638	Cftr	9.427	1047	3	4	1.477	0.0	6.382
CRF_MOUSE	12918	Crh	9.425	1050	3	6	1.477	0.0	6.381
B1AWN6_MOUSE	110876	Scn2a	9.416	146	2	2	1.301	0.0	7.238
KISSR_MOUSE	114229	Kiss1r	9.416	146	2	0	1.301	0.0	7.238
SCN8A_MOUSE	20273	Scn8a	9.413	147	2	3	1.301	0.0	7.235
CD36_MOUSE	12491	Cd36	9.411	1074	3	1	1.477	0.0	6.371
GNAI2_MOUSE	14678	Gnai2	9.405	149	2	1	1.301	0.0	7.229
ST6B1_MOUSE	73671	Sult6b1	9.402	1	1	0	1.0	0.0	9.402
IGFN1_MOUSE	226438	Igfn1	9.402	1	1	0	1.0	0.0	9.402
TR143_MOUSE	387514	Tas2r143	9.402	1	1	1	1.0	0.0	9.402
CD59A_MOUSE	12509	Cd59a	9.386	154	2	1	1.301	0.0	7.215
SRBP1_MOUSE	20787	Srebf1	9.384	1119	3	6	1.477	0.0	6.353
KPCT_MOUSE	18761	Prkcq	9.375	157	2	2	1.301	0.0	7.206
MK07_MOUSE	23939	Mapk7	9.372	158	2	3	1.301	0.0	7.203
FKB1A_MOUSE	14225	Fkbp1a	9.368	159	2	1	1.301	0.0	7.201
GNAQ_MOUSE	14682	Gnaq	9.365	160	2	1	1.301	0.0	7.198
RPGF3_MOUSE	223864	Rapgef3	9.365	160	2	3	1.301	0.0	7.198
NOD1_MOUSE	107607	Nod1	9.361	161	2	1	1.301	0.0	7.195
TRPV1_MOUSE	193034	Trpv1	9.355	1172	3	2	1.477	0.0	6.333
JAK2_MOUSE	16452	Jak2	9.345	1190	3	1	1.477	0.0	6.326
CBS_MOUSE	12411	Cbs	9.344	166	2	4	1.301	0.0	7.182
C2TA_MOUSE	12265	Ciita	9.341	167	2	1	1.301	0.0	7.179
BCAR1_MOUSE	12927	Bcar1	9.337	168	2	0	1.301	0.0	7.177
P2RY2_MOUSE	18442	P2ry2	9.334	169	2	1	1.301	0.0	7.174
CASR_MOUSE	12374	Casr	9.33	170	2	3	1.301	0.0	7.172
HBB2_MOUSE	15130	Hbb-b2	9.319	1238	3	1	1.477	0.0	6.309
TSPO_MOUSE	12257	Tspo	9.314	175	2	1	1.301	0.0	7.159
ANXA5_MOUSE	11747	Anxa5	9.313	1250	3	4	1.477	0.0	6.305
ACM1_MOUSE	12669	Chrm1	9.308	177	2	0	1.301	0.0	7.154
KCNN4_MOUSE	16534	Kcnn4	9.308	177	2	1	1.301	0.0	7.154
ANXA2_MOUSE	12306	Anxa2	9.304	178	2	0	1.301	0.0	7.152
CRFR2_MOUSE	12922	Crhr2	9.295	181	2	1	1.301	0.0	7.144
CR1L_MOUSE	12946	Cr1l	9.289	183	2	3	1.301	0.0	7.14
VEGFD_MOUSE	14205	Vegfd	9.286	184	2	2	1.301	0.0	7.137
RAG1_MOUSE	19373	Rag1	9.281	1314	3	5	1.477	0.0	6.283
THA_MOUSE	21833	Thra	9.271	189	2	2	1.301	0.0	7.126
MAPK2_MOUSE	17164	Mapkapk2	9.268	190	2	1	1.301	0.0	7.123
NFKB1_MOUSE	18033	Nfkb1	9.267	4138	4	6	1.602	0.0	5.785
CXD2_MOUSE	14617	Gjd2	9.259	193	2	1	1.301	0.0	7.116
GFRA1_MOUSE	14585	Gfra1	9.25	196	2	1	1.301	0.0	7.11
EPHA4_MOUSE	13838	Epha4	9.247	197	2	2	1.301	0.0	7.108
CASP8_MOUSE	12370	Casp8	9.24	1401	3	3	1.477	0.0	6.256
DYHC1_MOUSE	13424	Dync1h1	9.239	200	2	0	1.301	0.0	7.101
NFL_MOUSE	18039	Nefl	9.236	201	2	1	1.301	0.0	7.099
G5E884_MOUSE	18479	Pak1	9.233	202	2	2	1.301	0.0	7.097
TNR6_MOUSE	14102	Fas	9.223	1438	3	1	1.477	0.0	6.244
AGRE1_MOUSE	13733	Adgre1	9.216	1455	3	9	1.477	0.0	6.239
APAF_MOUSE	11783	Apaf1	9.193	217	2	1	1.301	0.0	7.066
TLR9_MOUSE	81897	Tlr9	9.187	1521	3	2	1.477	0.0	6.22
S10A1_MOUSE	20193	S100a1	9.185	220	2	0	1.301	0.0	7.06
HPT_MOUSE	15439	Hp	9.182	221	2	1	1.301	0.0	7.058
NRF1_MOUSE	18181	Nrf1	9.182	221	2	3	1.301	0.0	7.058
VMAT2_MOUSE	214084	Slc18a2	9.18	222	2	4	1.301	0.0	7.056
DLX5_MOUSE	13395	Dlx5	9.175	224	2	2	1.301	0.0	7.052
LOX15_MOUSE	11687	Alox15	9.162	229	2	2	1.301	0.0	7.042
LYVE1_MOUSE	114332	Lyve1	9.155	232	2	1	1.301	0.0	7.037
PTAFR_MOUSE	19204	Ptafr	9.131	242	2	2	1.301	0.0	7.018
ENTP1_MOUSE	12495	Entpd1	9.126	244	2	2	1.301	0.0	7.015
SL9A1_MOUSE	20544	Slc9a1	9.126	244	2	2	1.301	0.0	7.015
MT3_MOUSE	17751	Mt3	9.108	252	2	0	1.301	0.0	7.001
EFNB2_MOUSE	13642	Efnb2	9.104	254	2	6	1.301	0.0	6.997
TBL2_MOUSE	27368	Tbl2	9.101	2	1	0	1.0	0.0	9.101
SK2L2_MOUSE	72198	Skiv2l2	9.101	2	1	0	1.0	0.0	9.101
DEFB6_MOUSE	116746	Defb6	9.101	2	1	0	1.0	0.0	9.101
FBX40_MOUSE	207215	Fbxo40	9.101	2	1	0	1.0	0.0	9.101
FXL16_MOUSE	214931	Fbxl16	9.101	2	1	0	1.0	0.0	9.101
RN165_MOUSE	225743	Rnf165	9.101	2	1	1	1.0	0.0	9.101
NCOA1_MOUSE	17977	Ncoa1	9.093	259	2	0	1.301	0.0	6.989
SOX10_MOUSE	20665	Sox10	9.093	259	2	3	1.301	0.0	6.989
ERBB3_MOUSE	13867	Erbb3	9.09	260	2	1	1.301	0.0	6.987
NET1_MOUSE	18208	Ntn1	9.084	263	2	2	1.301	0.0	6.982
NTRK3_MOUSE	18213	Ntrk3	9.084	263	2	3	1.301	0.0	6.982
IBP5_MOUSE	16011	Igfbp5	9.065	272	2	1	1.301	0.0	6.967
CPT1B_MOUSE	12895	Cpt1b	9.061	274	2	2	1.301	0.0	6.964
ATP9A_MOUSE	11981	Atp9a	9.055	277	2	2	1.301	0.0	6.96
ATF3_MOUSE	11910	Atf3	9.04	284	2	3	1.301	0.0	6.949
SPHK1_MOUSE	20698	Sphk1	9.04	284	2	5	1.301	0.0	6.949
CN37_MOUSE	12799	Cnp	9.033	288	2	0	1.301	0.0	6.943
VINC_MOUSE	22330	Vcl	9.029	290	2	7	1.301	0.0	6.94
C5AR1_MOUSE	12273	C5ar1	9.023	293	2	0	1.301	0.0	6.935
FAK1_MOUSE	14083	Ptk2	9.023	1963	3	4	1.477	0.0	6.109
MPRI_MOUSE	16004	Igf2r	9.023	293	2	2	1.301	0.0	6.935
XIAP_MOUSE	11798	Xiap	9.011	299	2	0	1.301	0.0	6.926
LEG1_MOUSE	16852	Lgals1	9.006	302	2	0	1.301	0.0	6.922
CD5R1_MOUSE	12569	Cdk5r1	9.004	303	2	1	1.301	0.0	6.921
UCP3_MOUSE	22229	Ucp3	8.978	317	2	2	1.301	0.0	6.901
VATE1_MOUSE	11973	Atp6v1e1	8.959	328	2	0	1.301	0.0	6.886
Q80SY9_MOUSE	257632	Nod2	8.954	331	2	0	1.301	0.0	6.882
FAAH1_MOUSE	14073	Faah	8.949	334	2	5	1.301	0.0	6.878
MYD88_MOUSE	17874	Myd88	8.946	2214	3	8	1.477	0.0	6.056
EAA1_MOUSE	20512	Slc1a3	8.94	339	2	0	1.301	0.0	6.872
INS1_MOUSE	16333	Ins1	8.932	344	2	0	1.301	0.0	6.866
HSF1_MOUSE	15499	Hsf1	8.927	347	2	2	1.301	0.0	6.862
Q9JI43_MOUSE	57737	Rhox4b	8.925	3	1	0	1.0	0.0	8.925
AGRL4_MOUSE	170757	Adgrl4	8.925	3	1	0	1.0	0.0	8.925
PRDM6_MOUSE	225518	Prdm6	8.925	3	1	0	1.0	0.0	8.925
E9PWH2_MOUSE	239319	Card6	8.925	3	1	1	1.0	0.0	8.925
S38A6_MOUSE	625098	Slc38a6	8.925	3	1	2	1.0	0.0	8.925
O35852_MOUSE	18610	Pdyn	8.919	352	2	0	1.301	0.0	6.856
CATL1_MOUSE	13039	Ctsl	8.908	359	2	3	1.301	0.0	6.847
ZN185_MOUSE	22673	Znf185	8.9	364	2	0	1.301	0.0	6.841
HXK4_MOUSE	103988	Gck	8.891	370	2	0	1.301	0.0	6.834
AKT2_MOUSE	11652	Akt2	8.885	374	2	2	1.301	0.0	6.829
DNM3A_MOUSE	13435	Dnmt3a	8.877	379	2	5	1.301	0.0	6.823
CACB3_MOUSE	12297	Cacnb3	8.873	382	2	1	1.301	0.0	6.82
FGF4_MOUSE	14175	Fgf4	8.873	382	2	1	1.301	0.0	6.82
STK11_MOUSE	20869	Stk11	8.873	382	2	2	1.301	0.0	6.82
ATG5_MOUSE	11793	Atg5	8.847	400	2	2	1.301	0.0	6.8
TRPA1_MOUSE	277328	Trpa1	8.841	404	2	6	1.301	0.0	6.796
KPCD_MOUSE	18753	Prkcd	8.839	406	2	1	1.301	0.0	6.794
ROCK2_MOUSE	19878	Rock2	8.839	406	2	1	1.301	0.0	6.794
PI2R_MOUSE	19222	Ptgir	8.829	413	2	2	1.301	0.0	6.786
CLOCK_MOUSE	12753	Clock	8.813	425	2	1	1.301	0.0	6.774
HAND2_MOUSE	15111	Hand2	8.807	8010	4	3	1.602	0.0	5.497
CX6A1_MOUSE	12861	Cox6a1	8.8	4	1	0	1.0	0.0	8.8
NRP1_MOUSE	18186	Nrp1	8.8	435	2	0	1.301	0.0	6.764
ABCA5_MOUSE	217265	Abca5	8.8	4	1	0	1.0	0.0	8.8
S3TC2_MOUSE	225608	Sh3tc2	8.8	4	1	2	1.0	0.0	8.8
PER1_MOUSE	18626	Per1	8.795	563	1	20	1.0	0.322	6.652
GPX1_MOUSE	14775	Gpx1	8.766	462	2	2	1.301	0.0	6.737
AA2AR_MOUSE	11540	Adora2a	8.762	465	2	2	1.301	0.0	6.735
CRP_MOUSE	12944	Crp	8.761	466	2	1	1.301	0.0	6.734
SHC1_MOUSE	20416	Shc1	8.748	477	2	2	1.301	0.0	6.724
PPARD_MOUSE	19015	Ppard	8.735	488	2	0	1.301	0.0	6.714
MSX1_MOUSE	17701	Msx1	8.717	503	2	2	1.301	0.0	6.7
MUC1_MOUSE	17829	Muc1	8.713	507	2	0	1.301	0.0	6.697
SC6A4_MOUSE	15567	Slc6a4	8.708	511	2	5	1.301	0.0	6.694
FOXD4_MOUSE	14237	Foxd4	8.703	5	1	0	1.0	0.0	8.703
OREX_MOUSE	15171	Hcrt	8.703	516	2	6	1.301	0.0	6.689
RIDA_MOUSE	15473	Rida	8.703	5	1	0	1.0	0.0	8.703
MATR3_MOUSE	17184	Matr3	8.703	5	1	0	1.0	0.0	8.703
Q8BVQ9_MOUSE	19181	Psmc2	8.703	5	1	0	1.0	0.0	8.703
DDX20_MOUSE	53975	Ddx20	8.703	5	1	1	1.0	0.0	8.703
BCLF1_MOUSE	72567	Bclaf1	8.703	5	1	2	1.0	0.0	8.703
Q8VCA4_MOUSE	106648	Cyp4f15	8.703	5	1	0	1.0	0.0	8.703
LAT4_MOUSE	215113	Slc43a2	8.703	5	1	2	1.0	0.0	8.703
EPG5_MOUSE	100502841	Epg5	8.703	5	1	4	1.0	0.0	8.703
CO3_MOUSE	12266	C3	8.702	517	2	0	1.301	0.0	6.689
AQP4_MOUSE	11829	Aqp4	8.673	544	2	3	1.301	0.0	6.666
CDK5_MOUSE	12568	Cdk5	8.661	556	2	2	1.301	0.0	6.657
GLP1R_MOUSE	14652	Glp1r	8.651	566	2	5	1.301	0.0	6.649
NUP62_MOUSE	18226	Nup62	8.646	571	2	2	1.301	0.0	6.645
LEPR_MOUSE	16847	Lepr	8.637	580	2	1	1.301	0.0	6.639
IL6RB_MOUSE	16195	Il6st	8.635	582	2	4	1.301	0.0	6.637
MK08_MOUSE	26419	Mapk8	8.634	3601	3	4	1.477	0.0	5.845
CD2_MOUSE	12481	Cd2	8.632	585	2	0	1.301	0.0	6.635
CATB_MOUSE	13030	Ctsb	8.629	588	2	1	1.301	0.0	6.633
ATPG_MOUSE	11949	Atp5c1	8.624	6	1	0	1.0	0.0	8.624
CAN6_MOUSE	12338	Capn6	8.624	6	1	1	1.0	0.0	8.624
MSGN1_MOUSE	56184	Msgn1	8.624	6	1	3	1.0	0.0	8.624
SNW1_MOUSE	66354	Snw1	8.624	6	1	0	1.0	0.0	8.624
CRTC3_MOUSE	70461	Crtc3	8.624	6	1	2	1.0	0.0	8.624
TPPC9_MOUSE	76510	Trappc9	8.624	6	1	0	1.0	0.0	8.624
POMT2_MOUSE	217734	Pomt2	8.624	6	1	0	1.0	0.0	8.624
SVIL_MOUSE	225115	Svil	8.624	6	1	1	1.0	0.0	8.624
E9PZP8_MOUSE	235439	Herc1	8.624	6	1	1	1.0	0.0	8.624
CBPA6_MOUSE	329093	Cpa6	8.624	6	1	0	1.0	0.0	8.624
Q924X4_MOUSE	19227	Pthlh	8.616	602	2	0	1.301	0.0	6.622
PGH2_MOUSE	19225	Ptgs2	8.611	3735	3	5	1.477	0.0	5.83
CCR7_MOUSE	12775	Ccr7	8.589	632	2	0	1.301	0.0	6.601
THY1_MOUSE	21838	Thy1	8.584	3894	3	5	1.477	0.0	5.812
PGFRB_MOUSE	18596	Pdgfrb	8.58	641	2	9	1.301	0.0	6.595
CCKN_MOUSE	12424	Cck	8.579	643	2	1	1.301	0.0	6.594
E9PVP1_MOUSE	11630	Crybg1	8.557	7	1	2	1.0	0.0	8.557
COJA1_MOUSE	12823	Col19a1	8.557	7	1	0	1.0	0.0	8.557
SYHC_MOUSE	15115	Hars	8.557	7	1	3	1.0	0.0	8.557
ARI2_MOUSE	23807	Arih2	8.557	7	1	1	1.0	0.0	8.557
MTND_MOUSE	104923	Adi1	8.557	7	1	0	1.0	0.0	8.557
SRCA_MOUSE	106393	Srl	8.557	7	1	0	1.0	0.0	8.557
NTCP4_MOUSE	231290	Slc10a4	8.557	7	1	0	1.0	0.0	8.557
PPM1K_MOUSE	243382	Ppm1k	8.557	7	1	1	1.0	0.0	8.557
MED13_MOUSE	327987	Med13	8.557	7	1	5	1.0	0.0	8.557
NALCN_MOUSE	338370	Nalcn	8.557	7	1	1	1.0	0.0	8.557
CDC42_MOUSE	12540	Cdc42	8.555	670	2	4	1.301	0.0	6.576
CSRP1_MOUSE	13007	Csrp1	8.499	8	1	0	1.0	0.0	8.499
LRRN1_MOUSE	16979	Lrrn1	8.499	8	1	0	1.0	0.0	8.499
Q8CFZ6_MOUSE	21922	Clec3b	8.499	8	1	0	1.0	0.0	8.499
D3YVM9_MOUSE	56788	Scube2	8.499	8	1	0	1.0	0.0	8.499
GAN_MOUSE	209239	Gan	8.499	8	1	1	1.0	0.0	8.499
RB_MOUSE	19645	Rb1	8.474	774	2	5	1.301	0.0	6.513
CD3E_MOUSE	12501	Cd3e	8.471	4649	3	2	1.477	0.0	5.735
KPCA_MOUSE	18750	Prkca	8.453	803	2	1	1.301	0.0	6.497
IL10_MOUSE	16153	Il10	8.449	13394	4	4	1.602	0.0	5.274
UB2E1_MOUSE	22194	Ube2e1	8.448	9	1	0	1.0	0.0	8.448
Q3TBV4_MOUSE	52150	Kcnk6	8.448	9	1	1	1.0	0.0	8.448
CK5P2_MOUSE	214444	Cdk5rap2	8.448	9	1	0	1.0	0.0	8.448
APOB_MOUSE	238055	Apob	8.43	836	2	0	1.301	0.0	6.48
MP2K1_MOUSE	26395	Map2k1	8.414	861	2	9	1.301	0.0	6.467
BOC_MOUSE	117606	Boc	8.402	10	1	0	1.0	0.0	8.402
TNI3K_MOUSE	435766	Tnni3k	8.402	10	1	0	1.0	0.0	8.402
FOXO1_MOUSE	56458	Foxo1	8.392	894	2	6	1.301	0.0	6.451
PA21B_MOUSE	18778	Pla2g1b	8.386	905	2	0	1.301	0.0	6.445
F8VQK4_MOUSE	11449	Chrng	8.361	11	1	0	1.0	0.0	8.361
AMPD3_MOUSE	11717	Ampd3	8.361	11	1	0	1.0	0.0	8.361
SPEG_MOUSE	11790	Speg	8.361	11	1	3	1.0	0.0	8.361
ABCE1_MOUSE	24015	Abce1	8.361	11	1	1	1.0	0.0	8.361
ZNF24_MOUSE	59057	Znf24	8.361	11	1	0	1.0	0.0	8.361
AGRG6_MOUSE	215798	Adgrg6	8.361	11	1	1	1.0	0.0	8.361
PTH2_MOUSE	217057	Ptrh2	8.361	11	1	1	1.0	0.0	8.361
AGRF5_MOUSE	224792	Adgrf5	8.361	11	1	1	1.0	0.0	8.361
ANO5_MOUSE	233246	Ano5	8.361	11	1	2	1.0	0.0	8.361
GRP78_MOUSE	14828	Hspa5	8.359	948	2	0	1.301	0.0	6.425
IGF1R_MOUSE	16001	Igf1r	8.356	954	2	3	1.301	0.0	6.423
CD14_MOUSE	12475	Cd14	8.347	969	2	1	1.301	0.0	6.416
COX1_MOUSE	17708	Mtco1	8.345	972	2	2	1.301	0.0	6.414
TIE2_MOUSE	21687	Tek	8.342	977	2	0	1.301	0.0	6.412
GPM6B_MOUSE	14758	Gpm6b	8.323	12	1	3	1.0	0.0	8.323
ANKR2_MOUSE	56642	Ankrd2	8.323	12	1	0	1.0	0.0	8.323
M3K10_MOUSE	269881	Map3k10	8.323	12	1	0	1.0	0.0	8.323
CP2J6_MOUSE	13110	Cyp2j6	8.288	13	1	0	1.0	0.0	8.288
ECEL1_MOUSE	13599	Ecel1	8.288	13	1	1	1.0	0.0	8.288
P4HA1_MOUSE	18451	P4ha1	8.288	13	1	0	1.0	0.0	8.288
PRS4_MOUSE	19179	Psmc1	8.288	13	1	5	1.0	0.0	8.288
VRK1_MOUSE	22367	Vrk1	8.288	13	1	1	1.0	0.0	8.288
MYOTI_MOUSE	58916	Myot	8.288	13	1	0	1.0	0.0	8.288
LARP6_MOUSE	67557	Larp6	8.288	13	1	0	1.0	0.0	8.288
ATOH8_MOUSE	71093	Atoh8	8.288	13	1	0	1.0	0.0	8.288
PLCE1_MOUSE	74055	Plce1	8.288	13	1	3	1.0	0.0	8.288
ECE2_MOUSE	107522	Ece2	8.288	13	1	0	1.0	0.0	8.288
LRC10_MOUSE	237560	Lrrc10	8.288	13	1	1	1.0	0.0	8.288
SCO2_MOUSE	100126824	Sco2	8.288	13	1	0	1.0	0.0	8.288
APOA1_MOUSE	11806	Apoa1	8.285	1081	2	5	1.301	0.0	6.368
5HT1A_MOUSE	15550	Htr1a	8.283	1085	2	0	1.301	0.0	6.366
CAZA1_MOUSE	12340	Capza1	8.256	14	1	4	1.0	0.0	8.256
CO5A2_MOUSE	12832	Col5a2	8.256	14	1	0	1.0	0.0	8.256
GBRA4_MOUSE	14397	Gabra4	8.256	14	1	2	1.0	0.0	8.256
SIT1_MOUSE	54390	Sit1	8.256	14	1	0	1.0	0.0	8.256
KIRR3_MOUSE	67703	Kirrel3	8.256	14	1	0	1.0	0.0	8.256
OXR1_MOUSE	170719	Oxr1	8.256	14	1	2	1.0	0.0	8.256
MYOF_MOUSE	226101	Myof	8.256	14	1	1	1.0	0.0	8.256
KAD2_MOUSE	11637	Ak2	8.226	15	1	0	1.0	0.0	8.226
SLK_MOUSE	20874	Slk	8.226	15	1	0	1.0	0.0	8.226
E9QQ93_MOUSE	22437	Xirp1	8.226	15	1	0	1.0	0.0	8.226
CAR10_MOUSE	105844	Card10	8.226	15	1	2	1.0	0.0	8.226
ACTH_MOUSE	11468	Actg2	8.198	16	1	0	1.0	0.0	8.198
P2RX6_MOUSE	18440	P2rx6	8.198	16	1	0	1.0	0.0	8.198
SEM4C_MOUSE	20353	Sema4c	8.198	16	1	0	1.0	0.0	8.198
TELT_MOUSE	21393	Tcap	8.198	16	1	3	1.0	0.0	8.198
CEAM2_MOUSE	26367	Ceacam2	8.198	16	1	1	1.0	0.0	8.198
UFM1_MOUSE	67890	Ufm1	8.198	16	1	5	1.0	0.0	8.198
MYCB2_MOUSE	105689	Mycbp2	8.198	16	1	3	1.0	0.0	8.198
RINI_MOUSE	107702	Rnh1	8.198	16	1	0	1.0	0.0	8.198
MFN2_MOUSE	170731	Mfn2	8.188	181	1	13	1.0	0.146	7.144
HA1B_MOUSE	14972	H2-K1	8.186	1287	2	5	1.301	0.0	6.292
LDB3_MOUSE	24131	Ldb3	8.172	17	1	0	1.0	0.0	8.172
SIL1_MOUSE	81500	Sil1	8.172	17	1	0	1.0	0.0	8.172
G3X8Y1_MOUSE	381485	Trim55	8.172	17	1	2	1.0	0.0	8.172
ARF_MOUSE	12578	Cdkn2a	8.171	1323	2	0	1.301	0.0	6.28
KI67_MOUSE	17345	Mki67	8.166	1336	2	3	1.301	0.0	6.276
BARX2_MOUSE	12023	Barx2	8.147	18	1	1	1.0	0.0	8.147
SELW_MOUSE	20364	Selenow	8.147	18	1	0	1.0	0.0	8.147
DUS10_MOUSE	63953	Dusp10	8.147	18	1	2	1.0	0.0	8.147
ZNT5_MOUSE	69048	Slc30a5	8.147	18	1	2	1.0	0.0	8.147
RND3_MOUSE	74194	Rnd3	8.147	18	1	2	1.0	0.0	8.147
SPRE1_MOUSE	114715	Spred1	8.147	18	1	0	1.0	0.0	8.147
PHF12_MOUSE	268448	Phf12	8.147	18	1	1	1.0	0.0	8.147
ZN703_MOUSE	353310	Znf703	8.147	18	1	0	1.0	0.0	8.147
TFEB_MOUSE	21425	Tfeb	8.142	72	1	11	1.0	0.079	7.545
SHH_MOUSE	20423	Shh	8.137	1406	2	7	1.301	0.0	6.254
TRFE_MOUSE	22041	Tf	8.127	1430	2	0	1.301	0.0	6.247
MDM2_MOUSE	17246	Mdm2	8.124	1436	2	2	1.301	0.0	6.245
FGF12_MOUSE	14167	Fgf12	8.123	19	1	1	1.0	0.0	8.123
RIC8A_MOUSE	101489	Ric8a	8.123	19	1	0	1.0	0.0	8.123
E9Q3P4_MOUSE	108000	Cenpf	8.123	19	1	0	1.0	0.0	8.123
CRUM3_MOUSE	224912	Crb3	8.123	19	1	5	1.0	0.0	8.123
CXL10_MOUSE	15945	Cxcl10	8.107	1482	2	0	1.301	0.0	6.231
EPHB6_MOUSE	13848	Ephb6	8.101	20	1	1	1.0	0.0	8.101
NPRL3_MOUSE	17168	Nprl3	8.101	20	1	1	1.0	0.0	8.101
SIA4B_MOUSE	20444	St3gal2	8.101	20	1	0	1.0	0.0	8.101
CSTF2_MOUSE	108062	Cstf2	8.101	20	1	0	1.0	0.0	8.101
FGRL1_MOUSE	116701	Fgfrl1	8.101	20	1	0	1.0	0.0	8.101
CDN1B_MOUSE	12576	Cdkn1b	8.096	1510	2	1	1.301	0.0	6.223
ALBU_MOUSE	11657	Alb	8.093	1519	2	3	1.301	0.0	6.22
NOCT_MOUSE	12457	Noct	8.08	21	1	7	1.0	0.0	8.08
CIDEB_MOUSE	12684	Cideb	8.08	21	1	0	1.0	0.0	8.08
HCN3_MOUSE	15168	Hcn3	8.08	21	1	0	1.0	0.0	8.08
UBP4_MOUSE	22258	Usp4	8.08	21	1	0	1.0	0.0	8.08
GATM_MOUSE	67092	Gatm	8.08	21	1	0	1.0	0.0	8.08
CAP2_MOUSE	67252	Cap2	8.08	21	1	2	1.0	0.0	8.08
NPNT_MOUSE	114249	Npnt	8.08	21	1	0	1.0	0.0	8.08
KALRN_MOUSE	545156	Kalrn	8.08	21	1	3	1.0	0.0	8.08
HS71B_MOUSE	15511	Hspa1b	8.076	1565	2	0	1.301	0.0	6.207
SMAD3_MOUSE	17127	Smad3	8.071	1579	2	5	1.301	0.0	6.203
Q8CFQ1_MOUSE	20846	Stat1	8.071	1578	2	0	1.301	0.0	6.204
AEBP1_MOUSE	11568	Aebp1	8.06	22	1	0	1.0	0.0	8.06
ARTN_MOUSE	11876	Artn	8.06	22	1	4	1.0	0.0	8.06
GSC_MOUSE	14836	Gsc	8.06	22	1	0	1.0	0.0	8.06
ATP6_MOUSE	17705	Mtatp6	8.06	22	1	3	1.0	0.0	8.06
NF2L1_MOUSE	18023	Nfe2l1	8.06	22	1	2	1.0	0.0	8.06
TRI32_MOUSE	69807	Trim32	8.06	22	1	3	1.0	0.0	8.06
FKTN_MOUSE	246179	Fktn	8.06	22	1	0	1.0	0.0	8.06
OSTC2_MOUSE	12097	Bglap2	8.044	1655	2	0	1.301	0.0	6.183
SMYD1_MOUSE	12180	Smyd1	8.04	23	1	1	1.0	0.0	8.04
SEM4A_MOUSE	20351	Sema4a	8.04	23	1	1	1.0	0.0	8.04
UCP5_MOUSE	20523	Slc25a14	8.04	23	1	1	1.0	0.0	8.04
HAX1_MOUSE	23897	Hax1	8.04	23	1	2	1.0	0.0	8.04
MCAF1_MOUSE	54343	Atf7ip	8.04	23	1	1	1.0	0.0	8.04
GDC_MOUSE	73132	Slc25a16	8.04	23	1	0	1.0	0.0	8.04
EGF_MOUSE	13645	Egf	8.035	1682	2	0	1.301	0.0	6.176
Q0P538_MOUSE	12046	Bcl2a1c	8.022	24	1	2	1.0	0.0	8.022
Q6P0A6_MOUSE	18526	Pcdh10	8.022	24	1	1	1.0	0.0	8.022
CDON_MOUSE	57810	Cdon	8.022	24	1	2	1.0	0.0	8.022
ATOX1_MOUSE	11927	Atox1	8.004	25	1	0	1.0	0.0	8.004
ITM2A_MOUSE	16431	Itm2a	8.004	25	1	0	1.0	0.0	8.004
UBE4B_MOUSE	63958	Ube4b	8.004	25	1	1	1.0	0.0	8.004
SCF_MOUSE	17311	Kitlg	7.988	1829	2	4	1.301	0.0	6.139
SGCE_MOUSE	20392	Sgce	7.987	26	1	0	1.0	0.0	7.987
COLQ_MOUSE	382864	Colq	7.987	26	1	1	1.0	0.0	7.987
ACTN3_MOUSE	11474	Actn3	7.971	27	1	2	1.0	0.0	7.971
ATE1_MOUSE	11907	Ate1	7.971	27	1	1	1.0	0.0	7.971
MAPK5_MOUSE	17165	Mapkapk5	7.971	27	1	0	1.0	0.0	7.971
E9Q1W3_MOUSE	17996	Neb	7.971	27	1	3	1.0	0.0	7.971
GP143_MOUSE	18241	Gpr143	7.971	27	1	0	1.0	0.0	7.971
NREP_MOUSE	27528	Nrep	7.971	27	1	0	1.0	0.0	7.971
PABP2_MOUSE	54196	Pabpn1	7.971	27	1	0	1.0	0.0	7.971
CRIP2_MOUSE	68337	Crip2	7.971	27	1	0	1.0	0.0	7.971
RTN1_MOUSE	104001	Rtn1	7.971	27	1	0	1.0	0.0	7.971
AGO1_MOUSE	236511	Ago1	7.971	27	1	5	1.0	0.0	7.971
ACV1C_MOUSE	269275	Acvr1c	7.971	27	1	0	1.0	0.0	7.971
E9PXN7_MOUSE	394430	Ugt1a10	7.971	27	1	0	1.0	0.0	7.971
SCNAA_MOUSE	20264	Scn10a	7.958	181	1	12	1.0	0.114	7.144
GNAI1_MOUSE	14677	Gnai1	7.955	28	1	1	1.0	0.0	7.955
FOXQ1_MOUSE	15220	Foxq1	7.955	28	1	0	1.0	0.0	7.955
5HT1D_MOUSE	15552	Htr1d	7.955	28	1	0	1.0	0.0	7.955
KCJ12_MOUSE	16515	Kcnj12	7.955	28	1	0	1.0	0.0	7.955
CNMD_MOUSE	16840	Cnmd	7.955	28	1	0	1.0	0.0	7.955
BAMBI_MOUSE	68010	Bambi	7.955	28	1	1	1.0	0.0	7.955
TP8L2_MOUSE	69769	Tnfaip8l2	7.955	28	1	1	1.0	0.0	7.955
TPR_MOUSE	108989	Tpr	7.955	28	1	0	1.0	0.0	7.955
DHPR_MOUSE	110391	Qdpr	7.955	28	1	0	1.0	0.0	7.955
DPP9_MOUSE	224897	Dpp9	7.955	28	1	1	1.0	0.0	7.955
MKL2_MOUSE	239719	Mkl2	7.955	28	1	4	1.0	0.0	7.955
GSTM2_MOUSE	14863	Gstm2	7.94	29	1	0	1.0	0.0	7.94
TMOD1_MOUSE	21916	Tmod1	7.94	29	1	1	1.0	0.0	7.94
UBA1_MOUSE	22201	Uba1	7.94	29	1	9	1.0	0.0	7.94
SGCB_MOUSE	24051	Sgcb	7.94	29	1	0	1.0	0.0	7.94
TLX3_MOUSE	27140	Tlx3	7.94	29	1	1	1.0	0.0	7.94
AKAP1_MOUSE	11640	Akap1	7.925	30	1	0	1.0	0.0	7.925
C1QB_MOUSE	12260	C1qb	7.925	30	1	0	1.0	0.0	7.925
RGS6_MOUSE	50779	Rgs6	7.925	30	1	1	1.0	0.0	7.925
PMGT1_MOUSE	68273	Pomgnt1	7.925	30	1	0	1.0	0.0	7.925
MOT10_MOUSE	72472	Slc16a10	7.925	30	1	1	1.0	0.0	7.925
ITA9_MOUSE	104099	Itga9	7.925	30	1	0	1.0	0.0	7.925
S12A6_MOUSE	107723	Slc12a6	7.925	30	1	1	1.0	0.0	7.925
MBP_MOUSE	17196	Mbp	7.923	2052	2	0	1.301	0.0	6.09
KCNJ5_MOUSE	16521	Kcnj5	7.911	31	1	2	1.0	0.0	7.911
SCN1B_MOUSE	20266	Scn1b	7.911	31	1	1	1.0	0.0	7.911
Q3UYI1_MOUSE	94045	P2rx5	7.911	31	1	0	1.0	0.0	7.911
Q61888_MOUSE	114600	MP4	7.911	31	1	5	1.0	0.0	7.911
HSPB6_MOUSE	243912	Hspb6	7.911	31	1	2	1.0	0.0	7.911
A1JVI8_MOUSE	664783	Dux	7.911	31	1	0	1.0	0.0	7.911
DOK2_MOUSE	13449	Dok2	7.897	32	1	2	1.0	0.0	7.897
HBBZ_MOUSE	15132	Hbb-bh1	7.897	32	1	0	1.0	0.0	7.897
TREX1_MOUSE	22040	Trex1	7.897	32	1	6	1.0	0.0	7.897
RFOX1_MOUSE	268859	Rbfox1	7.897	32	1	9	1.0	0.0	7.897
PSME1_MOUSE	19186	Psme1	7.884	33	1	3	1.0	0.0	7.884
SIX5_MOUSE	20475	Six5	7.884	33	1	0	1.0	0.0	7.884
TBA1A_MOUSE	22142	Tuba1a	7.884	33	1	0	1.0	0.0	7.884
CORIN_MOUSE	53419	Corin	7.884	33	1	1	1.0	0.0	7.884
SOCS6_MOUSE	54607	Socs6	7.884	33	1	1	1.0	0.0	7.884
BL1S4_MOUSE	117197	Bloc1s4	7.884	33	1	0	1.0	0.0	7.884
MPDZ_MOUSE	17475	Mpdz	7.871	34	1	0	1.0	0.0	7.871
Q9D566_MOUSE	20860	Sult1e1	7.871	34	1	0	1.0	0.0	7.871
SIA4C_MOUSE	20443	St3gal4	7.858	35	1	1	1.0	0.0	7.858
JIP3_MOUSE	30957	Mapk8ip3	7.858	35	1	0	1.0	0.0	7.858
A0A140LIW8_MOUSE	16504	Kcnc3	7.846	36	1	0	1.0	0.0	7.846
TSP4_MOUSE	21828	Thbs4	7.846	36	1	3	1.0	0.0	7.846
UBE2B_MOUSE	22210	Ube2b	7.846	36	1	0	1.0	0.0	7.846
STAM2_MOUSE	56324	Stam2	7.846	36	1	0	1.0	0.0	7.846
GT2D1_MOUSE	57080	Gtf2ird1	7.846	36	1	1	1.0	0.0	7.846
ACTS_MOUSE	11459	Acta1	7.834	37	1	0	1.0	0.0	7.834
CHKA_MOUSE	12660	Chka	7.834	37	1	8	1.0	0.0	7.834
CD80_MOUSE	12519	Cd80	7.828	2425	2	0	1.301	0.0	6.017
GSK3B_MOUSE	56637	Gsk3b	7.827	2430	2	2	1.301	0.0	6.016
ACADS_MOUSE	11409	Acads	7.822	38	1	0	1.0	0.0	7.822
HUTH_MOUSE	15109	Hal	7.822	38	1	0	1.0	0.0	7.822
DNLI1_MOUSE	16881	Lig1	7.822	38	1	7	1.0	0.0	7.822
MTM1_MOUSE	17772	Mtm1	7.822	38	1	0	1.0	0.0	7.822
TNF11_MOUSE	21943	Tnfsf11	7.822	2450	2	3	1.301	0.0	6.012
TBX20_MOUSE	57246	Tbx20	7.822	38	1	2	1.0	0.0	7.822
HXD10_MOUSE	15430	Hoxd10	7.811	39	1	0	1.0	0.0	7.811
LAMA4_MOUSE	16775	Lama4	7.811	39	1	1	1.0	0.0	7.811
RL32_MOUSE	19951	Rpl32	7.811	39	1	0	1.0	0.0	7.811
SEM3E_MOUSE	20349	Sema3e	7.811	39	1	7	1.0	0.0	7.811
KKCC1_MOUSE	55984	Camkk1	7.811	39	1	0	1.0	0.0	7.811
TF65_MOUSE	19697	Rela	7.806	2523	2	8	1.301	0.0	6.0
BNI3L_MOUSE	12177	Bnip3l	7.8	40	1	2	1.0	0.0	7.8
DHB4_MOUSE	15488	Hsd17b4	7.8	40	1	0	1.0	0.0	7.8
LBX1_MOUSE	16814	Lbx1	7.8	40	1	0	1.0	0.0	7.8
M3K4_MOUSE	26407	Map3k4	7.8	40	1	0	1.0	0.0	7.8
LDLR_MOUSE	16835	Ldlr	7.793	2583	2	0	1.301	0.0	5.99
ADT2_MOUSE	11740	Slc25a5	7.789	41	1	0	1.0	0.0	7.789
CAVN1_MOUSE	19285	Cavin1	7.789	41	1	1	1.0	0.0	7.789
TSSK1_MOUSE	22114	Tssk1b	7.789	41	1	0	1.0	0.0	7.789
ZNT1_MOUSE	22782	Slc30a1	7.789	41	1	0	1.0	0.0	7.789
MP2K5_MOUSE	23938	Map2k5	7.789	41	1	2	1.0	0.0	7.789
S38A5_MOUSE	209837	Slc38a5	7.789	41	1	1	1.0	0.0	7.789
KLK8_MOUSE	259277	Klk8	7.789	41	1	0	1.0	0.0	7.789
NECT2_MOUSE	19294	Nectin2	7.779	42	1	1	1.0	0.0	7.779
PEX5_MOUSE	19305	Pex5	7.779	42	1	0	1.0	0.0	7.779
TLN1_MOUSE	21894	Tln1	7.779	42	1	3	1.0	0.0	7.779
CSKP_MOUSE	12361	Cask	7.769	43	1	0	1.0	0.0	7.769
MAP4_MOUSE	17758	Map4	7.769	43	1	0	1.0	0.0	7.769
TEAD4_MOUSE	21679	Tead4	7.769	43	1	1	1.0	0.0	7.769
HINT1_MOUSE	15254	Hint1	7.759	44	1	1	1.0	0.0	7.759
NDUS4_MOUSE	17993	Ndufs4	7.759	44	1	1	1.0	0.0	7.759
BAG3_MOUSE	29810	Bag3	7.759	44	1	0	1.0	0.0	7.759
AAPK2_MOUSE	108079	Prkaa2	7.756	90	1	10	1.0	0.041	7.448
GUC2A_MOUSE	14915	Guca2a	7.749	45	1	0	1.0	0.0	7.749
PERM_MOUSE	17523	Mpo	7.749	2792	2	1	1.301	0.0	5.956
SIM2_MOUSE	20465	Sim2	7.749	45	1	1	1.0	0.0	7.749
JPH2_MOUSE	59091	Jph2	7.749	45	1	4	1.0	0.0	7.749
B1B1A8_MOUSE	107589	Mylk	7.749	45	1	0	1.0	0.0	7.749
IL2_MOUSE	16183	Il2	7.744	14336	3	0	1.477	0.0	5.243
IL4_MOUSE	16189	Il4	7.744	14353	3	2	1.477	0.0	5.243
CASQ1_MOUSE	12372	Casq1	7.739	46	1	3	1.0	0.0	7.739
FOLR1_MOUSE	14275	Folr1	7.739	46	1	0	1.0	0.0	7.739
MLRA_MOUSE	17898	Myl7	7.739	46	1	1	1.0	0.0	7.739
RGS5_MOUSE	19737	Rgs5	7.739	46	1	2	1.0	0.0	7.739
SELB_MOUSE	65967	Eefsec	7.739	46	1	0	1.0	0.0	7.739
CES1D_MOUSE	104158	Ces1d	7.739	46	1	0	1.0	0.0	7.739
PK2L1_MOUSE	329064	Pkd2l1	7.739	46	1	2	1.0	0.0	7.739
DHH_MOUSE	13363	Dhh	7.73	47	1	0	1.0	0.0	7.73
GATA5_MOUSE	14464	Gata5	7.73	47	1	0	1.0	0.0	7.73
Q9CZ19_MOUSE	17896	Myl4	7.73	47	1	0	1.0	0.0	7.73
DERM_MOUSE	56429	Dpt	7.73	47	1	2	1.0	0.0	7.73
AT2B1_MOUSE	67972	Atp2b1	7.73	47	1	2	1.0	0.0	7.73
GALP_MOUSE	232836	Galp	7.73	47	1	0	1.0	0.0	7.73
AT2B4_MOUSE	381290	Atp2b4	7.73	47	1	0	1.0	0.0	7.73
HIPK2_MOUSE	15258	Hipk2	7.721	48	1	0	1.0	0.0	7.721
NDP_MOUSE	17986	Ndp	7.721	48	1	0	1.0	0.0	7.721
SCN4A_MOUSE	110880	Scn4a	7.721	48	1	1	1.0	0.0	7.721
PMGT2_MOUSE	215494	Pomgnt2	7.721	48	1	1	1.0	0.0	7.721
AL5AP_MOUSE	11690	Alox5ap	7.712	49	1	0	1.0	0.0	7.712
CNTFR_MOUSE	12804	Cntfr	7.712	49	1	0	1.0	0.0	7.712
FSCN1_MOUSE	14086	Fscn1	7.712	49	1	1	1.0	0.0	7.712
MEOX2_MOUSE	17286	Meox2	7.712	49	1	3	1.0	0.0	7.712
SIX4_MOUSE	20474	Six4	7.712	49	1	1	1.0	0.0	7.712
MAGL2_MOUSE	27385	Magel2	7.712	49	1	1	1.0	0.0	7.712
CARM1_MOUSE	59035	Carm1	7.712	49	1	5	1.0	0.0	7.712
Q9WUD0_MOUSE	13088	Cyp2b10	7.702	713	1	14	1.0	0.176	6.549
AT2A1_MOUSE	11937	Atp2a1	7.695	51	1	0	1.0	0.0	7.695
EPHA1_MOUSE	13835	Epha1	7.695	51	1	1	1.0	0.0	7.695
COX2_MOUSE	17709	Mtco2	7.695	3069	2	3	1.301	0.0	5.915
SHOX2_MOUSE	20429	Shox2	7.695	51	1	4	1.0	0.0	7.695
TNR5_MOUSE	21939	Cd40	7.695	3067	2	3	1.301	0.0	5.915
E9Q2T3_MOUSE	81877	Tnxb	7.695	51	1	0	1.0	0.0	7.695
DEFB1_MOUSE	13214	Defb1	7.686	52	1	2	1.0	0.0	7.686
JARD2_MOUSE	16468	Jarid2	7.686	52	1	2	1.0	0.0	7.686
KCNA4_MOUSE	16492	Kcna4	7.686	52	1	1	1.0	0.0	7.686
FOLH1_MOUSE	53320	Folh1	7.686	52	1	1	1.0	0.0	7.686
RXFP2_MOUSE	140498	Rxfp2	7.686	52	1	0	1.0	0.0	7.686
NOV_MOUSE	18133	Nov	7.678	53	1	0	1.0	0.0	7.678
SPIN1_MOUSE	20729	Spin1	7.678	53	1	0	1.0	0.0	7.678
PLAK_MOUSE	16480	Jup	7.67	54	1	3	1.0	0.0	7.67
SRSF2_MOUSE	20382	Srsf2	7.67	54	1	3	1.0	0.0	7.67
ACADV_MOUSE	11370	Acadvl	7.662	55	1	2	1.0	0.0	7.662
DCAM1_MOUSE	11702	Amd1	7.662	55	1	0	1.0	0.0	7.662
FBN2_MOUSE	14119	Fbn2	7.662	55	1	0	1.0	0.0	7.662
HOME1_MOUSE	26556	Homer1	7.662	55	1	0	1.0	0.0	7.662
RAMP2_MOUSE	54409	Ramp2	7.662	55	1	1	1.0	0.0	7.662
MDC1_MOUSE	240087	Mdc1	7.662	55	1	5	1.0	0.0	7.662
NCHL1_MOUSE	12661	Chl1	7.654	56	1	0	1.0	0.0	7.654
LMNB1_MOUSE	16906	Lmnb1	7.654	56	1	8	1.0	0.0	7.654
NID2_MOUSE	18074	Nid2	7.654	56	1	1	1.0	0.0	7.654
PRPTZ_MOUSE	19283	Ptprz1	7.654	56	1	0	1.0	0.0	7.654
FOG2_MOUSE	22762	Zfpm2	7.654	56	1	1	1.0	0.0	7.654
CSTN2_MOUSE	64085	Clstn2	7.654	56	1	0	1.0	0.0	7.654
BLK_MOUSE	12143	Blk	7.646	57	1	0	1.0	0.0	7.646
HMGB2_MOUSE	97165	Hmgb2	7.646	57	1	3	1.0	0.0	7.646
ATX7_MOUSE	246103	Atxn7	7.646	57	1	4	1.0	0.0	7.646
ACADM_MOUSE	11364	Acadm	7.639	58	1	0	1.0	0.0	7.639
ADHX_MOUSE	11532	Adh5	7.639	58	1	1	1.0	0.0	7.639
OPSB_MOUSE	12057	Opn1sw	7.639	58	1	3	1.0	0.0	7.639
FZD4_MOUSE	14366	Fzd4	7.639	58	1	2	1.0	0.0	7.639
HYAS1_MOUSE	15116	Has1	7.639	58	1	2	1.0	0.0	7.639
FOXF1_MOUSE	15227	Foxf1	7.639	58	1	1	1.0	0.0	7.639
NPFF_MOUSE	54615	Npff	7.639	58	1	0	1.0	0.0	7.639
G3X8P5_MOUSE	114479	Slc5a5	7.639	58	1	1	1.0	0.0	7.639
NU4M_MOUSE	17719	Mtnd4	7.631	59	1	0	1.0	0.0	7.631
SPBP_MOUSE	20234	Sbp	7.624	60	1	0	1.0	0.0	7.624
IQGA1_MOUSE	29875	Iqgap1	7.624	60	1	1	1.0	0.0	7.624
S22A4_MOUSE	30805	Slc22a4	7.624	60	1	0	1.0	0.0	7.624
POC1A_MOUSE	70235	Poc1a	7.624	60	1	0	1.0	0.0	7.624
SGMR1_MOUSE	18391	Sigmar1	7.619	220	1	11	1.0	0.079	7.06
ADA12_MOUSE	11489	Adam12	7.617	61	1	0	1.0	0.0	7.617
OSTCN_MOUSE	12096	Bglap	7.617	61	1	0	1.0	0.0	7.617
ACM3_MOUSE	12671	Chrm3	7.617	61	1	0	1.0	0.0	7.617
NPY1R_MOUSE	18166	Npy1r	7.617	61	1	0	1.0	0.0	7.617
PTGIS_MOUSE	19223	Ptgis	7.617	61	1	0	1.0	0.0	7.617
APOD_MOUSE	11815	Apod	7.61	62	1	1	1.0	0.0	7.61
NEU2_MOUSE	11998	Avp	7.61	62	1	0	1.0	0.0	7.61
FKB1B_MOUSE	14226	Fkbp1b	7.61	62	1	0	1.0	0.0	7.61
ARY1_MOUSE	17960	Nat1	7.61	62	1	0	1.0	0.0	7.61
5NT3A_MOUSE	107569	Nt5c3a	7.61	62	1	0	1.0	0.0	7.61
RED1_MOUSE	110532	Adarb1	7.61	62	1	4	1.0	0.0	7.61
HEM3_MOUSE	15288	Hmbs	7.603	63	1	0	1.0	0.0	7.603
Q9JLQ4_MOUSE	22634	Plagl1	7.603	63	1	0	1.0	0.0	7.603
CELF1_MOUSE	13046	Celf1	7.596	64	1	5	1.0	0.0	7.596
S23A2_MOUSE	54338	Slc23a2	7.596	64	1	0	1.0	0.0	7.596
HAP1_MOUSE	15114	Hap1	7.589	65	1	0	1.0	0.0	7.589
ANPRC_MOUSE	18162	Npr3	7.589	65	1	0	1.0	0.0	7.589
MK11_MOUSE	19094	Mapk11	7.589	65	1	7	1.0	0.0	7.589
PRG4_MOUSE	96875	Prg4	7.589	65	1	0	1.0	0.0	7.589
Q3UHC1_MOUSE	107746	Rapgef1	7.589	65	1	0	1.0	0.0	7.589
CDK9_MOUSE	107951	Cdk9	7.589	65	1	0	1.0	0.0	7.589
GFRA2_MOUSE	14586	Gfra2	7.583	66	1	0	1.0	0.0	7.583
K4DI62_MOUSE	20688	Sp4	7.583	66	1	0	1.0	0.0	7.583
VNN1_MOUSE	22361	Vnn1	7.583	66	1	1	1.0	0.0	7.583
GPDM_MOUSE	14571	Gpd2	7.576	67	1	1	1.0	0.0	7.576
HSP72_MOUSE	15512	Hspa2	7.576	67	1	0	1.0	0.0	7.576
PROP_MOUSE	18636	Cfp	7.576	67	1	0	1.0	0.0	7.576
PLPL6_MOUSE	50767	Pnpla6	7.576	67	1	0	1.0	0.0	7.576
A16L1_MOUSE	77040	Atg16l1	7.576	67	1	2	1.0	0.0	7.576
HEXA_MOUSE	15211	Hexa	7.57	68	1	0	1.0	0.0	7.57
A2CEL1_MOUSE	17840	Mup1	7.57	68	1	3	1.0	0.0	7.57
S22A3_MOUSE	20519	Slc22a3	7.57	68	1	2	1.0	0.0	7.57
K1C15_MOUSE	16665	Krt15	7.557	70	1	0	1.0	0.0	7.557
AFAD_MOUSE	17356	Afdn	7.557	70	1	3	1.0	0.0	7.557
FLNA_MOUSE	192176	Flna	7.557	70	1	2	1.0	0.0	7.557
HXB5_MOUSE	15413	Hoxb5	7.551	71	1	0	1.0	0.0	7.551
STXB1_MOUSE	20910	Stxbp1	7.551	71	1	0	1.0	0.0	7.551
TERF1_MOUSE	21749	Terf1	7.551	71	1	0	1.0	0.0	7.551
FA7_MOUSE	14068	F7	7.545	72	1	0	1.0	0.0	7.545
FHL2_MOUSE	14200	Fhl2	7.545	72	1	1	1.0	0.0	7.545
O88325_MOUSE	27419	Naglu	7.545	72	1	2	1.0	0.0	7.545
SDHL_MOUSE	231691	Sds	7.545	72	1	0	1.0	0.0	7.545
IC1_MOUSE	12258	Serping1	7.539	73	1	1	1.0	0.0	7.539
ITPR2_MOUSE	16439	Itpr2	7.539	73	1	0	1.0	0.0	7.539
PDLI5_MOUSE	56376	Pdlim5	7.539	73	1	1	1.0	0.0	7.539
BCL10_MOUSE	12042	Bcl10	7.533	74	1	1	1.0	0.0	7.533
DYN2_MOUSE	13430	Dnm2	7.533	74	1	2	1.0	0.0	7.533
DHI2_MOUSE	15484	Hsd11b2	7.533	74	1	2	1.0	0.0	7.533
Q7TQG5_MOUSE	18007	Neo1	7.533	74	1	0	1.0	0.0	7.533
TBX2_MOUSE	21385	Tbx2	7.533	74	1	1	1.0	0.0	7.533
ARY2_MOUSE	17961	Nat2	7.527	75	1	0	1.0	0.0	7.527
PO3F2_MOUSE	18992	Pou3f2	7.527	75	1	0	1.0	0.0	7.527
CSRP3_MOUSE	13009	Csrp3	7.521	76	1	1	1.0	0.0	7.521
PER3_MOUSE	18628	Per3	7.521	76	1	4	1.0	0.0	7.521
NK2R_MOUSE	21337	Tacr2	7.521	76	1	1	1.0	0.0	7.521
S26A6_MOUSE	171429	Slc26a6	7.521	76	1	0	1.0	0.0	7.521
LSM2_MOUSE	27756	Lsm2	7.516	77	1	3	1.0	0.0	7.516
GUC2E_MOUSE	14919	Gucy2e	7.51	78	1	2	1.0	0.0	7.51
RYR3_MOUSE	20192	Ryr3	7.51	78	1	1	1.0	0.0	7.51
ERR1_MOUSE	26379	Esrra	7.51	78	1	0	1.0	0.0	7.51
LA_MOUSE	20823	Ssb	7.504	79	1	0	1.0	0.0	7.504
FTO_MOUSE	26383	Fto	7.504	79	1	0	1.0	0.0	7.504
TRPM7_MOUSE	58800	Trpm7	7.504	79	1	4	1.0	0.0	7.504
MYH10_MOUSE	77579	Myh10	7.504	79	1	0	1.0	0.0	7.504
LFTY1_MOUSE	13590	Lefty1	7.494	81	1	5	1.0	0.0	7.494
BHE40_MOUSE	20893	Bhlhe40	7.494	81	1	2	1.0	0.0	7.494
AQP9_MOUSE	64008	Aqp9	7.494	81	1	1	1.0	0.0	7.494
5HT2B_MOUSE	15559	Htr2b	7.488	82	1	1	1.0	0.0	7.488
MYPT1_MOUSE	17931	Ppp1r12a	7.488	82	1	3	1.0	0.0	7.488
AAPK1_MOUSE	105787	Prkaa1	7.488	82	1	4	1.0	0.0	7.488
AT2B2_MOUSE	11941	Atp2b2	7.483	83	1	7	1.0	0.0	7.483
BAG1_MOUSE	12017	Bag1	7.483	83	1	0	1.0	0.0	7.483
C11B2_MOUSE	13072	Cyp11b2	7.483	83	1	0	1.0	0.0	7.483
LAMA5_MOUSE	16776	Lama5	7.483	83	1	1	1.0	0.0	7.483
S29A1_MOUSE	63959	Slc29a1	7.483	83	1	1	1.0	0.0	7.483
DUS6_MOUSE	67603	Dusp6	7.483	83	1	4	1.0	0.0	7.483
IOD2_MOUSE	13371	Dio2	7.478	84	1	1	1.0	0.0	7.478
GALR1_MOUSE	14427	Galr1	7.478	84	1	0	1.0	0.0	7.478
Q8C6G3_MOUSE	19752	Rnase1	7.478	84	1	0	1.0	0.0	7.478
KS6A3_MOUSE	110651	Rps6ka3	7.478	84	1	2	1.0	0.0	7.478
VDAC1_MOUSE	22333	Vdac1	7.473	85	1	0	1.0	0.0	7.473
PR2C5_MOUSE	107849	Prl2c5	7.473	85	1	0	1.0	0.0	7.473
UCN2_MOUSE	171530	Ucn2	7.473	85	1	2	1.0	0.0	7.473
HEY2_MOUSE	15214	Hey2	7.468	86	1	1	1.0	0.0	7.468
PAX9_MOUSE	18511	Pax9	7.458	88	1	0	1.0	0.0	7.458
A1AT2_MOUSE	20701	Serpina1b	7.458	88	1	1	1.0	0.0	7.458
PDGFC_MOUSE	54635	Pdgfc	7.458	88	1	1	1.0	0.0	7.458
NTAL_MOUSE	56743	Lat2	7.458	88	1	1	1.0	0.0	7.458
CCL2_MOUSE	20296	Ccl2	7.457	4678	2	1	1.301	0.0	5.732
MSRA_MOUSE	110265	Msra	7.453	89	1	0	1.0	0.0	7.453
AOC3_MOUSE	11754	Aoc3	7.448	90	1	0	1.0	0.0	7.448
FST_MOUSE	14313	Fst	7.448	90	1	3	1.0	0.0	7.448
ACACB_MOUSE	100705	Acacb	7.448	90	1	0	1.0	0.0	7.448
FACD2_MOUSE	211651	Fancd2	7.448	90	1	2	1.0	0.0	7.448
GDF11_MOUSE	14561	Gdf11	7.443	91	1	6	1.0	0.0	7.443
GRB10_MOUSE	14783	Grb10	7.438	92	1	2	1.0	0.0	7.438
KCNA5_MOUSE	16493	Kcna5	7.438	92	1	1	1.0	0.0	7.438
Q6NVF2_MOUSE	18805	Pld1	7.438	92	1	0	1.0	0.0	7.438
GNDS_MOUSE	19730	Ralgds	7.438	92	1	0	1.0	0.0	7.438
KS6A2_MOUSE	20112	Rps6ka2	7.438	92	1	1	1.0	0.0	7.438
HSF4_MOUSE	26386	Hsf4	7.438	92	1	0	1.0	0.0	7.438
V1AR_MOUSE	54140	Avpr1a	7.438	92	1	1	1.0	0.0	7.438
NLTP_MOUSE	20280	Scp2	7.434	93	1	0	1.0	0.0	7.434
NFAT5_MOUSE	54446	Nfat5	7.434	93	1	1	1.0	0.0	7.434
APLP2_MOUSE	11804	Aplp2	7.429	94	1	5	1.0	0.0	7.429
HXC8_MOUSE	15426	Hoxc8	7.429	94	1	0	1.0	0.0	7.429
MEF2D_MOUSE	17261	Mef2d	7.429	94	1	0	1.0	0.0	7.429
PLXA3_MOUSE	18846	Plxna3	7.429	94	1	0	1.0	0.0	7.429
GDN_MOUSE	20720	Serpine2	7.429	94	1	0	1.0	0.0	7.429
F8VQ23_MOUSE	11552	Adra2b	7.424	95	1	1	1.0	0.0	7.424
NCOA2_MOUSE	17978	Ncoa2	7.424	95	1	0	1.0	0.0	7.424
GAB1_MOUSE	14388	Gab1	7.42	96	1	1	1.0	0.0	7.42
CLTR1_MOUSE	58861	Cysltr1	7.42	96	1	4	1.0	0.0	7.42
WNT11_MOUSE	22411	Wnt11	7.415	97	1	0	1.0	0.0	7.415
PRC2A_MOUSE	53761	Prrc2a	7.415	97	1	0	1.0	0.0	7.415
SMAD6_MOUSE	17130	Smad6	7.411	98	1	6	1.0	0.0	7.411
KCNN3_MOUSE	140493	Kcnn3	7.411	98	1	1	1.0	0.0	7.411
MK10_MOUSE	26414	Mapk10	7.406	99	1	0	1.0	0.0	7.406
CUL7_MOUSE	66515	Cul7	7.406	99	1	1	1.0	0.0	7.406
5HT3A_MOUSE	15561	Htr3a	7.402	100	1	0	1.0	0.0	7.402
MEF2A_MOUSE	17258	Mef2a	7.402	100	1	2	1.0	0.0	7.402
FOXP2_MOUSE	114142	Foxp2	7.402	100	1	2	1.0	0.0	7.402
ITAV_MOUSE	16410	Itgav	7.393	102	1	0	1.0	0.0	7.393
SFRP2_MOUSE	20319	Sfrp2	7.393	102	1	2	1.0	0.0	7.393
TOR1A_MOUSE	30931	Tor1a	7.389	103	1	2	1.0	0.0	7.389
Q8BGZ6_MOUSE	11605	Gla	7.385	104	1	2	1.0	0.0	7.385
PCSK1_MOUSE	30052	Pcsk1n	7.385	104	1	0	1.0	0.0	7.385
RIPK2_MOUSE	192656	Ripk2	7.385	104	1	0	1.0	0.0	7.385
K1KB9_MOUSE	13648	Klk1b9	7.377	106	1	0	1.0	0.0	7.377
AMPE_MOUSE	13809	Enpep	7.377	106	1	0	1.0	0.0	7.377
NGB_MOUSE	64242	Ngb	7.377	106	1	2	1.0	0.0	7.377
KDM1A_MOUSE	99982	Kdm1a	7.377	106	1	1	1.0	0.0	7.377
CCKAR_MOUSE	12425	Cckar	7.373	107	1	0	1.0	0.0	7.373
GNAO_MOUSE	14681	Gnao1	7.373	107	1	1	1.0	0.0	7.373
NPY2R_MOUSE	18167	Npy2r	7.361	110	1	0	1.0	0.0	7.361
PCSK5_MOUSE	18552	Pcsk5	7.361	110	1	0	1.0	0.0	7.361
HXA5_MOUSE	15402	Hoxa5	7.357	111	1	3	1.0	0.0	7.357
LMX1B_MOUSE	16917	Lmx1b	7.357	111	1	1	1.0	0.0	7.357
SOX6_MOUSE	20679	Sox6	7.357	111	1	1	1.0	0.0	7.357
EMX1_MOUSE	13796	Emx1	7.353	112	1	0	1.0	0.0	7.353
INHA_MOUSE	16322	Inha	7.353	112	1	0	1.0	0.0	7.353
CAF1A_MOUSE	27221	Chaf1a	7.353	112	1	0	1.0	0.0	7.353
HCN2_MOUSE	15166	Hcn2	7.349	113	1	1	1.0	0.0	7.349
MTHR_MOUSE	17769	Mthfr	7.349	113	1	0	1.0	0.0	7.349
EPCR_MOUSE	19124	Procr	7.349	113	1	2	1.0	0.0	7.349
RAB3A_MOUSE	19339	Rab3a	7.349	113	1	0	1.0	0.0	7.349
WNT2_MOUSE	22413	Wnt2	7.349	113	1	3	1.0	0.0	7.349
GLRX1_MOUSE	93692	Glrx	7.349	113	1	0	1.0	0.0	7.349
HAND1_MOUSE	15110	Hand1	7.345	114	1	5	1.0	0.0	7.345
SOX1_MOUSE	20664	Sox1	7.345	114	1	3	1.0	0.0	7.345
GABR1_MOUSE	54393	Gabbr1	7.345	114	1	5	1.0	0.0	7.345
KCNK2_MOUSE	16526	Kcnk2	7.341	115	1	0	1.0	0.0	7.341
PLXA2_MOUSE	18845	Plxna2	7.33	118	1	1	1.0	0.0	7.33
PNMT_MOUSE	18948	Pnmt	7.33	118	1	0	1.0	0.0	7.33
VEGFB_MOUSE	22340	Vegfb	7.33	118	1	0	1.0	0.0	7.33
IRF9_MOUSE	16391	Irf9	7.327	119	1	1	1.0	0.0	7.327
PPT1_MOUSE	19063	Ppt1	7.327	119	1	1	1.0	0.0	7.327
TS1R1_MOUSE	110326	Tas1r1	7.327	119	1	2	1.0	0.0	7.327
KCNC1_MOUSE	16502	Kcnc1	7.323	120	1	0	1.0	0.0	7.323
SC6A2_MOUSE	20538	Slc6a2	7.323	120	1	0	1.0	0.0	7.323
CP26A_MOUSE	13082	Cyp26a1	7.319	121	1	0	1.0	0.0	7.319
S1PR3_MOUSE	13610	S1pr3	7.319	121	1	6	1.0	0.0	7.319
ERCC1_MOUSE	13870	Ercc1	7.319	121	1	2	1.0	0.0	7.319
PITX3_MOUSE	18742	Pitx3	7.319	121	1	0	1.0	0.0	7.319
ICAM5_MOUSE	15898	Icam5	7.316	122	1	0	1.0	0.0	7.316
SIX1_MOUSE	20471	Six1	7.316	122	1	0	1.0	0.0	7.316
RCAN1_MOUSE	54720	Rcan1	7.316	122	1	8	1.0	0.0	7.316
GRP75_MOUSE	15526	Hspa9	7.312	123	1	0	1.0	0.0	7.312
ITCH_MOUSE	16396	Itch	7.312	123	1	0	1.0	0.0	7.312
TNR12_MOUSE	27279	Tnfrsf12a	7.312	123	1	1	1.0	0.0	7.312
FOXC2_MOUSE	14234	Foxc2	7.305	125	1	5	1.0	0.0	7.305
PSB8_MOUSE	16913	Psmb8	7.305	125	1	2	1.0	0.0	7.305
KS6A1_MOUSE	20111	Rps6ka1	7.305	125	1	0	1.0	0.0	7.305
COT2_MOUSE	11819	Nr2f2	7.302	126	1	0	1.0	0.0	7.302
MYLK3_MOUSE	213435	Mylk3	7.302	126	1	5	1.0	0.0	7.302
CO3A1_MOUSE	12825	Col3a1	7.298	127	1	4	1.0	0.0	7.298
AVR2B_MOUSE	11481	Acvr2b	7.295	128	1	5	1.0	0.0	7.295
Q9QXJ2_MOUSE	20847	Stat2	7.295	128	1	1	1.0	0.0	7.295
ANFC_MOUSE	18159	Nppc	7.288	130	1	2	1.0	0.0	7.288
DDX4_MOUSE	13206	Ddx4	7.285	131	1	0	1.0	0.0	7.285
IDHC_MOUSE	15926	Idh1	7.285	131	1	3	1.0	0.0	7.285
COX41_MOUSE	12857	Cox4i1	7.282	132	1	0	1.0	0.0	7.282
GDF5_MOUSE	14563	Gdf5	7.278	133	1	0	1.0	0.0	7.278
CP2CT_MOUSE	13095	Cyp2c29	7.272	135	1	1	1.0	0.0	7.272
GAS6_MOUSE	14456	Gas6	7.272	135	1	1	1.0	0.0	7.272
NCTR1_MOUSE	17086	Ncr1	7.272	135	1	0	1.0	0.0	7.272
NBL1_MOUSE	17965	Nbl1	7.272	135	1	1	1.0	0.0	7.272
HME2_MOUSE	13799	En2	7.269	136	1	0	1.0	0.0	7.269
HMGA1_MOUSE	15361	Hmga1	7.265	137	1	1	1.0	0.0	7.265
GCH1_MOUSE	14528	Gch1	7.262	138	1	1	1.0	0.0	7.262
P2Y12_MOUSE	70839	P2ry12	7.262	138	1	0	1.0	0.0	7.262
PACR_MOUSE	11517	Adcyap1r1	7.256	140	1	0	1.0	0.0	7.256
LIFR_MOUSE	16880	Lifr	7.253	141	1	0	1.0	0.0	7.253
GDF15_MOUSE	23886	Gdf15	7.253	141	1	2	1.0	0.0	7.253
ENPP1_MOUSE	18605	Enpp1	7.25	142	1	2	1.0	0.0	7.25
PPR3A_MOUSE	140491	Ppp1r3a	7.25	142	1	0	1.0	0.0	7.25
SDC4_MOUSE	20971	Sdc4	7.247	143	1	0	1.0	0.0	7.247
HXK2_MOUSE	15277	Hk2	7.238	146	1	1	1.0	0.0	7.238
EGLN1_MOUSE	112405	Egln1	7.235	147	1	0	1.0	0.0	7.235
FOXG1_MOUSE	15228	Foxg1	7.229	149	1	4	1.0	0.0	7.229
F8VQ54_MOUSE	192119	Dicer1	7.229	149	1	2	1.0	0.0	7.229
PANX1_MOUSE	55991	Panx1	7.226	150	1	0	1.0	0.0	7.226
HXA10_MOUSE	15395	Hoxa10	7.223	151	1	4	1.0	0.0	7.223
IFIT1_MOUSE	15957	Ifit1	7.223	151	1	1	1.0	0.0	7.223
FGFR4_MOUSE	14186	Fgfr4	7.217	153	1	1	1.0	0.0	7.217
PSB9_MOUSE	16912	Psmb9	7.217	153	1	1	1.0	0.0	7.217
MYO7A_MOUSE	17921	Myo7a	7.217	153	1	0	1.0	0.0	7.217
ICOSL_MOUSE	50723	Icoslg	7.217	153	1	1	1.0	0.0	7.217
LGUL_MOUSE	109801	Glo1	7.217	153	1	0	1.0	0.0	7.217
PAXI_MOUSE	19303	Pxn	7.215	154	1	6	1.0	0.0	7.215
VIPR2_MOUSE	22355	Vipr2	7.212	155	1	1	1.0	0.0	7.212
SFRP1_MOUSE	20377	Sfrp1	7.209	156	1	1	1.0	0.0	7.209
PHB2_MOUSE	12034	Phb2	7.206	157	1	0	1.0	0.0	7.206
CASP6_MOUSE	12368	Casp6	7.206	157	1	3	1.0	0.0	7.206
DAF1_MOUSE	13136	Cd55	7.206	157	1	0	1.0	0.0	7.206
PRDX6_MOUSE	11758	Prdx6	7.203	158	1	1	1.0	0.0	7.203
MEIS1_MOUSE	17268	Meis1	7.203	158	1	1	1.0	0.0	7.203
ATS5_MOUSE	23794	Adamts5	7.203	158	1	3	1.0	0.0	7.203
ACVL1_MOUSE	11482	Acvrl1	7.195	161	1	2	1.0	0.0	7.195
MEN1_MOUSE	17283	Men1	7.193	162	1	2	1.0	0.0	7.193
ITPR3_MOUSE	16440	Itpr3	7.19	163	1	0	1.0	0.0	7.19
PGBM_MOUSE	15530	Hspg2	7.187	164	1	0	1.0	0.0	7.187
GALC_MOUSE	14420	Galc	7.182	166	1	0	1.0	0.0	7.182
SOX17_MOUSE	20671	Sox17	7.182	166	1	0	1.0	0.0	7.182
B1ATV3_MOUSE	22065	Trpc3	7.182	166	1	1	1.0	0.0	7.182
ICAL_MOUSE	12380	Cast	7.179	167	1	1	1.0	0.0	7.179
TRBM_MOUSE	21824	Thbd	7.179	167	1	1	1.0	0.0	7.179
HDAC6_MOUSE	15185	Hdac6	7.174	169	1	1	1.0	0.0	7.174
PRRX1_MOUSE	18933	Prrx1	7.174	169	1	1	1.0	0.0	7.174
B2RUS7_MOUSE	20927	Abcc8	7.174	169	1	0	1.0	0.0	7.174
GELS_MOUSE	227753	Gsn	7.174	169	1	0	1.0	0.0	7.174
EDN3_MOUSE	13616	Edn3	7.172	170	1	2	1.0	0.0	7.172
PDK4_MOUSE	27273	Pdk4	7.172	170	1	3	1.0	0.0	7.172
MC3R_MOUSE	17201	Mc3r	7.169	171	1	5	1.0	0.0	7.169
AXIN2_MOUSE	12006	Axin2	7.162	174	1	2	1.0	0.0	7.162
RENI1_MOUSE	19701	Ren1	7.162	174	1	0	1.0	0.0	7.162
GSK3A_MOUSE	606496	Gsk3a	7.162	174	1	6	1.0	0.0	7.162
PGK1_MOUSE	18655	Pgk1	7.157	176	1	0	1.0	0.0	7.157
CO2_MOUSE	12263	C2	7.154	177	1	0	1.0	0.0	7.154
NEMO_MOUSE	16151	Ikbkg	7.154	177	1	2	1.0	0.0	7.154
GLCM_MOUSE	14466	Gba	7.152	178	1	0	1.0	0.0	7.152
TBX5_MOUSE	21388	Tbx5	7.152	178	1	1	1.0	0.0	7.152
Q3UQ17_MOUSE	235320	Zbtb16	7.152	178	1	0	1.0	0.0	7.152
CASP2_MOUSE	12366	Casp2	7.149	179	1	1	1.0	0.0	7.149
DRD3_MOUSE	13490	Drd3	7.149	179	1	1	1.0	0.0	7.149
PTN_MOUSE	19242	Ptn	7.149	179	1	0	1.0	0.0	7.149
MP2K4_MOUSE	26398	Map2k4	7.149	179	1	0	1.0	0.0	7.149
SMCA4_MOUSE	20586	Smarca4	7.147	180	1	0	1.0	0.0	7.147
ZP2_MOUSE	22787	Zp2	7.147	180	1	0	1.0	0.0	7.147
ALDR_MOUSE	11677	Akr1b1	7.142	182	1	0	1.0	0.0	7.142
DLX2_MOUSE	13392	Dlx2	7.142	182	1	1	1.0	0.0	7.142
Q05BA5_MOUSE	17979	Ncoa3	7.142	182	1	1	1.0	0.0	7.142
PPBT_MOUSE	11647	Alpl	7.14	183	1	1	1.0	0.0	7.14
FGF9_MOUSE	14180	Fgf9	7.14	183	1	9	1.0	0.0	7.14
TYB4_MOUSE	19241	Tmsb4x	7.14	183	1	0	1.0	0.0	7.14
BMPR2_MOUSE	12168	Bmpr2	7.135	185	1	2	1.0	0.0	7.135
K1C10_MOUSE	16661	Krt10	7.133	186	1	0	1.0	0.0	7.133
CYB_MOUSE	17711	Mt-Cyb	7.133	186	1	1	1.0	0.0	7.133
RETNA_MOUSE	57262	Retnla	7.133	186	1	0	1.0	0.0	7.133
ETV6_MOUSE	14011	Etv6	7.126	189	1	1	1.0	0.0	7.126
TAU_MOUSE	17762	Mapt	7.126	189	1	1	1.0	0.0	7.126
PARK7_MOUSE	57320	Park7	7.126	189	1	0	1.0	0.0	7.126
CNTN2_MOUSE	21367	Cntn2	7.123	190	1	1	1.0	0.0	7.123
ARGI2_MOUSE	11847	Arg2	7.121	191	1	1	1.0	0.0	7.121
LYZ2_MOUSE	17105	Lyz2	7.119	192	1	4	1.0	0.0	7.119
PGS1_MOUSE	12111	Bgn	7.116	193	1	0	1.0	0.0	7.116
RTN4_MOUSE	68585	Rtn4	7.112	195	1	4	1.0	0.0	7.112
OPRK_MOUSE	18387	Oprk1	7.108	197	1	1	1.0	0.0	7.108
ABCG5_MOUSE	27409	Abcg5	7.108	197	1	0	1.0	0.0	7.108
MLC1_MOUSE	170790	Mlc1	7.108	197	1	0	1.0	0.0	7.108
FURIN_MOUSE	18550	Furin	7.105	198	1	0	1.0	0.0	7.105
AK1A1_MOUSE	58810	Akr1a1	7.103	199	1	0	1.0	0.0	7.103
Q80XK1_MOUSE	13087	Cyp2a5	7.101	200	1	0	1.0	0.0	7.101
GRAA_MOUSE	14938	Gzma	7.099	201	1	0	1.0	0.0	7.099
ANG2_MOUSE	11731	Ang2	7.097	202	1	2	1.0	0.0	7.097
DGAT1_MOUSE	13350	Dgat1	7.097	202	1	0	1.0	0.0	7.097
HFE_MOUSE	15216	Hfe	7.095	203	1	0	1.0	0.0	7.095
PCSK9_MOUSE	100102	Pcsk9	7.092	204	1	0	1.0	0.0	7.092
IF4E_MOUSE	13684	Eif4e	7.09	205	1	8	1.0	0.0	7.09
RARG_MOUSE	19411	Rarg	7.088	206	1	1	1.0	0.0	7.088
PIT1_MOUSE	18736	Pou1f1	7.076	212	1	0	1.0	0.0	7.076
4EBP1_MOUSE	13685	Eif4ebp1	7.074	213	1	0	1.0	0.0	7.074
NRAM2_MOUSE	18174	Slc11a2	7.072	214	1	0	1.0	0.0	7.072
TFAM_MOUSE	21780	Tfam	7.07	215	1	0	1.0	0.0	7.07
IRAK1_MOUSE	16179	Irak1	7.068	216	1	0	1.0	0.0	7.068
RBL1_MOUSE	19650	Rbl1	7.064	218	1	4	1.0	0.0	7.064
CO4B_MOUSE	12268	C4b	7.06	220	1	0	1.0	0.0	7.06
TYRP2_MOUSE	13190	Dct	7.06	220	1	0	1.0	0.0	7.06
POSTN_MOUSE	50706	Postn	7.06	220	1	4	1.0	0.0	7.06
ILK_MOUSE	16202	Ilk	7.058	221	1	1	1.0	0.0	7.058
ARRS_MOUSE	20215	Sag	7.058	221	1	0	1.0	0.0	7.058
EIF2A_MOUSE	229317	Eif2a	7.058	221	1	1	1.0	0.0	7.058
PDE5A_MOUSE	242202	Pde5a	7.058	221	1	1	1.0	0.0	7.058
CAMP_MOUSE	12796	Camp	7.056	222	1	0	1.0	0.0	7.056
IRF4_MOUSE	16364	Irf4	7.052	224	1	4	1.0	0.0	7.052
NEST_MOUSE	18008	Nes	7.052	224	1	0	1.0	0.0	7.052
TCAM1_MOUSE	106759	Ticam1	7.052	224	1	0	1.0	0.0	7.052
Q3UEG8_MOUSE	14962	Cfb	7.05	225	1	2	1.0	0.0	7.05
MBL2_MOUSE	17195	Mbl2	7.048	226	1	2	1.0	0.0	7.048
OPRD_MOUSE	18386	Oprd1	7.048	226	1	0	1.0	0.0	7.048
FA10_MOUSE	14058	F10	7.046	227	1	0	1.0	0.0	7.046
ADRB3_MOUSE	11556	Adrb3	7.044	228	1	0	1.0	0.0	7.044
L7N1X9_MOUSE	13184	Dcpp1	7.044	228	1	0	1.0	0.0	7.044
CP27B_MOUSE	13115	Cyp27b1	7.033	234	1	7	1.0	0.0	7.033
AREG_MOUSE	11839	Areg	7.027	237	1	1	1.0	0.0	7.027
FADD_MOUSE	14082	Fadd	7.025	238	1	0	1.0	0.0	7.025
ITF2_MOUSE	21413	Tcf4	7.022	240	1	6	1.0	0.0	7.022
Q3UM33_MOUSE	15183	Hdac3	7.018	242	1	0	1.0	0.0	7.018
CAC1B_MOUSE	12287	Cacna1b	7.015	244	1	0	1.0	0.0	7.015
MAG_MOUSE	17136	Mag	7.013	245	1	2	1.0	0.0	7.013
KCC2G_MOUSE	12325	Camk2g	7.006	249	1	6	1.0	0.0	7.006
GATA_MOUSE	76563	Qrsl1	7.006	249	1	0	1.0	0.0	7.006
MGMT_MOUSE	17314	Mgmt	7.004	250	1	1	1.0	0.0	7.004
AIF1_MOUSE	11629	Aif1	7.001	252	1	0	1.0	0.0	7.001
LAT1_MOUSE	20539	Slc7a5	6.995	255	1	0	1.0	0.0	6.995
RORA_MOUSE	19883	Rora	6.994	256	1	1	1.0	0.0	6.994
CD47_MOUSE	16423	Cd47	6.99	258	1	2	1.0	0.0	6.99
CFLAR_MOUSE	12633	Cflar	6.987	260	1	1	1.0	0.0	6.987
CCR6_MOUSE	12458	Ccr6	6.984	262	1	2	1.0	0.0	6.984
CD22_MOUSE	12483	Cd22	6.98	264	1	1	1.0	0.0	6.98
Q8CFN8_MOUSE	18712	Pim1	6.98	264	1	1	1.0	0.0	6.98
PA2G5_MOUSE	18784	Pla2g5	6.979	265	1	0	1.0	0.0	6.979
LIPS_MOUSE	16890	Lipe	6.976	267	1	1	1.0	0.0	6.976
CRTC2_MOUSE	74343	Crtc2	6.971	511	1	10	1.0	0.041	6.694
BCL6_MOUSE	12053	Bcl6	6.967	272	1	0	1.0	0.0	6.967
BASI_MOUSE	12215	Bsg	6.967	272	1	2	1.0	0.0	6.967
SLIB_MOUSE	14601	Ghrh	6.966	273	1	0	1.0	0.0	6.966
IRF8_MOUSE	15900	Irf8	6.964	274	1	2	1.0	0.0	6.964
IGBP1_MOUSE	18518	Igbp1	6.961	276	1	0	1.0	0.0	6.961
SEM3A_MOUSE	20346	Sema3a	6.95	283	1	0	1.0	0.0	6.95
IF2A_MOUSE	13665	Eif2s1	6.947	285	1	1	1.0	0.0	6.947
Q3UN27_MOUSE	17393	Mmp7	6.947	285	1	4	1.0	0.0	6.947
SGK1_MOUSE	20393	Sgk1	6.947	285	1	0	1.0	0.0	6.947
Q6PGJ3_MOUSE	16728	L1cam	6.946	286	1	0	1.0	0.0	6.946
PKD2_MOUSE	18764	Pkd2	6.944	287	1	0	1.0	0.0	6.944
X3CL1_MOUSE	20312	Cx3cl1	6.944	287	1	1	1.0	0.0	6.944
DNM3B_MOUSE	13436	Dnmt3b	6.943	288	1	1	1.0	0.0	6.943
MRC1_MOUSE	17533	Mrc1	6.943	288	1	1	1.0	0.0	6.943
G3UYL9_MOUSE	19218	Ptger3	6.941	289	1	0	1.0	0.0	6.941
CMGA_MOUSE	12652	Chga	6.94	290	1	1	1.0	0.0	6.94
CP1B1_MOUSE	13078	Cyp1b1	6.937	292	1	0	1.0	0.0	6.937
SNP25_MOUSE	20614	Snap25	6.935	293	1	1	1.0	0.0	6.935
GHSR_MOUSE	208188	Ghsr	6.932	295	1	1	1.0	0.0	6.932
DLK1_MOUSE	13386	Dlk1	6.928	298	1	1	1.0	0.0	6.928
CASP7_MOUSE	12369	Casp7	6.925	300	1	0	1.0	0.0	6.925
EDNRB_MOUSE	13618	Ednrb	6.924	301	1	1	1.0	0.0	6.924
ARNT_MOUSE	11863	Arnt	6.922	302	1	8	1.0	0.0	6.922
CXB1_MOUSE	14618	Gjb1	6.921	303	1	0	1.0	0.0	6.921
AQP2_MOUSE	11827	Aqp2	6.919	304	1	0	1.0	0.0	6.919
GLI3_MOUSE	14634	Gli3	6.919	304	1	0	1.0	0.0	6.919
SYN1_MOUSE	20964	Syn1	6.919	304	1	0	1.0	0.0	6.919
TRPV4_MOUSE	63873	Trpv4	6.919	304	1	6	1.0	0.0	6.919
ANGP2_MOUSE	11601	Angpt2	6.913	308	1	7	1.0	0.0	6.913
MSX2_MOUSE	17702	Msx2	6.913	308	1	2	1.0	0.0	6.913
LTK_MOUSE	17005	Ltk	6.912	309	1	0	1.0	0.0	6.912
TSHR_MOUSE	22095	Tshr	6.906	313	1	0	1.0	0.0	6.906
BAD_MOUSE	12015	Bad	6.904	315	1	0	1.0	0.0	6.904
FBN1_MOUSE	14118	Fbn1	6.904	315	1	2	1.0	0.0	6.904
TFPI1_MOUSE	21788	Tfpi	6.904	315	1	0	1.0	0.0	6.904
NCF1_MOUSE	17969	Ncf1	6.902	316	1	5	1.0	0.0	6.902
Q6GTZ3_MOUSE	15901	Id1	6.901	317	1	1	1.0	0.0	6.901
ASCL1_MOUSE	17172	Ascl1	6.898	319	1	0	1.0	0.0	6.898
NOX1_MOUSE	237038	Nox1	6.897	320	1	6	1.0	0.0	6.897
NGN3_MOUSE	11925	Neurog3	6.896	321	1	0	1.0	0.0	6.896
RARB_MOUSE	218772	Rarb	6.896	321	1	2	1.0	0.0	6.896
TRH_MOUSE	22044	Trh	6.893	323	1	0	1.0	0.0	6.893
GBRG2_MOUSE	14406	Gabrg2	6.889	326	1	0	1.0	0.0	6.889
CCR1_MOUSE	12768	Ccr1	6.884	330	1	7	1.0	0.0	6.884
MSRE_MOUSE	20288	Msr1	6.882	331	1	0	1.0	0.0	6.882
CDK6_MOUSE	12571	Cdk6	6.878	334	1	0	1.0	0.0	6.878
TIMP3_MOUSE	21859	Timp3	6.878	334	1	2	1.0	0.0	6.878
TNAP3_MOUSE	21929	Tnfaip3	6.877	335	1	1	1.0	0.0	6.877
CP11A_MOUSE	13070	Cyp11a1	6.872	339	1	0	1.0	0.0	6.872
SMS_MOUSE	20604	Sst	6.871	340	1	0	1.0	0.0	6.871
DMP1_MOUSE	13406	Dmp1	6.867	343	1	0	1.0	0.0	6.867
HDAC2_MOUSE	15182	Hdac2	6.859	349	1	6	1.0	0.0	6.859
TGM2_MOUSE	21817	Tgm2	6.859	349	1	0	1.0	0.0	6.859
LAMP2_MOUSE	16784	Lamp2	6.848	358	1	0	1.0	0.0	6.848
PA2GA_MOUSE	18780	Pla2g2a	6.848	358	1	0	1.0	0.0	6.848
PTGES_MOUSE	64292	Ptges	6.844	361	1	0	1.0	0.0	6.844
ATG7_MOUSE	74244	Atg7	6.844	361	1	5	1.0	0.0	6.844
VGFR3_MOUSE	14257	Flt4	6.842	363	1	0	1.0	0.0	6.842
BRAC_MOUSE	20997	T	6.84	365	1	0	1.0	0.0	6.84
NPHN_MOUSE	54631	Nphs1	6.84	365	1	1	1.0	0.0	6.84
STS_MOUSE	20905	Sts	6.839	366	1	0	1.0	0.0	6.839
SUH_MOUSE	19664	Rbpj	6.837	367	1	0	1.0	0.0	6.837
GRB2_MOUSE	14784	Grb2	6.834	370	1	3	1.0	0.0	6.834
NR1I3_MOUSE	12355	Nr1i3	6.832	372	1	0	1.0	0.0	6.832
BID_MOUSE	12122	Bid	6.828	375	1	0	1.0	0.0	6.828
UPAR_MOUSE	18793	Plaur	6.826	377	1	2	1.0	0.0	6.826
PP2AA_MOUSE	19052	Ppp2ca	6.822	380	1	4	1.0	0.0	6.822
S10A8_MOUSE	20201	S100a8	6.819	383	1	0	1.0	0.0	6.819
PTN1_MOUSE	19246	Ptpn1	6.815	386	1	1	1.0	0.0	6.815
5HT2A_MOUSE	15558	Htr2a	6.804	396	1	0	1.0	0.0	6.804
MMP12_MOUSE	17381	Mmp12	6.802	398	1	0	1.0	0.0	6.802
E9QNL4_MOUSE	12675	Chuk	6.801	399	1	0	1.0	0.0	6.801
MLP3A_MOUSE	66734	Map1lc3a	6.797	403	1	1	1.0	0.0	6.797
CTND1_MOUSE	12388	Ctnnd1	6.792	407	1	0	1.0	0.0	6.792
GTR2_MOUSE	20526	Slc2a2	6.792	407	1	6	1.0	0.0	6.792
RXRA_MOUSE	20181	Rxra	6.791	408	1	1	1.0	0.0	6.791
DKK1_MOUSE	13380	Dkk1	6.788	411	1	0	1.0	0.0	6.788
KLOT_MOUSE	16591	Kl	6.779	420	1	2	1.0	0.0	6.779
TRAF6_MOUSE	22034	Traf6	6.774	425	1	1	1.0	0.0	6.774
LYN_MOUSE	17096	Lyn	6.764	435	1	0	1.0	0.0	6.764
EGLN_MOUSE	13805	Eng	6.763	436	1	1	1.0	0.0	6.763
IRF3_MOUSE	54131	Irf3	6.762	437	1	4	1.0	0.0	6.762
ADA_MOUSE	11486	Ada	6.757	442	1	1	1.0	0.0	6.757
ZHX2_MOUSE	387609	Zhx2	6.752	447	1	0	1.0	0.0	6.752
NK1R_MOUSE	21336	Tacr1	6.747	452	1	0	1.0	0.0	6.747
PDGFB_MOUSE	18591	Pdgfb	6.744	455	1	0	1.0	0.0	6.744
NEP_MOUSE	17380	Mme	6.735	465	1	0	1.0	0.0	6.735
MMP14_MOUSE	17387	Mmp14	6.735	464	1	6	1.0	0.0	6.735
PGH1_MOUSE	19224	Ptgs1	6.732	468	1	0	1.0	0.0	6.732
GLNA_MOUSE	14645	Glul	6.729	471	1	0	1.0	0.0	6.729
VEGFC_MOUSE	22341	Vegfc	6.719	482	1	0	1.0	0.0	6.719
AOFA_MOUSE	17161	Maoa	6.716	485	1	7	1.0	0.0	6.716
PPA5_MOUSE	11433	Acp5	6.715	487	1	2	1.0	0.0	6.715
PACA_MOUSE	11516	Adcyap1	6.708	494	1	0	1.0	0.0	6.708
IRF1_MOUSE	16362	Irf1	6.708	494	1	3	1.0	0.0	6.708
TRFL_MOUSE	17002	Ltf	6.704	499	1	0	1.0	0.0	6.704
TNFB_MOUSE	16992	Lta	6.7	504	1	1	1.0	0.0	6.7
HES1_MOUSE	15205	Hes1	6.698	506	1	2	1.0	0.0	6.698
SMAD5_MOUSE	17129	Smad5	6.694	511	1	1	1.0	0.0	6.694
HB2A_MOUSE	14961	H2-Ab1	6.691	514	1	0	1.0	0.0	6.691
CCNA2_MOUSE	12428	Ccna2	6.69	515	1	2	1.0	0.0	6.69
WNT3A_MOUSE	22416	Wnt3a	6.687	519	1	0	1.0	0.0	6.687
FGF8_MOUSE	14179	Fgf8	6.686	520	1	2	1.0	0.0	6.686
PCKGC_MOUSE	18534	Pck1	6.685	521	1	5	1.0	0.0	6.685
OPRM_MOUSE	18390	Oprm1	6.684	522	1	0	1.0	0.0	6.684
PTN11_MOUSE	19247	Ptpn11	6.683	524	1	3	1.0	0.0	6.683
UCP2_MOUSE	22228	Ucp2	6.68	527	1	2	1.0	0.0	6.68
E2F1_MOUSE	13555	E2f1	6.679	528	1	2	1.0	0.0	6.679
Q6PI17_MOUSE	21858	Timp2	6.677	531	1	1	1.0	0.0	6.677
MT2_MOUSE	17750	Mt2	6.675	533	1	2	1.0	0.0	6.675
BECN1_MOUSE	56208	Becn1	6.669	541	1	0	1.0	0.0	6.669
Q9DC83_MOUSE	12902	Cr2	6.663	548	1	1	1.0	0.0	6.663
IRS2_MOUSE	384783	Irs2	6.663	548	1	0	1.0	0.0	6.663
S10AA_MOUSE	20194	S100a10	6.662	550	1	0	1.0	0.0	6.662
ACOD1_MOUSE	20249	Scd1	6.658	555	1	0	1.0	0.0	6.658
INS2_MOUSE	16334	Ins2	6.654	560	1	0	1.0	0.0	6.654
PRKDC_MOUSE	19090	Prkdc	6.652	562	1	1	1.0	0.0	6.652
TFR1_MOUSE	22042	Tfrc	6.651	564	1	0	1.0	0.0	6.651
FOXO3_MOUSE	56484	Foxo3	6.644	573	1	1	1.0	0.0	6.644
SC6A3_MOUSE	13162	Slc6a3	6.639	579	1	0	1.0	0.0	6.639
CH60_MOUSE	15510	Hspd1	6.637	582	1	0	1.0	0.0	6.637
IL2RB_MOUSE	16185	Il2rb	6.636	583	1	0	1.0	0.0	6.636
ABCG2_MOUSE	26357	Abcg2	6.634	586	1	0	1.0	0.0	6.634
5NTD_MOUSE	23959	Nt5e	6.632	589	1	0	1.0	0.0	6.632
CXCR2_MOUSE	12765	Cxcr2	6.623	601	1	0	1.0	0.0	6.623
GATA1_MOUSE	14460	Gata1	6.619	607	1	0	1.0	0.0	6.619
RFOX3_MOUSE	52897	Rbfox3	6.613	615	1	0	1.0	0.0	6.613
KS6B1_MOUSE	72508	Rps6kb1	6.611	618	1	1	1.0	0.0	6.611
DPP4_MOUSE	13482	Dpp4	6.603	629	1	0	1.0	0.0	6.603
TY3H_MOUSE	21823	Th	6.597	638	1	0	1.0	0.0	6.597
IKKB_MOUSE	16150	Ikbkb	6.595	641	1	0	1.0	0.0	6.595
CADH5_MOUSE	12562	Cdh5	6.59	649	1	5	1.0	0.0	6.59
FGFR1_MOUSE	14182	Fgfr1	6.584	658	1	2	1.0	0.0	6.584
P2RX7_MOUSE	18439	P2rx7	6.579	665	1	0	1.0	0.0	6.579
DLG4_MOUSE	13385	Dlg4	6.577	668	1	2	1.0	0.0	6.577
BRAF_MOUSE	109880	Braf	6.576	670	1	0	1.0	0.0	6.576
Q6AXB7_MOUSE	14265	Fmr1	6.575	671	1	0	1.0	0.0	6.575
Q8C253_MOUSE	16854	Lgals3	6.571	677	1	0	1.0	0.0	6.571
PRVA_MOUSE	19293	Pvalb	6.563	690	1	2	1.0	0.0	6.563
OPSD_MOUSE	212541	Rho	6.562	692	1	0	1.0	0.0	6.562
CXCL9_MOUSE	17329	Cxcl9	6.56	695	1	1	1.0	0.0	6.56
GALA_MOUSE	14419	Gal	6.558	698	1	0	1.0	0.0	6.558
E2AK3_MOUSE	13666	Eif2ak3	6.554	705	1	0	1.0	0.0	6.554
CDK1_MOUSE	12534	Cdk1	6.546	717	1	0	1.0	0.0	6.546
BIRC5_MOUSE	11799	Birc5	6.545	719	1	0	1.0	0.0	6.545
IL33_MOUSE	77125	Il33	6.539	730	1	2	1.0	0.0	6.539
FYN_MOUSE	14360	Fyn	6.529	747	1	0	1.0	0.0	6.529
SOCS3_MOUSE	12702	Socs3	6.522	759	1	0	1.0	0.0	6.522
CCR5_MOUSE	12774	Ccr5	6.522	759	1	0	1.0	0.0	6.522
CD68_MOUSE	12514	Cd68	6.518	765	1	0	1.0	0.0	6.518
GRAC_MOUSE	14940	Gzmc	6.518	765	1	0	1.0	0.0	6.518
PER2_MOUSE	18627	Per2	6.512	777	1	0	1.0	0.0	6.512
PRGR_MOUSE	18667	Pgr	6.51	780	1	0	1.0	0.0	6.51
MYPR_MOUSE	18823	Plp1	6.508	783	1	0	1.0	0.0	6.508
TLR7_MOUSE	170743	Tlr7	6.488	820	1	1	1.0	0.0	6.488
CP2E1_MOUSE	13106	Cyp2e1	6.487	822	1	4	1.0	0.0	6.487
FETA_MOUSE	11576	Afp	6.477	842	1	0	1.0	0.0	6.477
DDIT3_MOUSE	13198	Ddit3	6.464	867	1	3	1.0	0.0	6.464
LYAM2_MOUSE	20339	Sele	6.456	883	1	0	1.0	0.0	6.456
TGFA_MOUSE	21802	Tgfa	6.45	895	1	0	1.0	0.0	6.45
CEBPB_MOUSE	12608	Cebpb	6.429	939	1	1	1.0	0.0	6.429
TLR3_MOUSE	142980	Tlr3	6.423	953	1	0	1.0	0.0	6.423
IKBA_MOUSE	18035	Nfkbia	6.411	980	1	0	1.0	0.0	6.411
NTRK2_MOUSE	18212	Ntrk2	6.407	988	1	1	1.0	0.0	6.407
S17A5_MOUSE	235504	Slc17a5	6.402	1001	1	0	1.0	0.0	6.402
LYAM3_MOUSE	20344	Selp	6.363	1093	1	0	1.0	0.0	6.363
G3X9H5_MOUSE	15194	Htt	6.361	1099	1	1	1.0	0.0	6.361
ESR2_MOUSE	13983	Esr2	6.336	1164	1	1	1.0	0.0	6.336
RASH_MOUSE	15461	Hras	6.286	1306	1	0	1.0	0.0	6.286
DRD2_MOUSE	13489	Drd2	6.283	1315	1	0	1.0	0.0	6.283
CXL15_MOUSE	20309	Cxcl15	6.268	1363	1	0	1.0	0.0	6.268
CASP1_MOUSE	12362	Casp1	6.241	1448	1	2	1.0	0.0	6.241
DCOR_MOUSE	18263	Odc1	6.241	1449	1	0	1.0	0.0	6.241
SDF1_MOUSE	20315	Cxcl12	6.227	1496	1	3	1.0	0.0	6.227
CD40L_MOUSE	21947	Cd40lg	6.213	1544	1	0	1.0	0.0	6.213
B2CL1_MOUSE	12048	Bcl2l1	6.178	1674	1	1	1.0	0.0	6.178
RUNX2_MOUSE	12393	Runx2	6.17	1703	1	5	1.0	0.0	6.17
CD5_MOUSE	12507	Cd5	6.156	1760	1	0	1.0	0.0	6.156
MCPT1_MOUSE	17224	Mcpt1	6.134	1852	1	0	1.0	0.0	6.134
TNFL6_MOUSE	14103	Faslg	6.132	1860	1	0	1.0	0.0	6.132
CCL4_MOUSE	20303	Ccl4	6.125	1891	1	0	1.0	0.0	6.125
IL18_MOUSE	16173	Il18	6.115	1935	1	2	1.0	0.0	6.115
CADH1_MOUSE	12550	Cdh1	6.076	2117	1	0	1.0	0.0	6.076
ITAX_MOUSE	16411	Itgax	6.051	2244	1	0	1.0	0.0	6.051
ALAT1_MOUSE	76282	Gpt	6.044	2281	1	0	1.0	0.0	6.044
CXCL2_MOUSE	20310	Cxcl2	6.042	2288	1	0	1.0	0.0	6.042
S4R2V1_MOUSE	19264	Ptprc	6.015	2437	1	1	1.0	0.0	6.015
CD8A_MOUSE	12525	Cd8a	5.991	2573	1	0	1.0	0.0	5.991
IL1A_MOUSE	16175	Il1a	5.991	2577	1	1	1.0	0.0	5.991
MTOR_MOUSE	56717	Mtor	5.99	2580	1	3	1.0	0.0	5.99
SRC_MOUSE	20779	Src	5.967	2723	1	0	1.0	0.0	5.967
CD44_MOUSE	12505	Cd44	5.958	2781	1	0	1.0	0.0	5.958
IL3_MOUSE	16187	Il3	5.852	3542	1	0	1.0	0.0	5.852
STAT3_MOUSE	20848	Stat3	5.756	4419	1	1	1.0	0.0	5.756
CSF2_MOUSE	12981	Csf2	5.709	4923	1	0	1.0	0.0	5.709
NELFD_MOUSE	57314	Nelfcd	5.416	9623	1	0	1.0	0.0	5.416
