Big_T	10321
Big_F	1558007
UniProtKB_ID	GeneID	Gene_Name	PPS	Big_P	T+P	Citation	1+Log(T+P)	log10((Cit/yr+1)/10)	1+log10(F/T)+log10(F/P)
SYUA_MOUSE	20617	Snca	26.173	502	69	121	2.839	1.086	6.668
G3X9H5_MOUSE	15194	Htt	26.021	1099	82	157	2.914	1.199	6.327
A4_MOUSE	11820	App	25.858	2687	113	199	3.053	1.301	5.939
PRIO_MOUSE	19122	Prnp	25.526	2238	131	132	3.117	1.124	6.019
SODC_MOUSE	20655	Sod1	24.142	2579	83	135	2.919	1.134	5.957
APOE_MOUSE	11816	Apoe	21.824	6732	87	99	2.94	1.0	5.54
CRYAB_MOUSE	12955	Cryab	21.54	219	27	42	2.431	0.633	7.028
TADBP_MOUSE	230908	Tardbp	21.498	260	19	64	2.279	0.813	6.954
THRB_MOUSE	14061	F2	21.442	1178	77	32	2.886	0.519	6.297
GP1BA_MOUSE	14723	Gp1ba	19.69	121	18	27	2.255	0.447	7.286
P2RY1_MOUSE	18441	P2ry1	19.565	234	24	25	2.38	0.415	6.999
HS71B_MOUSE	15511	Hspa1b	19.562	1565	22	66	2.342	0.826	6.174
GPVI_MOUSE	243816	Gp6	19.537	192	26	21	2.415	0.342	7.085
CADH1_MOUSE	12550	Cdh1	19.284	2117	37	41	2.568	0.623	6.042
FCERG_MOUSE	14127	Fcer1g	19.072	426	26	25	2.415	0.415	6.739
ITA2B_MOUSE	16399	Itga2b	18.921	344	28	20	2.447	0.322	6.832
AGRIN_MOUSE	11603	Agrn	18.643	160	20	19	2.301	0.301	7.165
TAU_MOUSE	17762	Mapt	18.454	189	16	24	2.204	0.398	7.092
HSPB1_MOUSE	15507	Hspb1	18.254	599	14	41	2.146	0.623	6.591
CAH1_MOUSE	12346	Ca1	17.72	3651	24	46	2.38	0.672	5.806
PSN1_MOUSE	19164	Psen1	17.531	2420	25	33	2.398	0.531	5.984
AKT1_MOUSE	11651	Akt1	17.359	7425	40	35	2.602	0.556	5.496
TTHY_MOUSE	22139	Ttr	17.232	296	21	14	2.322	0.176	6.897
DESM_MOUSE	13346	Des	17.09	547	14	26	2.146	0.431	6.631
PI2R_MOUSE	19222	Ptgir	17.06	413	16	20	2.204	0.322	6.753
ATX3_MOUSE	110616	Atxn3	16.905	134	12	17	2.079	0.255	7.242
CLC1B_MOUSE	56760	Clec1b	16.874	77	6	29	1.778	0.477	7.482
ENTP1_MOUSE	12495	Entpd1	16.704	244	13	18	2.114	0.279	6.981
ANDR_MOUSE	11835	Ar	16.477	1195	16	25	2.204	0.415	6.291
GRP2_MOUSE	19395	Rasgrp2	16.431	24	6	18	1.778	0.279	7.988
HB2A_MOUSE	14961	H2-Ab1	16.374	514	12	23	2.079	0.38	6.658
NUP62_MOUSE	18226	Nup62	16.321	571	14	20	2.146	0.322	6.612
HSP7C_MOUSE	15481	Hspa8	16.175	253	7	29	1.845	0.477	6.966
CASP3_MOUSE	12367	Casp3	16.152	6954	27	30	2.431	0.491	5.526
VWF_MOUSE	22371	Vwf	15.912	571	15	16	2.176	0.23	6.612
ATG5_MOUSE	11793	Atg5	15.903	400	4	55	1.602	0.748	6.767
FINC_MOUSE	14268	Fn1	15.771	3274	33	14	2.519	0.176	5.853
PTAFR_MOUSE	19204	Ptafr	15.753	242	12	14	2.079	0.176	6.985
LRRK2_MOUSE	66725	Lrrk2	15.722	172	4	39	1.602	0.602	7.133
DNAS1_MOUSE	13419	Dnase1	15.594	982	9	30	1.954	0.491	6.376
CX3C1_MOUSE	13051	Cx3cr1	15.522	581	7	31	1.845	0.505	6.604
CTNB1_MOUSE	12387	Ctnnb1	15.469	2035	17	20	2.23	0.322	6.06
CACB3_MOUSE	12297	Cacnb3	15.465	382	10	18	2.0	0.279	6.787
CDK5_MOUSE	12568	Cdk5	15.381	556	10	20	2.0	0.322	6.624
IGF1_MOUSE	16000	Igf1	15.31	4315	12	38	2.079	0.591	5.734
CASP1_MOUSE	12362	Casp1	15.248	1448	11	25	2.041	0.415	6.207
HSF1_MOUSE	15499	Hsf1	15.195	347	8	20	1.903	0.322	6.828
HBB1_MOUSE	15129	Hbb-b1	15.193	967	10	23	2.0	0.38	6.383
IL1B_MOUSE	16176	Il1b	15.148	13155	22	34	2.342	0.544	5.248
URP2_MOUSE	108101	Fermt3	15.049	26	6	12	1.778	0.114	7.954
GAS6_MOUSE	14456	Gas6	15.023	135	7	16	1.845	0.23	7.238
CRYAA_MOUSE	12954	Cryaa	15.018	62	8	11	1.903	0.079	7.576
NF2L2_MOUSE	18024	Nfe2l2	14.966	2480	10	31	2.0	0.505	5.974
CSF2_MOUSE	12981	Csf2	14.958	4923	9	47	1.954	0.681	5.676
KSYK_MOUSE	20963	Syk	14.938	556	10	17	2.0	0.255	6.624
NCAM1_MOUSE	17967	Ncam1	14.832	837	20	3	2.301	0.0	6.446
PECA1_MOUSE	18613	Pecam1	14.804	2466	15	19	2.176	0.301	5.976
ICAM1_MOUSE	15894	Icam1	14.719	3579	20	16	2.301	0.23	5.815
PDIA1_MOUSE	18453	P4hb	14.631	159	5	21	1.699	0.342	7.167
LYAM3_MOUSE	20344	Selp	14.565	1093	20	7	2.301	0.0	6.33
SYUB_MOUSE	104069	Sncb	14.35	39	7	5	1.845	0.0	7.778
RAP1A_MOUSE	109905	Rap1a	14.29	313	10	11	2.0	0.079	6.873
CD36_MOUSE	12491	Cd36	14.231	1074	11	15	2.041	0.204	6.337
PAR4_MOUSE	14065	F2rl3	14.12	176	8	11	1.903	0.079	7.123
PDIA3_MOUSE	14827	Pdia3	14.096	181	6	15	1.778	0.204	7.111
RAC1_MOUSE	19353	Rac1	13.906	1252	11	14	2.041	0.176	6.271
PAWR_MOUSE	114774	Pawr	13.805	77	7	4	1.845	0.0	7.482
TF_MOUSE	14066	F3	13.791	410	11	8	2.041	0.0	6.756
CD3E_MOUSE	12501	Cd3e	13.768	4649	26	8	2.415	0.0	5.701
P2Y12_MOUSE	70839	P2ry12	13.757	138	8	3	1.903	0.0	7.229
EGFR_MOUSE	13649	Egfr	13.752	3436	12	18	2.079	0.279	5.832
ATX1_MOUSE	20238	Atxn1	13.751	876	6	22	1.778	0.362	6.426
ACHB_MOUSE	11443	Chrnb1	13.604	23	5	3	1.699	0.0	8.007
NOS2_MOUSE	18126	Nos2	13.597	6491	14	19	2.146	0.301	5.556
CD151_MOUSE	12476	Cd151	13.593	53	6	5	1.778	0.0	7.644
HNF4A_MOUSE	15378	Hnf4a	13.539	453	4	25	1.602	0.415	6.713
CD44_MOUSE	12505	Cd44	13.5	2781	19	7	2.279	0.0	5.924
RB27A_MOUSE	11891	Rab27a	13.473	92	6	10	1.778	0.041	7.405
ALBU_MOUSE	11657	Alb	13.463	1519	15	0	2.176	0.0	6.187
NFL_MOUSE	18039	Nefl	13.446	201	8	0	1.903	0.0	7.065
ACES_MOUSE	11423	Ache	13.392	1637	15	7	2.176	0.0	6.154
SFTPD_MOUSE	20390	Sftpd	13.371	263	6	13	1.778	0.146	6.949
P2RX7_MOUSE	18439	P2rx7	13.31	665	9	11	1.954	0.079	6.546
TA2R_MOUSE	21390	Tbxa2r	13.294	78	6	4	1.778	0.0	7.477
COX1_MOUSE	17708	Mtco1	13.267	972	12	9	2.079	0.0	6.381
BTK_MOUSE	12229	Btk	13.263	546	10	8	2.0	0.0	6.631
QPCT_MOUSE	70536	Qpct	13.249	11	3	12	1.477	0.114	8.327
Q921K2_MOUSE	11545	Parp1	13.209	1989	10	14	2.0	0.176	6.07
HIF1A_MOUSE	15251	Hif1a	13.183	2440	4	39	1.602	0.602	5.981
ITA2_MOUSE	16398	Itga2	13.107	184	5	13	1.699	0.146	7.104
P2RX1_MOUSE	18436	P2rx1	13.015	112	6	7	1.778	0.0	7.319
FYN_MOUSE	14360	Fyn	12.99	747	10	9	2.0	0.0	6.495
BDNF_MOUSE	12064	Bdnf	12.952	3528	14	11	2.146	0.079	5.821
RAPSN_MOUSE	19400	Rapsn	12.908	59	5	1	1.699	0.0	7.598
GFAP_MOUSE	14580	Gfap	12.881	2323	14	8	2.146	0.0	6.002
IAPP_MOUSE	15874	Iapp	12.875	246	7	7	1.845	0.0	6.978
FAK1_MOUSE	14083	Ptk2	12.843	1963	13	8	2.114	0.0	6.075
PA21B_MOUSE	18778	Pla2g1b	12.824	905	10	1	2.0	0.0	6.412
SQSTM_MOUSE	18412	Sqstm1	12.784	220	2	32	1.301	0.519	7.026
TNFA_MOUSE	21926	Tnf	12.777	32739	18	23	2.255	0.38	4.848
NOS3_MOUSE	18127	Nos3	12.716	1787	12	7	2.079	0.0	6.116
TLN1_MOUSE	21894	Tln1	12.573	42	3	13	1.477	0.146	7.745
CD4_MOUSE	12504	Cd4	12.556	22385	29	10	2.462	0.041	5.015
ANXA5_MOUSE	11747	Anxa5	12.543	1250	10	4	2.0	0.0	6.272
E9Q9L6_MOUSE	235627	Nbeal2	12.505	8	3	6	1.477	0.0	8.466
PAR1_MOUSE	14062	F2r	12.485	400	7	9	1.845	0.0	6.767
ATS13_MOUSE	279028	Adamts13	12.483	105	5	9	1.699	0.0	7.347
CRP_MOUSE	12944	Crp	12.363	466	7	4	1.845	0.0	6.7
CALX_MOUSE	12330	Canx	12.36	124	5	5	1.699	0.0	7.275
RHOA_MOUSE	11848	Rhoa	12.359	1108	9	1	1.954	0.0	6.324
G3UYL9_MOUSE	19218	Ptger3	12.283	289	6	5	1.778	0.0	6.908
G5E899_MOUSE	18787	Serpine1	12.276	1221	9	2	1.954	0.0	6.282
CD24_MOUSE	12484	Cd24	12.252	535	7	7	1.845	0.0	6.64
CD2_MOUSE	12481	Cd2	12.18	585	7	1	1.845	0.0	6.601
GNAQ_MOUSE	14682	Gnaq	12.172	160	5	2	1.699	0.0	7.165
LEP_MOUSE	16846	Lep	12.142	1864	7	13	1.845	0.146	6.098
RELN_MOUSE	19699	Reln	12.137	499	6	10	1.778	0.041	6.671
CD28_MOUSE	12487	Cd28	12.116	2044	10	7	2.0	0.0	6.058
ANT3_MOUSE	11905	Serpinc1	12.038	192	5	0	1.699	0.0	7.085
FCERA_MOUSE	14125	Fcer1a	12.026	195	5	1	1.699	0.0	7.079
B4GT1_MOUSE	14595	B4galt1	12.024	73	4	0	1.602	0.0	7.505
G6PI_MOUSE	14751	Gpi	11.936	453	6	1	1.778	0.0	6.713
FUT4_MOUSE	14345	Fut4	11.926	459	6	2	1.778	0.0	6.707
FETA_MOUSE	11576	Afp	11.888	842	7	0	1.845	0.0	6.443
Q80YQ1_MOUSE	21825	Thbs1	11.881	486	4	14	1.602	0.176	6.682
GRP78_MOUSE	14828	Hspa5	11.872	948	6	11	1.778	0.079	6.392
Q9DC83_MOUSE	12902	Cr2	11.789	548	6	2	1.778	0.0	6.63
PPCE_MOUSE	19072	Prep	11.784	103	4	4	1.602	0.0	7.356
SHIP1_MOUSE	16331	Inpp5d	11.778	273	5	5	1.699	0.0	6.932
SLAF5_MOUSE	12523	Cd84	11.774	25	3	1	1.477	0.0	7.971
CATB_MOUSE	13030	Ctsb	11.734	588	5	11	1.699	0.079	6.599
NSMA2_MOUSE	58994	Smpd3	11.723	38	2	15	1.301	0.204	7.789
CBL_MOUSE	12402	Cbl	11.718	296	5	1	1.699	0.0	6.897
CADH5_MOUSE	12562	Cdh5	11.658	649	6	6	1.778	0.0	6.556
CDC42_MOUSE	12540	Cdc42	11.634	670	6	8	1.778	0.0	6.543
CADH2_MOUSE	12558	Cdh2	11.619	683	6	2	1.778	0.0	6.534
TLR4_MOUSE	21898	Tlr4	11.607	5694	9	12	1.954	0.114	5.612
WASP_MOUSE	22376	Was	11.576	139	4	4	1.602	0.0	7.226
RBP10_MOUSE	74334	Ranbp10	11.568	3	2	0	1.301	0.0	8.892
LCP2_MOUSE	16822	Lcp2	11.561	142	4	4	1.602	0.0	7.216
THY1_MOUSE	21838	Thy1	11.556	3894	10	6	2.0	0.0	5.778
ZP3_MOUSE	22788	Zp3	11.544	375	5	0	1.699	0.0	6.795
LIRB4_MOUSE	14728	Lilrb4	11.54	36	3	0	1.477	0.0	7.812
TGFI1_MOUSE	21804	Tgfb1i1	11.54	36	3	1	1.477	0.0	7.812
LBR_MOUSE	98386	Lbr	11.535	25	2	13	1.301	0.146	7.971
CAN1_MOUSE	12333	Capn1	11.514	152	4	9	1.602	0.0	7.187
PLCG2_MOUSE	234779	Plcg2	11.509	153	4	7	1.602	0.0	7.184
FCGR1_MOUSE	14129	Fcgr1	11.5	398	5	0	1.699	0.0	6.769
KPCT_MOUSE	18761	Prkcq	11.491	157	4	6	1.602	0.0	7.173
PDPN_MOUSE	14726	Pdpn	11.482	159	4	3	1.602	0.0	7.167
NMDZ1_MOUSE	14810	Grin1	11.441	1472	7	7	1.845	0.0	6.201
LAT_MOUSE	16797	Lat	11.432	171	4	3	1.602	0.0	7.136
PCNT_MOUSE	18541	Pcnt	11.426	43	3	0	1.477	0.0	7.735
CRCM1_MOUSE	109305	Orai1	11.416	175	4	6	1.602	0.0	7.126
TTBK1_MOUSE	106763	Ttbk1	11.406	4	2	2	1.301	0.0	8.767
CD40L_MOUSE	21947	Cd40lg	11.403	1544	7	6	1.845	0.0	6.18
C1QA_MOUSE	12259	C1qa	11.38	468	5	3	1.699	0.0	6.698
PPIF_MOUSE	105675	Ppif	11.377	185	4	9	1.602	0.0	7.101
DUS2_MOUSE	13537	Dusp2	11.342	49	3	3	1.477	0.0	7.678
G3P_MOUSE	14433	Gapdh	11.308	516	5	2	1.699	0.0	6.656
OREX_MOUSE	15171	Hcrt	11.308	516	2	24	1.301	0.398	6.656
CALB1_MOUSE	12307	Calb1	11.297	610	4	12	1.602	0.114	6.583
BAX_MOUSE	12028	Bax	11.281	3937	9	2	1.954	0.0	5.773
BMP2_MOUSE	12156	Bmp2	11.276	1806	7	6	1.845	0.0	6.112
ATX7_MOUSE	246103	Atxn7	11.245	57	3	4	1.477	0.0	7.613
OPSB_MOUSE	12057	Opn1sw	11.234	58	3	6	1.477	0.0	7.605
CPEB3_MOUSE	208922	Cpeb3	11.232	17	2	11	1.301	0.079	8.138
FCGR2_MOUSE	14130	Fcgr2	11.199	598	5	4	1.699	0.0	6.592
PMP22_MOUSE	18858	Pmp22	11.19	242	4	2	1.602	0.0	6.985
CXA1_MOUSE	14609	Gja1	11.158	1240	6	6	1.778	0.0	6.275
ADA10_MOUSE	11487	Adam10	11.154	255	4	3	1.602	0.0	6.962
BCL2_MOUSE	12043	Bcl2	11.145	6235	10	8	2.0	0.0	5.572
CREB1_MOUSE	12912	Creb1	11.115	2207	7	6	1.845	0.0	6.024
IL10_MOUSE	16153	Il10	11.113	13394	11	11	2.041	0.079	5.241
GSK3B_MOUSE	56637	Gsk3b	11.112	2430	6	11	1.778	0.079	5.983
OPSD_MOUSE	212541	Rho	11.092	692	5	6	1.699	0.0	6.528
CD34_MOUSE	12490	Cd34	11.073	2326	7	5	1.845	0.0	6.002
HGF_MOUSE	15234	Hgf	11.072	1386	6	3	1.778	0.0	6.227
BMP4_MOUSE	12159	Bmp4	11.07	1390	6	4	1.778	0.0	6.225
VINC_MOUSE	22330	Vcl	11.064	290	4	7	1.602	0.0	6.906
PHF1_MOUSE	21652	Phf1	11.06	76	3	7	1.477	0.0	7.488
HCLS1_MOUSE	15163	Hcls1	11.028	80	3	3	1.477	0.0	7.466
MIF_MOUSE	17319	Mif	11.022	761	5	3	1.699	0.0	6.487
AA2AR_MOUSE	11540	Adora2a	11.013	465	4	10	1.602	0.041	6.701
BAG1_MOUSE	12017	Bag1	11.004	83	3	3	1.477	0.0	7.45
IL6_MOUSE	16193	Il6	11.004	20477	15	9	2.176	0.0	5.057
LDLR_MOUSE	16835	Ldlr	10.99	2583	7	4	1.845	0.0	5.956
KPCA_MOUSE	18750	Prkca	10.982	803	5	8	1.699	0.0	6.464
Q6NVF2_MOUSE	18805	Pld1	10.938	92	3	5	1.477	0.0	7.405
HMGB1_MOUSE	15289	Hmgb1	10.929	1667	5	11	1.699	0.079	6.146
PK3CB_MOUSE	74769	Pik3cb	10.924	94	3	4	1.477	0.0	7.396
EGF_MOUSE	13645	Egf	10.923	1682	6	0	1.778	0.0	6.143
CAD11_MOUSE	12552	Cdh11	10.917	95	3	1	1.477	0.0	7.391
MUSK_MOUSE	18198	Musk	10.891	99	3	9	1.477	0.0	7.373
FUS_MOUSE	233908	Fus	10.891	99	3	9	1.477	0.0	7.373
RABX5_MOUSE	56715	Rabgef1	10.888	10	2	1	1.301	0.0	8.369
SCUB1_MOUSE	64706	Scube1	10.888	10	2	1	1.301	0.0	8.369
NAL10_MOUSE	244202	Nlrp10	10.888	10	2	3	1.301	0.0	8.369
PP2AA_MOUSE	19052	Ppp2ca	10.876	380	4	5	1.602	0.0	6.789
CY24B_MOUSE	13058	Cybb	10.855	953	5	5	1.699	0.0	6.389
5HT2A_MOUSE	15558	Htr2a	10.847	396	4	1	1.602	0.0	6.771
KPCD_MOUSE	18753	Prkcd	10.83	406	4	3	1.602	0.0	6.76
CTND1_MOUSE	12388	Ctnnd1	10.828	407	4	1	1.602	0.0	6.759
GLCM_MOUSE	14466	Gba	10.809	178	3	10	1.477	0.041	7.118
CD19_MOUSE	12478	Cd19	10.808	1016	5	9	1.699	0.0	6.362
FPR2_MOUSE	14289	Fpr2	10.784	117	3	7	1.477	0.0	7.3
Q3TB85_MOUSE	16408	Itgal	10.78	1055	5	6	1.699	0.0	6.345
D3Z1V5_MOUSE	19131	Prh1	10.773	119	3	1	1.477	0.0	7.293
MBP_MOUSE	17196	Mbp	10.769	2052	6	1	1.778	0.0	6.056
APOA1_MOUSE	11806	Apoa1	10.763	1081	5	6	1.699	0.0	6.335
GP1BB_MOUSE	14724	Gp1bb	10.74	13	2	0	1.301	0.0	8.255
Q8C845_MOUSE	27984	Efhd2	10.74	13	2	2	1.301	0.0	8.255
HA2B_MOUSE	14960	H2-Aa	10.736	126	3	4	1.477	0.0	7.268
Q3U9N4_MOUSE	14824	Grn	10.729	201	3	10	1.477	0.041	7.065
CBLB_MOUSE	208650	Cblb	10.706	132	3	2	1.477	0.0	7.248
TNR5_MOUSE	21939	Cd40	10.701	3067	6	10	1.778	0.041	5.881
C99L2_MOUSE	171486	Cd99l2	10.698	14	2	2	1.301	0.0	8.223
A0A0B4J1M6_MOUSE	14131	Fcgr3	10.691	496	4	1	1.602	0.0	6.673
TNFB_MOUSE	16992	Lta	10.68	504	4	0	1.602	0.0	6.666
SC6A4_MOUSE	15567	Slc6a4	10.67	511	4	9	1.602	0.0	6.66
CD81_MOUSE	12520	Cd81	10.664	141	3	3	1.477	0.0	7.219
DEMA_MOUSE	13829	Dmtn	10.659	15	2	0	1.301	0.0	8.193
WNT3A_MOUSE	22416	Wnt3a	10.659	519	4	3	1.602	0.0	6.653
ERBB2_MOUSE	13866	Erbb2	10.646	2405	6	4	1.778	0.0	5.987
Q8VCD0_MOUSE	16542	Kdr	10.64	2425	6	6	1.778	0.0	5.984
NID1_MOUSE	18073	Nid1	10.633	148	3	1	1.477	0.0	7.198
Q3TWH3_MOUSE	108767	Pnrc1	10.622	16	2	2	1.301	0.0	8.165
P2RX3_MOUSE	228139	P2rx3	10.62	151	3	1	1.477	0.0	7.19
CXA4_MOUSE	14612	Gja4	10.612	153	3	4	1.477	0.0	7.184
Q8BQV2_MOUSE	12647	Chat	10.598	567	4	3	1.602	0.0	6.615
RTN3_MOUSE	20168	Rtn3	10.588	17	2	3	1.301	0.0	8.138
LOX5_MOUSE	11689	Alox5	10.584	578	4	5	1.602	0.0	6.607
FA8_MOUSE	14069	F8	10.579	582	4	2	1.602	0.0	6.604
CASP8_MOUSE	12370	Casp8	10.571	1401	5	1	1.699	0.0	6.222
SCRB1_MOUSE	20778	Scarb1	10.562	597	4	7	1.602	0.0	6.593
TRBM_MOUSE	21824	Thbd	10.555	167	3	4	1.477	0.0	7.146
SRC_MOUSE	20779	Src	10.551	2723	6	6	1.778	0.0	5.933
HDAC6_MOUSE	15185	Hdac6	10.548	169	3	4	1.477	0.0	7.141
PLOD3_MOUSE	26433	Plod3	10.525	19	2	3	1.301	0.0	8.09
PK3CG_MOUSE	30955	Pik3cg	10.525	175	3	4	1.477	0.0	7.126
HAND2_MOUSE	15111	Hand2	10.514	8010	6	13	1.778	0.146	5.464
TRI27_MOUSE	19720	Trim27	10.497	183	3	0	1.477	0.0	7.106
DLG4_MOUSE	13385	Dlg4	10.484	668	4	0	1.602	0.0	6.544
Q99PM0_MOUSE	17150	Mfap2	10.469	21	2	1	1.301	0.0	8.046
IL23A_MOUSE	83430	Il23a	10.451	1648	5	5	1.699	0.0	6.152
B2CL1_MOUSE	12048	Bcl2l1	10.439	1674	5	4	1.699	0.0	6.145
E9Q604_MOUSE	16409	Itgam	10.433	5159	7	6	1.845	0.0	5.655
ELN_MOUSE	13717	Eln	10.426	725	4	6	1.602	0.0	6.508
PLF4_MOUSE	56744	Pf4	10.421	206	3	4	1.477	0.0	7.055
CLUS_MOUSE	12759	Clu	10.405	211	3	1	1.477	0.0	7.044
GEPH_MOUSE	268566	Gphn	10.402	104	2	12	1.301	0.114	7.352
SYPH_MOUSE	20977	Syp	10.362	796	4	2	1.602	0.0	6.468
COCH_MOUSE	12810	Coch	10.348	26	2	7	1.301	0.0	7.954
PIGA_MOUSE	18700	Piga	10.348	26	2	0	1.301	0.0	7.954
MYD88_MOUSE	17874	Myd88	10.336	2214	4	12	1.602	0.114	6.023
ASM_MOUSE	20597	Smpd1	10.333	236	3	3	1.477	0.0	6.996
CD9_MOUSE	12527	Cd9	10.331	237	3	2	1.477	0.0	6.994
PABP2_MOUSE	54196	Pabpn1	10.327	27	2	3	1.301	0.0	7.937
FERM2_MOUSE	218952	Fermt2	10.327	27	2	4	1.301	0.0	7.937
APOB_MOUSE	238055	Apob	10.327	836	4	0	1.602	0.0	6.446
CSK_MOUSE	12988	Csk	10.31	245	3	1	1.477	0.0	6.979
PABP1_MOUSE	18458	Pabpc1	10.306	28	2	3	1.301	0.0	7.922
DDIT3_MOUSE	13198	Ddit3	10.302	867	4	3	1.602	0.0	6.431
KCC2G_MOUSE	12325	Camk2g	10.299	249	3	4	1.477	0.0	6.972
IFNG_MOUSE	15978	Ifng	10.299	21013	11	1	2.041	0.0	5.045
CD47_MOUSE	16423	Cd47	10.276	258	3	3	1.477	0.0	6.957
CST8_MOUSE	13012	Cst8	10.267	30	2	1	1.301	0.0	7.892
FAK2_MOUSE	19229	Ptk2b	10.259	265	3	1	1.477	0.0	6.945
CISY_MOUSE	12974	Cs	10.252	268	3	1	1.477	0.0	6.94
TLR2_MOUSE	24088	Tlr2	10.249	3018	5	10	1.699	0.041	5.889
TNFC_MOUSE	16994	Ltb	10.233	276	3	3	1.477	0.0	6.928
ATP9A_MOUSE	11981	Atp9a	10.231	277	3	0	1.477	0.0	6.926
PLCD1_MOUSE	18799	Plcd1	10.231	32	2	0	1.301	0.0	7.864
NFKB1_MOUSE	18033	Nfkb1	10.227	4138	6	2	1.778	0.0	5.751
GSHR_MOUSE	14782	Gsr	10.224	970	4	3	1.602	0.0	6.382
BL1S4_MOUSE	117197	Bloc1s4	10.213	33	2	0	1.301	0.0	7.85
CMGA_MOUSE	12652	Chga	10.201	290	3	1	1.477	0.0	6.906
ATN1_MOUSE	13498	Atn1	10.196	34	2	1	1.301	0.0	7.837
NPY_MOUSE	109648	Npy	10.192	1015	4	2	1.602	0.0	6.362
FOS_MOUSE	14281	Fos	10.18	4395	6	4	1.778	0.0	5.725
K2C8_MOUSE	16691	Krt8	10.177	301	3	2	1.477	0.0	6.89
ACHA7_MOUSE	11441	Chrna7	10.152	1076	4	4	1.602	0.0	6.337
NHLC1_MOUSE	105193	Nhlrc1	10.149	37	2	1	1.301	0.0	7.8
SORCN_MOUSE	109552	Sri	10.149	37	2	0	1.301	0.0	7.8
PRGC1_MOUSE	19017	Ppargc1a	10.144	1569	2	21	1.301	0.342	6.173
NGN3_MOUSE	11925	Neurog3	10.136	321	3	2	1.477	0.0	6.862
DFA20_MOUSE	68009	Defa20	10.134	38	2	0	1.301	0.0	7.789
K1C18_MOUSE	16668	Krt18	10.13	324	3	1	1.477	0.0	6.858
FGF2_MOUSE	14173	Fgf2	10.089	2693	5	1	1.699	0.0	5.938
JAK2_MOUSE	16452	Jak2	10.082	1190	4	2	1.602	0.0	6.293
EDN1_MOUSE	13614	Edn1	10.081	1191	4	1	1.602	0.0	6.293
BAP1_MOUSE	104416	Bap1	10.077	42	2	0	1.301	0.0	7.745
LAMP2_MOUSE	16784	Lamp2	10.066	358	3	9	1.477	0.0	6.815
PA2GA_MOUSE	18780	Pla2g2a	10.066	358	3	1	1.477	0.0	6.815
APBB1_MOUSE	11785	Apbb1	10.064	43	2	1	1.301	0.0	7.735
UCHL1_MOUSE	22223	Uchl1	10.045	370	3	1	1.477	0.0	6.8
NEDD8_MOUSE	18002	Nedd8	10.038	45	2	0	1.301	0.0	7.715
B1B1A8_MOUSE	107589	Mylk	10.038	45	2	2	1.301	0.0	7.715
MMP2_MOUSE	17390	Mmp2	10.031	2911	5	3	1.699	0.0	5.904
DOK1_MOUSE	13448	Dok1	10.002	48	2	1	1.301	0.0	7.687
GBRA1_MOUSE	14394	Gabra1	10.002	48	2	4	1.301	0.0	7.687
RBMS1_MOUSE	56878	Rbms1	9.99	49	2	0	1.301	0.0	7.678
CD3Z_MOUSE	12503	Cd247	9.956	425	3	0	1.477	0.0	6.74
AT2A2_MOUSE	11938	Atp2a2	9.953	427	3	6	1.477	0.0	6.738
Q8BPI6_MOUSE	18537	Pcmt1	9.946	53	2	1	1.301	0.0	7.644
LYN_MOUSE	17096	Lyn	9.941	435	3	4	1.477	0.0	6.73
ACSL1_MOUSE	14081	Acsl1	9.94	1459	4	0	1.602	0.0	6.204
NEUM_MOUSE	14432	Gap43	9.921	449	3	0	1.477	0.0	6.716
NCHL1_MOUSE	12661	Chl1	9.914	56	2	1	1.301	0.0	7.62
PDE3B_MOUSE	18576	Pde3b	9.914	56	2	2	1.301	0.0	7.62
NEP_MOUSE	17380	Mme	9.898	465	3	3	1.477	0.0	6.701
EPM2A_MOUSE	13853	Epm2a	9.895	58	2	7	1.301	0.0	7.605
THAS_MOUSE	21391	Tbxas1	9.895	58	2	0	1.301	0.0	7.605
PGH1_MOUSE	19224	Ptgs1	9.894	468	3	2	1.477	0.0	6.698
IL3_MOUSE	16187	Il3	9.886	3542	5	3	1.699	0.0	5.819
CATD_MOUSE	13033	Ctsd	9.882	477	3	7	1.477	0.0	6.69
SHC1_MOUSE	20416	Shc1	9.882	477	3	1	1.477	0.0	6.69
CAD13_MOUSE	12554	Cdh13	9.875	60	2	1	1.301	0.0	7.59
EMB_MOUSE	13723	Emb	9.867	488	3	0	1.477	0.0	6.68
PPARD_MOUSE	19015	Ppard	9.867	488	3	1	1.477	0.0	6.68
GLPA_MOUSE	14934	Gypa	9.866	61	2	2	1.301	0.0	7.583
PAX3_MOUSE	18505	Pax3	9.864	491	3	0	1.477	0.0	6.678
CRGB_MOUSE	12965	Crygb	9.857	62	2	0	1.301	0.0	7.576
UROM_MOUSE	22242	Umod	9.857	62	2	5	1.301	0.0	7.576
ATG7_MOUSE	74244	Atg7	9.857	361	2	13	1.301	0.146	6.811
ANXA7_MOUSE	11750	Anxa7	9.848	63	2	0	1.301	0.0	7.569
B4GN1_MOUSE	14421	B4galnt1	9.848	63	2	3	1.301	0.0	7.569
PLEC_MOUSE	18810	Plec	9.848	63	2	3	1.301	0.0	7.569
Q3UHC1_MOUSE	107746	Rapgef1	9.83	65	2	0	1.301	0.0	7.556
FA12_MOUSE	58992	F12	9.826	112	2	10	1.301	0.041	7.319
PTN11_MOUSE	19247	Ptpn11	9.822	524	3	1	1.477	0.0	6.649
TGFB1_MOUSE	21803	Tgfb1	9.82	11126	7	8	1.845	0.0	5.322
CCR8_MOUSE	12776	Ccr8	9.805	68	2	1	1.301	0.0	7.536
AQP4_MOUSE	11829	Aqp4	9.798	544	3	2	1.477	0.0	6.633
LRAT_MOUSE	79235	Lrat	9.796	69	2	4	1.301	0.0	7.53
CSF3_MOUSE	12985	Csf3	9.791	1807	4	0	1.602	0.0	6.112
PODXL_MOUSE	27205	Podxl	9.788	70	2	0	1.301	0.0	7.524
INS2_MOUSE	16334	Ins2	9.779	560	3	1	1.477	0.0	6.62
SRGN_MOUSE	19073	Srgn	9.765	73	2	1	1.301	0.0	7.505
MTAP2_MOUSE	17756	Map2	9.741	594	3	5	1.477	0.0	6.595
MIP_MOUSE	17339	Mip	9.735	77	2	4	1.301	0.0	7.482
ARX_MOUSE	11878	Arx	9.727	78	2	8	1.301	0.0	7.477
GALT_MOUSE	14430	Galt	9.727	78	2	0	1.301	0.0	7.477
GATA1_MOUSE	14460	Gata1	9.727	607	3	1	1.477	0.0	6.585
BACE1_MOUSE	23821	Bace1	9.727	607	3	2	1.477	0.0	6.585
PTEN_MOUSE	19211	Pten	9.672	1946	3	12	1.477	0.114	6.079
PTPRJ_MOUSE	19271	Ptprj	9.672	86	2	2	1.301	0.0	7.434
HRSL1_MOUSE	27281	Hrasls	9.666	87	2	1	1.301	0.0	7.429
FPRS1_MOUSE	14294	Fpr-s1	9.659	88	2	3	1.301	0.0	7.424
CSF1_MOUSE	12977	Csf1	9.657	2189	4	1	1.602	0.0	6.028
ZNT3_MOUSE	22784	Slc30a3	9.653	89	2	7	1.301	0.0	7.419
HMOX1_MOUSE	15368	Hmox1	9.623	2301	4	7	1.602	0.0	6.007
NOS1_MOUSE	18125	Nos1	9.623	2301	4	0	1.602	0.0	6.007
TENR_MOUSE	21960	Tnr	9.622	94	2	3	1.301	0.0	7.396
HS105_MOUSE	15505	Hsph1	9.616	95	2	3	1.301	0.0	7.391
CTGF_MOUSE	14219	Ctgf	9.614	724	3	2	1.477	0.0	6.509
GATA4_MOUSE	14463	Gata4	9.613	725	3	3	1.477	0.0	6.508
IL2_MOUSE	16183	Il2	9.612	14336	7	2	1.845	0.0	5.21
KS6A5_MOUSE	73086	Rps6ka5	9.61	96	2	4	1.301	0.0	7.386
FA11_MOUSE	109821	F11	9.598	98	2	8	1.301	0.0	7.377
TERA_MOUSE	269523	Vcp	9.598	98	2	2	1.301	0.0	7.377
CD80_MOUSE	12519	Cd80	9.586	2425	4	1	1.602	0.0	5.984
ACE_MOUSE	11421	Ace	9.577	767	3	1	1.477	0.0	6.484
PGS2_MOUSE	13179	Dcn	9.576	102	2	1	1.301	0.0	7.36
NGB_MOUSE	64242	Ngb	9.554	106	2	5	1.301	0.0	7.343
IL1A_MOUSE	16175	Il1a	9.544	2577	4	0	1.602	0.0	5.957
LEG9_MOUSE	16859	Lgals9	9.543	108	2	1	1.301	0.0	7.335
DPYL1_MOUSE	12933	Crmp1	9.538	109	2	4	1.301	0.0	7.331
ESR1_MOUSE	13982	Esr1	9.538	2600	4	1	1.602	0.0	5.954
KGP1_MOUSE	19091	Prkg1	9.518	113	2	2	1.301	0.0	7.316
EPO_MOUSE	13856	Epo	9.497	2755	4	1	1.602	0.0	5.928
CADH3_MOUSE	12560	Cdh3	9.493	118	2	3	1.301	0.0	7.297
LYAM2_MOUSE	20339	Sele	9.487	883	3	1	1.477	0.0	6.423
SERPH_MOUSE	12406	Serpinh1	9.439	130	2	5	1.301	0.0	7.255
Q80W45_MOUSE	13852	Stx2	9.439	130	2	3	1.301	0.0	7.255
GBRG1_MOUSE	14405	Gabrg1	9.423	976	3	1	1.477	0.0	6.379
COX2_MOUSE	17709	Mtco2	9.422	3069	4	2	1.602	0.0	5.881
F8VQD1_MOUSE	66923	Pbrm1	9.421	134	2	8	1.301	0.0	7.242
PGH2_MOUSE	19225	Ptgs2	9.409	3735	3	13	1.477	0.146	5.796
TSP2_MOUSE	21826	Thbs2	9.405	138	2	1	1.301	0.0	7.229
LRP8_MOUSE	16975	Lrp8	9.397	140	2	1	1.301	0.0	7.223
PPR3A_MOUSE	140491	Ppp1r3a	9.389	142	2	2	1.301	0.0	7.216
PPARA_MOUSE	19013	Ppara	9.381	3256	4	4	1.602	0.0	5.856
RD23A_MOUSE	19358	Rad23a	9.373	9	1	12	1.0	0.114	8.414
B1AWN6_MOUSE	110876	Scn2a	9.373	146	2	0	1.301	0.0	7.204
Q91Y07_MOUSE	93883	Pcdhb12	9.369	1	1	0	1.0	0.0	9.369
TSN9_MOUSE	109246	Tspan9	9.369	1	1	0	1.0	0.0	9.369
CRBG3_MOUSE	224273	Crybg3	9.369	1	1	0	1.0	0.0	9.369
CIB3_MOUSE	234421	Cib3	9.369	1	1	0	1.0	0.0	9.369
DYR1A_MOUSE	13548	Dyrk1a	9.35	152	2	5	1.301	0.0	7.187
4F2_MOUSE	17254	Slc3a2	9.339	155	2	0	1.301	0.0	7.178
MOES_MOUSE	17698	Msn	9.336	156	2	3	1.301	0.0	7.176
GBRA6_MOUSE	14399	Gabra6	9.332	157	2	0	1.301	0.0	7.173
CYTC_MOUSE	13010	Cst3	9.325	159	2	4	1.301	0.0	7.167
FKB1A_MOUSE	14225	Fkbp1a	9.325	159	2	2	1.301	0.0	7.167
KPCD1_MOUSE	18760	Prkd1	9.321	160	2	4	1.301	0.0	7.165
PGBM_MOUSE	15530	Hspg2	9.307	164	2	2	1.301	0.0	7.154
GROA_MOUSE	14825	Cxcl1	9.299	1184	3	1	1.477	0.0	6.295
DCC_MOUSE	13176	Dcc	9.294	168	2	0	1.301	0.0	7.143
G5E846_MOUSE	19132	Prph	9.294	168	2	0	1.301	0.0	7.143
MADCA_MOUSE	17123	Madcam1	9.29	169	2	0	1.301	0.0	7.141
NGF_MOUSE	18049	Ngf	9.29	1201	3	0	1.477	0.0	6.289
PIN1_MOUSE	23988	Pin1	9.28	172	2	2	1.301	0.0	7.133
VEGFA_MOUSE	22339	Vegfa	9.279	8050	5	2	1.699	0.0	5.462
TSPO_MOUSE	12257	Tspo	9.271	175	2	1	1.301	0.0	7.126
HBB2_MOUSE	15130	Hbb-b2	9.27	1238	3	1	1.477	0.0	6.276
IL4_MOUSE	16189	Il4	9.263	14353	6	9	1.778	0.0	5.21
ZP2_MOUSE	22787	Zp2	9.255	180	2	0	1.301	0.0	7.113
DLX2_MOUSE	13392	Dlx2	9.248	182	2	0	1.301	0.0	7.109
K1C10_MOUSE	16661	Krt10	9.236	186	2	0	1.301	0.0	7.099
OLR1_MOUSE	108078	Olr1	9.233	187	2	2	1.301	0.0	7.097
PARK7_MOUSE	57320	Park7	9.227	189	2	0	1.301	0.0	7.092
ITB3_MOUSE	16416	Itgb3	9.224	190	2	2	1.301	0.0	7.09
DMD_MOUSE	13405	Dmd	9.215	1348	3	5	1.477	0.0	6.239
ROCK1_MOUSE	19877	Rock1	9.212	194	2	1	1.301	0.0	7.081
TRFE_MOUSE	22041	Tf	9.178	1430	3	0	1.477	0.0	6.213
MK_MOUSE	17242	Mdk	9.176	1433	3	3	1.477	0.0	6.212
STAT3_MOUSE	20848	Stat3	9.168	4419	4	9	1.602	0.0	5.723
PSPB_MOUSE	20388	Sftpb	9.165	211	2	0	1.301	0.0	7.044
NRAM2_MOUSE	18174	Slc11a2	9.157	214	2	8	1.301	0.0	7.038
NFE2_MOUSE	18022	Nfe2	9.154	215	2	2	1.301	0.0	7.036
S10A9_MOUSE	20202	S100a9	9.148	550	2	11	1.301	0.079	6.628
LIF_MOUSE	16878	Lif	9.146	1501	3	0	1.477	0.0	6.192
MMP9_MOUSE	17395	Mmp9	9.129	4670	4	4	1.602	0.0	5.699
FLI1_MOUSE	14247	Fli1	9.124	227	2	2	1.301	0.0	7.013
SMAD3_MOUSE	17127	Smad3	9.114	1579	3	4	1.477	0.0	6.17
OSTC2_MOUSE	12097	Bglap2	9.084	1655	3	1	1.477	0.0	6.15
CAC1B_MOUSE	12287	Cacna1b	9.083	244	2	1	1.301	0.0	6.981
MAG_MOUSE	17136	Mag	9.081	245	2	3	1.301	0.0	6.979
ADIPO_MOUSE	11450	Adipoq	9.068	1696	3	3	1.477	0.0	6.139
APC4_MOUSE	52206	Anapc4	9.068	2	1	0	1.0	0.0	9.068
SPI2_MOUSE	67931	Serpini2	9.068	2	1	0	1.0	0.0	9.068
MYZAP_MOUSE	102371	Myzap	9.068	2	1	1	1.0	0.0	9.068
MAGE1_MOUSE	107528	Magee1	9.068	2	1	0	1.0	0.0	9.068
TRI31_MOUSE	224762	Trim31	9.068	2	1	1	1.0	0.0	9.068
TTLL6_MOUSE	237930	Ttll6	9.068	2	1	9	1.0	0.0	9.068
OSTP_MOUSE	20750	Spp1	9.066	1702	3	2	1.477	0.0	6.138
KPCB_MOUSE	18751	Prkcb	9.051	258	2	2	1.301	0.0	6.957
Q3TA56_MOUSE	20345	Selplg	9.047	260	2	5	1.301	0.0	6.954
EPCAM_MOUSE	17075	Epcam	9.038	264	2	4	1.301	0.0	6.947
CD79A_MOUSE	12518	Cd79a	9.024	271	2	0	1.301	0.0	6.936
BAK_MOUSE	12018	Bak1	9.013	276	2	2	1.301	0.0	6.928
PTN2_MOUSE	19255	Ptpn2	9.003	281	2	5	1.301	0.0	6.92
IL1R1_MOUSE	16177	Il1r1	8.999	283	2	0	1.301	0.0	6.917
SGK1_MOUSE	20393	Sgk1	8.995	285	2	1	1.301	0.0	6.914
Q6PGJ3_MOUSE	16728	L1cam	8.993	286	2	1	1.301	0.0	6.912
CN37_MOUSE	12799	Cnp	8.989	288	2	0	1.301	0.0	6.909
LEG1_MOUSE	16852	Lgals1	8.962	302	2	0	1.301	0.0	6.889
SIR1_MOUSE	93759	Sirt1	8.96	1503	2	13	1.301	0.146	6.191
CXA3_MOUSE	14611	Gja3	8.951	308	2	2	1.301	0.0	6.88
TNR3_MOUSE	17000	Ltbr	8.951	308	2	5	1.301	0.0	6.88
LTK_MOUSE	17005	Ltk	8.949	309	2	0	1.301	0.0	6.879
EPHB2_MOUSE	13844	Ephb2	8.933	318	2	5	1.301	0.0	6.866
PE2R1_MOUSE	19216	Ptger1	8.931	319	2	6	1.301	0.0	6.865
Q3UTR7_MOUSE	11606	Agt	8.93	2105	3	1	1.477	0.0	6.045
VATE1_MOUSE	11973	Atp6v1e1	8.916	328	2	0	1.301	0.0	6.853
SDC1_MOUSE	20969	Sdc1	8.909	332	2	4	1.301	0.0	6.847
CP2E1_MOUSE	13106	Cyp2e1	8.907	822	2	11	1.301	0.079	6.454
EAA2_MOUSE	20511	Slc1a2	8.907	333	2	5	1.301	0.0	6.846
PKD1_MOUSE	18763	Pkd1	8.905	334	2	3	1.301	0.0	6.845
KI16B_MOUSE	16558	Kif16b	8.892	3	1	1	1.0	0.0	8.892
COPA1_MOUSE	77018	Col25a1	8.892	3	1	1	1.0	0.0	8.892
SPE39_MOUSE	104799	Vipas39	8.892	3	1	2	1.0	0.0	8.892
MIRO2_MOUSE	214952	Rhot2	8.892	3	1	0	1.0	0.0	8.892
KLC3_MOUSE	232943	Klc3	8.892	3	1	0	1.0	0.0	8.892
BL1S3_MOUSE	232946	Bloc1s3	8.892	3	1	3	1.0	0.0	8.892
ELMD2_MOUSE	244548	Elmod2	8.892	3	1	0	1.0	0.0	8.892
ERCC8_MOUSE	71991	Ercc8	8.89	343	2	0	1.301	0.0	6.833
PTN6_MOUSE	15170	Ptpn6	8.889	344	2	0	1.301	0.0	6.832
VTNC_MOUSE	22370	Vtn	8.882	348	2	1	1.301	0.0	6.827
HDAC2_MOUSE	15182	Hdac2	8.881	349	2	1	1.301	0.0	6.826
TGM2_MOUSE	21817	Tgm2	8.881	349	2	2	1.301	0.0	6.826
CATL1_MOUSE	13039	Ctsl	8.865	359	2	3	1.301	0.0	6.813
VGFR3_MOUSE	14257	Flt4	8.858	363	2	0	1.301	0.0	6.809
S10A8_MOUSE	20201	S100a8	8.828	383	2	5	1.301	0.0	6.785
PTN1_MOUSE	19246	Ptpn1	8.824	386	2	0	1.301	0.0	6.782
CATA_MOUSE	12359	Cat	8.819	2500	3	5	1.477	0.0	5.971
CDX2_MOUSE	12591	Cdx2	8.808	397	2	5	1.301	0.0	6.77
ATRAP_MOUSE	11610	Agtrap	8.804	400	2	0	1.301	0.0	6.767
ROCK2_MOUSE	19878	Rock2	8.795	406	2	1	1.301	0.0	6.76
AGRP_MOUSE	11604	Agrp	8.783	415	2	0	1.301	0.0	6.751
DCHS_MOUSE	15186	Hdc	8.775	421	2	3	1.301	0.0	6.744
ATF4_MOUSE	11911	Atf4	8.772	423	2	4	1.301	0.0	6.742
Q91XX1_MOUSE	93706	Pcdhgc3	8.767	4	1	1	1.0	0.0	8.767
TUTLA_MOUSE	93842	Igsf9	8.767	4	1	1	1.0	0.0	8.767
ZN120_MOUSE	104348	Zfp120	8.767	4	1	0	1.0	0.0	8.767
ENASE_MOUSE	217364	Engase	8.767	4	1	2	1.0	0.0	8.767
EVA1A_MOUSE	232146	Eva1a	8.767	4	1	0	1.0	0.0	8.767
CRF_MOUSE	12918	Crh	8.761	1050	2	11	1.301	0.079	6.347
NRP1_MOUSE	18186	Nrp1	8.756	435	2	4	1.301	0.0	6.73
BCR_MOUSE	110279	Bcr	8.754	437	2	0	1.301	0.0	6.728
PERM_MOUSE	17523	Mpo	8.749	2792	3	0	1.477	0.0	5.923
PA24A_MOUSE	18783	Pla2g4a	8.731	455	2	1	1.301	0.0	6.711
P85A_MOUSE	18708	Pik3r1	8.725	2892	3	2	1.477	0.0	5.907
CD20_MOUSE	12482	Ms4a1	8.707	474	2	1	1.301	0.0	6.693
CD38_MOUSE	12494	Cd38	8.691	488	2	1	1.301	0.0	6.68
COIA1_MOUSE	12822	Col18a1	8.69	489	2	0	1.301	0.0	6.679
Q9QWU6_MOUSE	18317	Olfr2	8.67	5	1	3	1.0	0.0	8.67
NUB1_MOUSE	53312	Nub1	8.67	5	1	0	1.0	0.0	8.67
Q9D2U0_MOUSE	56868	Psg23	8.67	5	1	1	1.0	0.0	8.67
PEPA5_MOUSE	58803	Pga5	8.67	5	1	0	1.0	0.0	8.67
FIG4_MOUSE	103199	Fig4	8.67	5	1	0	1.0	0.0	8.67
E9PXN1_MOUSE	381832	Prpmp5	8.67	5	1	0	1.0	0.0	8.67
FGF8_MOUSE	14179	Fgf8	8.655	520	2	0	1.301	0.0	6.653
AOFB_MOUSE	109731	Maob	8.654	521	2	1	1.301	0.0	6.652
BRCA1_MOUSE	12189	Brca1	8.639	535	2	7	1.301	0.0	6.64
LY6A_MOUSE	110454	Ly6a	8.618	555	2	2	1.301	0.0	6.624
Q9CQI1_MOUSE	20387	Sftpa1	8.617	556	2	1	1.301	0.0	6.624
BMP7_MOUSE	12162	Bmp7	8.614	559	2	1	1.301	0.0	6.621
PRS6B_MOUSE	23996	Psmc4	8.591	6	1	0	1.0	0.0	8.591
CHST5_MOUSE	56773	Chst5	8.591	6	1	0	1.0	0.0	8.591
MMRN1_MOUSE	70945	Mmrn1	8.591	6	1	1	1.0	0.0	8.591
F8VPS6_MOUSE	102075	Plekhg4	8.591	6	1	1	1.0	0.0	8.591
OTUB1_MOUSE	107260	Otub1	8.591	6	1	1	1.0	0.0	8.591
SREC2_MOUSE	224024	Scarf2	8.591	6	1	0	1.0	0.0	8.591
MK08_MOUSE	26419	Mapk8	8.584	3601	3	6	1.477	0.0	5.812
CXCR2_MOUSE	12765	Cxcr2	8.573	601	2	4	1.301	0.0	6.59
LYOX_MOUSE	16948	Lox	8.564	611	2	1	1.301	0.0	6.582
SMAD4_MOUSE	17128	Smad4	8.562	613	2	5	1.301	0.0	6.581
RARA_MOUSE	19401	Rara	8.547	630	2	0	1.301	0.0	6.569
G3UWD2_MOUSE	12394	Runx1	8.533	646	2	5	1.301	0.0	6.558
HPLN1_MOUSE	12950	Hapln1	8.533	645	2	2	1.301	0.0	6.559
HUMMR_MOUSE	67749	Mgarp	8.524	7	1	1	1.0	0.0	8.524
ARL1_MOUSE	104303	Arl1	8.524	7	1	1	1.0	0.0	8.524
PLXB3_MOUSE	140571	Plxnb3	8.524	7	1	0	1.0	0.0	8.524
LCK_MOUSE	16818	Lck	8.514	667	2	2	1.301	0.0	6.544
Q6P7T9_MOUSE	18018	Nfatc1	8.507	676	2	1	1.301	0.0	6.539
Q8C253_MOUSE	16854	Lgals3	8.506	677	2	3	1.301	0.0	6.538
XDH_MOUSE	22436	Xdh	8.506	677	2	3	1.301	0.0	6.538
AGTRA_MOUSE	11607	Agtr1a	8.469	723	2	1	1.301	0.0	6.509
APBB2_MOUSE	11787	Apbb2	8.466	8	1	1	1.0	0.0	8.466
MRVI1_MOUSE	17540	Mrvi1	8.466	8	1	0	1.0	0.0	8.466
RS3A_MOUSE	20091	Rps3a	8.466	8	1	0	1.0	0.0	8.466
Q8CFZ6_MOUSE	21922	Clec3b	8.466	8	1	0	1.0	0.0	8.466
IMDH1_MOUSE	23917	Impdh1	8.466	8	1	1	1.0	0.0	8.466
TSN32_MOUSE	27027	Tspan32	8.466	8	1	1	1.0	0.0	8.466
AKA10_MOUSE	56697	Akap10	8.466	8	1	0	1.0	0.0	8.466
QPCTL_MOUSE	67369	Qpctl	8.466	8	1	3	1.0	0.0	8.466
WTIP_MOUSE	101543	Wtip	8.466	8	1	1	1.0	0.0	8.466
CLM_MOUSE	140497	Clm	8.466	8	1	1	1.0	0.0	8.466
S1PR1_MOUSE	13609	S1pr1	8.464	730	2	4	1.301	0.0	6.505
NR1H3_MOUSE	22259	Nr1h3	8.447	751	2	2	1.301	0.0	6.493
ABL1_MOUSE	11350	Abl1	8.444	756	2	2	1.301	0.0	6.49
PAX6_MOUSE	18508	Pax6	8.422	785	2	0	1.301	0.0	6.474
CDK2_MOUSE	12566	Cdk2	8.421	787	2	0	1.301	0.0	6.473
PI51B_MOUSE	18719	Pip5k1b	8.414	9	1	2	1.0	0.0	8.414
TCRG1_MOUSE	56070	Tcerg1	8.414	9	1	1	1.0	0.0	8.414
UCMA_MOUSE	68527	Ucma	8.414	9	1	0	1.0	0.0	8.414
BRSK2_MOUSE	75770	Brsk2	8.414	9	1	3	1.0	0.0	8.414
UROK_MOUSE	18792	Plau	8.402	814	2	0	1.301	0.0	6.458
TLR7_MOUSE	170743	Tlr7	8.398	820	2	6	1.301	0.0	6.455
ITB2_MOUSE	16414	Itgb2	8.394	825	2	0	1.301	0.0	6.452
ABCA1_MOUSE	11303	Abca1	8.374	855	2	0	1.301	0.0	6.437
NAR1_MOUSE	11870	Art1	8.374	856	2	0	1.301	0.0	6.436
ANX11_MOUSE	11744	Anxa11	8.369	10	1	0	1.0	0.0	8.369
FCERB_MOUSE	14126	Ms4a2	8.369	10	1	0	1.0	0.0	8.369
UMPS_MOUSE	22247	Umps	8.369	10	1	0	1.0	0.0	8.369
PLEK_MOUSE	56193	Plek	8.369	10	1	1	1.0	0.0	8.369
SNX1_MOUSE	56440	Snx1	8.369	10	1	1	1.0	0.0	8.369
DIXC1_MOUSE	330938	Dixdc1	8.369	10	1	0	1.0	0.0	8.369
TNI3K_MOUSE	435766	Tnni3k	8.369	10	1	0	1.0	0.0	8.369
VGFR1_MOUSE	14254	Flt1	8.357	882	2	0	1.301	0.0	6.423
GATA6_MOUSE	14465	Gata6	8.342	276	1	15	1.0	0.204	6.928
STK10_MOUSE	20868	Stk10	8.327	11	1	0	1.0	0.0	8.327
AT132_MOUSE	74772	Atp13a2	8.327	11	1	5	1.0	0.0	8.327
G45IP_MOUSE	102060	Gadd45gip1	8.327	11	1	3	1.0	0.0	8.327
ADAS_MOUSE	228061	Agps	8.327	11	1	9	1.0	0.0	8.327
CADM4_MOUSE	260299	Cadm4	8.327	11	1	1	1.0	0.0	8.327
TIE2_MOUSE	21687	Tek	8.299	977	2	0	1.301	0.0	6.379
DLX4_MOUSE	13394	Dlx4	8.289	12	1	0	1.0	0.0	8.289
PCM1_MOUSE	18536	Pcm1	8.289	12	1	2	1.0	0.0	8.289
CAVN2_MOUSE	20324	Cavin2	8.289	12	1	0	1.0	0.0	8.289
GPIX_MOUSE	54368	Gp9	8.289	12	1	0	1.0	0.0	8.289
MUCEN_MOUSE	59308	Emcn	8.289	12	1	0	1.0	0.0	8.289
RGS18_MOUSE	64214	Rgs18	8.289	12	1	1	1.0	0.0	8.289
SELS_MOUSE	109815	Selenos	8.289	12	1	1	1.0	0.0	8.289
PILRA_MOUSE	231805	Pilra	8.289	12	1	2	1.0	0.0	8.289
EMIL2_MOUSE	246707	Emilin2	8.289	12	1	1	1.0	0.0	8.289
MYOD1_MOUSE	17927	Myod1	8.286	999	2	1	1.301	0.0	6.369
GDNF_MOUSE	14573	Gdnf	8.284	1002	2	1	1.301	0.0	6.368
EGR1_MOUSE	13653	Egr1	8.271	1027	2	1	1.301	0.0	6.357
CLPB_MOUSE	20480	Clpb	8.255	13	1	1	1.0	0.0	8.255
MYOTI_MOUSE	58916	Myot	8.255	13	1	0	1.0	0.0	8.255
TGM4_MOUSE	331046	Tgm4	8.255	13	1	3	1.0	0.0	8.255
B2MG_MOUSE	12010	B2m	8.244	1077	2	0	1.301	0.0	6.336
MK14_MOUSE	26416	Mapk14	8.244	6125	3	3	1.477	0.0	5.581
GNAZ_MOUSE	14687	Gnaz	8.223	14	1	0	1.0	0.0	8.223
DNJB6_MOUSE	23950	Dnajb6	8.223	14	1	4	1.0	0.0	8.223
STX8_MOUSE	55943	Stx8	8.223	14	1	1	1.0	0.0	8.223
C1QT9_MOUSE	239126	C1qtnf9	8.223	14	1	0	1.0	0.0	8.223
GLUC_MOUSE	14526	Gcg	8.195	1174	2	3	1.301	0.0	6.299
CCR2_MOUSE	12772	Ccr2	8.194	1175	2	8	1.301	0.0	6.298
RASM_MOUSE	17532	Mras	8.193	15	1	1	1.0	0.0	8.193
E9QQ93_MOUSE	22437	Xirp1	8.193	15	1	0	1.0	0.0	8.193
HSPB7_MOUSE	29818	Hspb7	8.193	15	1	1	1.0	0.0	8.193
MPC2_MOUSE	70456	Mpc2	8.193	15	1	1	1.0	0.0	8.193
VPS54_MOUSE	245944	Vps54	8.193	15	1	0	1.0	0.0	8.193
A0A1W2P7J1_MOUSE	210582	Coq10a	8.169	1230	2	1	1.301	0.0	6.279
LOX12_MOUSE	11684	Alox12	8.165	16	1	1	1.0	0.0	8.165
CAMLG_MOUSE	12328	Camlg	8.165	16	1	1	1.0	0.0	8.165
KAT8_MOUSE	67773	Kat8	8.165	16	1	4	1.0	0.0	8.165
STAP2_MOUSE	106766	Stap2	8.165	16	1	0	1.0	0.0	8.165
WWP1_MOUSE	107568	Wwp1	8.165	16	1	0	1.0	0.0	8.165
RINI_MOUSE	107702	Rnh1	8.165	16	1	0	1.0	0.0	8.165
SOCS7_MOUSE	192157	Socs7	8.165	16	1	1	1.0	0.0	8.165
LYAM1_MOUSE	20343	Sell	8.145	1282	2	3	1.301	0.0	6.261
DSC2_MOUSE	13506	Dsc2	8.138	17	1	0	1.0	0.0	8.138
HOP2_MOUSE	19183	Psmc3ip	8.138	17	1	2	1.0	0.0	8.138
SE1L1_MOUSE	20338	Sel1l	8.138	17	1	5	1.0	0.0	8.138
ALG2_MOUSE	56737	Alg2	8.138	17	1	0	1.0	0.0	8.138
SIL1_MOUSE	81500	Sil1	8.138	17	1	0	1.0	0.0	8.138
FIBG_MOUSE	99571	Fgg	8.138	17	1	7	1.0	0.0	8.138
ORN_MOUSE	104444	Rexo2	8.138	17	1	2	1.0	0.0	8.138
MBNL2_MOUSE	105559	Mbnl2	8.138	17	1	0	1.0	0.0	8.138
MUC19_MOUSE	239611	Muc19	8.138	17	1	1	1.0	0.0	8.138
D3YZR2_MOUSE	100042150	Nrg2	8.138	17	1	4	1.0	0.0	8.138
RASH_MOUSE	15461	Hras	8.135	1306	2	1	1.301	0.0	6.252
DRD2_MOUSE	13489	Drd2	8.131	1315	2	3	1.301	0.0	6.249
ETV6_MOUSE	14011	Etv6	8.129	189	1	13	1.0	0.146	7.092
CP21A_MOUSE	13079	Cyp21	8.114	1354	2	0	1.301	0.0	6.237
CTNA2_MOUSE	12386	Ctnna2	8.113	18	1	0	1.0	0.0	8.113
MTPN_MOUSE	14489	Mtpn	8.113	18	1	0	1.0	0.0	8.113
S39A7_MOUSE	14977	Slc39a7	8.113	18	1	0	1.0	0.0	8.113
G3X9D9_MOUSE	16447	Ivl	8.113	18	1	0	1.0	0.0	8.113
P3C2A_MOUSE	18704	Pik3c2a	8.113	18	1	3	1.0	0.0	8.113
PLPP3_MOUSE	67916	Plpp3	8.113	18	1	1	1.0	0.0	8.113
ZN703_MOUSE	353310	Znf703	8.113	18	1	0	1.0	0.0	8.113
LHX4_MOUSE	16872	Lhx4	8.09	19	1	0	1.0	0.0	8.09
UN13D_MOUSE	70450	Unc13d	8.09	19	1	4	1.0	0.0	8.09
TNR6_MOUSE	14102	Fas	8.08	1438	2	0	1.301	0.0	6.211
AGRE1_MOUSE	13733	Adgre1	8.074	1455	2	1	1.301	0.0	6.205
GDIR2_MOUSE	11857	Arhgdib	8.068	20	1	0	1.0	0.0	8.068
GP49A_MOUSE	14727	Gp49a	8.068	20	1	0	1.0	0.0	8.068
Q5UE59_MOUSE	16593	Klc1	8.068	20	1	4	1.0	0.0	8.068
MGRN1_MOUSE	17237	Mgrn1	8.068	20	1	1	1.0	0.0	8.068
NEUS_MOUSE	20713	Serpini1	8.068	20	1	0	1.0	0.0	8.068
PORCN_MOUSE	53627	Porcn	8.068	20	1	5	1.0	0.0	8.068
DESP_MOUSE	109620	Dsp	8.068	20	1	2	1.0	0.0	8.068
SDF1_MOUSE	20315	Cxcl12	8.058	1496	2	3	1.301	0.0	6.194
Q9QXC6_MOUSE	12957	Cryba1	8.046	21	1	0	1.0	0.0	8.046
TPP2_MOUSE	22019	Tpp2	8.046	21	1	0	1.0	0.0	8.046
SAFB1_MOUSE	224903	Safb	8.046	21	1	1	1.0	0.0	8.046
SOMA_MOUSE	14599	Gh1	8.041	1540	2	3	1.301	0.0	6.181
CXCR4_MOUSE	12767	Cxcr4	8.032	1566	2	0	1.301	0.0	6.173
AEBP1_MOUSE	11568	Aebp1	8.026	22	1	0	1.0	0.0	8.026
AHR_MOUSE	11622	Ahr	8.026	1582	2	1	1.301	0.0	6.169
GSC_MOUSE	14836	Gsc	8.026	22	1	0	1.0	0.0	8.026
RBP2_MOUSE	19386	Ranbp2	8.026	22	1	1	1.0	0.0	8.026
B2RXX6_MOUSE	20740	Sptan1	8.026	22	1	3	1.0	0.0	8.026
STXB3_MOUSE	20912	Stxbp3	8.026	22	1	0	1.0	0.0	8.026
OPHN1_MOUSE	94190	Ophn1	8.026	22	1	0	1.0	0.0	8.026
PREX1_MOUSE	277360	Prex1	8.026	22	1	1	1.0	0.0	8.026
PDC6I_MOUSE	18571	Pdcd6ip	8.007	23	1	0	1.0	0.0	8.007
CCL5_MOUSE	20304	Ccl5	8.002	1653	2	3	1.301	0.0	6.15
CAH3_MOUSE	12350	Ca3	8.0	1658	2	3	1.301	0.0	6.149
MK01_MOUSE	26413	Mapk1	7.99	9098	3	3	1.477	0.0	5.409
Q0P538_MOUSE	12046	Bcl2a1c	7.988	24	1	0	1.0	0.0	7.988
ZNT7_MOUSE	66500	Slc30a7	7.988	24	1	1	1.0	0.0	7.988
SMS2_MOUSE	74442	Sgms2	7.988	24	1	2	1.0	0.0	7.988
APEH_MOUSE	235606	Apeh	7.971	25	1	0	1.0	0.0	7.971
CERS6_MOUSE	241447	Cers6	7.971	25	1	0	1.0	0.0	7.971
CD5_MOUSE	12507	Cd5	7.966	1760	2	0	1.301	0.0	6.123
AN32A_MOUSE	11737	Anp32a	7.954	26	1	0	1.0	0.0	7.954
SEPT5_MOUSE	18951	Sept5	7.954	26	1	0	1.0	0.0	7.954
NPTX2_MOUSE	53324	Nptx2	7.954	26	1	0	1.0	0.0	7.954
NP1L1_MOUSE	53605	Nap1l1	7.954	26	1	0	1.0	0.0	7.954
RHOG_MOUSE	56212	Rhog	7.954	26	1	1	1.0	0.0	7.954
ANTR1_MOUSE	69538	Antxr1	7.954	26	1	0	1.0	0.0	7.954
BI1_MOUSE	110213	Tmbim6	7.954	26	1	0	1.0	0.0	7.954
SCF_MOUSE	17311	Kitlg	7.944	1829	2	0	1.301	0.0	6.106
ATE1_MOUSE	11907	Ate1	7.937	27	1	5	1.0	0.0	7.937
FER_MOUSE	14158	Fer	7.937	27	1	0	1.0	0.0	7.937
GALNS_MOUSE	50917	Galns	7.937	27	1	0	1.0	0.0	7.937
MEFV_MOUSE	54483	Mefv	7.937	27	1	2	1.0	0.0	7.937
DOCK5_MOUSE	68813	Dock5	7.937	27	1	1	1.0	0.0	7.937
TNFL6_MOUSE	14103	Faslg	7.935	1860	2	1	1.301	0.0	6.099
ADA19_MOUSE	11492	Adam19	7.922	28	1	0	1.0	0.0	7.922
VAMP7_MOUSE	20955	Vamp7	7.922	28	1	1	1.0	0.0	7.922
VAMP3_MOUSE	22319	Vamp3	7.922	28	1	1	1.0	0.0	7.922
BAMBI_MOUSE	68010	Bambi	7.922	28	1	1	1.0	0.0	7.922
TPR_MOUSE	108989	Tpr	7.922	28	1	3	1.0	0.0	7.922
CBR1_MOUSE	12408	Cbr1	7.906	29	1	0	1.0	0.0	7.906
CADH4_MOUSE	12561	Cdh4	7.906	29	1	1	1.0	0.0	7.906
MAL_MOUSE	17153	Mal	7.906	29	1	0	1.0	0.0	7.906
LGMN_MOUSE	19141	Lgmn	7.906	29	1	8	1.0	0.0	7.906
BACE2_MOUSE	56175	Bace2	7.906	29	1	0	1.0	0.0	7.906
GPM6A_MOUSE	234267	Gpm6a	7.906	29	1	0	1.0	0.0	7.906
AKAP1_MOUSE	11640	Akap1	7.892	30	1	1	1.0	0.0	7.892
FZD5_MOUSE	14367	Fzd5	7.892	30	1	2	1.0	0.0	7.892
LONM_MOUSE	74142	Lonp1	7.892	30	1	0	1.0	0.0	7.892
EMIL1_MOUSE	100952	Emilin1	7.892	30	1	0	1.0	0.0	7.892
ANO6_MOUSE	105722	Ano6	7.892	30	1	3	1.0	0.0	7.892
DTNB_MOUSE	13528	Dtnb	7.877	31	1	2	1.0	0.0	7.877
NNAT_MOUSE	18111	Nnat	7.877	31	1	1	1.0	0.0	7.877
SSRD_MOUSE	20832	Ssr4	7.877	31	1	0	1.0	0.0	7.877
CR3L1_MOUSE	26427	Creb3l1	7.877	31	1	0	1.0	0.0	7.877
MAGI2_MOUSE	50791	Magi2	7.877	31	1	0	1.0	0.0	7.877
HSPB6_MOUSE	243912	Hspb6	7.877	31	1	3	1.0	0.0	7.877
OXLA_MOUSE	14204	Il4i1	7.864	32	1	0	1.0	0.0	7.864
ROAA_MOUSE	15384	Hnrnpab	7.864	32	1	0	1.0	0.0	7.864
PPIB_MOUSE	19035	Ppib	7.864	32	1	2	1.0	0.0	7.864
BSCL2_MOUSE	14705	Bscl2	7.85	33	1	0	1.0	0.0	7.85
SEPT4_MOUSE	18952	Sept4	7.85	33	1	4	1.0	0.0	7.85
PPOX_MOUSE	19044	Ppox	7.85	33	1	0	1.0	0.0	7.85
CELA1_MOUSE	109901	Cela1	7.85	33	1	0	1.0	0.0	7.85
B8JJE0_MOUSE	110789	Adgrv1	7.85	33	1	1	1.0	0.0	7.85
ANXA4_MOUSE	11746	Anxa4	7.837	34	1	0	1.0	0.0	7.837
Q9QZU3_MOUSE	14729	Gp5	7.837	34	1	0	1.0	0.0	7.837
HSPB8_MOUSE	80888	Hspb8	7.837	34	1	8	1.0	0.0	7.837
WASF1_MOUSE	83767	Wasf1	7.837	34	1	1	1.0	0.0	7.837
RC3H1_MOUSE	381305	Rc3h1	7.837	34	1	0	1.0	0.0	7.837
PA2GX_MOUSE	26565	Pla2g10	7.825	35	1	1	1.0	0.0	7.825
CXCL2_MOUSE	20310	Cxcl2	7.817	2288	2	0	1.301	0.0	6.009
AMY1_MOUSE	11722	Amy1	7.812	36	1	0	1.0	0.0	7.812
SYUG_MOUSE	20618	Sncg	7.812	36	1	0	1.0	0.0	7.812
ZFP42_MOUSE	22702	Zfp42	7.812	36	1	2	1.0	0.0	7.812
FYB_MOUSE	23880	Fyb	7.812	36	1	1	1.0	0.0	7.812
IP6K1_MOUSE	27399	Ip6k1	7.812	36	1	3	1.0	0.0	7.812
NGLY1_MOUSE	59007	Ngly1	7.812	36	1	1	1.0	0.0	7.812
ACTS_MOUSE	11459	Acta1	7.8	37	1	0	1.0	0.0	7.8
PTN12_MOUSE	19248	Ptpn12	7.8	37	1	2	1.0	0.0	7.8
UBP14_MOUSE	59025	Usp14	7.8	37	1	3	1.0	0.0	7.8
ELOV4_MOUSE	83603	Elovl4	7.8	37	1	2	1.0	0.0	7.8
COLI_MOUSE	18976	Pomc	7.794	2384	2	0	1.301	0.0	5.991
TIA1_MOUSE	21841	Tia1	7.789	38	1	6	1.0	0.0	7.789
GLHA_MOUSE	12640	Cga	7.778	39	1	0	1.0	0.0	7.778
GSX2_MOUSE	14843	Gsx2	7.778	39	1	0	1.0	0.0	7.778
RAI1_MOUSE	19377	Rai1	7.778	39	1	0	1.0	0.0	7.778
SEM3E_MOUSE	20349	Sema3e	7.778	39	1	0	1.0	0.0	7.778
DBIL5_MOUSE	13168	Dbil5	7.767	40	1	1	1.0	0.0	7.767
MASP1_MOUSE	17174	Masp1	7.767	40	1	3	1.0	0.0	7.767
PD2R_MOUSE	19214	Ptgdr	7.767	40	1	0	1.0	0.0	7.767
TF65_MOUSE	19697	Rela	7.762	2523	2	2	1.301	0.0	5.966
CLD6_MOUSE	54419	Cldn6	7.756	41	1	1	1.0	0.0	7.756
ESPL1_MOUSE	105988	Espl1	7.756	41	1	0	1.0	0.0	7.756
KLK8_MOUSE	259277	Klk8	7.756	41	1	0	1.0	0.0	7.756
BACH2_MOUSE	12014	Bach2	7.745	42	1	0	1.0	0.0	7.745
EDIL3_MOUSE	13612	Edil3	7.745	42	1	1	1.0	0.0	7.745
EPHA5_MOUSE	13839	Epha5	7.745	42	1	0	1.0	0.0	7.745
NSF_MOUSE	18195	Nsf	7.745	42	1	2	1.0	0.0	7.745
CSKP_MOUSE	12361	Cask	7.735	43	1	1	1.0	0.0	7.735
TEAD4_MOUSE	21679	Tead4	7.735	43	1	0	1.0	0.0	7.735
APBA1_MOUSE	319924	Apba1	7.735	43	1	0	1.0	0.0	7.735
SMS1_MOUSE	208449	Sgms1	7.725	44	1	2	1.0	0.0	7.725
ADNP_MOUSE	11538	Adnp	7.715	45	1	1	1.0	0.0	7.715
G3ST1_MOUSE	53897	Gal3st1	7.715	45	1	0	1.0	0.0	7.715
GEMI_MOUSE	57441	Gmnn	7.715	45	1	2	1.0	0.0	7.715
CASQ1_MOUSE	12372	Casq1	7.706	46	1	2	1.0	0.0	7.706
COMP_MOUSE	12845	Comp	7.706	46	1	0	1.0	0.0	7.706
ITM2B_MOUSE	16432	Itm2b	7.706	46	1	0	1.0	0.0	7.706
AHSP_MOUSE	170812	Ahsp	7.706	46	1	5	1.0	0.0	7.706
GFPT1_MOUSE	14583	Gfpt1	7.697	47	1	0	1.0	0.0	7.697
GLRB_MOUSE	14658	Glrb	7.697	47	1	0	1.0	0.0	7.697
ENAH_MOUSE	13800	Enah	7.687	48	1	2	1.0	0.0	7.687
FBLN1_MOUSE	14114	Fbln1	7.678	49	1	0	1.0	0.0	7.678
IDS_MOUSE	15931	Ids	7.678	49	1	0	1.0	0.0	7.678
MEP1B_MOUSE	17288	Mep1b	7.678	49	1	4	1.0	0.0	7.678
F8VPZ5_MOUSE	319955	Ercc6	7.678	49	1	0	1.0	0.0	7.678
CADH6_MOUSE	12563	Cdh6	7.67	50	1	0	1.0	0.0	7.67
CYTB_MOUSE	13014	Cstb	7.67	50	1	0	1.0	0.0	7.67
Q9CPX4_MOUSE	14325	Ftl1	7.67	50	1	0	1.0	0.0	7.67
UBC_MOUSE	22190	Ubc	7.67	50	1	0	1.0	0.0	7.67
AMPL_MOUSE	66988	Lap3	7.67	50	1	1	1.0	0.0	7.67
ADAM2_MOUSE	11495	Adam2	7.661	51	1	0	1.0	0.0	7.661
GNA12_MOUSE	14673	Gna12	7.661	51	1	2	1.0	0.0	7.661
PO3F4_MOUSE	18994	Pou3f4	7.661	51	1	0	1.0	0.0	7.661
F8VPV3_MOUSE	22772	Zic2	7.661	51	1	0	1.0	0.0	7.661
CIB1_MOUSE	23991	Cib1	7.661	51	1	1	1.0	0.0	7.661
FUBP1_MOUSE	51886	Fubp1	7.661	51	1	0	1.0	0.0	7.661
FIBA_MOUSE	14161	Fga	7.653	52	1	3	1.0	0.0	7.653
HMMR_MOUSE	15366	Hmmr	7.644	53	1	0	1.0	0.0	7.644
DMBT1_MOUSE	12945	Dmbt1	7.636	54	1	1	1.0	0.0	7.636
HMGN1_MOUSE	15312	Hmgn1	7.636	54	1	0	1.0	0.0	7.636
KCNQ2_MOUSE	16536	Kcnq2	7.636	54	1	1	1.0	0.0	7.636
JIP1_MOUSE	19099	Mapk8ip1	7.636	54	1	1	1.0	0.0	7.636
APOC1_MOUSE	11812	Apoc1	7.628	55	1	0	1.0	0.0	7.628
GGTA1_MOUSE	14594	Ggta1	7.628	55	1	0	1.0	0.0	7.628
MGAT1_MOUSE	17308	Mgat1	7.628	55	1	0	1.0	0.0	7.628
E9PUZ5_MOUSE	18693	Pick1	7.628	55	1	0	1.0	0.0	7.628
PSA_MOUSE	19155	Npepps	7.628	55	1	2	1.0	0.0	7.628
SNP23_MOUSE	20619	Snap23	7.62	56	1	0	1.0	0.0	7.62
NMNA1_MOUSE	66454	Nmnat1	7.62	56	1	1	1.0	0.0	7.62
TRPM4_MOUSE	68667	Trpm4	7.62	56	1	5	1.0	0.0	7.62
NLGN1_MOUSE	192167	Nlgn1	7.62	56	1	0	1.0	0.0	7.62
RAP1B_MOUSE	215449	Rap1b	7.62	56	1	7	1.0	0.0	7.62
FUT7_MOUSE	14347	Fut7	7.605	58	1	2	1.0	0.0	7.605
A2AP_MOUSE	18816	Serpinf2	7.605	58	1	0	1.0	0.0	7.605
GRP1_MOUSE	19419	Rasgrp1	7.605	58	1	0	1.0	0.0	7.605
SIA8A_MOUSE	20449	St8sia1	7.605	58	1	4	1.0	0.0	7.605
HYOU1_MOUSE	12282	Hyou1	7.598	59	1	1	1.0	0.0	7.598
CCNA1_MOUSE	12427	Ccna1	7.598	59	1	0	1.0	0.0	7.598
DCTN1_MOUSE	13191	Dctn1	7.598	59	1	2	1.0	0.0	7.598
FKBP4_MOUSE	14228	Fkbp4	7.598	59	1	0	1.0	0.0	7.598
NU4M_MOUSE	17719	Mtnd4	7.598	59	1	1	1.0	0.0	7.598
CAVN3_MOUSE	109042	Cavin3	7.598	59	1	0	1.0	0.0	7.598
IQGA1_MOUSE	29875	Iqgap1	7.59	60	1	0	1.0	0.0	7.59
PGPS1_MOUSE	74451	Pgs1	7.59	60	1	0	1.0	0.0	7.59
A2ANQ2_MOUSE	11550	Adra1d	7.583	61	1	0	1.0	0.0	7.583
PTGIS_MOUSE	19223	Ptgis	7.583	61	1	0	1.0	0.0	7.583
PSMD4_MOUSE	19185	Psmd4	7.576	62	1	0	1.0	0.0	7.576
CD99_MOUSE	673094	Cd99	7.576	62	1	2	1.0	0.0	7.576
CD82_MOUSE	12521	Cd82	7.569	63	1	0	1.0	0.0	7.569
EXT1_MOUSE	14042	Ext1	7.569	63	1	4	1.0	0.0	7.569
PLCB2_MOUSE	18796	Plcb2	7.569	63	1	1	1.0	0.0	7.569
TPIS_MOUSE	21991	Tpi1	7.569	63	1	2	1.0	0.0	7.569
S6A13_MOUSE	14412	Slc6a13	7.562	64	1	0	1.0	0.0	7.562
PRKN_MOUSE	50873	Prkn	7.562	64	1	0	1.0	0.0	7.562
HAP1_MOUSE	15114	Hap1	7.556	65	1	0	1.0	0.0	7.556
FOXP1_MOUSE	108655	Foxp1	7.556	65	1	2	1.0	0.0	7.556
COF1_MOUSE	12631	Cfl1	7.549	66	1	0	1.0	0.0	7.549
CML1_MOUSE	14747	Cmklr1	7.549	66	1	3	1.0	0.0	7.549
GP2_MOUSE	67133	Gp2	7.549	66	1	0	1.0	0.0	7.549
IGLL1_MOUSE	16136	Igll1	7.543	67	1	0	1.0	0.0	7.543
Q5RKW0_MOUSE	20675	Sox3	7.536	68	1	0	1.0	0.0	7.536
VAMP8_MOUSE	22320	Vamp8	7.536	68	1	2	1.0	0.0	7.536
SEP15_MOUSE	93684	Selenof	7.536	68	1	0	1.0	0.0	7.536
FGR_MOUSE	14191	Fgr	7.524	70	1	2	1.0	0.0	7.524
GNA13_MOUSE	14674	Gna13	7.524	70	1	1	1.0	0.0	7.524
A2RSX2_MOUSE	15285	Mnx1	7.524	70	1	4	1.0	0.0	7.524
FLNA_MOUSE	192176	Flna	7.524	70	1	2	1.0	0.0	7.524
CCG2_MOUSE	12300	Cacng2	7.517	71	1	1	1.0	0.0	7.517
TERF1_MOUSE	21749	Terf1	7.517	71	1	2	1.0	0.0	7.517
TERF2_MOUSE	21750	Terf2	7.517	71	1	0	1.0	0.0	7.517
DIAP1_MOUSE	13367	Diaph1	7.511	72	1	2	1.0	0.0	7.511
TFEB_MOUSE	21425	Tfeb	7.511	72	1	2	1.0	0.0	7.511
O88325_MOUSE	27419	Naglu	7.511	72	1	2	1.0	0.0	7.511
SIX2_MOUSE	20472	Six2	7.505	73	1	1	1.0	0.0	7.505
A1AT3_MOUSE	20702	Serpina1c	7.505	73	1	0	1.0	0.0	7.505
DYN2_MOUSE	13430	Dnm2	7.499	74	1	1	1.0	0.0	7.499
GBX2_MOUSE	14472	Gbx2	7.499	74	1	3	1.0	0.0	7.499
IER2_MOUSE	15936	Ier2	7.499	74	1	0	1.0	0.0	7.499
SEM4D_MOUSE	20354	Sema4d	7.499	74	1	1	1.0	0.0	7.499
B2RQX9_MOUSE	104245	Slc6a5	7.499	74	1	0	1.0	0.0	7.499
CD2AP_MOUSE	12488	Cd2ap	7.488	76	1	0	1.0	0.0	7.488
PD2R2_MOUSE	14764	Ptgdr2	7.482	77	1	0	1.0	0.0	7.482
TWSG1_MOUSE	65960	Twsg1	7.482	77	1	1	1.0	0.0	7.482
DNJB1_MOUSE	81489	Dnajb1	7.482	77	1	1	1.0	0.0	7.482
ACRO_MOUSE	11434	Acr	7.471	79	1	0	1.0	0.0	7.471
ADH7_MOUSE	11529	Adh7	7.471	79	1	1	1.0	0.0	7.471
CD7_MOUSE	12516	Cd7	7.471	79	1	0	1.0	0.0	7.471
CAV2_MOUSE	12390	Cav2	7.466	80	1	1	1.0	0.0	7.466
ERR2_MOUSE	26380	Esrrb	7.466	80	1	4	1.0	0.0	7.466
ALDOC_MOUSE	11676	Aldoc	7.455	82	1	1	1.0	0.0	7.455
5HT2B_MOUSE	15559	Htr2b	7.455	82	1	0	1.0	0.0	7.455
AT2B2_MOUSE	11941	Atp2b2	7.45	83	1	0	1.0	0.0	7.45
LAMA5_MOUSE	16776	Lama5	7.45	83	1	4	1.0	0.0	7.45
Q75WC0_MOUSE	18975	Polg	7.45	83	1	2	1.0	0.0	7.45
SORT_MOUSE	20661	Sort1	7.444	84	1	2	1.0	0.0	7.444
DAB2_MOUSE	13132	Dab2	7.439	85	1	0	1.0	0.0	7.439
DCLK1_MOUSE	13175	Dclk1	7.439	85	1	1	1.0	0.0	7.439
Q8BNL4_MOUSE	18775	Prl3d1	7.439	85	1	0	1.0	0.0	7.439
FETUA_MOUSE	11625	Ahsg	7.434	86	1	3	1.0	0.0	7.434
Q810E8_MOUSE	66826	Taz	7.434	86	1	2	1.0	0.0	7.434
LIMK1_MOUSE	16885	Limk1	7.429	87	1	2	1.0	0.0	7.429
PK3CD_MOUSE	18707	Pik3cd	7.429	87	1	0	1.0	0.0	7.429
TFDP1_MOUSE	21781	Tfdp1	7.429	87	1	0	1.0	0.0	7.429
FBLN5_MOUSE	23876	Fbln5	7.429	87	1	1	1.0	0.0	7.429
TP53B_MOUSE	27223	Tp53bp1	7.429	87	1	0	1.0	0.0	7.429
TAOK2_MOUSE	381921	Taok2	7.429	87	1	0	1.0	0.0	7.429
JUN_MOUSE	16476	Jun	7.427	4564	2	1	1.301	0.0	5.709
SCG1_MOUSE	12653	Chgb	7.424	88	1	0	1.0	0.0	7.424
A1AT2_MOUSE	20701	Serpina1b	7.424	88	1	0	1.0	0.0	7.424
MSRA_MOUSE	110265	Msra	7.419	89	1	1	1.0	0.0	7.419
CCL2_MOUSE	20296	Ccl2	7.414	4678	2	1	1.301	0.0	5.699
APJ_MOUSE	23796	Aplnr	7.414	90	1	4	1.0	0.0	7.414
AAPK2_MOUSE	108079	Prkaa2	7.414	90	1	1	1.0	0.0	7.414
NUP98_MOUSE	269966	Nup98	7.414	90	1	1	1.0	0.0	7.414
HMHA1_MOUSE	70719	Arhgap45	7.41	91	1	0	1.0	0.0	7.41
MRP3_MOUSE	76408	Abcc3	7.41	91	1	0	1.0	0.0	7.41
IL5_MOUSE	16191	Il5	7.409	4715	2	0	1.301	0.0	5.695
GNDS_MOUSE	19730	Ralgds	7.405	92	1	0	1.0	0.0	7.405
PRND_MOUSE	26434	Prnd	7.405	92	1	1	1.0	0.0	7.405
V1AR_MOUSE	54140	Avpr1a	7.405	92	1	1	1.0	0.0	7.405
GDN_MOUSE	20720	Serpine2	7.396	94	1	1	1.0	0.0	7.396
C10_MOUSE	14790	Grcc10	7.391	95	1	0	1.0	0.0	7.391
MED1_MOUSE	19014	Med1	7.391	95	1	1	1.0	0.0	7.391
RIR2_MOUSE	20135	Rrm2	7.391	95	1	2	1.0	0.0	7.391
CD63_MOUSE	12512	Cd63	7.386	96	1	0	1.0	0.0	7.386
CASB_MOUSE	12991	Csn2	7.386	96	1	4	1.0	0.0	7.386
T23O_MOUSE	56720	Tdo2	7.386	96	1	2	1.0	0.0	7.386
ASC_MOUSE	66824	Pycard	7.386	96	1	4	1.0	0.0	7.386
EM55_MOUSE	17524	Mpp1	7.382	97	1	0	1.0	0.0	7.382
MYH9_MOUSE	17886	Myh9	7.373	99	1	2	1.0	0.0	7.373
EZRI_MOUSE	22350	Ezr	7.373	99	1	1	1.0	0.0	7.373
IL17_MOUSE	16171	Il17a	7.37	5052	2	1	1.301	0.0	5.665
CATS_MOUSE	13040	Ctss	7.369	100	1	0	1.0	0.0	7.369
GPX3_MOUSE	14778	Gpx3	7.364	101	1	3	1.0	0.0	7.364
DAG1_MOUSE	13138	Dag1	7.36	102	1	0	1.0	0.0	7.36
A6MDD2_MOUSE	19275	Ptprn	7.36	102	1	2	1.0	0.0	7.36
VASP_MOUSE	22323	Vasp	7.36	102	1	3	1.0	0.0	7.36
G3XA35_MOUSE	13003	Vcan	7.356	103	1	1	1.0	0.0	7.356
SPAG5_MOUSE	54141	Spag5	7.356	103	1	1	1.0	0.0	7.356
XPO1_MOUSE	103573	Xpo1	7.356	103	1	2	1.0	0.0	7.356
Q8BGZ6_MOUSE	11605	Gla	7.352	104	1	0	1.0	0.0	7.352
ARHG2_MOUSE	16800	Arhgef2	7.352	104	1	0	1.0	0.0	7.352
PCSK1_MOUSE	30052	Pcsk1n	7.352	104	1	0	1.0	0.0	7.352
APEX1_MOUSE	11792	Apex1	7.347	105	1	1	1.0	0.0	7.347
AKT3_MOUSE	23797	Akt3	7.347	105	1	3	1.0	0.0	7.347
AMPE_MOUSE	13809	Enpep	7.343	106	1	0	1.0	0.0	7.343
SAA2_MOUSE	20209	Saa2	7.335	108	1	0	1.0	0.0	7.335
SCN1A_MOUSE	20265	Scn1a	7.335	108	1	4	1.0	0.0	7.335
C3AR_MOUSE	12267	C3ar1	7.331	109	1	2	1.0	0.0	7.331
EMX2_MOUSE	13797	Emx2	7.323	111	1	0	1.0	0.0	7.323
LHX2_MOUSE	16870	Lhx2	7.323	111	1	9	1.0	0.0	7.323
LIS1_MOUSE	18472	Pafah1b1	7.323	111	1	0	1.0	0.0	7.323
HXD13_MOUSE	15433	Hoxd13	7.319	112	1	1	1.0	0.0	7.319
TREM1_MOUSE	58217	Trem1	7.316	113	1	2	1.0	0.0	7.316
HAND1_MOUSE	15110	Hand1	7.312	114	1	5	1.0	0.0	7.312
HXA7_MOUSE	15404	Hoxa7	7.312	114	1	0	1.0	0.0	7.312
ARSA_MOUSE	11883	Arsa	7.304	116	1	0	1.0	0.0	7.304
PLIN2_MOUSE	11520	Plin2	7.3	117	1	3	1.0	0.0	7.3
FRDA_MOUSE	14297	Fxn	7.3	117	1	0	1.0	0.0	7.3
APEL_MOUSE	30878	Apln	7.297	118	1	3	1.0	0.0	7.297
LALBA_MOUSE	16770	Lalba	7.293	119	1	2	1.0	0.0	7.293
ULK1_MOUSE	22241	Ulk1	7.293	119	1	6	1.0	0.0	7.293
TS1R1_MOUSE	110326	Tas1r1	7.293	119	1	0	1.0	0.0	7.293
S1PR2_MOUSE	14739	S1pr2	7.289	120	1	2	1.0	0.0	7.289
ACOC_MOUSE	11428	Aco1	7.286	121	1	0	1.0	0.0	7.286
AA2BR_MOUSE	11541	Adora2b	7.282	122	1	2	1.0	0.0	7.282
CDX1_MOUSE	12590	Cdx1	7.282	122	1	2	1.0	0.0	7.282
XCL1_MOUSE	16963	Xcl1	7.282	122	1	0	1.0	0.0	7.282
CS2LA_MOUSE	12993	Csn1s2a	7.279	123	1	0	1.0	0.0	7.279
Q544X6_MOUSE	14151	Fech	7.279	123	1	1	1.0	0.0	7.279
JAM1_MOUSE	16456	F11r	7.279	123	1	2	1.0	0.0	7.279
Q3U4C5_MOUSE	11542	Adora3	7.275	124	1	1	1.0	0.0	7.275
ACVR1_MOUSE	11477	Acvr1	7.272	125	1	2	1.0	0.0	7.272
ATP7A_MOUSE	11977	Atp7a	7.272	125	1	2	1.0	0.0	7.272
DAZL_MOUSE	13164	Dazl	7.272	125	1	0	1.0	0.0	7.272
CXAR_MOUSE	13052	Cxadr	7.268	126	1	2	1.0	0.0	7.268
PBX1_MOUSE	18514	Pbx1	7.268	126	1	0	1.0	0.0	7.268
MYLK3_MOUSE	213435	Mylk3	7.268	126	1	0	1.0	0.0	7.268
CAH9_MOUSE	230099	Ca9	7.268	126	1	0	1.0	0.0	7.268
RET4_MOUSE	19662	Rbp4	7.267	246	1	10	1.0	0.041	6.978
CCL6_MOUSE	20305	Ccl6	7.265	127	1	0	1.0	0.0	7.265
CATG_MOUSE	13035	Ctsg	7.261	128	1	0	1.0	0.0	7.261
CD79B_MOUSE	15985	Cd79b	7.258	129	1	0	1.0	0.0	7.258
MERTK_MOUSE	17289	Mertk	7.258	129	1	3	1.0	0.0	7.258
HNF1B_MOUSE	21410	Hnf1b	7.258	129	1	2	1.0	0.0	7.258
P2RX2_MOUSE	231602	P2rx2	7.258	129	1	4	1.0	0.0	7.258
PERT_MOUSE	22018	Tpo	7.255	130	1	0	1.0	0.0	7.255
ASGL1_MOUSE	66514	Asrgl1	7.255	130	1	0	1.0	0.0	7.255
TREM2_MOUSE	83433	Trem2	7.255	130	1	2	1.0	0.0	7.255
MUC18_MOUSE	84004	Mcam	7.255	130	1	0	1.0	0.0	7.255
DDX4_MOUSE	13206	Ddx4	7.251	131	1	2	1.0	0.0	7.251
IDHC_MOUSE	15926	Idh1	7.251	131	1	1	1.0	0.0	7.251
ACKR1_MOUSE	13349	Ackr1	7.248	132	1	1	1.0	0.0	7.248
XRCC6_MOUSE	14375	Xrcc6	7.248	132	1	0	1.0	0.0	7.248
PERF_MOUSE	18646	Prf1	7.248	132	1	2	1.0	0.0	7.248
VAMP2_MOUSE	22318	Vamp2	7.248	132	1	4	1.0	0.0	7.248
GDF5_MOUSE	14563	Gdf5	7.245	133	1	2	1.0	0.0	7.245
MMP11_MOUSE	17385	Mmp11	7.242	134	1	1	1.0	0.0	7.242
PH4H_MOUSE	18478	Pah	7.242	134	1	0	1.0	0.0	7.242
PRDX1_MOUSE	18477	Prdx1	7.238	135	1	2	1.0	0.0	7.238
PPLA_MOUSE	18821	Pln	7.238	135	1	0	1.0	0.0	7.238
CD70_MOUSE	21948	Cd70	7.238	135	1	4	1.0	0.0	7.238
ETS2_MOUSE	23872	Ets2	7.238	135	1	4	1.0	0.0	7.238
XRCC5_MOUSE	22596	Xrcc5	7.235	136	1	0	1.0	0.0	7.235
COAA1_MOUSE	12813	Col10a1	7.232	137	1	1	1.0	0.0	7.232
AASS_MOUSE	30956	Aass	7.232	137	1	0	1.0	0.0	7.232
CXL16_MOUSE	66102	Cxcl16	7.232	137	1	1	1.0	0.0	7.232
AP3B1_MOUSE	11774	Ap3b1	7.229	138	1	0	1.0	0.0	7.229
PACR_MOUSE	11517	Adcyap1r1	7.223	140	1	6	1.0	0.0	7.223
HGFL_MOUSE	15235	Mst1	7.223	140	1	0	1.0	0.0	7.223
GDF15_MOUSE	23886	Gdf15	7.219	141	1	1	1.0	0.0	7.219
PLPL9_MOUSE	53357	Pla2g6	7.216	142	1	5	1.0	0.0	7.216
S26A4_MOUSE	23985	Slc26a4	7.213	143	1	2	1.0	0.0	7.213
TR13C_MOUSE	72049	Tnfrsf13c	7.213	143	1	1	1.0	0.0	7.213
APOA4_MOUSE	11808	Apoa4	7.21	144	1	3	1.0	0.0	7.21
NIT1_MOUSE	27045	Nit1	7.207	145	1	0	1.0	0.0	7.207
THIL_MOUSE	110446	Acat1	7.207	145	1	2	1.0	0.0	7.207
ASIC1_MOUSE	11419	Asic1	7.201	147	1	3	1.0	0.0	7.201
M3K7_MOUSE	26409	Map3k7	7.195	288	1	10	1.0	0.041	6.909
ACACA_MOUSE	107476	Acaca	7.195	149	1	3	1.0	0.0	7.195
SRC8_MOUSE	13043	Cttn	7.193	150	1	0	1.0	0.0	7.193
MDS1_MOUSE	14013	Mecom	7.19	151	1	0	1.0	0.0	7.19
IFIT1_MOUSE	15957	Ifit1	7.19	151	1	0	1.0	0.0	7.19
DCTN6_MOUSE	22428	Dctn6	7.184	153	1	0	1.0	0.0	7.184
LGUL_MOUSE	109801	Glo1	7.184	153	1	0	1.0	0.0	7.184
KCNJ6_MOUSE	16522	Kcnj6	7.181	154	1	1	1.0	0.0	7.181
PLCB1_MOUSE	18795	Plcb1	7.181	154	1	0	1.0	0.0	7.181
PPIA_MOUSE	268373	Ppia	7.181	154	1	1	1.0	0.0	7.181
PRPH2_MOUSE	19133	Prph2	7.178	155	1	1	1.0	0.0	7.178
PODO_MOUSE	170484	Nphs2	7.176	156	1	0	1.0	0.0	7.176
PHB2_MOUSE	12034	Phb2	7.173	157	1	0	1.0	0.0	7.173
MCP_MOUSE	17221	Cd46	7.173	157	1	0	1.0	0.0	7.173
PINK1_MOUSE	68943	Pink1	7.17	158	1	8	1.0	0.0	7.17
NPM_MOUSE	18148	Npm1	7.167	159	1	1	1.0	0.0	7.167
TLX2_MOUSE	21909	Tlx2	7.165	160	1	0	1.0	0.0	7.165
LT4R1_MOUSE	16995	Ltb4r	7.162	161	1	0	1.0	0.0	7.162
FSHR_MOUSE	14309	Fshr	7.159	162	1	1	1.0	0.0	7.159
MEN1_MOUSE	17283	Men1	7.159	162	1	0	1.0	0.0	7.159
GRM5_MOUSE	108071	Grm5	7.159	162	1	1	1.0	0.0	7.159
ITPR3_MOUSE	16440	Itpr3	7.156	163	1	1	1.0	0.0	7.156
GALC_MOUSE	14420	Galc	7.149	166	1	2	1.0	0.0	7.149
CC21A_MOUSE	18829	Ccl21a	7.149	166	1	1	1.0	0.0	7.149
B1ATV3_MOUSE	22065	Trpc3	7.149	166	1	2	1.0	0.0	7.149
Q3URE6_MOUSE	11551	Adra2a	7.143	168	1	0	1.0	0.0	7.143
GELS_MOUSE	227753	Gsn	7.141	169	1	0	1.0	0.0	7.141
DISC1_MOUSE	244667	Disc1	7.141	169	1	0	1.0	0.0	7.141
EDA_MOUSE	13607	Eda	7.138	170	1	2	1.0	0.0	7.138
Q9D2V6_MOUSE	20505	Slc34a1	7.136	171	1	1	1.0	0.0	7.136
ITA4_MOUSE	16401	Itga4	7.131	173	1	0	1.0	0.0	7.131
TNR8_MOUSE	21941	Tnfrsf8	7.128	174	1	0	1.0	0.0	7.128
TBP_MOUSE	21374	Tbp	7.126	175	1	0	1.0	0.0	7.126
ACM1_MOUSE	12669	Chrm1	7.121	177	1	0	1.0	0.0	7.121
LPAR1_MOUSE	14745	Lpar1	7.121	177	1	6	1.0	0.0	7.121
ANXA2_MOUSE	12306	Anxa2	7.118	178	1	2	1.0	0.0	7.118
SDC2_MOUSE	15529	Sdc2	7.116	179	1	0	1.0	0.0	7.116
LAMA2_MOUSE	16773	Lama2	7.116	179	1	1	1.0	0.0	7.116
SMCA4_MOUSE	20586	Smarca4	7.113	180	1	2	1.0	0.0	7.113
A0A0U1RQB6_MOUSE	12914	Crebbp	7.112	600	1	11	1.0	0.079	6.59
TYOBP_MOUSE	22177	Tyrobp	7.111	181	1	1	1.0	0.0	7.111
OMP_MOUSE	18378	Omp	7.109	182	1	0	1.0	0.0	7.109
CR1L_MOUSE	12946	Cr1l	7.106	183	1	0	1.0	0.0	7.106
CYR61_MOUSE	16007	Cyr61	7.101	185	1	1	1.0	0.0	7.101
FA72A_MOUSE	108900	Fam72a	7.101	185	1	0	1.0	0.0	7.101
TM201_MOUSE	230917	Tmem201	7.097	187	1	0	1.0	0.0	7.097
CSK22_MOUSE	13000	Csnk2a2	7.09	190	1	1	1.0	0.0	7.09
DAB1_MOUSE	13131	Dab1	7.09	190	1	0	1.0	0.0	7.09
ITA6_MOUSE	16403	Itga6	7.09	190	1	5	1.0	0.0	7.09
CNTN2_MOUSE	21367	Cntn2	7.09	190	1	0	1.0	0.0	7.09
ARGI2_MOUSE	11847	Arg2	7.088	191	1	1	1.0	0.0	7.088
KCRM_MOUSE	12715	Ckm	7.088	191	1	1	1.0	0.0	7.088
LSHR_MOUSE	16867	Lhcgr	7.088	191	1	0	1.0	0.0	7.088
CXCR5_MOUSE	12145	Cxcr5	7.085	192	1	1	1.0	0.0	7.085
CXD2_MOUSE	14617	Gjd2	7.083	193	1	0	1.0	0.0	7.083
CERU_MOUSE	12870	Cp	7.081	194	1	0	1.0	0.0	7.081
EPHA4_MOUSE	13838	Epha4	7.074	197	1	2	1.0	0.0	7.074
ABCG5_MOUSE	27409	Abcg5	7.074	197	1	1	1.0	0.0	7.074
MLC1_MOUSE	170790	Mlc1	7.074	197	1	3	1.0	0.0	7.074
CHK1_MOUSE	12649	Chek1	7.072	198	1	0	1.0	0.0	7.072
FCGRN_MOUSE	14132	Fcgrt	7.072	198	1	1	1.0	0.0	7.072
HG2A_MOUSE	16149	Cd74	7.07	199	1	1	1.0	0.0	7.07
CEAM1_MOUSE	26365	Ceacam1	7.063	202	1	2	1.0	0.0	7.063
STIM1_MOUSE	20866	Stim1	7.057	205	1	5	1.0	0.0	7.057
GDF9_MOUSE	14566	Gdf9	7.055	206	1	1	1.0	0.0	7.055
AQP5_MOUSE	11830	Aqp5	7.048	209	1	3	1.0	0.0	7.048
K2C1_MOUSE	16678	Krt1	7.046	210	1	0	1.0	0.0	7.046
LY96_MOUSE	17087	Ly96	7.044	211	1	3	1.0	0.0	7.044
A0A0B4J1E3_MOUSE	20589	Ighmbp2	7.044	211	1	0	1.0	0.0	7.044
4EBP1_MOUSE	13685	Eif4ebp1	7.04	213	1	3	1.0	0.0	7.04
PRDX2_MOUSE	21672	Prdx2	7.036	215	1	1	1.0	0.0	7.036
APAF_MOUSE	11783	Apaf1	7.032	217	1	1	1.0	0.0	7.032
CO4B_MOUSE	12268	C4b	7.026	220	1	1	1.0	0.0	7.026
SGMR1_MOUSE	18391	Sigmar1	7.026	220	1	0	1.0	0.0	7.026
ILK_MOUSE	16202	Ilk	7.024	221	1	2	1.0	0.0	7.024
NRF1_MOUSE	18181	Nrf1	7.024	221	1	2	1.0	0.0	7.024
TPH1_MOUSE	21990	Tph1	7.024	221	1	6	1.0	0.0	7.024
APOA2_MOUSE	11807	Apoa2	7.022	222	1	0	1.0	0.0	7.022
CAMP_MOUSE	12796	Camp	7.022	222	1	0	1.0	0.0	7.022
IRF4_MOUSE	16364	Irf4	7.018	224	1	0	1.0	0.0	7.018
TRPC6_MOUSE	22068	Trpc6	7.018	224	1	1	1.0	0.0	7.018
CMA1_MOUSE	17228	Cma1	7.013	227	1	1	1.0	0.0	7.013
ADRB3_MOUSE	11556	Adrb3	7.011	228	1	1	1.0	0.0	7.011
L7N1X9_MOUSE	13184	Dcpp1	7.011	228	1	2	1.0	0.0	7.011
LYVE1_MOUSE	114332	Lyve1	7.003	232	1	3	1.0	0.0	7.003
TR10B_MOUSE	21933	Tnfrsf10b	6.999	234	1	0	1.0	0.0	6.999
CASPC_MOUSE	12364	Casp12	6.998	235	1	0	1.0	0.0	6.998
SL9A3_MOUSE	105243	Slc9a3	6.998	235	1	2	1.0	0.0	6.998
K2C5_MOUSE	110308	Krt5	6.998	235	1	0	1.0	0.0	6.998
PON1_MOUSE	18979	Pon1	6.994	237	1	0	1.0	0.0	6.994
FADD_MOUSE	14082	Fadd	6.992	238	1	2	1.0	0.0	6.992
M3K5_MOUSE	26408	Map3k5	6.99	239	1	0	1.0	0.0	6.99
PLCG1_MOUSE	18803	Plcg1	6.983	243	1	0	1.0	0.0	6.983
AIRE_MOUSE	11634	Aire	6.981	244	1	2	1.0	0.0	6.981
MX1_MOUSE	17857	Mx1	6.981	244	1	3	1.0	0.0	6.981
COR1A_MOUSE	12721	Coro1a	6.979	245	1	2	1.0	0.0	6.979
CLD1_MOUSE	12737	Cldn1	6.972	249	1	2	1.0	0.0	6.972
RORA_MOUSE	19883	Rora	6.96	256	1	0	1.0	0.0	6.96
PDK1_MOUSE	228026	Pdk1	6.96	256	1	2	1.0	0.0	6.96
NCOA1_MOUSE	17977	Ncoa1	6.955	259	1	1	1.0	0.0	6.955
AL1A1_MOUSE	11668	Aldh1a1	6.949	263	1	4	1.0	0.0	6.949
ATOH1_MOUSE	11921	Atoh1	6.949	263	1	0	1.0	0.0	6.949
MFGM_MOUSE	17304	Mfge8	6.947	264	1	0	1.0	0.0	6.947
BMR1A_MOUSE	12166	Bmpr1a	6.945	265	1	0	1.0	0.0	6.945
PA2G5_MOUSE	18784	Pla2g5	6.945	265	1	0	1.0	0.0	6.945
SMN_MOUSE	20595	Smn1	6.945	265	1	0	1.0	0.0	6.945
IBP2_MOUSE	16008	Igfbp2	6.937	270	1	1	1.0	0.0	6.937
INGR1_MOUSE	15979	Ifngr1	6.936	271	1	0	1.0	0.0	6.936
JAK3_MOUSE	16453	Jak3	6.936	271	1	0	1.0	0.0	6.936
BASI_MOUSE	12215	Bsg	6.934	272	1	0	1.0	0.0	6.934
IBP5_MOUSE	16011	Igfbp5	6.934	272	1	1	1.0	0.0	6.934
SLIB_MOUSE	14601	Ghrh	6.932	273	1	0	1.0	0.0	6.932
ECM1_MOUSE	13601	Ecm1	6.929	275	1	1	1.0	0.0	6.929
PPR1B_MOUSE	19049	Ppp1r1b	6.929	275	1	0	1.0	0.0	6.929
NDF1_MOUSE	18012	Neurod1	6.928	276	1	1	1.0	0.0	6.928
PRLR_MOUSE	19116	Prlr	6.928	276	1	0	1.0	0.0	6.928
PAR2_MOUSE	14063	F2rl1	6.926	277	1	0	1.0	0.0	6.926
LMNA_MOUSE	16905	Lmna	6.926	277	1	3	1.0	0.0	6.926
NOTC3_MOUSE	18131	Notch3	6.923	279	1	2	1.0	0.0	6.923
MYH6_MOUSE	17888	Myh6	6.921	280	1	1	1.0	0.0	6.921
DUS1_MOUSE	19252	Dusp1	6.918	282	1	1	1.0	0.0	6.918
HYES_MOUSE	13850	Ephx2	6.911	287	1	0	1.0	0.0	6.911
PKD2_MOUSE	18764	Pkd2	6.911	287	1	0	1.0	0.0	6.911
X3CL1_MOUSE	20312	Cx3cl1	6.911	287	1	1	1.0	0.0	6.911
HS71A_MOUSE	193740	Hspa1a	6.905	291	1	0	1.0	0.0	6.905
MSH2_MOUSE	17685	Msh2	6.903	292	1	7	1.0	0.0	6.903
NPC1_MOUSE	18145	Npc1	6.9	294	1	0	1.0	0.0	6.9
KISS1_MOUSE	280287	Kiss1	6.9	294	1	0	1.0	0.0	6.9
LEUK_MOUSE	20737	Spn	6.899	295	1	0	1.0	0.0	6.899
TSC1_MOUSE	64930	Tsc1	6.896	297	1	0	1.0	0.0	6.896
AL3A1_MOUSE	11670	Aldh3a1	6.894	298	1	0	1.0	0.0	6.894
F8VPZ1_MOUSE	433766	Trim63	6.894	298	1	1	1.0	0.0	6.894
CXA5_MOUSE	14613	Gja5	6.89	301	1	1	1.0	0.0	6.89
AURKA_MOUSE	20878	Aurka	6.89	301	1	0	1.0	0.0	6.89
UTER_MOUSE	22287	Scgb1a1	6.889	302	1	6	1.0	0.0	6.889
VAV_MOUSE	22324	Vav1	6.889	302	1	1	1.0	0.0	6.889
AQP2_MOUSE	11827	Aqp2	6.886	304	1	1	1.0	0.0	6.886
TYRO3_MOUSE	22174	Tyro3	6.881	307	1	0	1.0	0.0	6.881
ENPL_MOUSE	22027	Hsp90b1	6.88	308	1	3	1.0	0.0	6.88
Q7TT21_MOUSE	22084	Tsc2	6.879	309	1	0	1.0	0.0	6.879
BKRB2_MOUSE	12062	Bdkrb2	6.876	311	1	1	1.0	0.0	6.876
TPOR_MOUSE	17480	Mpl	6.873	313	1	0	1.0	0.0	6.873
BAD_MOUSE	12015	Bad	6.87	315	1	0	1.0	0.0	6.87
TFPI1_MOUSE	21788	Tfpi	6.87	315	1	1	1.0	0.0	6.87
NOTC2_MOUSE	18129	Notch2	6.868	317	1	0	1.0	0.0	6.868
S100B_MOUSE	20203	S100b	6.868	317	1	0	1.0	0.0	6.868
NPY6R_MOUSE	18169	Npy6r	6.866	318	1	2	1.0	0.0	6.866
CALB2_MOUSE	12308	Calb2	6.865	319	1	0	1.0	0.0	6.865
ASCL1_MOUSE	17172	Ascl1	6.865	319	1	0	1.0	0.0	6.865
ITB1_MOUSE	16412	Itgb1	6.861	322	1	3	1.0	0.0	6.861
TNR4_MOUSE	22163	Tnfrsf4	6.861	322	1	2	1.0	0.0	6.861
TRH_MOUSE	22044	Trh	6.859	323	1	0	1.0	0.0	6.859
MRP1_MOUSE	17250	Abcc1	6.854	327	1	4	1.0	0.0	6.854
EGR2_MOUSE	13654	Egr2	6.851	329	1	0	1.0	0.0	6.851
PAX2_MOUSE	18504	Pax2	6.85	330	1	1	1.0	0.0	6.85
ISL1_MOUSE	16392	Isl1	6.849	331	1	1	1.0	0.0	6.849
Q80SY9_MOUSE	257632	Nod2	6.849	331	1	1	1.0	0.0	6.849
TIMP3_MOUSE	21859	Timp3	6.845	334	1	1	1.0	0.0	6.845
RAD51_MOUSE	19361	Rad51	6.844	335	1	0	1.0	0.0	6.844
ADRB1_MOUSE	11554	Adrb1	6.838	339	1	0	1.0	0.0	6.838
CALR_MOUSE	12317	Calr	6.836	341	1	0	1.0	0.0	6.836
ITPR1_MOUSE	16438	Itpr1	6.836	341	1	0	1.0	0.0	6.836
CSPG4_MOUSE	121021	Cspg4	6.836	341	1	4	1.0	0.0	6.836
CRFR1_MOUSE	12921	Crhr1	6.833	343	1	4	1.0	0.0	6.833
SRBP2_MOUSE	20788	Srebf2	6.832	344	1	0	1.0	0.0	6.832
Q61563_MOUSE	14184	Fgfr3	6.831	345	1	1	1.0	0.0	6.831
NFKB2_MOUSE	18034	Nfkb2	6.831	345	1	2	1.0	0.0	6.831
ALEX_MOUSE	14683	Gnas	6.827	348	1	0	1.0	0.0	6.827
TSLP_MOUSE	53603	Tslp	6.827	348	1	0	1.0	0.0	6.827
RIF1_MOUSE	51869	Rif1	6.816	357	1	0	1.0	0.0	6.816
CAC1A_MOUSE	12286	Cacna1a	6.813	359	1	4	1.0	0.0	6.813
5HT1B_MOUSE	15551	Htr1b	6.813	359	1	0	1.0	0.0	6.813
CCND2_MOUSE	12444	Ccnd2	6.81	362	1	0	1.0	0.0	6.81
SRF_MOUSE	20807	Srf	6.808	364	1	0	1.0	0.0	6.808
ZN185_MOUSE	22673	Znf185	6.808	364	1	0	1.0	0.0	6.808
FCER2_MOUSE	14128	Fcer2	6.805	366	1	0	1.0	0.0	6.805
RYR1_MOUSE	20190	Ryr1	6.805	366	1	0	1.0	0.0	6.805
GRB2_MOUSE	14784	Grb2	6.8	370	1	3	1.0	0.0	6.8
PK3CA_MOUSE	18706	Pik3ca	6.8	370	1	1	1.0	0.0	6.8
LAMP1_MOUSE	16783	Lamp1	6.799	371	1	3	1.0	0.0	6.799
AKT2_MOUSE	11652	Akt2	6.796	374	1	1	1.0	0.0	6.796
E2AK2_MOUSE	19106	Eif2ak2	6.793	376	1	0	1.0	0.0	6.793
CDK20_MOUSE	105278	Cdk20	6.776	391	1	0	1.0	0.0	6.776
DCE2_MOUSE	14417	Gad2	6.767	400	1	0	1.0	0.0	6.767
ADRB2_MOUSE	11555	Adrb2	6.762	404	1	0	1.0	0.0	6.762
FGF1_MOUSE	14164	Fgf1	6.759	407	1	0	1.0	0.0	6.759
GLI1_MOUSE	14632	Gli1	6.754	412	1	1	1.0	0.0	6.754
FABP4_MOUSE	11770	Fabp4	6.745	420	1	0	1.0	0.0	6.745
KLOT_MOUSE	16591	Kl	6.745	420	1	1	1.0	0.0	6.745
CLOCK_MOUSE	12753	Clock	6.74	425	1	2	1.0	0.0	6.74
ADA17_MOUSE	11491	Adam17	6.734	431	1	2	1.0	0.0	6.734
JAG1_MOUSE	16449	Jag1	6.73	435	1	6	1.0	0.0	6.73
ADA_MOUSE	11486	Ada	6.723	442	1	0	1.0	0.0	6.723
NR4A1_MOUSE	15370	Nr4a1	6.722	443	1	0	1.0	0.0	6.722
CP1A2_MOUSE	13077	Cyp1a2	6.72	445	1	0	1.0	0.0	6.72
SPRC_MOUSE	20692	Sparc	6.72	445	1	5	1.0	0.0	6.72
NGAL_MOUSE	16819	Lcn2	6.718	447	1	2	1.0	0.0	6.718
DCX_MOUSE	13193	Dcx	6.711	455	1	2	1.0	0.0	6.711
CO2A1_MOUSE	12824	Col2a1	6.707	459	1	1	1.0	0.0	6.707
XBP1_MOUSE	22433	Xbp1	6.698	468	1	5	1.0	0.0	6.698
GLNA_MOUSE	14645	Glul	6.696	471	1	0	1.0	0.0	6.696
VEGFC_MOUSE	22341	Vegfc	6.686	482	1	8	1.0	0.0	6.686
AOFA_MOUSE	17161	Maoa	6.683	485	1	0	1.0	0.0	6.683
ACTB_MOUSE	11461	Actb	6.682	486	1	0	1.0	0.0	6.682
PPA5_MOUSE	11433	Acp5	6.681	487	1	0	1.0	0.0	6.681
PACA_MOUSE	11516	Adcyap1	6.675	494	1	1	1.0	0.0	6.675
TPA_MOUSE	18791	Plat	6.675	494	1	1	1.0	0.0	6.675
TRFL_MOUSE	17002	Ltf	6.671	499	1	0	1.0	0.0	6.671
ANGP1_MOUSE	11600	Angpt1	6.666	504	1	0	1.0	0.0	6.666
HES1_MOUSE	15205	Hes1	6.665	506	1	3	1.0	0.0	6.665
NMDE1_MOUSE	14811	Grin2a	6.663	508	1	1	1.0	0.0	6.663
IL4RA_MOUSE	16190	Il4r	6.662	509	1	1	1.0	0.0	6.662
CCNA2_MOUSE	12428	Ccna2	6.657	515	1	0	1.0	0.0	6.657
CO3_MOUSE	12266	C3	6.655	517	1	5	1.0	0.0	6.655
TENA_MOUSE	21923	Tnc	6.644	530	1	0	1.0	0.0	6.644
NR1H4_MOUSE	20186	Nr1h4	6.643	532	1	1	1.0	0.0	6.643
IL7RA_MOUSE	16197	Il7r	6.642	533	1	0	1.0	0.0	6.642
BGLR_MOUSE	110006	Gusb	6.623	557	1	0	1.0	0.0	6.623
SP2_MOUSE	78912	Sp2	6.608	576	1	0	1.0	0.0	6.608
PO5F1_MOUSE	18999	Pou5f1	6.607	578	1	0	1.0	0.0	6.607
SC6A3_MOUSE	13162	Slc6a3	6.606	579	1	1	1.0	0.0	6.606
RAGE_MOUSE	11596	Ager	6.605	580	1	2	1.0	0.0	6.605
CH60_MOUSE	15510	Hspd1	6.604	582	1	1	1.0	0.0	6.604
IL2RB_MOUSE	16185	Il2rb	6.603	583	1	1	1.0	0.0	6.603
CHLE_MOUSE	12038	Bche	6.602	584	1	0	1.0	0.0	6.602
5NTD_MOUSE	23959	Nt5e	6.599	589	1	4	1.0	0.0	6.599
GRIA2_MOUSE	14800	Gria2	6.595	594	1	2	1.0	0.0	6.595
PDCD1_MOUSE	18566	Pdcd1	6.583	610	1	0	1.0	0.0	6.583
BMAL1_MOUSE	11865	Arntl	6.574	623	1	1	1.0	0.0	6.574
CXCR3_MOUSE	12766	Cxcr3	6.571	628	1	1	1.0	0.0	6.571
DNMT1_MOUSE	13433	Dnmt1	6.571	627	1	0	1.0	0.0	6.571
RAF1_MOUSE	110157	Raf1	6.566	635	1	0	1.0	0.0	6.566
CO5_MOUSE	15139	C5	6.564	638	1	3	1.0	0.0	6.564
TY3H_MOUSE	21823	Th	6.564	638	1	2	1.0	0.0	6.564
IKKB_MOUSE	16150	Ikbkb	6.562	641	1	1	1.0	0.0	6.562
PGFRB_MOUSE	18596	Pdgfrb	6.562	641	1	0	1.0	0.0	6.562
RET_MOUSE	19713	Ret	6.556	649	1	0	1.0	0.0	6.556
MECP2_MOUSE	17257	Mecp2	6.539	675	1	0	1.0	0.0	6.539
GRAB_MOUSE	14939	Gzmb	6.537	678	1	1	1.0	0.0	6.537
Q9CPQ2_MOUSE	19109	Prl	6.532	687	1	0	1.0	0.0	6.532
CXCL9_MOUSE	17329	Cxcl9	6.527	695	1	0	1.0	0.0	6.527
E2AK3_MOUSE	13666	Eif2ak3	6.52	705	1	5	1.0	0.0	6.52
CDK1_MOUSE	12534	Cdk1	6.513	717	1	0	1.0	0.0	6.513
LIPL_MOUSE	16956	Lpl	6.508	726	1	1	1.0	0.0	6.508
TNF10_MOUSE	22035	Tnfsf10	6.49	756	1	1	1.0	0.0	6.49
GON1_MOUSE	14714	Gnrh1	6.488	760	1	0	1.0	0.0	6.488
CD68_MOUSE	12514	Cd68	6.485	765	1	0	1.0	0.0	6.485
RB_MOUSE	19645	Rb1	6.48	774	1	0	1.0	0.0	6.48
PER2_MOUSE	18627	Per2	6.478	777	1	0	1.0	0.0	6.478
CALCA_MOUSE	12310	Calca	6.453	824	1	0	1.0	0.0	6.453
Q8CFT3_MOUSE	18053	Ngfr	6.446	837	1	2	1.0	0.0	6.446
PDX1_MOUSE	18609	Pdx1	6.441	847	1	0	1.0	0.0	6.441
MDR1B_MOUSE	18669	Abcb1b	6.435	857	1	1	1.0	0.0	6.435
CAH2_MOUSE	12349	Ca2	6.432	864	1	1	1.0	0.0	6.432
GHRL_MOUSE	58991	Ghrl	6.422	885	1	3	1.0	0.0	6.422
FOXO1_MOUSE	56458	Foxo1	6.417	894	1	0	1.0	0.0	6.417
MOG_MOUSE	17441	Mog	6.416	897	1	2	1.0	0.0	6.416
VDR_MOUSE	22337	Vdr	6.391	950	1	2	1.0	0.0	6.391
SOX9_MOUSE	20682	Sox9	6.39	951	1	0	1.0	0.0	6.39
GRIA1_MOUSE	14799	Gria1	6.385	962	1	1	1.0	0.0	6.385
CD14_MOUSE	12475	Cd14	6.382	969	1	0	1.0	0.0	6.382
CD69_MOUSE	12515	Cd69	6.382	969	1	0	1.0	0.0	6.382
IKBA_MOUSE	18035	Nfkbia	6.377	980	1	0	1.0	0.0	6.377
CP1A1_MOUSE	13076	Cyp1a1	6.375	985	1	0	1.0	0.0	6.375
NTRK2_MOUSE	18212	Ntrk2	6.374	988	1	2	1.0	0.0	6.374
INSR_MOUSE	16337	Insr	6.371	995	1	0	1.0	0.0	6.371
S17A5_MOUSE	235504	Slc17a5	6.368	1001	1	0	1.0	0.0	6.368
TYRO_MOUSE	22173	Tyr	6.362	1016	1	0	1.0	0.0	6.362
CFTR_MOUSE	12638	Cftr	6.349	1047	1	0	1.0	0.0	6.349
NLRP3_MOUSE	216799	Nlrp3	6.348	1049	1	2	1.0	0.0	6.348
IRS1_MOUSE	16367	Irs1	6.342	1064	1	1	1.0	0.0	6.342
SRBP1_MOUSE	20787	Srebf1	6.32	1119	1	3	1.0	0.0	6.32
E9PUR6_MOUSE	14815	Nr3c1	6.314	1133	1	0	1.0	0.0	6.314
ESR2_MOUSE	13983	Esr2	6.303	1164	1	1	1.0	0.0	6.303
IL15_MOUSE	16168	Il15	6.289	1202	1	3	1.0	0.0	6.289
NOTC1_MOUSE	18128	Notch1	6.262	1278	1	1	1.0	0.0	6.262
HA1B_MOUSE	14972	H2-K1	6.259	1287	1	0	1.0	0.0	6.259
Q9Z0L6_MOUSE	19226	Pth	6.255	1300	1	0	1.0	0.0	6.255
RAG1_MOUSE	19373	Rag1	6.25	1314	1	7	1.0	0.0	6.25
VIME_MOUSE	22352	Vim	6.249	1318	1	0	1.0	0.0	6.249
RAG2_MOUSE	19374	Rag2	6.246	1326	1	0	1.0	0.0	6.246
SP1_MOUSE	20683	Sp1	6.246	1327	1	2	1.0	0.0	6.246
IL7_MOUSE	16196	Il7	6.23	1376	1	0	1.0	0.0	6.23
SOX2_MOUSE	20674	Sox2	6.219	1412	1	4	1.0	0.0	6.219
MDM2_MOUSE	17246	Mdm2	6.211	1436	1	0	1.0	0.0	6.211
TNR1A_MOUSE	21937	Tnfrsf1a	6.197	1483	1	0	1.0	0.0	6.197
CDN1B_MOUSE	12576	Cdkn1b	6.189	1510	1	3	1.0	0.0	6.189
TKN1_MOUSE	21333	Tac1	6.181	1539	1	0	1.0	0.0	6.181
IFNB_MOUSE	15977	Ifnb1	6.144	1676	1	2	1.0	0.0	6.144
RASK_MOUSE	16653	Kras	6.139	1696	1	0	1.0	0.0	6.139
PCNA_MOUSE	18538	Pcna	6.134	1716	1	0	1.0	0.0	6.134
CNR1_MOUSE	12801	Cnr1	6.128	1737	1	0	1.0	0.0	6.128
CCL3_MOUSE	20302	Ccl3	6.125	1750	1	3	1.0	0.0	6.125
MCPT1_MOUSE	17224	Mcpt1	6.101	1852	1	0	1.0	0.0	6.101
BGAL_MOUSE	12091	Glb1	6.099	1858	1	2	1.0	0.0	6.099
CCL4_MOUSE	20303	Ccl4	6.091	1891	1	0	1.0	0.0	6.091
KIT_MOUSE	16590	Kit	6.037	2145	1	7	1.0	0.0	6.037
CCND1_MOUSE	12443	Ccnd1	5.919	2816	1	0	1.0	0.0	5.919
CDN1A_MOUSE	12575	Cdkn1a	5.853	3275	1	1	1.0	0.0	5.853
IL2RA_MOUSE	16184	Il2ra	5.809	3631	1	0	1.0	0.0	5.809
MK03_MOUSE	26417	Mapk3	5.611	5725	1	1	1.0	0.0	5.611
