Big_T	68150
Big_F	1558007
UniProtKB_ID	GeneID	Gene_Name	PPS	Big_P	T+P	Citation	1+Log(T+P)	log10((Cit/yr+1)/10)	1+log10(F/T)+log10(F/P)
Q3UTR7_MOUSE	11606	Agt	23.468	2105	183	173	3.262	1.241	5.212
ACE_MOUSE	11421	Ace	21.502	767	94	67	2.973	0.833	5.65
AGTRA_MOUSE	11607	Agtr1a	20.951	723	63	77	2.799	0.892	5.676
AQP2_MOUSE	11827	Aqp2	17.234	304	22	31	2.342	0.505	6.052
GDNF_MOUSE	14573	Gdnf	16.958	1002	20	57	2.301	0.763	5.534
EDN1_MOUSE	13614	Edn1	16.79	1191	34	34	2.531	0.544	5.459
VDR_MOUSE	22337	Vdr	16.025	950	17	44	2.23	0.653	5.557
RET_MOUSE	19713	Ret	15.727	649	20	27	2.301	0.447	5.723
ATRAP_MOUSE	11610	Agtrap	15.438	400	20	19	2.301	0.301	5.933
RENI2_MOUSE	19702	Ren2	15.211	248	30	7	2.477	0.0	6.141
SCNNA_MOUSE	20276	Scnn1a	15.173	274	11	27	2.041	0.447	6.097
AGTR2_MOUSE	11609	Agtr2	14.699	399	20	14	2.301	0.176	5.934
A3KN90_MOUSE	110784	Nr3c2	14.551	213	17	12	2.23	0.114	6.207
CP21A_MOUSE	13079	Cyp21	14.545	1354	41	11	2.613	0.079	5.403
PAX2_MOUSE	18504	Pax2	14.32	330	12	19	2.079	0.301	6.016
EPO_MOUSE	13856	Epo	14.153	2755	30	19	2.477	0.301	5.094
SL9A3_MOUSE	105243	Slc9a3	14.129	235	14	13	2.146	0.146	6.164
PKD1_MOUSE	18763	Pkd1	14.081	334	10	21	2.0	0.342	6.011
TGFB1_MOUSE	21803	Tgfb1	14.076	11126	36	37	2.556	0.58	4.489
HMOX1_MOUSE	15368	Hmox1	13.87	2301	20	23	2.301	0.38	5.173
Q199A7_MOUSE	22431	Wt1	13.768	475	16	13	2.204	0.146	5.858
ACE2_MOUSE	70008	Ace2	13.722	326	10	18	2.0	0.279	6.022
BMP4_MOUSE	12159	Bmp4	13.717	1390	14	24	2.146	0.398	5.392
CD4_MOUSE	12504	Cd4	13.682	22385	39	47	2.591	0.681	4.181
CP27B_MOUSE	13115	Cyp27b1	13.672	234	11	14	2.041	0.176	6.166
KLOT_MOUSE	16591	Kl	13.603	420	10	19	2.0	0.301	5.912
ADCY6_MOUSE	11512	Adcy6	13.366	62	6	15	1.778	0.204	6.743
LRP2_MOUSE	14725	Lrp2	13.336	227	8	17	1.903	0.255	6.179
RENI1_MOUSE	19701	Ren1	13.306	174	13	7	2.114	0.0	6.294
CP24A_MOUSE	13081	Cyp24a1	13.297	138	12	7	2.079	0.0	6.395
IL6_MOUSE	16193	Il6	13.179	20477	33	39	2.519	0.602	4.223
BKRB1_MOUSE	12061	Bdkrb1	13.086	95	9	10	1.954	0.041	6.557
LEP_MOUSE	16846	Lep	13.07	1864	16	18	2.204	0.279	5.264
AQP1_MOUSE	11826	Aqp1	13.068	377	12	12	2.079	0.114	5.959
DBP_MOUSE	13170	Dbp	12.986	171	5	22	1.699	0.362	6.302
C1QA_MOUSE	12259	C1qa	12.829	468	7	21	1.845	0.342	5.865
SC5A1_MOUSE	20537	Slc5a1	12.743	165	4	25	1.602	0.415	6.317
ATG5_MOUSE	11793	Atg5	12.639	400	5	26	1.699	0.431	5.933
UT1_MOUSE	108052	Slc14a1	12.629	49	7	6	1.845	0.0	6.845
CATA_MOUSE	12359	Cat	12.571	2500	28	9	2.447	0.0	5.137
APOE_MOUSE	11816	Apoe	12.566	6732	26	17	2.415	0.255	4.706
IL17_MOUSE	16171	Il17a	12.517	5052	10	38	2.0	0.591	4.831
AKT1_MOUSE	11651	Akt1	12.45	7425	26	17	2.415	0.255	4.663
BGAL_MOUSE	12091	Glb1	12.416	1858	19	11	2.279	0.079	5.266
ALEX_MOUSE	14683	Gnas	12.395	348	9	12	1.954	0.114	5.993
Q80YX8_MOUSE	381531	Mup21	12.358	110	8	6	1.903	0.0	6.494
E9PUR6_MOUSE	14815	Nr3c1	12.224	1133	5	33	1.699	0.531	5.481
S12A1_MOUSE	20495	Slc12a1	12.213	131	8	7	1.903	0.0	6.418
VHL_MOUSE	22346	Vhl	12.079	234	7	12	1.845	0.114	6.166
NOS1_MOUSE	18125	Nos1	12.002	2301	19	10	2.279	0.041	5.173
VEGFA_MOUSE	22339	Vegfa	11.997	8050	17	22	2.23	0.362	4.628
Q9D2V6_MOUSE	20505	Slc34a1	11.993	171	8	2	1.903	0.0	6.302
ANGI_MOUSE	11727	Ang	11.937	462	6	17	1.778	0.255	5.87
CR1L_MOUSE	12946	Cr1l	11.937	183	8	8	1.903	0.0	6.273
EPAS1_MOUSE	13819	Epas1	11.928	430	5	20	1.699	0.322	5.901
SOMA_MOUSE	14599	Gh1	11.927	1540	17	2	2.23	0.0	5.347
G5E899_MOUSE	18787	Serpine1	11.918	1221	14	10	2.146	0.041	5.448
FINC_MOUSE	14268	Fn1	11.796	3274	16	13	2.204	0.146	5.019
Q3URF1_MOUSE	104027	Synpo	11.772	59	5	10	1.699	0.041	6.764
ACTA_MOUSE	11475	Acta2	11.749	1149	14	8	2.146	0.0	5.474
EGFR_MOUSE	13649	Egfr	11.748	3436	14	15	2.146	0.204	4.999
BCL2_MOUSE	12043	Bcl2	11.697	6235	14	20	2.146	0.322	4.739
CP2E1_MOUSE	13106	Cyp2e1	11.685	822	12	2	2.079	0.0	5.62
NOS3_MOUSE	18127	Nos3	11.672	1787	9	17	1.954	0.255	5.282
HIF1A_MOUSE	15251	Hif1a	11.608	2440	9	19	1.954	0.301	5.147
ANRE_MOUSE	16483	Kap	11.585	52	5	2	1.699	0.0	6.819
TLR4_MOUSE	21898	Tlr4	11.572	5694	12	21	2.079	0.342	4.779
SGK1_MOUSE	20393	Sgk1	11.504	285	6	12	1.778	0.114	6.08
COMT_MOUSE	12846	Comt	11.475	207	7	8	1.845	0.0	6.219
Q921K2_MOUSE	11545	Parp1	11.439	1989	9	16	1.954	0.23	5.236
CO4A1_MOUSE	12826	Col4a1	11.352	110	4	13	1.602	0.146	6.494
CP4AA_MOUSE	13117	Cyp4a10	11.302	151	6	9	1.778	0.0	6.356
S100G_MOUSE	12309	S100g	11.257	160	6	2	1.778	0.0	6.331
FGF23_MOUSE	64654	Fgf23	11.201	412	6	12	1.778	0.114	5.92
CXA5_MOUSE	14613	Gja5	11.175	301	7	9	1.845	0.0	6.056
IGF1_MOUSE	16000	Igf1	11.166	4315	19	9	2.279	0.0	4.9
BKRB2_MOUSE	12062	Bdkrb2	11.148	311	7	3	1.845	0.0	6.042
ANDR_MOUSE	11835	Ar	11.141	1195	11	5	2.041	0.0	5.457
Q9Z0L6_MOUSE	19226	Pth	11.066	1300	11	1	2.041	0.0	5.421
ANF_MOUSE	230899	Nppa	11.031	548	8	2	1.903	0.0	5.796
PGFRB_MOUSE	18596	Pdgfrb	11.022	641	4	20	1.602	0.322	5.728
FOXD1_MOUSE	15229	Foxd1	11.01	46	4	5	1.602	0.0	6.872
HGF_MOUSE	15234	Hgf	11.01	1386	11	9	2.041	0.0	5.393
NEK8_MOUSE	140859	Nek8	11.004	57	3	13	1.477	0.146	6.779
EYA1_MOUSE	14048	Eya1	10.952	50	4	6	1.602	0.0	6.836
ALBU_MOUSE	11657	Alb	10.928	1519	11	0	2.041	0.0	5.353
CSF2_MOUSE	12981	Csf2	10.92	4923	10	17	2.0	0.255	4.842
SUCR1_MOUSE	84112	Sucnr1	10.893	23	3	10	1.477	0.041	7.173
ADA17_MOUSE	11491	Adam17	10.887	431	5	13	1.699	0.146	5.9
SLC31_MOUSE	20532	Slc3a1	10.87	15	3	0	1.477	0.0	7.359
CP1A2_MOUSE	13077	Cyp1a2	10.861	445	7	2	1.845	0.0	5.887
AT12A_MOUSE	192113	Atp12a	10.829	16	3	3	1.477	0.0	7.331
HYES_MOUSE	13850	Ephx2	10.806	287	6	9	1.778	0.0	6.077
CTGF_MOUSE	14219	Ctgf	10.8	724	8	5	1.903	0.0	5.675
WNK1_MOUSE	232341	Wnk1	10.78	64	4	9	1.602	0.0	6.729
PACA_MOUSE	11516	Adcyap1	10.777	494	7	2	1.845	0.0	5.841
PHEX_MOUSE	18675	Phex	10.775	156	5	1	1.699	0.0	6.342
CADH1_MOUSE	12550	Cdh1	10.773	2117	9	12	1.954	0.114	5.209
RENR_MOUSE	70495	Atp6ap2	10.769	96	4	10	1.602	0.041	6.553
Q6P5E3_MOUSE	58198	Sall1	10.759	66	4	6	1.602	0.0	6.715
BAT1_MOUSE	30962	Slc7a9	10.718	19	3	0	1.477	0.0	7.256
ICAM1_MOUSE	15894	Icam1	10.69	3579	14	9	2.146	0.0	4.981
CP4AE_MOUSE	13119	Cyp4a14	10.66	76	4	7	1.602	0.0	6.654
Q8BWN7_MOUSE	226143	Cyp2c44	10.654	21	3	3	1.477	0.0	7.213
CFAH_MOUSE	12628	Cfh	10.633	79	4	2	1.602	0.0	6.637
CP2A4_MOUSE	13086	Cyp2a4	10.616	81	4	0	1.602	0.0	6.626
PPARA_MOUSE	19013	Ppara	10.616	3256	13	6	2.114	0.0	5.022
ADIPO_MOUSE	11450	Adipoq	10.611	1696	10	9	2.0	0.0	5.305
GRPR_MOUSE	14829	Grpr	10.604	169	3	15	1.477	0.204	6.307
C11B2_MOUSE	13072	Cyp11b2	10.599	83	4	3	1.602	0.0	6.616
CLCKA_MOUSE	12733	Clcnka	10.596	23	3	2	1.477	0.0	7.173
PLXB2_MOUSE	140570	Plxnb2	10.596	23	3	4	1.477	0.0	7.173
CD3E_MOUSE	12501	Cd3e	10.592	4649	15	8	2.176	0.0	4.867
ANPRA_MOUSE	18160	Npr1	10.577	204	5	5	1.699	0.0	6.225
FOS_MOUSE	14281	Fos	10.557	4395	9	15	1.954	0.204	4.891
MDR1A_MOUSE	18671	Abcb1a	10.556	651	7	6	1.845	0.0	5.721
VGFR1_MOUSE	14254	Flt1	10.544	882	7	10	1.845	0.041	5.589
Q8BMG0_MOUSE	15932	Idua	10.543	90	4	5	1.602	0.0	6.581
TNR6_MOUSE	14102	Fas	10.508	1438	9	4	1.954	0.0	5.377
Q3UEG8_MOUSE	14962	Cfb	10.504	225	5	3	1.699	0.0	6.183
MRP6_MOUSE	27421	Abcc6	10.498	96	4	8	1.602	0.0	6.553
GFRA1_MOUSE	14585	Gfra1	10.496	196	4	11	1.602	0.079	6.243
Q8VIE6_MOUSE	140918	Slc7a12	10.484	3	2	0	1.301	0.0	8.058
BAX_MOUSE	12028	Bax	10.474	3937	12	10	2.079	0.041	4.939
ELN_MOUSE	13717	Eln	10.47	725	7	2	1.845	0.0	5.674
K1KB9_MOUSE	13648	Klk1b9	10.429	106	4	0	1.602	0.0	6.51
AHR_MOUSE	11622	Ahr	10.427	1582	9	5	1.954	0.0	5.335
PODO_MOUSE	170484	Nphs2	10.423	156	4	10	1.602	0.041	6.342
LMX1B_MOUSE	16917	Lmx1b	10.397	111	4	3	1.602	0.0	6.49
CNR1_MOUSE	12801	Cnr1	10.347	1737	9	9	1.954	0.0	5.295
AA2BR_MOUSE	11541	Adora2b	10.331	122	2	19	1.301	0.301	6.449
Q3UNV2_MOUSE	100066	Cyp2j11	10.321	4	2	2	1.301	0.0	7.933
C5AR1_MOUSE	12273	C5ar1	10.31	293	5	6	1.699	0.0	6.068
AA1R_MOUSE	11539	Adora1	10.261	313	5	2	1.699	0.0	6.039
IL10_MOUSE	16153	Il10	10.234	13394	10	20	2.0	0.322	4.407
DCOR_MOUSE	18263	Odc1	10.227	1449	8	0	1.903	0.0	5.374
S26A4_MOUSE	23985	Slc26a4	10.221	143	4	2	1.602	0.0	6.38
Q8VCA4_MOUSE	106648	Cyp4f15	10.195	5	2	1	1.301	0.0	7.836
STC1_MOUSE	20855	Stc1	10.183	151	4	2	1.602	0.0	6.356
GUC2A_MOUSE	14915	Guca2a	10.165	45	3	0	1.477	0.0	6.882
Q80XC0_MOUSE	57738	Slc15a2	10.165	45	3	1	1.477	0.0	6.882
Q3SXK0_MOUSE	22269	Upk2	10.151	46	3	3	1.477	0.0	6.872
GRK4_MOUSE	14772	Grk4	10.137	47	3	6	1.477	0.0	6.863
CYB5_MOUSE	109672	Cyb5a	10.129	163	4	0	1.602	0.0	6.323
UPK3B_MOUSE	100647	Upk3b	10.092	6	2	2	1.301	0.0	7.757
CRCM1_MOUSE	109305	Orai1	10.08	175	4	1	1.602	0.0	6.292
HPGDS_MOUSE	54486	Hpgds	10.076	1185	7	0	1.845	0.0	5.461
CTNB1_MOUSE	12387	Ctnnb1	10.056	2035	6	13	1.778	0.146	5.226
CX3C1_MOUSE	13051	Cx3cr1	10.043	581	5	10	1.699	0.041	5.771
G6PC_MOUSE	14377	G6pc	10.032	782	6	0	1.778	0.0	5.642
RASH_MOUSE	15461	Hras	9.998	1306	7	6	1.845	0.0	5.419
A2AM57_MOUSE	16348	Invs	9.991	59	3	2	1.477	0.0	6.764
Q80XK1_MOUSE	13087	Cyp2a5	9.987	200	4	0	1.602	0.0	6.234
UROM_MOUSE	22242	Umod	9.96	62	3	4	1.477	0.0	6.743
CLUS_MOUSE	12759	Clu	9.95	211	4	1	1.602	0.0	6.211
KFA_MOUSE	71562	Afmid	9.929	8	2	0	1.301	0.0	7.632
WTIP_MOUSE	101543	Wtip	9.929	8	2	1	1.301	0.0	7.632
TRFE_MOUSE	22041	Tf	9.926	1430	7	0	1.845	0.0	5.379
PGH2_MOUSE	19225	Ptgs2	9.925	3735	10	6	2.0	0.0	4.963
LGR4_MOUSE	107515	Lgr4	9.92	66	3	2	1.477	0.0	6.715
HPT_MOUSE	15439	Hp	9.918	221	4	5	1.602	0.0	6.191
STK24_MOUSE	223255	Stk24	9.91	67	3	3	1.477	0.0	6.709
ANGP1_MOUSE	11600	Angpt1	9.909	504	5	9	1.699	0.0	5.833
MBL2_MOUSE	17195	Mbl2	9.902	226	4	2	1.602	0.0	6.181
VA0D2_MOUSE	242341	Atp6v0d2	9.902	185	2	18	1.301	0.279	6.268
CO3_MOUSE	12266	C3	9.89	517	5	8	1.699	0.0	5.821
S620A_MOUSE	102680	Slc6a20a	9.863	9	2	2	1.301	0.0	7.581
DHI2_MOUSE	15484	Hsd11b2	9.846	74	3	7	1.477	0.0	6.666
BGLR_MOUSE	110006	Gusb	9.836	557	5	0	1.699	0.0	5.789
AMPN_MOUSE	16790	Anpep	9.832	250	4	5	1.602	0.0	6.137
RAGE_MOUSE	11596	Ager	9.806	580	5	5	1.699	0.0	5.772
K2C7_MOUSE	110310	Krt7	9.804	79	3	0	1.477	0.0	6.637
SPB7_MOUSE	116872	Serpinb7	9.803	10	2	0	1.301	0.0	7.535
HXB7_MOUSE	15415	Hoxb7	9.796	80	3	6	1.477	0.0	6.632
MT1_MOUSE	17748	Mt1	9.792	1066	6	0	1.778	0.0	5.507
TRIB3_MOUSE	228775	Trib3	9.765	84	3	2	1.477	0.0	6.611
PR2C5_MOUSE	107849	Prl2c5	9.757	85	3	3	1.477	0.0	6.606
AGRG6_MOUSE	215798	Adgrg6	9.749	11	2	8	1.301	0.0	7.494
S22A5_MOUSE	20520	Slc22a5	9.735	88	3	1	1.477	0.0	6.59
MSRA_MOUSE	110265	Msra	9.728	89	3	1	1.477	0.0	6.586
TRPV1_MOUSE	193034	Trpv1	9.719	1172	6	5	1.778	0.0	5.466
CCR2_MOUSE	12772	Ccr2	9.717	1175	5	11	1.699	0.079	5.465
TNFL6_MOUSE	14103	Faslg	9.715	1860	7	0	1.845	0.0	5.265
XIAP_MOUSE	11798	Xiap	9.707	299	4	4	1.602	0.0	6.059
MAGI1_MOUSE	14924	Magi1	9.7	12	2	2	1.301	0.0	7.456
YLAT1_MOUSE	20540	Slc7a7	9.7	12	2	2	1.301	0.0	7.456
E2AK3_MOUSE	13666	Eif2ak3	9.661	705	5	2	1.699	0.0	5.687
CP2J5_MOUSE	13109	Cyp2j5	9.655	13	2	3	1.301	0.0	7.421
BIRC5_MOUSE	11799	Birc5	9.647	719	5	5	1.699	0.0	5.678
V2R_MOUSE	12000	Avpr2	9.622	105	3	1	1.477	0.0	6.514
AMPE_MOUSE	13809	Enpep	9.616	106	3	2	1.477	0.0	6.51
DDC_MOUSE	13195	Ddc	9.592	110	3	7	1.477	0.0	6.494
EMX2_MOUSE	13797	Emx2	9.586	111	3	2	1.477	0.0	6.49
P2RX1_MOUSE	18436	P2rx1	9.58	112	3	1	1.477	0.0	6.486
ASPG_MOUSE	11593	Aga	9.574	15	2	0	1.301	0.0	7.359
MK_MOUSE	17242	Mdk	9.564	1433	6	9	1.778	0.0	5.379
CASP1_MOUSE	12362	Casp1	9.555	1448	5	11	1.699	0.079	5.374
TRPV5_MOUSE	194352	Trpv5	9.552	117	3	5	1.477	0.0	6.467
LHX1_MOUSE	16869	Lhx1	9.547	118	3	2	1.477	0.0	6.463
NF2L2_MOUSE	18024	Nfe2l2	9.547	2480	6	11	1.778	0.079	5.14
EDNRA_MOUSE	13617	Ednra	9.546	377	4	3	1.602	0.0	5.959
GATA3_MOUSE	14462	Gata3	9.546	825	5	7	1.699	0.0	5.618
COLI_MOUSE	18976	Pomc	9.516	2384	7	6	1.845	0.0	5.157
PIGR_MOUSE	18703	Pigr	9.515	124	3	0	1.477	0.0	6.442
TKN1_MOUSE	21333	Tac1	9.509	1539	6	1	1.778	0.0	5.348
NPT1_MOUSE	20504	Slc17a1	9.503	17	2	0	1.301	0.0	7.305
CRIM1_MOUSE	50766	Crim1	9.503	17	2	0	1.301	0.0	7.305
HNF1B_MOUSE	21410	Hnf1b	9.49	129	3	1	1.477	0.0	6.424
PI2R_MOUSE	19222	Ptgir	9.483	413	4	3	1.602	0.0	5.919
CLD2_MOUSE	12738	Cldn2	9.475	132	3	3	1.477	0.0	6.414
CDN1A_MOUSE	12575	Cdkn1a	9.469	3275	7	10	1.845	0.041	5.019
EGLN_MOUSE	13805	Eng	9.445	436	4	6	1.602	0.0	5.895
CP4B1_MOUSE	13120	Cyp4b1	9.441	19	2	1	1.301	0.0	7.256
EGF_MOUSE	13645	Egf	9.44	1682	6	0	1.778	0.0	5.309
CY24B_MOUSE	13058	Cybb	9.439	953	5	6	1.699	0.0	5.556
ADML_MOUSE	11535	Adm	9.428	142	3	0	1.477	0.0	6.383
HAVR1_MOUSE	171283	Havcr1	9.424	143	3	0	1.477	0.0	6.38
FGRL1_MOUSE	116701	Fgfrl1	9.412	20	2	5	1.301	0.0	7.234
NAC1_MOUSE	20541	Slc8a1	9.406	147	3	2	1.477	0.0	6.368
EGLN1_MOUSE	112405	Egln1	9.406	147	3	5	1.477	0.0	6.368
HMOX2_MOUSE	15369	Hmox2	9.401	148	3	1	1.477	0.0	6.365
NCPR_MOUSE	18984	Por	9.397	149	3	1	1.477	0.0	6.362
PGH1_MOUSE	19224	Ptgs1	9.396	468	4	2	1.602	0.0	5.865
GLNA_MOUSE	14645	Glul	9.391	471	4	4	1.602	0.0	5.862
EGR1_MOUSE	13653	Egr1	9.384	1027	5	9	1.699	0.0	5.523
NPNT_MOUSE	114249	Npnt	9.384	21	2	0	1.301	0.0	7.213
JAG1_MOUSE	16449	Jag1	9.382	435	3	12	1.477	0.114	5.896
4F2_MOUSE	17254	Slc3a2	9.372	155	3	1	1.477	0.0	6.345
EMB_MOUSE	13723	Emb	9.366	488	4	9	1.602	0.0	5.846
IL1B_MOUSE	16176	Il1b	9.361	13155	12	10	2.079	0.041	4.414
S6A19_MOUSE	74338	Slc6a19	9.358	22	2	4	1.301	0.0	7.193
Q3URE6_MOUSE	11551	Adra2a	9.32	168	3	1	1.477	0.0	6.31
FABPL_MOUSE	14080	Fabp1	9.298	174	3	2	1.477	0.0	6.294
PAX8_MOUSE	18510	Pax8	9.298	174	3	9	1.477	0.0	6.294
FBRL_MOUSE	14113	Fbl	9.286	25	2	0	1.301	0.0	7.137
IFNG_MOUSE	15978	Ifng	9.283	21013	16	4	2.204	0.0	4.212
TNFA_MOUSE	21926	Tnf	9.272	32739	17	11	2.23	0.079	4.015
SMAD2_MOUSE	17126	Smad2	9.244	1242	5	2	1.699	0.0	5.441
GSTT1_MOUSE	14871	Gstt1	9.242	27	2	0	1.301	0.0	7.104
CATB_MOUSE	13030	Ctsb	9.237	588	4	0	1.602	0.0	5.766
NOS2_MOUSE	18126	Nos2	9.229	6491	9	2	1.954	0.0	4.723
PPARG_MOUSE	19016	Pparg	9.224	2224	5	11	1.699	0.079	5.188
BBS4_MOUSE	102774	Bbs4	9.221	28	2	4	1.301	0.0	7.088
PRIO_MOUSE	19122	Prnp	9.22	2238	6	5	1.778	0.0	5.185
CALB1_MOUSE	12307	Calb1	9.211	610	4	0	1.602	0.0	5.75
DPP4_MOUSE	13482	Dpp4	9.19	629	4	8	1.602	0.0	5.736
CD34_MOUSE	12490	Cd34	9.189	2326	6	5	1.778	0.0	5.168
ACHA3_MOUSE	110834	Chrna3	9.189	206	3	6	1.477	0.0	6.221
RNC_MOUSE	14000	Drosha	9.184	76	2	11	1.301	0.079	6.654
S12A6_MOUSE	107723	Slc12a6	9.182	30	2	1	1.301	0.0	7.058
CAD16_MOUSE	12556	Cdh16	9.164	31	2	7	1.301	0.0	7.044
TNS2_MOUSE	209039	Tns2	9.164	31	2	0	1.301	0.0	7.044
CD80_MOUSE	12519	Cd80	9.157	2425	6	2	1.778	0.0	5.15
Q8VCD0_MOUSE	16542	Kdr	9.157	2425	5	11	1.699	0.079	5.15
FLCN_MOUSE	216805	Flcn	9.146	32	2	6	1.301	0.0	7.03
ILK_MOUSE	16202	Ilk	9.144	221	3	5	1.477	0.0	6.191
XDH_MOUSE	22436	Xdh	9.139	677	4	2	1.602	0.0	5.704
S12A2_MOUSE	20496	Slc12a2	9.136	224	3	2	1.477	0.0	6.185
PPOX_MOUSE	19044	Ppox	9.129	33	2	0	1.301	0.0	7.016
E9PZ36_MOUSE	241035	Pkhd1	9.112	34	2	1	1.301	0.0	7.004
CP4CA_MOUSE	277753	Cyp4a12a	9.112	34	2	3	1.301	0.0	7.004
SODC_MOUSE	20655	Sod1	9.11	2579	6	6	1.778	0.0	5.123
ESR1_MOUSE	13982	Esr1	9.104	2600	6	1	1.778	0.0	5.12
OGG1_MOUSE	18294	Ogg1	9.094	239	3	1	1.477	0.0	6.157
SCRB2_MOUSE	12492	Scarb2	9.079	36	2	2	1.301	0.0	6.979
CP2D9_MOUSE	13105	Cyp2d9	9.079	36	2	0	1.301	0.0	6.979
FYN_MOUSE	14360	Fyn	9.07	747	4	9	1.602	0.0	5.662
LAT1_MOUSE	20539	Slc7a5	9.052	255	3	2	1.477	0.0	6.128
HAND2_MOUSE	15111	Hand2	9.049	8010	9	2	1.954	0.0	4.63
LAMB2_MOUSE	16779	Lamb2	9.049	38	2	1	1.301	0.0	6.955
MK14_MOUSE	26416	Mapk14	9.034	6125	8	4	1.903	0.0	4.747
BMR1A_MOUSE	12166	Bmpr1a	9.028	265	3	5	1.477	0.0	6.112
OSTP_MOUSE	20750	Spp1	9.011	1702	5	3	1.699	0.0	5.304
K1KB1_MOUSE	16623	Klk1b1	9.006	41	2	1	1.301	0.0	6.922
Q3T9X0_MOUSE	117591	Slc2a9	9.006	41	2	2	1.301	0.0	6.922
CALCA_MOUSE	12310	Calca	9.002	824	4	7	1.602	0.0	5.619
LEPR_MOUSE	16847	Lepr	8.982	580	3	11	1.477	0.079	5.772
ARH_MOUSE	100017	Ldlrap1	8.979	43	2	5	1.301	0.0	6.902
MDR1B_MOUSE	18669	Abcb1b	8.974	857	4	0	1.602	0.0	5.602
CP1B1_MOUSE	13078	Cyp1b1	8.965	292	3	1	1.477	0.0	6.07
FOLR1_MOUSE	14275	Folr1	8.941	46	2	0	1.301	0.0	6.872
IL2_MOUSE	16183	Il2	8.933	14336	11	1	2.041	0.0	4.376
LTK_MOUSE	17005	Ltk	8.929	309	3	1	1.477	0.0	6.045
Q7TT21_MOUSE	22084	Tsc2	8.929	309	3	7	1.477	0.0	6.045
PE2R1_MOUSE	19216	Ptger1	8.909	319	3	0	1.477	0.0	6.031
SERA_MOUSE	236539	Phgdh	8.905	49	2	1	1.301	0.0	6.845
SC5A2_MOUSE	246787	Slc5a2	8.9	122	2	11	1.301	0.079	6.449
ANFB_MOUSE	18158	Nppb	8.897	325	3	0	1.477	0.0	6.023
GSHR_MOUSE	14782	Gsr	8.888	970	4	0	1.602	0.0	5.548
CP1A1_MOUSE	13076	Cyp1a1	8.878	985	4	0	1.602	0.0	5.541
DEFB1_MOUSE	13214	Defb1	8.872	52	2	2	1.301	0.0	6.819
ITPR1_MOUSE	16438	Itpr1	8.866	341	3	3	1.477	0.0	6.002
S17A5_MOUSE	235504	Slc17a5	8.866	1001	4	0	1.602	0.0	5.534
SPIN1_MOUSE	20729	Spin1	8.861	53	2	0	1.301	0.0	6.811
DLL1_MOUSE	13388	Dll1	8.853	348	3	2	1.477	0.0	5.993
Q8VCS9_MOUSE	14411	Slc6a12	8.85	54	2	1	1.301	0.0	6.803
RAMP2_MOUSE	54409	Ramp2	8.84	55	2	1	1.301	0.0	6.795
PTGES_MOUSE	64292	Ptges	8.829	361	3	3	1.477	0.0	5.977
CREB1_MOUSE	12912	Creb1	8.819	2207	5	1	1.699	0.0	5.191
A2AP_MOUSE	18816	Serpinf2	8.81	58	2	0	1.301	0.0	6.772
VAV3_MOUSE	57257	Vav3	8.81	58	2	3	1.301	0.0	6.772
TBX18_MOUSE	76365	Tbx18	8.81	58	2	3	1.301	0.0	6.772
DLG1_MOUSE	13383	Dlg1	8.8	59	2	2	1.301	0.0	6.764
Q8BPQ2_MOUSE	23849	Klf6	8.8	59	2	0	1.301	0.0	6.764
MC4R_MOUSE	17202	Mc4r	8.783	388	3	5	1.477	0.0	5.946
GUC2B_MOUSE	14916	Guca2b	8.782	61	2	2	1.301	0.0	6.75
CDK20_MOUSE	105278	Cdk20	8.778	391	3	1	1.477	0.0	5.943
PTGDS_MOUSE	19215	Ptgds	8.775	393	3	2	1.477	0.0	5.941
KCNK9_MOUSE	223604	Kcnk9	8.772	62	2	5	1.301	0.0	6.743
HEM3_MOUSE	15288	Hmbs	8.763	63	2	0	1.301	0.0	6.736
PE2R2_MOUSE	19217	Ptger2	8.762	401	3	6	1.477	0.0	5.932
TRPV4_MOUSE	63873	Trpv4	8.758	304	2	13	1.301	0.146	6.052
ANPRC_MOUSE	18162	Npr3	8.746	65	2	3	1.301	0.0	6.722
NFKB1_MOUSE	18033	Nfkb1	8.744	4138	6	7	1.778	0.0	4.918
HBEGF_MOUSE	15200	Hbegf	8.743	413	3	4	1.477	0.0	5.919
A2CEL1_MOUSE	17840	Mup1	8.72	68	2	3	1.301	0.0	6.702
PEPC_MOUSE	109820	Pgc	8.704	70	2	1	1.301	0.0	6.69
LDLR_MOUSE	16835	Ldlr	8.703	2583	5	3	1.699	0.0	5.123
NGAL_MOUSE	16819	Lcn2	8.692	447	3	6	1.477	0.0	5.885
Q91X70_MOUSE	12274	C6	8.691	448	3	0	1.477	0.0	5.884
S22A8_MOUSE	19879	Slc22a8	8.688	72	2	1	1.301	0.0	6.678
PDGFB_MOUSE	18591	Pdgfb	8.681	455	3	2	1.477	0.0	5.877
FGF2_MOUSE	14173	Fgf2	8.672	2693	5	3	1.699	0.0	5.104
Q8K094_MOUSE	52118	Pvr	8.672	74	2	1	1.301	0.0	6.666
DYH8_MOUSE	13417	Dnah8	8.671	462	3	1	1.477	0.0	5.87
CASP3_MOUSE	12367	Casp3	8.658	6954	7	7	1.845	0.0	4.693
CD2AP_MOUSE	12488	Cd2ap	8.657	76	2	6	1.301	0.0	6.654
CATD_MOUSE	13033	Ctsd	8.651	477	3	1	1.477	0.0	5.856
ACTB_MOUSE	11461	Actb	8.639	486	3	0	1.477	0.0	5.848
ABCD1_MOUSE	11666	Abcd1	8.621	81	2	3	1.301	0.0	6.626
MBL1_MOUSE	17194	Mbl1	8.614	82	2	2	1.301	0.0	6.621
AAPK1_MOUSE	105787	Prkaa1	8.614	82	2	7	1.301	0.0	6.621
LAMA5_MOUSE	16776	Lama5	8.607	83	2	1	1.301	0.0	6.616
S22A6_MOUSE	18399	Slc22a6	8.607	83	2	5	1.301	0.0	6.616
AGRE1_MOUSE	13733	Adgre1	8.606	1455	4	5	1.602	0.0	5.372
ACSL1_MOUSE	14081	Acsl1	8.604	1459	4	3	1.602	0.0	5.371
PAI2_MOUSE	18788	Serpinb2	8.601	84	2	0	1.301	0.0	6.611
CP2CT_MOUSE	13095	Cyp2c29	8.598	135	2	10	1.301	0.041	6.405
FGF8_MOUSE	14179	Fgf8	8.595	520	3	2	1.477	0.0	5.819
NOX4_MOUSE	50490	Nox4	8.588	526	3	3	1.477	0.0	5.814
FETUA_MOUSE	11625	Ahsg	8.587	86	2	3	1.301	0.0	6.6
ALD1_MOUSE	11997	Akr1b7	8.587	86	2	1	1.301	0.0	6.6
CDN1B_MOUSE	12576	Cdkn1b	8.58	1510	4	0	1.602	0.0	5.356
COX2_MOUSE	17709	Mtco2	8.575	3069	5	4	1.699	0.0	5.047
DESM_MOUSE	13346	Des	8.563	547	3	4	1.477	0.0	5.797
APJ_MOUSE	23796	Aplnr	8.562	90	2	0	1.301	0.0	6.581
BMP7_MOUSE	12162	Bmp7	8.549	559	3	2	1.477	0.0	5.788
CYS1_MOUSE	12879	Cys1	8.549	92	2	0	1.301	0.0	6.571
CEGT_MOUSE	22234	Ugcg	8.543	93	2	0	1.301	0.0	6.566
NUP62_MOUSE	18226	Nup62	8.535	571	3	7	1.477	0.0	5.778
RRP8_MOUSE	101867	Rrp8	8.535	1	1	0	1.0	0.0	8.535
F8VQ23_MOUSE	11552	Adra2b	8.531	95	2	1	1.301	0.0	6.557
HEM2_MOUSE	17025	Alad	8.531	95	2	0	1.301	0.0	6.557
CD63_MOUSE	12512	Cd63	8.525	96	2	2	1.301	0.0	6.553
ABCG2_MOUSE	26357	Abcg2	8.519	586	3	3	1.477	0.0	5.767
PROC_MOUSE	19123	Proc	8.508	99	2	1	1.301	0.0	6.539
IFT88_MOUSE	21821	Ift88	8.508	99	2	7	1.301	0.0	6.539
Q924X4_MOUSE	19227	Pthlh	8.501	602	3	1	1.477	0.0	5.755
PDCD1_MOUSE	18566	Pdcd1	8.493	610	3	1	1.477	0.0	5.75
Q8BGZ6_MOUSE	11605	Gla	8.48	104	2	1	1.301	0.0	6.518
CP27A_MOUSE	104086	Cyp27a1	8.475	105	2	8	1.301	0.0	6.514
BDNF_MOUSE	12064	Bdnf	8.473	3528	5	2	1.699	0.0	4.987
RARA_MOUSE	19401	Rara	8.472	630	3	6	1.477	0.0	5.736
WNT4_MOUSE	22417	Wnt4	8.47	250	2	11	1.301	0.079	6.137
GNAO_MOUSE	14681	Gnao1	8.464	107	2	6	1.301	0.0	6.506
NEUR1_MOUSE	18010	Neu1	8.459	108	2	1	1.301	0.0	6.502
C3AR_MOUSE	12267	C3ar1	8.454	109	2	5	1.301	0.0	6.498
CADH5_MOUSE	12562	Cdh5	8.453	649	3	3	1.477	0.0	5.723
FGFR1_MOUSE	14182	Fgfr1	8.444	658	3	4	1.477	0.0	5.717
B3AT_MOUSE	20533	Slc4a1	8.438	112	2	3	1.301	0.0	6.486
MTHR_MOUSE	17769	Mthfr	8.433	113	2	0	1.301	0.0	6.482
KGP1_MOUSE	19091	Prkg1	8.433	113	2	4	1.301	0.0	6.482
CO4A3_MOUSE	12828	Col4a3	8.409	118	2	0	1.301	0.0	6.463
RGS2_MOUSE	19735	Rgs2	8.409	118	2	2	1.301	0.0	6.463
FAK1_MOUSE	14083	Ptk2	8.398	1963	4	2	1.602	0.0	5.242
ERCC1_MOUSE	13870	Ercc1	8.395	121	2	0	1.301	0.0	6.452
Q9WUD0_MOUSE	13088	Cyp2b10	8.393	713	3	0	1.477	0.0	5.682
SIX1_MOUSE	20471	Six1	8.39	122	2	0	1.301	0.0	6.449
EAA3_MOUSE	20510	Slc1a1	8.376	125	2	9	1.301	0.0	6.438
CFTR_MOUSE	12638	Cftr	8.375	1047	3	10	1.477	0.041	5.515
HHEX_MOUSE	15242	Hhex	8.367	127	2	3	1.301	0.0	6.431
NR1H3_MOUSE	22259	Nr1h3	8.359	751	3	3	1.477	0.0	5.659
SERPH_MOUSE	12406	Serpinh1	8.354	130	2	1	1.301	0.0	6.421
Q80W45_MOUSE	13852	Stx2	8.354	130	2	0	1.301	0.0	6.421
MIF_MOUSE	17319	Mif	8.351	761	3	5	1.477	0.0	5.654
ACKR1_MOUSE	13349	Ackr1	8.345	132	2	1	1.301	0.0	6.414
CXB6_MOUSE	14623	Gjb6	8.337	134	2	7	1.301	0.0	6.408
OTC_MOUSE	18416	Otc	8.337	134	2	1	1.301	0.0	6.408
CORT_MOUSE	12854	Cort	8.328	136	2	4	1.301	0.0	6.401
ACOX1_MOUSE	11430	Acox1	8.324	137	2	1	1.301	0.0	6.398
CSF1_MOUSE	12977	Csf1	8.322	2189	4	0	1.602	0.0	5.194
UROK_MOUSE	18792	Plau	8.308	814	3	3	1.477	0.0	5.624
Q8CFT3_MOUSE	18053	Ngfr	8.29	837	3	1	1.477	0.0	5.612
KCJ10_MOUSE	16513	Kcnj10	8.277	149	2	1	1.301	0.0	6.362
MAP1B_MOUSE	17755	Map1b	8.277	149	2	1	1.301	0.0	6.362
CCL2_MOUSE	20296	Ccl2	8.265	4678	5	6	1.699	0.0	4.865
LGUL_MOUSE	109801	Glo1	8.262	153	2	0	1.301	0.0	6.35
KCMA1_MOUSE	16531	Kcnma1	8.251	156	2	3	1.301	0.0	6.342
DAF1_MOUSE	13136	Cd55	8.247	157	2	0	1.301	0.0	6.339
DRD1_MOUSE	13488	Drd1	8.242	902	3	1	1.477	0.0	5.58
BNIP3_MOUSE	12176	Bnip3	8.24	159	2	2	1.301	0.0	6.334
FKB1A_MOUSE	14225	Fkbp1a	8.24	159	2	3	1.301	0.0	6.334
COE1_MOUSE	13591	Ebf1	8.237	160	2	2	1.301	0.0	6.331
SH3Y1_MOUSE	24057	Sh3yl1	8.234	2	1	0	1.0	0.0	8.234
SK2L2_MOUSE	72198	Skiv2l2	8.234	2	1	0	1.0	0.0	8.234
LRC19_MOUSE	100061	Lrrc19	8.234	2	1	0	1.0	0.0	8.234
B4GT7_MOUSE	218271	B4galt7	8.234	2	1	0	1.0	0.0	8.234
TR106_MOUSE	387341	Tas2r106	8.234	2	1	1	1.0	0.0	8.234
NOD1_MOUSE	107607	Nod1	8.233	161	2	4	1.301	0.0	6.328
GSH1_MOUSE	14629	Gclc	8.23	162	2	4	1.301	0.0	6.325
GALC_MOUSE	14420	Galc	8.216	166	2	0	1.301	0.0	6.315
CC21A_MOUSE	18829	Ccl21a	8.216	166	2	0	1.301	0.0	6.315
SOX9_MOUSE	20682	Sox9	8.208	951	3	4	1.477	0.0	5.557
P2RY2_MOUSE	18442	P2ry2	8.206	169	2	4	1.301	0.0	6.307
TLR3_MOUSE	142980	Tlr3	8.206	953	3	1	1.477	0.0	5.556
CASR_MOUSE	12374	Casr	8.202	170	2	1	1.301	0.0	6.305
KCNQ1_MOUSE	16535	Kcnq1	8.202	170	2	5	1.301	0.0	6.305
MC3R_MOUSE	17201	Mc3r	8.199	171	2	1	1.301	0.0	6.302
HBB1_MOUSE	15129	Hbb-b1	8.197	967	3	9	1.477	0.0	5.55
COX1_MOUSE	17708	Mtco1	8.194	972	3	1	1.477	0.0	5.547
TLR11_MOUSE	239081	Tlr11	8.194	37	1	14	1.0	0.176	6.967
E9Q604_MOUSE	16409	Itgam	8.191	5159	5	2	1.699	0.0	4.821
CAV3_MOUSE	12391	Cav3	8.183	176	2	1	1.301	0.0	6.289
DRD3_MOUSE	13490	Drd3	8.173	179	2	2	1.301	0.0	6.282
S22A1_MOUSE	20517	Slc22a1	8.173	179	2	7	1.301	0.0	6.282
ALDR_MOUSE	11677	Akr1b1	8.164	182	2	0	1.301	0.0	6.275
PTEN_MOUSE	19211	Pten	8.164	1946	3	11	1.477	0.079	5.246
PPBT_MOUSE	11647	Alpl	8.161	183	2	4	1.301	0.0	6.273
OLR1_MOUSE	108078	Olr1	8.149	187	2	1	1.301	0.0	6.263
CCND1_MOUSE	12443	Ccnd1	8.147	2816	4	1	1.602	0.0	5.085
AL1A2_MOUSE	19378	Aldh1a2	8.146	188	2	6	1.301	0.0	6.261
ARGI2_MOUSE	11847	Arg2	8.137	191	2	2	1.301	0.0	6.254
P85A_MOUSE	18708	Pik3r1	8.128	2892	4	6	1.602	0.0	5.073
MRP2_MOUSE	12780	Abcc2	8.119	197	2	2	1.301	0.0	6.24
FCGRN_MOUSE	14132	Fcgrt	8.116	198	2	4	1.301	0.0	6.238
CASP8_MOUSE	12370	Casp8	8.111	1401	2	15	1.301	0.204	5.389
SMAD3_MOUSE	17127	Smad3	8.103	1579	3	10	1.477	0.041	5.336
NRAM2_MOUSE	18174	Slc11a2	8.072	214	2	3	1.301	0.0	6.205
PRDX2_MOUSE	21672	Prdx2	8.07	215	2	0	1.301	0.0	6.203
APAF_MOUSE	11783	Apaf1	8.064	217	2	2	1.301	0.0	6.198
PDGFA_MOUSE	18590	Pdgfa	8.064	217	2	1	1.301	0.0	6.198
CDN1C_MOUSE	12577	Cdkn1c	8.059	219	2	2	1.301	0.0	6.195
O89012_MOUSE	17144	Magea8	8.058	3	1	0	1.0	0.0	8.058
RENBP_MOUSE	19703	Renbp	8.058	3	1	0	1.0	0.0	8.058
RL40_MOUSE	22186	Uba52	8.058	3	1	0	1.0	0.0	8.058
PFD3_MOUSE	22327	Vbp1	8.058	3	1	0	1.0	0.0	8.058
SEM4G_MOUSE	26456	Sema4g	8.058	3	1	0	1.0	0.0	8.058
GZF1_MOUSE	74533	Gzf1	8.058	3	1	0	1.0	0.0	8.058
B3GN7_MOUSE	227327	B3gnt7	8.058	3	1	0	1.0	0.0	8.058
SODM_MOUSE	20656	Sod2	8.039	1238	3	5	1.477	0.0	5.442
CXA1_MOUSE	14609	Gja1	8.038	1240	3	0	1.477	0.0	5.441
RAC1_MOUSE	19353	Rac1	8.031	1252	3	4	1.477	0.0	5.437
LYVE1_MOUSE	114332	Lyve1	8.027	232	2	1	1.301	0.0	6.169
FOXN1_MOUSE	15218	Foxn1	8.024	233	2	0	1.301	0.0	6.168
K2C5_MOUSE	110308	Krt5	8.019	235	2	3	1.301	0.0	6.164
M3K5_MOUSE	26408	Map3k5	8.01	239	2	1	1.301	0.0	6.157
ATF2_MOUSE	11909	Atf2	8.003	242	2	5	1.301	0.0	6.151
RAG1_MOUSE	19373	Rag1	8.0	1314	3	6	1.477	0.0	5.416
ARF_MOUSE	12578	Cdkn2a	7.996	1323	3	3	1.477	0.0	5.413
ID2_MOUSE	15902	Id2	7.984	250	2	0	1.301	0.0	6.137
AIF1_MOUSE	11629	Aif1	7.98	252	2	2	1.301	0.0	6.134
SOX10_MOUSE	20665	Sox10	7.964	259	2	0	1.301	0.0	6.122
DOPO_MOUSE	13166	Dbh	7.962	260	2	4	1.301	0.0	6.12
FOXC1_MOUSE	17300	Foxc1	7.954	264	2	0	1.301	0.0	6.113
MFGM_MOUSE	17304	Mfge8	7.954	264	2	0	1.301	0.0	6.113
FAK2_MOUSE	19229	Ptk2b	7.952	265	2	1	1.301	0.0	6.112
CISY_MOUSE	12974	Cs	7.945	268	2	1	1.301	0.0	6.107
MLN_MOUSE	69563	Mrln	7.933	4	1	0	1.0	0.0	7.933
S13A3_MOUSE	114644	Slc13a3	7.933	4	1	2	1.0	0.0	7.933
SNED1_MOUSE	208777	Sned1	7.933	4	1	0	1.0	0.0	7.933
AAAS_MOUSE	223921	Aaas	7.933	4	1	1	1.0	0.0	7.933
IFT56_MOUSE	264134	Ttc26	7.933	4	1	1	1.0	0.0	7.933
CD44_MOUSE	12505	Cd44	7.923	2781	3	11	1.477	0.079	5.091
SODE_MOUSE	20657	Sod3	7.92	280	2	0	1.301	0.0	6.088
SEM3A_MOUSE	20346	Sema3a	7.914	283	2	4	1.301	0.0	6.083
HNF1A_MOUSE	21405	Hnf1a	7.914	283	2	2	1.301	0.0	6.083
Q6PGJ3_MOUSE	16728	L1cam	7.908	286	2	0	1.301	0.0	6.079
X3CL1_MOUSE	20312	Cx3cl1	7.906	287	2	1	1.301	0.0	6.077
CTLA4_MOUSE	12477	Ctla4	7.905	1524	3	2	1.477	0.0	5.352
CRY1_MOUSE	12952	Cry1	7.897	292	2	0	1.301	0.0	6.07
MAF_MOUSE	17132	Maf	7.897	292	2	0	1.301	0.0	6.07
ITAE_MOUSE	16407	Itgae	7.893	294	2	1	1.301	0.0	6.067
TTHY_MOUSE	22139	Ttr	7.889	296	2	1	1.301	0.0	6.064
CXCR4_MOUSE	12767	Cxcr4	7.888	1566	3	7	1.477	0.0	5.34
HS71B_MOUSE	15511	Hspa1b	7.888	1565	3	0	1.477	0.0	5.34
EDNRB_MOUSE	13618	Ednrb	7.88	301	2	2	1.301	0.0	6.056
AURKA_MOUSE	20878	Aurka	7.88	301	2	1	1.301	0.0	6.056
SYN1_MOUSE	20964	Syn1	7.874	304	2	0	1.301	0.0	6.052
ACES_MOUSE	11423	Ache	7.859	1637	3	0	1.477	0.0	5.321
ANPRB_MOUSE	230103	Npr2	7.85	317	2	0	1.301	0.0	6.034
ARAP1_MOUSE	69710	Arap1	7.836	5	1	1	1.0	0.0	7.836
MPRG_MOUSE	74090	Paqr5	7.836	5	1	0	1.0	0.0	7.836
SRGP1_MOUSE	117600	Srgap1	7.836	5	1	2	1.0	0.0	7.836
LAT4_MOUSE	215113	Slc43a2	7.836	5	1	2	1.0	0.0	7.836
Q8CGY7_MOUSE	244233	Cd163l1	7.836	5	1	0	1.0	0.0	7.836
MRP1_MOUSE	17250	Abcc1	7.833	327	2	2	1.301	0.0	6.02
PRDM1_MOUSE	12142	Prdm1	7.829	329	2	5	1.301	0.0	6.018
FAAH1_MOUSE	14073	Faah	7.821	334	2	1	1.301	0.0	6.011
ADRB1_MOUSE	11554	Adrb1	7.812	339	2	0	1.301	0.0	6.005
JUN_MOUSE	16476	Jun	7.81	4564	4	1	1.602	0.0	4.875
DMP1_MOUSE	13406	Dmp1	7.806	343	2	2	1.301	0.0	6.0
VTNC_MOUSE	22370	Vtn	7.798	348	2	0	1.301	0.0	5.993
PA2GA_MOUSE	18780	Pla2g2a	7.781	358	2	2	1.301	0.0	5.981
CAC1A_MOUSE	12286	Cacna1a	7.78	359	2	0	1.301	0.0	5.98
MCPT1_MOUSE	17224	Mcpt1	7.78	1852	3	1	1.477	0.0	5.267
CCL4_MOUSE	20303	Ccl4	7.766	1891	3	2	1.477	0.0	5.258
LBX2_MOUSE	16815	Lbx2	7.757	6	1	0	1.0	0.0	7.757
TESK1_MOUSE	21754	Tesk1	7.757	6	1	0	1.0	0.0	7.757
OPLA_MOUSE	75475	Oplah	7.757	6	1	0	1.0	0.0	7.757
OXSR1_MOUSE	108737	Oxsr1	7.757	6	1	3	1.0	0.0	7.757
SERC5_MOUSE	218442	Serinc5	7.757	6	1	0	1.0	0.0	7.757
SPA3F_MOUSE	238393	Serpina3f	7.757	6	1	0	1.0	0.0	7.757
BNC2_MOUSE	242509	Bnc2	7.757	6	1	1	1.0	0.0	7.757
IL18_MOUSE	16173	Il18	7.752	1935	3	1	1.477	0.0	5.248
PLMN_MOUSE	18815	Plg	7.743	383	2	1	1.301	0.0	5.952
FGF7_MOUSE	14178	Fgf7	7.739	386	2	2	1.301	0.0	5.948
NR1I2_MOUSE	18171	Nr1i2	7.723	397	2	1	1.301	0.0	5.936
CD28_MOUSE	12487	Cd28	7.717	2044	3	2	1.477	0.0	5.224
ROCK2_MOUSE	19878	Rock2	7.71	406	2	0	1.301	0.0	5.926
FGF1_MOUSE	14164	Fgf1	7.709	407	2	2	1.301	0.0	5.925
WNT5A_MOUSE	22418	Wnt5a	7.705	410	2	2	1.301	0.0	5.922
KCMB4_MOUSE	58802	Kcnmb4	7.69	7	1	2	1.0	0.0	7.69
GIMA3_MOUSE	83408	Gimap3	7.69	7	1	2	1.0	0.0	7.69
MANBA_MOUSE	110173	Manba	7.69	7	1	0	1.0	0.0	7.69
PPM1K_MOUSE	243382	Ppm1k	7.69	7	1	1	1.0	0.0	7.69
SNAI1_MOUSE	20613	Snai1	7.675	432	2	9	1.301	0.0	5.899
PE2R4_MOUSE	19219	Ptger4	7.666	439	2	3	1.301	0.0	5.892
ITAX_MOUSE	16411	Itgax	7.657	2244	3	7	1.477	0.0	5.184
TGFR2_MOUSE	21813	Tgfbr2	7.655	448	2	0	1.301	0.0	5.884
NK1R_MOUSE	21336	Tacr1	7.65	452	2	1	1.301	0.0	5.88
G6PI_MOUSE	14751	Gpi	7.649	453	2	1	1.301	0.0	5.879
HNF4A_MOUSE	15378	Hnf4a	7.649	453	2	3	1.301	0.0	5.879
ALAT1_MOUSE	76282	Gpt	7.647	2281	3	1	1.477	0.0	5.177
FUT4_MOUSE	14345	Fut4	7.641	459	2	0	1.301	0.0	5.873
GPX1_MOUSE	14775	Gpx1	7.637	462	2	0	1.301	0.0	5.87
NEP_MOUSE	17380	Mme	7.634	465	2	0	1.301	0.0	5.867
AP1M1_MOUSE	11767	Ap1m1	7.632	8	1	1	1.0	0.0	7.632
CHIC1_MOUSE	12212	Chic1	7.632	8	1	1	1.0	0.0	7.632
CP2AC_MOUSE	13085	Cyp2a12	7.632	8	1	0	1.0	0.0	7.632
SCLY_MOUSE	50880	Scly	7.632	8	1	0	1.0	0.0	7.632
EXOC5_MOUSE	105504	Exoc5	7.632	8	1	0	1.0	0.0	7.632
CAN8_MOUSE	170725	Capn8	7.632	8	1	0	1.0	0.0	7.632
CD38_MOUSE	12494	Cd38	7.606	488	2	2	1.301	0.0	5.846
S4R2V1_MOUSE	19264	Ptprc	7.604	2437	3	1	1.477	0.0	5.148
SAMP_MOUSE	20219	Apcs	7.6	494	2	3	1.301	0.0	5.841
A0A0B4J1M6_MOUSE	14131	Fcgr3	7.597	496	2	9	1.301	0.0	5.839
TRFL_MOUSE	17002	Ltf	7.594	499	2	0	1.301	0.0	5.837
TNFB_MOUSE	16992	Lta	7.588	504	2	1	1.301	0.0	5.833
MYCN_MOUSE	18109	Mycn	7.588	504	2	4	1.301	0.0	5.833
A2AKN9_MOUSE	17841	Mup4	7.581	9	1	1	1.0	0.0	7.581
MUP4_MOUSE	17843	Mup4	7.581	9	1	0	1.0	0.0	7.581
S13A2_MOUSE	20500	Slc13a2	7.581	9	1	0	1.0	0.0	7.581
UB2E1_MOUSE	22194	Ube2e1	7.581	9	1	0	1.0	0.0	7.581
PCD12_MOUSE	53601	Pcdh12	7.581	9	1	0	1.0	0.0	7.581
PO210_MOUSE	54563	Nup210	7.581	9	1	0	1.0	0.0	7.581
CP4F3_MOUSE	72054	Cyp4f3	7.581	9	1	0	1.0	0.0	7.581
CP255_MOUSE	72082	Cyp2c55	7.581	9	1	0	1.0	0.0	7.581
Q8CFX3_MOUSE	75599	Pcdh1	7.581	9	1	0	1.0	0.0	7.581
HB2A_MOUSE	14961	H2-Ab1	7.577	514	2	0	1.301	0.0	5.824
CP3AB_MOUSE	13112	Cyp3a11	7.572	519	2	0	1.301	0.0	5.82
PCKGC_MOUSE	18534	Pck1	7.57	521	2	2	1.301	0.0	5.818
IL1A_MOUSE	16175	Il1a	7.568	2577	3	7	1.477	0.0	5.123
I23O1_MOUSE	15930	Ido1	7.567	523	2	6	1.301	0.0	5.816
IL11_MOUSE	16156	Il11	7.565	525	2	0	1.301	0.0	5.815
NR1H4_MOUSE	20186	Nr1h4	7.558	532	2	1	1.301	0.0	5.809
AQP4_MOUSE	11829	Aqp4	7.545	544	2	2	1.301	0.0	5.799
SPS1_MOUSE	109079	Sephs1	7.535	10	1	9	1.0	0.0	7.535
MKS1_MOUSE	380718	Mks1	7.535	10	1	2	1.0	0.0	7.535
MUP20_MOUSE	381530	Mup20	7.535	10	1	9	1.0	0.0	7.535
ACD_MOUSE	497652	Acd	7.535	10	1	0	1.0	0.0	7.535
IL12A_MOUSE	16159	Il12a	7.534	555	2	8	1.301	0.0	5.791
NTRK1_MOUSE	18211	Ntrk1	7.531	558	2	0	1.301	0.0	5.788
KIF3A_MOUSE	16568	Kif3a	7.526	93	1	13	1.0	0.146	6.566
THIO_MOUSE	22166	Txn	7.523	566	2	1	1.301	0.0	5.782
CD2_MOUSE	12481	Cd2	7.504	585	2	2	1.301	0.0	5.768
CO8A1_MOUSE	12837	Col8a1	7.494	11	1	0	1.0	0.0	7.494
GPC5_MOUSE	103978	Gpc5	7.494	11	1	1	1.0	0.0	7.494
CADM4_MOUSE	260299	Cadm4	7.494	11	1	1	1.0	0.0	7.494
FCGR2_MOUSE	14130	Fcgr2	7.492	598	2	4	1.301	0.0	5.758
HSPB1_MOUSE	15507	Hspb1	7.491	599	2	0	1.301	0.0	5.758
CXCR2_MOUSE	12765	Cxcr2	7.489	601	2	0	1.301	0.0	5.756
LYOX_MOUSE	16948	Lox	7.479	611	2	1	1.301	0.0	5.749
ZO1_MOUSE	21872	Tjp1	7.473	618	2	1	1.301	0.0	5.744
BMAL1_MOUSE	11865	Arntl	7.468	623	2	3	1.301	0.0	5.74
CAV1_MOUSE	12389	Cav1	7.465	627	2	5	1.301	0.0	5.738
PRKX_MOUSE	19108	Prkx	7.456	12	1	0	1.0	0.0	7.456
HUNK_MOUSE	26559	Hunk	7.456	12	1	0	1.0	0.0	7.456
LAT2_MOUSE	50934	Slc7a8	7.456	12	1	2	1.0	0.0	7.456
CAH15_MOUSE	80733	Ca15	7.456	12	1	0	1.0	0.0	7.456
GLIS2_MOUSE	83396	Glis2	7.456	12	1	1	1.0	0.0	7.456
TXND5_MOUSE	105245	Txndc5	7.456	12	1	0	1.0	0.0	7.456
TY3H_MOUSE	21823	Th	7.455	638	2	0	1.301	0.0	5.73
IKKB_MOUSE	16150	Ikbkb	7.452	641	2	1	1.301	0.0	5.728
WNT1_MOUSE	22408	Wnt1	7.437	658	2	1	1.301	0.0	5.717
P2RX7_MOUSE	18439	P2rx7	7.431	665	2	5	1.301	0.0	5.712
Q6P7T9_MOUSE	18018	Nfatc1	7.422	676	2	1	1.301	0.0	5.705
SO1C1_MOUSE	58807	Slco1c1	7.421	13	1	4	1.0	0.0	7.421
HNRPF_MOUSE	98758	Hnrnpf	7.421	13	1	1	1.0	0.0	7.421
HXC11_MOUSE	109663	Hoxc11	7.421	13	1	2	1.0	0.0	7.421
Q9CPQ2_MOUSE	19109	Prl	7.413	687	2	1	1.301	0.0	5.698
K1H1_MOUSE	16660	Krt31	7.389	14	1	1	1.0	0.0	7.389
NKX26_MOUSE	18092	Nkx2-6	7.389	14	1	1	1.0	0.0	7.389
UPP1_MOUSE	22271	Upp1	7.389	14	1	0	1.0	0.0	7.389
BTD_MOUSE	26363	Btd	7.389	14	1	0	1.0	0.0	7.389
TMM27_MOUSE	57394	Tmem27	7.389	14	1	1	1.0	0.0	7.389
NTNG2_MOUSE	171171	Ntng2	7.389	14	1	3	1.0	0.0	7.389
S26A1_MOUSE	231583	Slc26a1	7.389	14	1	2	1.0	0.0	7.389
KLHL3_MOUSE	100503085	Klhl3	7.389	14	1	0	1.0	0.0	7.389
AP1G1_MOUSE	11765	Ap1g1	7.359	15	1	0	1.0	0.0	7.359
FGFP1_MOUSE	14181	Fgfbp1	7.359	15	1	1	1.0	0.0	7.359
HIPK1_MOUSE	15257	Hipk1	7.359	15	1	0	1.0	0.0	7.359
DHB2_MOUSE	15486	Hsd17b2	7.359	15	1	0	1.0	0.0	7.359
I5P2_MOUSE	16330	Inpp5b	7.359	15	1	1	1.0	0.0	7.359
MYO10_MOUSE	17909	Myo10	7.359	15	1	0	1.0	0.0	7.359
NPHP1_MOUSE	53885	Nphp1	7.359	15	1	3	1.0	0.0	7.359
MIOX_MOUSE	56727	Miox	7.359	15	1	0	1.0	0.0	7.359
RCC1_MOUSE	100088	Rcc1	7.359	15	1	0	1.0	0.0	7.359
Q91YH6_MOUSE	110935	Atp6v1b1	7.359	15	1	4	1.0	0.0	7.359
DACT2_MOUSE	240025	Dact2	7.359	15	1	0	1.0	0.0	7.359
ARGI1_MOUSE	11846	Arg1	7.357	759	2	0	1.301	0.0	5.655
GON1_MOUSE	14714	Gnrh1	7.356	760	2	0	1.301	0.0	5.654
CD68_MOUSE	12514	Cd68	7.352	765	2	4	1.301	0.0	5.651
IL2RA_MOUSE	16184	Il2ra	7.349	3631	3	6	1.477	0.0	4.975
PER2_MOUSE	18627	Per2	7.344	777	2	4	1.301	0.0	5.645
ACTH_MOUSE	11468	Actg2	7.331	16	1	0	1.0	0.0	7.331
DHB8_MOUSE	14979	Hsd17b8	7.331	16	1	0	1.0	0.0	7.331
FOXD2_MOUSE	17301	Foxd2	7.331	16	1	0	1.0	0.0	7.331
SYRC_MOUSE	104458	Rars	7.331	16	1	0	1.0	0.0	7.331
TLR7_MOUSE	170743	Tlr7	7.313	820	2	6	1.301	0.0	5.621
PTPRF_MOUSE	19268	Ptprf	7.305	17	1	1	1.0	0.0	7.305
ALG2_MOUSE	56737	Alg2	7.305	17	1	0	1.0	0.0	7.305
FETA_MOUSE	11576	Afp	7.298	842	2	0	1.301	0.0	5.61
CLC9A_MOUSE	232414	Clec9a	7.293	34	1	10	1.0	0.041	7.004
MP2K1_MOUSE	26395	Map2k1	7.286	861	2	3	1.301	0.0	5.6
CAH2_MOUSE	12349	Ca2	7.284	864	2	0	1.301	0.0	5.598
DDIT3_MOUSE	13198	Ddit3	7.282	867	2	1	1.301	0.0	5.597
COFA1_MOUSE	12819	Col15a1	7.28	18	1	0	1.0	0.0	7.28
RS14_MOUSE	20044	Rps14	7.28	18	1	7	1.0	0.0	7.28
UNC4_MOUSE	22255	Uncx	7.28	18	1	1	1.0	0.0	7.28
ACY3_MOUSE	71670	Acy3	7.28	18	1	0	1.0	0.0	7.28
DRGX_MOUSE	107751	Drgx	7.28	18	1	0	1.0	0.0	7.28
NLRX1_MOUSE	270151	Nlrx1	7.28	18	1	0	1.0	0.0	7.28
TGFA_MOUSE	21802	Tgfa	7.264	895	2	0	1.301	0.0	5.583
LHX4_MOUSE	16872	Lhx4	7.256	19	1	0	1.0	0.0	7.256
CANB1_MOUSE	19058	Ppp3r1	7.256	19	1	3	1.0	0.0	7.256
LIMS1_MOUSE	110829	Lims1	7.256	19	1	1	1.0	0.0	7.256
UCP1_MOUSE	22227	Ucp1	7.253	912	2	1	1.301	0.0	5.575
GDIR2_MOUSE	11857	Arhgdib	7.234	20	1	0	1.0	0.0	7.234
KIF3B_MOUSE	16569	Kif3b	7.234	20	1	2	1.0	0.0	7.234
CD14_MOUSE	12475	Cd14	7.219	969	2	3	1.301	0.0	5.548
GBRG1_MOUSE	14405	Gabrg1	7.215	976	2	1	1.301	0.0	5.545
MYO1C_MOUSE	17913	Myo1c	7.213	21	1	1	1.0	0.0	7.213
UBP2_MOUSE	53376	Usp2	7.213	21	1	0	1.0	0.0	7.213
S22A7_MOUSE	108114	Slc22a7	7.213	21	1	0	1.0	0.0	7.213
AMPB_MOUSE	215615	Rnpep	7.213	21	1	0	1.0	0.0	7.213
INSR_MOUSE	16337	Insr	7.204	995	2	1	1.301	0.0	5.537
Q63ZW6_MOUSE	12830	Col4a5	7.193	22	1	3	1.0	0.0	7.193
MALD2_MOUSE	218518	Marveld2	7.193	22	1	0	1.0	0.0	7.193
FKTN_MOUSE	246179	Fktn	7.193	22	1	0	1.0	0.0	7.193
CD19_MOUSE	12478	Cd19	7.192	1016	2	0	1.301	0.0	5.528
NPY_MOUSE	109648	Npy	7.192	1015	2	4	1.301	0.0	5.528
P53_MOUSE	22059	Tp53	7.188	1024	2	0	1.301	0.0	5.525
MMP9_MOUSE	17395	Mmp9	7.186	4670	3	0	1.477	0.0	4.865
FOLR2_MOUSE	14276	Folr2	7.173	23	1	0	1.0	0.0	7.173
ERR3_MOUSE	26381	Esrrg	7.173	23	1	0	1.0	0.0	7.173
IRS1_MOUSE	16367	Irs1	7.166	1064	2	3	1.301	0.0	5.508
CD36_MOUSE	12491	Cd36	7.161	1074	2	2	1.301	0.0	5.504
B2MG_MOUSE	12010	B2m	7.159	1077	2	3	1.301	0.0	5.503
Q0P538_MOUSE	12046	Bcl2a1c	7.155	24	1	0	1.0	0.0	7.155
FCN2_MOUSE	14134	Fcn2	7.155	24	1	0	1.0	0.0	7.155
5HT1A_MOUSE	15550	Htr1a	7.155	1085	2	0	1.301	0.0	5.499
1433E_MOUSE	22627	Ywhae	7.155	24	1	0	1.0	0.0	7.155
HES6_MOUSE	55927	Hes6	7.155	24	1	0	1.0	0.0	7.155
P4HTM_MOUSE	74443	P4htm	7.155	24	1	0	1.0	0.0	7.155
ACBG1_MOUSE	94180	Acsbg1	7.155	24	1	0	1.0	0.0	7.155
Q8BFW6_MOUSE	215446	Entpd3	7.155	24	1	0	1.0	0.0	7.155
OXGR1_MOUSE	239283	Oxgr1	7.155	24	1	1	1.0	0.0	7.155
TR11B_MOUSE	18383	Tnfrsf11b	7.154	1087	2	3	1.301	0.0	5.499
LYAM3_MOUSE	20344	Selp	7.151	1093	2	0	1.301	0.0	5.496
RHOA_MOUSE	11848	Rhoa	7.143	1108	2	2	1.301	0.0	5.49
CD37_MOUSE	12493	Cd37	7.137	25	1	0	1.0	0.0	7.137
ARI3A_MOUSE	13496	Arid3a	7.137	25	1	0	1.0	0.0	7.137
HHIP_MOUSE	15245	Hhip	7.137	25	1	0	1.0	0.0	7.137
HXC9_MOUSE	15427	Hoxc9	7.137	25	1	3	1.0	0.0	7.137
IRX1_MOUSE	16371	Irx1	7.137	25	1	2	1.0	0.0	7.137
NLRP6_MOUSE	101613	Nlrp6	7.137	25	1	0	1.0	0.0	7.137
GPR4_MOUSE	319197	Gpr4	7.137	25	1	0	1.0	0.0	7.137
EST1E_MOUSE	13897	Ces1e	7.12	26	1	0	1.0	0.0	7.12
PIGA_MOUSE	18700	Piga	7.12	26	1	0	1.0	0.0	7.12
CD1D1_MOUSE	12479	Cd1d1	7.114	1166	2	0	1.301	0.0	5.468
GROA_MOUSE	14825	Cxcl1	7.105	1184	2	4	1.301	0.0	5.461
HMGN2_MOUSE	15331	Hmgn2	7.104	27	1	0	1.0	0.0	7.104
MUSC_MOUSE	17681	Msc	7.104	27	1	1	1.0	0.0	7.104
GP143_MOUSE	18241	Gpr143	7.104	27	1	0	1.0	0.0	7.104
SGPL1_MOUSE	20397	Sgpl1	7.104	27	1	5	1.0	0.0	7.104
DOCK5_MOUSE	68813	Dock5	7.104	27	1	0	1.0	0.0	7.104
S19A2_MOUSE	116914	Slc19a2	7.104	27	1	1	1.0	0.0	7.104
KIRR1_MOUSE	170643	Kirrel	7.104	27	1	1	1.0	0.0	7.104
FERM2_MOUSE	218952	Fermt2	7.104	27	1	2	1.0	0.0	7.104
ALMS1_MOUSE	236266	Alms1	7.104	27	1	2	1.0	0.0	7.104
FOXQ1_MOUSE	15220	Foxq1	7.088	28	1	0	1.0	0.0	7.088
VAMP7_MOUSE	20955	Vamp7	7.088	28	1	1	1.0	0.0	7.088
ATF5_MOUSE	107503	Atf5	7.088	28	1	0	1.0	0.0	7.088
A0A1W2P7J1_MOUSE	210582	Coq10a	7.084	1230	2	0	1.301	0.0	5.445
CADH4_MOUSE	12561	Cdh4	7.073	29	1	3	1.0	0.0	7.073
MAL_MOUSE	17153	Mal	7.073	29	1	0	1.0	0.0	7.073
NEK1_MOUSE	18004	Nek1	7.073	29	1	0	1.0	0.0	7.073
Q9EQ08_MOUSE	27029	Sgsh	7.073	29	1	0	1.0	0.0	7.073
GCYA3_MOUSE	60596	Gucy1a3	7.073	29	1	0	1.0	0.0	7.073
OSR2_MOUSE	107587	Osr2	7.073	29	1	0	1.0	0.0	7.073
NAA10_MOUSE	56292	Naa10	7.058	30	1	0	1.0	0.0	7.058
HERP1_MOUSE	64209	Herpud1	7.058	30	1	0	1.0	0.0	7.058
MOT10_MOUSE	72472	Slc16a10	7.058	30	1	1	1.0	0.0	7.058
OGR1_MOUSE	238377	Gpr68	7.058	30	1	1	1.0	0.0	7.058
FOXF2_MOUSE	14238	Foxf2	7.044	31	1	1	1.0	0.0	7.044
MPV17_MOUSE	17527	Mpv17	7.044	31	1	1	1.0	0.0	7.044
S19A1_MOUSE	20509	Slc19a1	7.044	31	1	0	1.0	0.0	7.044
IGF2_MOUSE	16002	Igf2	7.035	1340	2	4	1.301	0.0	5.408
CFAD_MOUSE	11537	Cfd	7.03	32	1	1	1.0	0.0	7.03
CLK1_MOUSE	12747	Clk1	7.03	32	1	2	1.0	0.0	7.03
GCNT1_MOUSE	14537	Gcnt1	7.03	32	1	0	1.0	0.0	7.03
PPGB_MOUSE	19025	Ctsa	7.03	32	1	1	1.0	0.0	7.03
RHCG_MOUSE	56315	Rhcg	7.03	32	1	0	1.0	0.0	7.03
NPT2C_MOUSE	142681	Slc34a3	7.03	32	1	0	1.0	0.0	7.03
REL3_MOUSE	212108	Rln3	7.03	32	1	0	1.0	0.0	7.03
TIF1A_MOUSE	21848	Trim24	7.016	33	1	0	1.0	0.0	7.016
CORIN_MOUSE	53419	Corin	7.016	33	1	0	1.0	0.0	7.016
SHH_MOUSE	20423	Shh	7.009	1406	2	6	1.301	0.0	5.387
AKAP4_MOUSE	11643	Akap4	7.004	34	1	0	1.0	0.0	7.004
MIA_MOUSE	12587	Mia	7.004	34	1	1	1.0	0.0	7.004
GAMT_MOUSE	14431	Gamt	7.004	34	1	1	1.0	0.0	7.004
GPX5_MOUSE	14780	Gpx5	7.004	34	1	0	1.0	0.0	7.004
MXI1_MOUSE	17859	Mxi1	7.004	34	1	0	1.0	0.0	7.004
RBP1_MOUSE	19765	Ralbp1	7.004	34	1	0	1.0	0.0	7.004
CP20A_MOUSE	77951	Cyp20a1	7.004	34	1	0	1.0	0.0	7.004
MRI_MOUSE	78412	Mri	7.004	34	1	0	1.0	0.0	7.004
CE290_MOUSE	216274	Cep290	7.004	34	1	0	1.0	0.0	7.004
MDM2_MOUSE	17246	Mdm2	6.996	1436	2	2	1.301	0.0	5.377
PTPR2_MOUSE	19276	Ptprn2	6.991	35	1	0	1.0	0.0	6.991
NPT2B_MOUSE	20531	Slc34a2	6.991	35	1	1	1.0	0.0	6.991
DRD5_MOUSE	13492	Drd5	6.979	36	1	0	1.0	0.0	6.979
FGF17_MOUSE	14171	Fgf17	6.979	36	1	0	1.0	0.0	6.979
CXL10_MOUSE	15945	Cxcl10	6.979	1482	2	6	1.301	0.0	5.364
Q4JFN6_MOUSE	17716	mt-Nd1	6.979	36	1	0	1.0	0.0	6.979
OAZ1_MOUSE	18245	Oaz1	6.979	36	1	0	1.0	0.0	6.979
STAM2_MOUSE	56324	Stam2	6.979	36	1	0	1.0	0.0	6.979
K2C6A_MOUSE	16687	Krt6a	6.967	37	1	3	1.0	0.0	6.967
SORCN_MOUSE	109552	Sri	6.967	37	1	0	1.0	0.0	6.967
TLR9_MOUSE	81897	Tlr9	6.964	1521	2	1	1.301	0.0	5.353
IL12B_MOUSE	16160	Il12b	6.96	1533	2	2	1.301	0.0	5.349
ACADS_MOUSE	11409	Acads	6.955	38	1	0	1.0	0.0	6.955
HUTH_MOUSE	15109	Hal	6.955	38	1	0	1.0	0.0	6.955
TRPC7_MOUSE	26946	Trpc7	6.955	38	1	1	1.0	0.0	6.955
ACTN4_MOUSE	60595	Actn4	6.955	38	1	1	1.0	0.0	6.955
GSX2_MOUSE	14843	Gsx2	6.944	39	1	0	1.0	0.0	6.944
LAMA4_MOUSE	16775	Lama4	6.944	39	1	0	1.0	0.0	6.944
KRIT1_MOUSE	79264	Krit1	6.944	39	1	1	1.0	0.0	6.944
KLK1_MOUSE	16612	Klk1	6.933	40	1	0	1.0	0.0	6.933
UNC5B_MOUSE	107449	Unc5b	6.933	40	1	2	1.0	0.0	6.933
MCLN3_MOUSE	171166	Mcoln3	6.933	40	1	4	1.0	0.0	6.933
CAVN1_MOUSE	19285	Cavin1	6.922	41	1	1	1.0	0.0	6.922
SIA4A_MOUSE	20442	St3gal1	6.922	41	1	1	1.0	0.0	6.922
Q9ESU7_MOUSE	20514	Slc1a5	6.922	41	1	0	1.0	0.0	6.922
SON_MOUSE	20658	Son	6.922	41	1	0	1.0	0.0	6.922
HOME2_MOUSE	26557	Homer2	6.922	41	1	5	1.0	0.0	6.922
CLD6_MOUSE	54419	Cldn6	6.922	41	1	1	1.0	0.0	6.922
I23O2_MOUSE	209176	Ido2	6.922	41	1	6	1.0	0.0	6.922
HMGB1_MOUSE	15289	Hmgb1	6.912	1667	2	1	1.301	0.0	5.313
PTPRO_MOUSE	19277	Ptpro	6.912	42	1	0	1.0	0.0	6.912
ABCD3_MOUSE	19299	Abcd3	6.912	42	1	1	1.0	0.0	6.912
PEX5_MOUSE	19305	Pex5	6.912	42	1	2	1.0	0.0	6.912
PYDC3_MOUSE	100033459	Pydc3	6.912	42	1	1	1.0	0.0	6.912
HNRPD_MOUSE	11991	Hnrnpd	6.902	43	1	0	1.0	0.0	6.902
CSKP_MOUSE	12361	Cask	6.902	43	1	1	1.0	0.0	6.902
RASK_MOUSE	16653	Kras	6.902	1696	2	1	1.301	0.0	5.305
MAP4_MOUSE	17758	Map4	6.902	43	1	0	1.0	0.0	6.902
PCNA_MOUSE	18538	Pcna	6.895	1716	2	0	1.301	0.0	5.3
IFNA4_MOUSE	15967	Ifna4	6.892	44	1	0	1.0	0.0	6.892
MEP1A_MOUSE	17287	Mep1a	6.892	44	1	0	1.0	0.0	6.892
AP2B_MOUSE	21419	Tfap2b	6.892	44	1	0	1.0	0.0	6.892
SMS1_MOUSE	208449	Sgms1	6.892	44	1	1	1.0	0.0	6.892
GPDA_MOUSE	14555	Gpd1	6.882	45	1	0	1.0	0.0	6.882
8ODP_MOUSE	17766	Nudt1	6.882	45	1	0	1.0	0.0	6.882
SCNNB_MOUSE	20277	Scnn1b	6.882	45	1	1	1.0	0.0	6.882
SIM2_MOUSE	20465	Sim2	6.882	45	1	1	1.0	0.0	6.882
NHRF2_MOUSE	65962	Slc9a3r2	6.882	45	1	0	1.0	0.0	6.882
DDX3X_MOUSE	13205	Ddx3x	6.872	46	1	4	1.0	0.0	6.872
B1AYH7_MOUSE	15965	Ifna2	6.872	46	1	0	1.0	0.0	6.872
MAS_MOUSE	17171	Mas1	6.872	46	1	1	1.0	0.0	6.872
PNPH_MOUSE	18950	Pnp	6.872	46	1	0	1.0	0.0	6.872
SHRPN_MOUSE	106025	Sharpin	6.872	46	1	1	1.0	0.0	6.872
SSDH_MOUSE	214579	Aldh5a1	6.872	46	1	2	1.0	0.0	6.872
CCNO_MOUSE	218630	Ccno	6.872	46	1	0	1.0	0.0	6.872
CPSM_MOUSE	227231	Cps1	6.872	46	1	0	1.0	0.0	6.872
PK2L1_MOUSE	329064	Pkd2l1	6.872	46	1	2	1.0	0.0	6.872
BMP2_MOUSE	12156	Bmp2	6.867	1806	2	4	1.301	0.0	5.278
CAP1_MOUSE	12331	Cap1	6.863	47	1	3	1.0	0.0	6.863
GATA5_MOUSE	14464	Gata5	6.863	47	1	1	1.0	0.0	6.863
GFPT1_MOUSE	14583	Gfpt1	6.863	47	1	1	1.0	0.0	6.863
GLRB_MOUSE	14658	Glrb	6.863	47	1	1	1.0	0.0	6.863
PO3F3_MOUSE	18993	Pou3f3	6.863	47	1	0	1.0	0.0	6.863
KLK4_MOUSE	56640	Klk4	6.863	47	1	1	1.0	0.0	6.863
P3_MOUSE	214601	Slc10a3	6.863	47	1	0	1.0	0.0	6.863
GALP_MOUSE	232836	Galp	6.863	47	1	0	1.0	0.0	6.863
AT2B4_MOUSE	381290	Atp2b4	6.863	47	1	0	1.0	0.0	6.863
PCD15_MOUSE	11994	Pcdh15	6.854	48	1	0	1.0	0.0	6.854
ENAH_MOUSE	13800	Enah	6.854	48	1	0	1.0	0.0	6.854
A2RTV8_MOUSE	19773	Rln1	6.854	48	1	2	1.0	0.0	6.854
VAV2_MOUSE	22325	Vav2	6.854	48	1	1	1.0	0.0	6.854
CERS2_MOUSE	76893	Cers2	6.854	48	1	6	1.0	0.0	6.854
PGES2_MOUSE	96979	Ptges2	6.854	48	1	0	1.0	0.0	6.854
AAPK2_MOUSE	108079	Prkaa2	6.853	90	1	10	1.0	0.041	6.581
GTPB1_MOUSE	14904	Gtpbp1	6.845	49	1	0	1.0	0.0	6.845
HXA13_MOUSE	15398	Hoxa13	6.845	49	1	3	1.0	0.0	6.845
MEP1B_MOUSE	17288	Mep1b	6.845	49	1	1	1.0	0.0	6.845
RSMB_MOUSE	20638	Snrpb	6.836	50	1	0	1.0	0.0	6.836
Q8CEC4_MOUSE	16601	Klf9	6.827	51	1	0	1.0	0.0	6.827
FUBP1_MOUSE	51886	Fubp1	6.827	51	1	0	1.0	0.0	6.827
DCUP_MOUSE	22275	Urod	6.819	52	1	0	1.0	0.0	6.819
TFE3_MOUSE	209446	Tfe3	6.819	52	1	0	1.0	0.0	6.819
CD151_MOUSE	12476	Cd151	6.811	53	1	4	1.0	0.0	6.811
GCM1_MOUSE	14531	Gcm1	6.811	53	1	0	1.0	0.0	6.811
BIR1E_MOUSE	17951	Naip5	6.811	53	1	1	1.0	0.0	6.811
ETV5_MOUSE	104156	Etv5	6.803	54	1	0	1.0	0.0	6.803
Q3TG86_MOUSE	110115	Cyp11b1	6.803	54	1	0	1.0	0.0	6.803
DCAM1_MOUSE	11702	Amd1	6.795	55	1	0	1.0	0.0	6.795
S22AC_MOUSE	20521	Slc22a12	6.795	55	1	0	1.0	0.0	6.795
UT2_MOUSE	27411	Slc14a2	6.795	55	1	1	1.0	0.0	6.795
AMBP_MOUSE	11699	Ambp	6.787	56	1	0	1.0	0.0	6.787
CBPB2_MOUSE	56373	Cpb2	6.787	56	1	0	1.0	0.0	6.787
TRPM4_MOUSE	68667	Trpm4	6.787	56	1	3	1.0	0.0	6.787
KCNH2_MOUSE	16511	Kcnh2	6.779	57	1	0	1.0	0.0	6.779
ACADM_MOUSE	11364	Acadm	6.772	58	1	1	1.0	0.0	6.772
FZD4_MOUSE	14366	Fzd4	6.772	58	1	2	1.0	0.0	6.772
TUB_MOUSE	22141	Tub	6.772	58	1	0	1.0	0.0	6.772
SIGIR_MOUSE	24058	Sigirr	6.772	58	1	0	1.0	0.0	6.772
PSCA_MOUSE	72373	Psca	6.772	58	1	0	1.0	0.0	6.772
VPP4_MOUSE	140494	Atp6v0a4	6.772	58	1	0	1.0	0.0	6.772
KIT_MOUSE	16590	Kit	6.77	2145	2	1	1.301	0.0	5.203
GGLO_MOUSE	268756	Gulo	6.764	59	1	2	1.0	0.0	6.764
STK39_MOUSE	53416	Stk39	6.758	111	1	10	1.0	0.041	6.49
TPP1_MOUSE	12751	Tpp1	6.757	60	1	0	1.0	0.0	6.757
MYD88_MOUSE	17874	Myd88	6.752	2214	2	3	1.301	0.0	5.189
ACM3_MOUSE	12671	Chrm3	6.75	61	1	1	1.0	0.0	6.75
NPY1R_MOUSE	18166	Npy1r	6.75	61	1	0	1.0	0.0	6.75
SAP_MOUSE	19156	Psap	6.75	61	1	1	1.0	0.0	6.75
CRGB_MOUSE	12965	Crygb	6.743	62	1	1	1.0	0.0	6.743
KLKB1_MOUSE	16621	Klkb1	6.743	62	1	0	1.0	0.0	6.743
ARY1_MOUSE	17960	Nat1	6.743	62	1	0	1.0	0.0	6.743
NFIA_MOUSE	18027	Nfia	6.736	63	1	2	1.0	0.0	6.736
PF2R_MOUSE	19220	Ptgfr	6.736	63	1	0	1.0	0.0	6.736
GAS1_MOUSE	14451	Gas1	6.729	64	1	1	1.0	0.0	6.729
WNK4_MOUSE	69847	Wnk4	6.729	64	1	8	1.0	0.0	6.729
GFAP_MOUSE	14580	Gfap	6.724	2323	2	1	1.301	0.0	5.168
FSTL1_MOUSE	14314	Fstl1	6.722	65	1	1	1.0	0.0	6.722
MUTA_MOUSE	17850	Mut	6.722	65	1	3	1.0	0.0	6.722
DDAH2_MOUSE	51793	Ddah2	6.722	65	1	3	1.0	0.0	6.722
Q3UHC1_MOUSE	107746	Rapgef1	6.722	65	1	0	1.0	0.0	6.722
NELFD_MOUSE	57314	Nelfcd	6.72	9623	3	0	1.477	0.0	4.549
CP2F2_MOUSE	13107	Cyp2f2	6.715	66	1	0	1.0	0.0	6.715
DYN1_MOUSE	13429	Dnm1	6.715	66	1	0	1.0	0.0	6.715
GFRA2_MOUSE	14586	Gfra2	6.715	66	1	0	1.0	0.0	6.715
PROD_MOUSE	19125	Prodh	6.715	66	1	0	1.0	0.0	6.715
P2RY4_MOUSE	57385	P2ry4	6.715	66	1	0	1.0	0.0	6.715
HSP72_MOUSE	15512	Hspa2	6.709	67	1	0	1.0	0.0	6.709
PROP_MOUSE	18636	Cfp	6.709	67	1	0	1.0	0.0	6.709
SSR3_MOUSE	20607	Sstr3	6.709	67	1	0	1.0	0.0	6.709
ERBB2_MOUSE	13866	Erbb2	6.705	2405	2	1	1.301	0.0	5.153
CP7B1_MOUSE	13123	Cyp7b1	6.702	68	1	2	1.0	0.0	6.702
SSR1_MOUSE	20605	Sstr1	6.702	68	1	2	1.0	0.0	6.702
VAMP8_MOUSE	22320	Vamp8	6.702	68	1	0	1.0	0.0	6.702
GRIP1_MOUSE	74053	Grip1	6.696	69	1	1	1.0	0.0	6.696
ADCY3_MOUSE	104111	Adcy3	6.696	69	1	8	1.0	0.0	6.696
A2RSX2_MOUSE	15285	Mnx1	6.69	70	1	1	1.0	0.0	6.69
K1C15_MOUSE	16665	Krt15	6.69	70	1	1	1.0	0.0	6.69
TCF21_MOUSE	21412	Tcf21	6.69	70	1	1	1.0	0.0	6.69
PPM1D_MOUSE	53892	Ppm1d	6.69	70	1	2	1.0	0.0	6.69
GPNMB_MOUSE	93695	Gpnmb	6.69	70	1	1	1.0	0.0	6.69
Q9DBL0_MOUSE	11548	Adra1b	6.684	71	1	1	1.0	0.0	6.684
TRXR3_MOUSE	232223	Txnrd3	6.684	71	1	0	1.0	0.0	6.684
TF65_MOUSE	19697	Rela	6.678	2523	2	2	1.301	0.0	5.133
UBC9_MOUSE	22196	Ube2i	6.678	72	1	1	1.0	0.0	6.678
O88325_MOUSE	27419	Naglu	6.678	72	1	0	1.0	0.0	6.678
SDHL_MOUSE	231691	Sds	6.678	72	1	0	1.0	0.0	6.678
KCNE1_MOUSE	16509	Kcne1	6.672	73	1	0	1.0	0.0	6.672
SIX2_MOUSE	20472	Six2	6.672	73	1	1	1.0	0.0	6.672
G3X8Q1_MOUSE	104248	Cabin1	6.672	73	1	0	1.0	0.0	6.672
CD8A_MOUSE	12525	Cd8a	6.667	2573	2	0	1.301	0.0	5.124
Q7TQG5_MOUSE	18007	Neo1	6.666	74	1	0	1.0	0.0	6.666
SOX11_MOUSE	20666	Sox11	6.666	74	1	0	1.0	0.0	6.666
G3X9H8_MOUSE	83814	Nedd4l	6.666	74	1	1	1.0	0.0	6.666
P2RY6_MOUSE	233571	P2ry6	6.666	74	1	0	1.0	0.0	6.666
MTOR_MOUSE	56717	Mtor	6.665	2580	2	3	1.301	0.0	5.123
ARF6_MOUSE	11845	Arf6	6.66	75	1	0	1.0	0.0	6.66
ARY2_MOUSE	17961	Nat2	6.66	75	1	0	1.0	0.0	6.66
PTPRU_MOUSE	19273	Ptpru	6.66	75	1	1	1.0	0.0	6.66
SPY1_MOUSE	24063	Spry1	6.66	75	1	1	1.0	0.0	6.66
PK3C3_MOUSE	225326	Pik3c3	6.66	75	1	0	1.0	0.0	6.66
GPR34_MOUSE	23890	Gpr34	6.654	76	1	0	1.0	0.0	6.654
S26A6_MOUSE	171429	Slc26a6	6.654	76	1	1	1.0	0.0	6.654
G3X9Q1_MOUSE	16404	Itga7	6.648	77	1	0	1.0	0.0	6.648
LSM2_MOUSE	27756	Lsm2	6.648	77	1	0	1.0	0.0	6.648
ADH1_MOUSE	11522	Adh1	6.643	78	1	0	1.0	0.0	6.643
USF2_MOUSE	22282	Usf2	6.643	78	1	0	1.0	0.0	6.643
ERR1_MOUSE	26379	Esrra	6.643	78	1	1	1.0	0.0	6.643
B1AUF1_MOUSE	20481	Ski	6.637	79	1	0	1.0	0.0	6.637
TRPM7_MOUSE	58800	Trpm7	6.637	79	1	3	1.0	0.0	6.637
CYLD_MOUSE	74256	Cyld	6.637	79	1	0	1.0	0.0	6.637
SRC_MOUSE	20779	Src	6.635	2723	2	1	1.301	0.0	5.1
HTRA2_MOUSE	64704	Htra2	6.632	80	1	0	1.0	0.0	6.632
AMHR2_MOUSE	110542	Amhr2	6.632	80	1	4	1.0	0.0	6.632
T22D3_MOUSE	14605	Tsc22d3	6.626	81	1	1	1.0	0.0	6.626
OSR1_MOUSE	23967	Osr1	6.626	81	1	1	1.0	0.0	6.626
BC11A_MOUSE	14025	Bcl11a	6.621	82	1	0	1.0	0.0	6.621
5HT2B_MOUSE	15559	Htr2b	6.621	82	1	0	1.0	0.0	6.621
PERM_MOUSE	17523	Mpo	6.621	2792	2	0	1.301	0.0	5.089
AT2B2_MOUSE	11941	Atp2b2	6.616	83	1	0	1.0	0.0	6.616
CP2B9_MOUSE	13094	Cyp2b9	6.616	83	1	0	1.0	0.0	6.616
TIF1B_MOUSE	21849	Trim28	6.611	84	1	3	1.0	0.0	6.611
GGT1_MOUSE	14598	Ggt1	6.606	85	1	0	1.0	0.0	6.606
Q19AB2_MOUSE	268902	Robo2	6.606	85	1	0	1.0	0.0	6.606
MMP2_MOUSE	17390	Mmp2	6.597	2911	2	1	1.301	0.0	5.071
METK1_MOUSE	11720	Mat1a	6.595	87	1	0	1.0	0.0	6.595
G6PC2_MOUSE	14378	G6pc2	6.595	87	1	0	1.0	0.0	6.595
SH21A_MOUSE	20400	Sh2d1a	6.595	87	1	1	1.0	0.0	6.595
TFDP1_MOUSE	21781	Tfdp1	6.595	87	1	0	1.0	0.0	6.595
DRD4_MOUSE	13491	Drd4	6.59	88	1	1	1.0	0.0	6.59
A1AT2_MOUSE	20701	Serpina1b	6.59	88	1	0	1.0	0.0	6.59
PEBP1_MOUSE	23980	Pebp1	6.59	88	1	0	1.0	0.0	6.59
M3K8_MOUSE	26410	Map3k8	6.59	88	1	0	1.0	0.0	6.59
PDGFC_MOUSE	54635	Pdgfc	6.59	88	1	1	1.0	0.0	6.59
NEDD4_MOUSE	17999	Nedd4	6.586	89	1	3	1.0	0.0	6.586
MOT8_MOUSE	20502	Slc16a2	6.586	89	1	1	1.0	0.0	6.586
ZO2_MOUSE	21873	Tjp2	6.586	89	1	0	1.0	0.0	6.586
TRAM1_MOUSE	72265	Tram1	6.586	89	1	0	1.0	0.0	6.586
ITB5_MOUSE	16419	Itgb5	6.581	90	1	0	1.0	0.0	6.581
ACACB_MOUSE	100705	Acacb	6.581	90	1	0	1.0	0.0	6.581
Q91W19_MOUSE	20887	Sult1a1	6.576	91	1	0	1.0	0.0	6.576
PRDX3_MOUSE	11757	Prdx3	6.571	92	1	4	1.0	0.0	6.571
V1AR_MOUSE	54140	Avpr1a	6.571	92	1	1	1.0	0.0	6.571
S26A3_MOUSE	13487	Slc26a3	6.562	94	1	0	1.0	0.0	6.562
PLXA3_MOUSE	18846	Plxna3	6.562	94	1	1	1.0	0.0	6.562
PO4F2_MOUSE	18997	Pou4f2	6.562	94	1	0	1.0	0.0	6.562
XCT_MOUSE	26570	Slc7a11	6.562	94	1	0	1.0	0.0	6.562
NCOA2_MOUSE	17978	Ncoa2	6.557	95	1	0	1.0	0.0	6.557
USF1_MOUSE	22278	Usf1	6.553	96	1	1	1.0	0.0	6.553
HYEP_MOUSE	13849	Ephx1	6.548	97	1	0	1.0	0.0	6.548
GPC3_MOUSE	14734	Gpc3	6.548	97	1	3	1.0	0.0	6.548
EWS_MOUSE	14030	Ewsr1	6.544	98	1	0	1.0	0.0	6.544
GLYAT_MOUSE	107146	Glyat	6.544	98	1	0	1.0	0.0	6.544
KCNN3_MOUSE	140493	Kcnn3	6.544	98	1	2	1.0	0.0	6.544
ABCA4_MOUSE	11304	Abca4	6.539	99	1	0	1.0	0.0	6.539
MUSK_MOUSE	18198	Musk	6.539	99	1	0	1.0	0.0	6.539
TEBP_MOUSE	56351	Ptges3	6.539	99	1	0	1.0	0.0	6.539
FRIH_MOUSE	14319	Fth1	6.535	100	1	2	1.0	0.0	6.535
GPX3_MOUSE	14778	Gpx3	6.531	101	1	0	1.0	0.0	6.531
TRPV2_MOUSE	22368	Trpv2	6.531	101	1	0	1.0	0.0	6.531
ASIC3_MOUSE	171209	Asic3	6.531	101	1	2	1.0	0.0	6.531
PGS2_MOUSE	13179	Dcn	6.526	102	1	0	1.0	0.0	6.526
FHIT_MOUSE	14198	Fhit	6.526	102	1	0	1.0	0.0	6.526
SFRP2_MOUSE	20319	Sfrp2	6.526	102	1	2	1.0	0.0	6.526
PPCE_MOUSE	19072	Prep	6.522	103	1	1	1.0	0.0	6.522
FBXW7_MOUSE	50754	Fbxw7	6.522	103	1	0	1.0	0.0	6.522
DECR_MOUSE	67460	Decr1	6.518	104	1	1	1.0	0.0	6.518
APEX1_MOUSE	11792	Apex1	6.514	105	1	1	1.0	0.0	6.514
ACTHR_MOUSE	17200	Mc2r	6.51	106	1	0	1.0	0.0	6.51
NGB_MOUSE	64242	Ngb	6.51	106	1	2	1.0	0.0	6.51
KDM1A_MOUSE	99982	Kdm1a	6.51	106	1	1	1.0	0.0	6.51
LEF1_MOUSE	16842	Lef1	6.504	322	1	11	1.0	0.079	6.027
LAMB1_MOUSE	16777	Lamb1	6.502	108	1	0	1.0	0.0	6.502
PHX2B_MOUSE	18935	Phox2b	6.502	108	1	0	1.0	0.0	6.502
GSTA4_MOUSE	14860	Gsta4	6.498	109	1	0	1.0	0.0	6.498
D3Z5U5_MOUSE	18438	P2rx4	6.498	109	1	0	1.0	0.0	6.498
TIE1_MOUSE	21846	Tie1	6.494	110	1	3	1.0	0.0	6.494
41_MOUSE	269587	Epb41	6.49	111	1	0	1.0	0.0	6.49
GABR1_MOUSE	54393	Gabbr1	6.478	114	1	0	1.0	0.0	6.478
VSX2_MOUSE	12677	Vsx2	6.474	115	1	0	1.0	0.0	6.474
EF1A2_MOUSE	13628	Eef1a2	6.474	115	1	0	1.0	0.0	6.474
PAX1_MOUSE	18503	Pax1	6.474	115	1	0	1.0	0.0	6.474
ARSA_MOUSE	11883	Arsa	6.471	116	1	2	1.0	0.0	6.471
VEGFB_MOUSE	22340	Vegfb	6.463	118	1	0	1.0	0.0	6.463
APEL_MOUSE	30878	Apln	6.463	118	1	0	1.0	0.0	6.463
EF2_MOUSE	13629	Eef2	6.456	120	1	0	1.0	0.0	6.456
SC6A2_MOUSE	20538	Slc6a2	6.456	120	1	0	1.0	0.0	6.456
CP26A_MOUSE	13082	Cyp26a1	6.452	121	1	0	1.0	0.0	6.452
ROBO1_MOUSE	19876	Robo1	6.452	121	1	1	1.0	0.0	6.452
MOK_MOUSE	26448	Mok	6.449	122	1	0	1.0	0.0	6.449
SIN1_MOUSE	227743	Mapkap1	6.442	124	1	0	1.0	0.0	6.442
FOXC2_MOUSE	14234	Foxc2	6.438	125	1	4	1.0	0.0	6.438
COT2_MOUSE	11819	Nr2f2	6.435	126	1	1	1.0	0.0	6.435
CXAR_MOUSE	13052	Cxadr	6.435	126	1	3	1.0	0.0	6.435
MYLK3_MOUSE	213435	Mylk3	6.435	126	1	5	1.0	0.0	6.435
CAH9_MOUSE	230099	Ca9	6.435	126	1	0	1.0	0.0	6.435
GRM1_MOUSE	14816	Grm1	6.431	127	1	0	1.0	0.0	6.431
ANO1_MOUSE	101772	Ano1	6.431	127	1	0	1.0	0.0	6.431
NFM_MOUSE	18040	Nefm	6.428	128	1	1	1.0	0.0	6.428
SAA3_MOUSE	20210	Saa3	6.424	129	1	0	1.0	0.0	6.424
KLF5_MOUSE	12224	Klf5	6.421	130	1	2	1.0	0.0	6.421
ANFC_MOUSE	18159	Nppc	6.421	130	1	0	1.0	0.0	6.421
PERT_MOUSE	22018	Tpo	6.421	130	1	0	1.0	0.0	6.421
EDN2_MOUSE	13615	Edn2	6.414	132	1	0	1.0	0.0	6.414
PERF_MOUSE	18646	Prf1	6.414	132	1	1	1.0	0.0	6.414
EPHB4_MOUSE	13846	Ephb4	6.411	133	1	0	1.0	0.0	6.411
LAMA1_MOUSE	16772	Lama1	6.411	133	1	0	1.0	0.0	6.411
NR5A2_MOUSE	26424	Nr5a2	6.401	136	1	0	1.0	0.0	6.401
CBPE_MOUSE	12876	Cpe	6.398	137	1	0	1.0	0.0	6.398
AASS_MOUSE	30956	Aass	6.398	137	1	0	1.0	0.0	6.398
GCH1_MOUSE	14528	Gch1	6.395	138	1	0	1.0	0.0	6.395
LRP8_MOUSE	16975	Lrp8	6.389	140	1	3	1.0	0.0	6.389
CBX5_MOUSE	12419	Cbx5	6.386	141	1	1	1.0	0.0	6.386
LIFR_MOUSE	16880	Lifr	6.386	141	1	0	1.0	0.0	6.386
GDF15_MOUSE	23886	Gdf15	6.386	141	1	0	1.0	0.0	6.386
HXK2_MOUSE	15277	Hk2	6.371	146	1	0	1.0	0.0	6.371
PEBB_MOUSE	12400	Cbfb	6.362	149	1	0	1.0	0.0	6.362
EPHA2_MOUSE	13836	Epha2	6.362	149	1	3	1.0	0.0	6.362
MDS1_MOUSE	14013	Mecom	6.356	151	1	0	1.0	0.0	6.356
CAD23_MOUSE	22295	Cdh23	6.356	151	1	1	1.0	0.0	6.356
CXA4_MOUSE	14612	Gja4	6.35	153	1	0	1.0	0.0	6.35
CD59A_MOUSE	12509	Cd59a	6.347	154	1	0	1.0	0.0	6.347
PAXI_MOUSE	19303	Pxn	6.347	154	1	6	1.0	0.0	6.347
MP2K3_MOUSE	26397	Map2k3	6.347	154	1	0	1.0	0.0	6.347
PPIA_MOUSE	268373	Ppia	6.347	154	1	1	1.0	0.0	6.347
HPPD_MOUSE	15445	Hpd	6.345	155	1	0	1.0	0.0	6.345
MOES_MOUSE	17698	Msn	6.342	156	1	0	1.0	0.0	6.342
MCP_MOUSE	17221	Cd46	6.339	157	1	0	1.0	0.0	6.339
CYTC_MOUSE	13010	Cst3	6.334	159	1	0	1.0	0.0	6.334
F2Z4A3_MOUSE	14107	Fat1	6.334	159	1	3	1.0	0.0	6.334
AGRIN_MOUSE	11603	Agrn	6.331	160	1	0	1.0	0.0	6.331
ACVL1_MOUSE	11482	Acvrl1	6.328	161	1	0	1.0	0.0	6.328
NUCL_MOUSE	17975	Ncl	6.328	161	1	1	1.0	0.0	6.328
FSHR_MOUSE	14309	Fshr	6.325	162	1	0	1.0	0.0	6.325
GRM5_MOUSE	108071	Grm5	6.325	162	1	1	1.0	0.0	6.325
E9QPE7_MOUSE	17880	Myh11	6.32	164	1	3	1.0	0.0	6.32
B1ATV3_MOUSE	22065	Trpc3	6.315	166	1	2	1.0	0.0	6.315
VANG2_MOUSE	93840	Vangl2	6.315	166	1	2	1.0	0.0	6.315
ICAL_MOUSE	12380	Cast	6.312	167	1	0	1.0	0.0	6.312
NRP2_MOUSE	18187	Nrp2	6.307	169	1	0	1.0	0.0	6.307
SC6A1_MOUSE	232333	Slc6a1	6.305	170	1	0	1.0	0.0	6.305
EOMES_MOUSE	13813	Eomes	6.299	172	1	2	1.0	0.0	6.299
FV1_MOUSE	14349	Fv1	6.299	172	1	0	1.0	0.0	6.299
LRRK2_MOUSE	66725	Lrrk2	6.299	172	1	6	1.0	0.0	6.299
AXIN2_MOUSE	12006	Axin2	6.294	174	1	2	1.0	0.0	6.294
ID3_MOUSE	15903	Id3	6.289	176	1	0	1.0	0.0	6.289
ACM1_MOUSE	12669	Chrm1	6.287	177	1	0	1.0	0.0	6.287
NEMO_MOUSE	16151	Ikbkg	6.287	177	1	0	1.0	0.0	6.287
KCNN4_MOUSE	16534	Kcnn4	6.287	177	1	1	1.0	0.0	6.287
ANXA2_MOUSE	12306	Anxa2	6.285	178	1	0	1.0	0.0	6.285
GLCM_MOUSE	14466	Gba	6.285	178	1	0	1.0	0.0	6.285
SDC2_MOUSE	15529	Sdc2	6.282	179	1	0	1.0	0.0	6.282
TYOBP_MOUSE	22177	Tyrobp	6.277	181	1	0	1.0	0.0	6.277
MFN2_MOUSE	170731	Mfn2	6.277	181	1	1	1.0	0.0	6.277
OMP_MOUSE	18378	Omp	6.275	182	1	0	1.0	0.0	6.275
DHI1_MOUSE	15483	Hsd11b1	6.273	183	1	0	1.0	0.0	6.273
CYR61_MOUSE	16007	Cyr61	6.268	185	1	0	1.0	0.0	6.268
K1C10_MOUSE	16661	Krt10	6.265	186	1	0	1.0	0.0	6.265
TPM1_MOUSE	22003	Tpm1	6.265	186	1	0	1.0	0.0	6.265
CSK22_MOUSE	13000	Csnk2a2	6.256	190	1	2	1.0	0.0	6.256
DAB1_MOUSE	13131	Dab1	6.256	190	1	5	1.0	0.0	6.256
MAPK2_MOUSE	17164	Mapkapk2	6.256	190	1	0	1.0	0.0	6.256
MMP8_MOUSE	17394	Mmp8	6.254	191	1	4	1.0	0.0	6.254
ANT3_MOUSE	11905	Serpinc1	6.252	192	1	0	1.0	0.0	6.252
PGS1_MOUSE	12111	Bgn	6.249	193	1	0	1.0	0.0	6.249
AQP3_MOUSE	11828	Aqp3	6.24	197	1	0	1.0	0.0	6.24
CTCF_MOUSE	13018	Ctcf	6.238	198	1	0	1.0	0.0	6.238
DYHC1_MOUSE	13424	Dync1h1	6.234	200	1	1	1.0	0.0	6.234
ANG2_MOUSE	11731	Ang2	6.23	202	1	0	1.0	0.0	6.23
F6UHW1_MOUSE	17451	Mos	6.23	202	1	0	1.0	0.0	6.23
CEAM1_MOUSE	26365	Ceacam1	6.23	202	1	1	1.0	0.0	6.23
A2MG_MOUSE	232345	A2m	6.23	202	1	0	1.0	0.0	6.23
PCSK9_MOUSE	100102	Pcsk9	6.225	204	1	0	1.0	0.0	6.225
GRIK2_MOUSE	14806	Grik2	6.223	205	1	0	1.0	0.0	6.223
SOST_MOUSE	74499	Sost	6.223	205	1	0	1.0	0.0	6.223
TNNT2_MOUSE	21956	Tnnt2	6.221	206	1	0	1.0	0.0	6.221
MK03_MOUSE	26417	Mapk3	6.215	5725	2	2	1.301	0.0	4.777
Q5EC55_MOUSE	11705	Amh	6.205	214	1	0	1.0	0.0	6.205
I17RA_MOUSE	16172	Il17ra	6.196	218	1	1	1.0	0.0	6.196
CO4B_MOUSE	12268	C4b	6.193	220	1	0	1.0	0.0	6.193
ARRS_MOUSE	20215	Sag	6.191	221	1	0	1.0	0.0	6.191
EIF2A_MOUSE	229317	Eif2a	6.191	221	1	1	1.0	0.0	6.191
PDE5A_MOUSE	242202	Pde5a	6.191	221	1	0	1.0	0.0	6.191
NEST_MOUSE	18008	Nes	6.185	224	1	4	1.0	0.0	6.185
TRPC6_MOUSE	22068	Trpc6	6.185	224	1	2	1.0	0.0	6.185
TCAM1_MOUSE	106759	Ticam1	6.185	224	1	1	1.0	0.0	6.185
FLI1_MOUSE	14247	Fli1	6.179	227	1	1	1.0	0.0	6.179
ADRB3_MOUSE	11556	Adrb3	6.177	228	1	0	1.0	0.0	6.177
L7N1X9_MOUSE	13184	Dcpp1	6.177	228	1	1	1.0	0.0	6.177
P2RY1_MOUSE	18441	P2ry1	6.166	234	1	1	1.0	0.0	6.166
M3K14_MOUSE	53859	Map3k14	6.166	234	1	2	1.0	0.0	6.166
PITX2_MOUSE	18741	Pitx2	6.164	235	1	0	1.0	0.0	6.164
STA5B_MOUSE	20851	Stat5b	6.164	235	1	0	1.0	0.0	6.164
TLR1_MOUSE	21897	Tlr1	6.162	236	1	6	1.0	0.0	6.162
AREG_MOUSE	11839	Areg	6.16	237	1	1	1.0	0.0	6.16
VGLU2_MOUSE	140919	Slc17a6	6.155	240	1	1	1.0	0.0	6.155
SMO_MOUSE	319757	Smo	6.155	240	1	3	1.0	0.0	6.155
CISH_MOUSE	12700	Cish	6.151	242	1	0	1.0	0.0	6.151
PLCG1_MOUSE	18803	Plcg1	6.149	243	1	0	1.0	0.0	6.149
AIRE_MOUSE	11634	Aire	6.148	244	1	0	1.0	0.0	6.148
CAC1B_MOUSE	12287	Cacna1b	6.148	244	1	0	1.0	0.0	6.148
ENTP1_MOUSE	12495	Entpd1	6.148	244	1	6	1.0	0.0	6.148
MX1_MOUSE	17857	Mx1	6.148	244	1	0	1.0	0.0	6.148
SL9A1_MOUSE	20544	Slc9a1	6.148	244	1	1	1.0	0.0	6.148
COR1A_MOUSE	12721	Coro1a	6.146	245	1	7	1.0	0.0	6.146
CSK_MOUSE	12988	Csk	6.146	245	1	5	1.0	0.0	6.146
RET4_MOUSE	19662	Rbp4	6.144	246	1	0	1.0	0.0	6.144
ADA10_MOUSE	11487	Adam10	6.128	255	1	0	1.0	0.0	6.128
LY75_MOUSE	17076	Ly75	6.127	256	1	0	1.0	0.0	6.127
ENOG_MOUSE	13807	Eno2	6.123	258	1	1	1.0	0.0	6.123
CFLAR_MOUSE	12633	Cflar	6.12	260	1	0	1.0	0.0	6.12
Q3TA56_MOUSE	20345	Selplg	6.12	260	1	0	1.0	0.0	6.12
CCR6_MOUSE	12458	Ccr6	6.117	262	1	3	1.0	0.0	6.117
LRP5_MOUSE	16973	Lrp5	6.117	262	1	0	1.0	0.0	6.117
AL1A1_MOUSE	11668	Aldh1a1	6.115	263	1	4	1.0	0.0	6.115
NET1_MOUSE	18208	Ntn1	6.115	263	1	3	1.0	0.0	6.115
SFTPD_MOUSE	20390	Sftpd	6.115	263	1	0	1.0	0.0	6.115
ARBK1_MOUSE	110355	Grk2	6.113	264	1	0	1.0	0.0	6.113
TERT_MOUSE	21752	Tert	6.104	270	1	0	1.0	0.0	6.104
CD79A_MOUSE	12518	Cd79a	6.102	271	1	0	1.0	0.0	6.102
JAK3_MOUSE	16453	Jak3	6.102	271	1	0	1.0	0.0	6.102
BCL6_MOUSE	12053	Bcl6	6.1	272	1	0	1.0	0.0	6.1
IBP5_MOUSE	16011	Igfbp5	6.1	272	1	0	1.0	0.0	6.1
SHIP1_MOUSE	16331	Inpp5d	6.099	273	1	0	1.0	0.0	6.099
IRF8_MOUSE	15900	Irf8	6.097	274	1	2	1.0	0.0	6.097
ECM1_MOUSE	13601	Ecm1	6.096	275	1	0	1.0	0.0	6.096
PAR2_MOUSE	14063	F2rl1	6.092	277	1	0	1.0	0.0	6.092
LMNA_MOUSE	16905	Lmna	6.092	277	1	4	1.0	0.0	6.092
MSHR_MOUSE	17199	Mc1r	6.089	279	1	1	1.0	0.0	6.089
MYH6_MOUSE	17888	Myh6	6.088	280	1	0	1.0	0.0	6.088
NEU1_MOUSE	18429	Oxt	6.086	281	1	0	1.0	0.0	6.086
PTH1R_MOUSE	19228	Pth1r	6.085	282	1	0	1.0	0.0	6.085
IL1R1_MOUSE	16177	Il1r1	6.083	283	1	1	1.0	0.0	6.083
ATF3_MOUSE	11910	Atf3	6.082	284	1	0	1.0	0.0	6.082
Q61636_MOUSE	22288	Utrn	6.082	284	1	3	1.0	0.0	6.082
PKD2_MOUSE	18764	Pkd2	6.077	287	1	3	1.0	0.0	6.077
M3K7_MOUSE	26409	Map3k7	6.076	288	1	0	1.0	0.0	6.076
VINC_MOUSE	22330	Vcl	6.073	290	1	0	1.0	0.0	6.073
HS71A_MOUSE	193740	Hspa1a	6.071	291	1	0	1.0	0.0	6.071
MPRI_MOUSE	16004	Igf2r	6.068	293	1	1	1.0	0.0	6.068
OGA_MOUSE	76055	Mgea5	6.067	294	1	0	1.0	0.0	6.067
KISS1_MOUSE	280287	Kiss1	6.067	294	1	2	1.0	0.0	6.067
CBL_MOUSE	12402	Cbl	6.064	296	1	0	1.0	0.0	6.064
DLK1_MOUSE	13386	Dlk1	6.061	298	1	1	1.0	0.0	6.061
CASP7_MOUSE	12369	Casp7	6.058	300	1	0	1.0	0.0	6.058
LEG1_MOUSE	16852	Lgals1	6.055	302	1	0	1.0	0.0	6.055
UTER_MOUSE	22287	Scgb1a1	6.055	302	1	0	1.0	0.0	6.055
GLI3_MOUSE	14634	Gli3	6.052	304	1	0	1.0	0.0	6.052
GRP_MOUSE	225642	Grp	6.049	306	1	0	1.0	0.0	6.049
ANGP2_MOUSE	11601	Angpt2	6.046	308	1	0	1.0	0.0	6.046
CXA3_MOUSE	14611	Gja3	6.046	308	1	2	1.0	0.0	6.046
ENPL_MOUSE	22027	Hsp90b1	6.046	308	1	1	1.0	0.0	6.046
TSHR_MOUSE	22095	Tshr	6.039	313	1	0	1.0	0.0	6.039
TFPI1_MOUSE	21788	Tfpi	6.037	315	1	0	1.0	0.0	6.037
NCF1_MOUSE	17969	Ncf1	6.035	316	1	0	1.0	0.0	6.035
Q6GTZ3_MOUSE	15901	Id1	6.034	317	1	1	1.0	0.0	6.034
S100B_MOUSE	20203	S100b	6.034	317	1	0	1.0	0.0	6.034
ERBB4_MOUSE	13869	Erbb4	6.033	318	1	3	1.0	0.0	6.033
NOX1_MOUSE	237038	Nox1	6.03	320	1	1	1.0	0.0	6.03
CCR1_MOUSE	12768	Ccr1	6.016	330	1	0	1.0	0.0	6.016
Q80SY9_MOUSE	257632	Nod2	6.015	331	1	2	1.0	0.0	6.015
TIMP3_MOUSE	21859	Timp3	6.011	334	1	2	1.0	0.0	6.011
NEUFC_MOUSE	192986	Cyb5d2	6.006	338	1	1	1.0	0.0	6.006
CP11A_MOUSE	13070	Cyp11a1	6.005	339	1	0	1.0	0.0	6.005
ERCC8_MOUSE	71991	Ercc8	6.0	343	1	1	1.0	0.0	6.0
LAMP2_MOUSE	16784	Lamp2	5.981	358	1	2	1.0	0.0	5.981
ATG7_MOUSE	74244	Atg7	5.977	361	1	3	1.0	0.0	5.977
NPHN_MOUSE	54631	Nphs1	5.973	365	1	1	1.0	0.0	5.973
RYR1_MOUSE	20190	Ryr1	5.971	366	1	0	1.0	0.0	5.971
STS_MOUSE	20905	Sts	5.971	366	1	0	1.0	0.0	5.971
NS1BP_MOUSE	117198	Ivns1abp	5.969	368	1	0	1.0	0.0	5.969
LAMP1_MOUSE	16783	Lamp1	5.966	371	1	6	1.0	0.0	5.966
UPAR_MOUSE	18793	Plaur	5.959	377	1	1	1.0	0.0	5.959
MK01_MOUSE	26413	Mapk1	5.953	9098	2	2	1.301	0.0	4.575
PTN1_MOUSE	19246	Ptpn1	5.948	386	1	0	1.0	0.0	5.948
AICDA_MOUSE	11628	Aicda	5.947	387	1	0	1.0	0.0	5.947
STAT4_MOUSE	20849	Stat4	5.942	392	1	0	1.0	0.0	5.942
PAR1_MOUSE	14062	F2r	5.933	400	1	1	1.0	0.0	5.933
ADRB2_MOUSE	11555	Adrb2	5.929	404	1	0	1.0	0.0	5.929
CTND1_MOUSE	12388	Ctnnd1	5.925	407	1	0	1.0	0.0	5.925
TF_MOUSE	14066	F3	5.922	410	1	1	1.0	0.0	5.922
IBP3_MOUSE	16009	Igfbp3	5.922	410	1	0	1.0	0.0	5.922
AGRP_MOUSE	11604	Agrp	5.917	415	1	1	1.0	0.0	5.917
ATF4_MOUSE	11911	Atf4	5.909	423	1	0	1.0	0.0	5.909
CLOCK_MOUSE	12753	Clock	5.906	425	1	0	1.0	0.0	5.906
FCERG_MOUSE	14127	Fcer1g	5.906	426	1	0	1.0	0.0	5.906
LYN_MOUSE	17096	Lyn	5.896	435	1	6	1.0	0.0	5.896
NRP1_MOUSE	18186	Nrp1	5.896	435	1	0	1.0	0.0	5.896
ADA_MOUSE	11486	Ada	5.889	442	1	0	1.0	0.0	5.889
GHR_MOUSE	14600	Ghr	5.888	444	1	0	1.0	0.0	5.888
NR4A1_MOUSE	15370	Nr4a1	5.888	443	1	0	1.0	0.0	5.888
GAST_MOUSE	14459	Gast	5.869	463	1	0	1.0	0.0	5.869
CRP_MOUSE	12944	Crp	5.867	466	1	0	1.0	0.0	5.867
XBP1_MOUSE	22433	Xbp1	5.865	468	1	1	1.0	0.0	5.865
TN13B_MOUSE	24099	Tnfsf13b	5.863	470	1	0	1.0	0.0	5.863
P63_MOUSE	22061	Tp63	5.862	471	1	0	1.0	0.0	5.862
CD20_MOUSE	12482	Ms4a1	5.859	474	1	3	1.0	0.0	5.859
Q80YQ1_MOUSE	21825	Thbs1	5.848	486	1	2	1.0	0.0	5.848
COIA1_MOUSE	12822	Col18a1	5.846	489	1	0	1.0	0.0	5.846
PPARD_MOUSE	19015	Ppard	5.846	488	1	1	1.0	0.0	5.846
PGFRA_MOUSE	18595	Pdgfra	5.841	494	1	0	1.0	0.0	5.841
TPA_MOUSE	18791	Plat	5.841	494	1	2	1.0	0.0	5.841
SYUA_MOUSE	20617	Snca	5.834	502	1	2	1.0	0.0	5.834
MUC1_MOUSE	17829	Muc1	5.83	507	1	0	1.0	0.0	5.83
SC6A4_MOUSE	15567	Slc6a4	5.826	511	1	2	1.0	0.0	5.826
G3P_MOUSE	14433	Gapdh	5.822	516	1	0	1.0	0.0	5.822
SOCS1_MOUSE	12703	Socs1	5.818	521	1	2	1.0	0.0	5.818
AOFB_MOUSE	109731	Maob	5.818	521	1	0	1.0	0.0	5.818
OPRM_MOUSE	18390	Oprm1	5.817	522	1	4	1.0	0.0	5.817
Q6PI17_MOUSE	21858	Timp2	5.81	531	1	0	1.0	0.0	5.81
Q9DC83_MOUSE	12902	Cr2	5.796	548	1	1	1.0	0.0	5.796
IRS2_MOUSE	384783	Irs2	5.796	548	1	0	1.0	0.0	5.796
S10A9_MOUSE	20202	S100a9	5.795	550	1	0	1.0	0.0	5.795
ILRL1_MOUSE	17082	Il1rl1	5.793	552	1	0	1.0	0.0	5.793
Q9CQI1_MOUSE	20387	Sftpa1	5.79	556	1	1	1.0	0.0	5.79
INS2_MOUSE	16334	Ins2	5.787	560	1	0	1.0	0.0	5.787
PER1_MOUSE	18626	Per1	5.784	563	1	5	1.0	0.0	5.784
TFR1_MOUSE	22042	Tfrc	5.784	564	1	0	1.0	0.0	5.784
GLP1R_MOUSE	14652	Glp1r	5.782	566	1	0	1.0	0.0	5.782
Q8BQV2_MOUSE	12647	Chat	5.781	567	1	0	1.0	0.0	5.781
PROM1_MOUSE	19126	Prom1	5.773	578	1	0	1.0	0.0	5.773
FA8_MOUSE	14069	F8	5.77	582	1	0	1.0	0.0	5.77
IKBB_MOUSE	18036	Nfkbib	5.766	588	1	1	1.0	0.0	5.766
5NTD_MOUSE	23959	Nt5e	5.765	589	1	4	1.0	0.0	5.765
GRIA2_MOUSE	14800	Gria2	5.761	594	1	0	1.0	0.0	5.761
IL9_MOUSE	16198	Il9	5.759	597	1	1	1.0	0.0	5.759
CO1A1_MOUSE	12842	Col1a1	5.75	610	1	0	1.0	0.0	5.75
CCR7_MOUSE	12775	Ccr7	5.734	632	1	1	1.0	0.0	5.734
RAF1_MOUSE	110157	Raf1	5.732	635	1	1	1.0	0.0	5.732
CO5_MOUSE	15139	C5	5.73	638	1	0	1.0	0.0	5.73
CCKN_MOUSE	12424	Cck	5.727	643	1	0	1.0	0.0	5.727
G3UWD2_MOUSE	12394	Runx1	5.725	646	1	0	1.0	0.0	5.725
HPLN1_MOUSE	12950	Hapln1	5.725	645	1	3	1.0	0.0	5.725
CSF1R_MOUSE	12978	Csf1r	5.721	652	1	5	1.0	0.0	5.721
KLF4_MOUSE	16600	Klf4	5.709	669	1	1	1.0	0.0	5.709
BRAF_MOUSE	109880	Braf	5.709	670	1	0	1.0	0.0	5.709
Q8C253_MOUSE	16854	Lgals3	5.704	677	1	3	1.0	0.0	5.704
CADH2_MOUSE	12558	Cdh2	5.701	683	1	2	1.0	0.0	5.701
HPRT_MOUSE	15452	Hprt1	5.695	691	1	0	1.0	0.0	5.695
IL4_MOUSE	16189	Il4	5.693	14353	2	1	1.301	0.0	4.376
GALA_MOUSE	14419	Gal	5.691	698	1	0	1.0	0.0	5.691
CDK1_MOUSE	12534	Cdk1	5.679	717	1	0	1.0	0.0	5.679
LIPL_MOUSE	16956	Lpl	5.674	726	1	0	1.0	0.0	5.674
S1PR1_MOUSE	13609	S1pr1	5.672	730	1	2	1.0	0.0	5.672
CNR2_MOUSE	12802	Cnr2	5.665	741	1	0	1.0	0.0	5.665
NQO1_MOUSE	18104	Nqo1	5.663	744	1	0	1.0	0.0	5.663
ABL1_MOUSE	11350	Abl1	5.656	756	1	0	1.0	0.0	5.656
TNF10_MOUSE	22035	Tnfsf10	5.656	756	1	0	1.0	0.0	5.656
SOCS3_MOUSE	12702	Socs3	5.655	759	1	1	1.0	0.0	5.655
CCR5_MOUSE	12774	Ccr5	5.655	759	1	1	1.0	0.0	5.655
GRAC_MOUSE	14940	Gzmc	5.651	765	1	0	1.0	0.0	5.651
NF1_MOUSE	18015	Nf1	5.649	768	1	0	1.0	0.0	5.649
IL1RA_MOUSE	16181	Il1rn	5.648	771	1	0	1.0	0.0	5.648
PRGR_MOUSE	18667	Pgr	5.643	780	1	0	1.0	0.0	5.643
CDK2_MOUSE	12566	Cdk2	5.639	787	1	0	1.0	0.0	5.639
PDX1_MOUSE	18609	Pdx1	5.607	847	1	4	1.0	0.0	5.607
ABCA1_MOUSE	11303	Abca1	5.603	855	1	0	1.0	0.0	5.603
AP2A_MOUSE	21418	Tfap2a	5.599	863	1	1	1.0	0.0	5.599
FOXO1_MOUSE	56458	Foxo1	5.583	894	1	6	1.0	0.0	5.583
MOG_MOUSE	17441	Mog	5.582	897	1	0	1.0	0.0	5.582
PA21B_MOUSE	18778	Pla2g1b	5.578	905	1	0	1.0	0.0	5.578
CEBPB_MOUSE	12608	Cebpb	5.562	939	1	2	1.0	0.0	5.562
IGF1R_MOUSE	16001	Igf1r	5.555	954	1	0	1.0	0.0	5.555
TIE2_MOUSE	21687	Tek	5.545	977	1	1	1.0	0.0	5.545
IKBA_MOUSE	18035	Nfkbia	5.544	980	1	1	1.0	0.0	5.544
TYRO_MOUSE	22173	Tyr	5.528	1016	1	0	1.0	0.0	5.528
NLRP3_MOUSE	216799	Nlrp3	5.514	1049	1	0	1.0	0.0	5.514
PGP_MOUSE	67078	Pgp	5.509	1062	1	0	1.0	0.0	5.509
ACHA7_MOUSE	11441	Chrna7	5.503	1076	1	2	1.0	0.0	5.503
APOA1_MOUSE	11806	Apoa1	5.501	1081	1	0	1.0	0.0	5.501
G3X9H5_MOUSE	15194	Htt	5.494	1099	1	0	1.0	0.0	5.494
MMP13_MOUSE	17386	Mmp13	5.489	1110	1	0	1.0	0.0	5.489
THRB_MOUSE	14061	F2	5.464	1178	1	0	1.0	0.0	5.464
GTR4_MOUSE	20528	Slc2a4	5.462	1182	1	0	1.0	0.0	5.462
JAK2_MOUSE	16452	Jak2	5.459	1190	1	0	1.0	0.0	5.459
NGF_MOUSE	18049	Ngf	5.455	1201	1	0	1.0	0.0	5.455
HBB2_MOUSE	15130	Hbb-b2	5.442	1238	1	0	1.0	0.0	5.442
ANXA5_MOUSE	11747	Anxa5	5.438	1250	1	3	1.0	0.0	5.438
LYAM1_MOUSE	20343	Sell	5.427	1282	1	0	1.0	0.0	5.427
HA1B_MOUSE	14972	H2-K1	5.425	1287	1	0	1.0	0.0	5.425
KI67_MOUSE	17345	Mki67	5.409	1336	1	1	1.0	0.0	5.409
CXL15_MOUSE	20309	Cxcl15	5.4	1363	1	0	1.0	0.0	5.4
CASP9_MOUSE	12371	Casp9	5.397	1375	1	0	1.0	0.0	5.397
IL7_MOUSE	16196	Il7	5.396	1376	1	0	1.0	0.0	5.396
NMDZ1_MOUSE	14810	Grin1	5.367	1472	1	0	1.0	0.0	5.367
TNR1A_MOUSE	21937	Tnfrsf1a	5.364	1483	1	1	1.0	0.0	5.364
CD40L_MOUSE	21947	Cd40lg	5.346	1544	1	0	1.0	0.0	5.346
PRGC1_MOUSE	19017	Ppargc1a	5.339	1569	1	0	1.0	0.0	5.339
CCL5_MOUSE	20304	Ccl5	5.316	1653	1	1	1.0	0.0	5.316
B2CL1_MOUSE	12048	Bcl2l1	5.311	1674	1	2	1.0	0.0	5.311
IFNB_MOUSE	15977	Ifnb1	5.31	1676	1	0	1.0	0.0	5.31
RUNX2_MOUSE	12393	Runx2	5.303	1703	1	0	1.0	0.0	5.303
CD5_MOUSE	12507	Cd5	5.289	1760	1	0	1.0	0.0	5.289
SCF_MOUSE	17311	Kitlg	5.272	1829	1	0	1.0	0.0	5.272
Q3UPN1_MOUSE	22329	Vcam1	5.218	2074	1	1	1.0	0.0	5.218
GSK3B_MOUSE	56637	Gsk3b	5.149	2430	1	1	1.0	0.0	5.149
PECA1_MOUSE	18613	Pecam1	5.142	2466	1	0	1.0	0.0	5.142
A4_MOUSE	11820	App	5.105	2687	1	0	1.0	0.0	5.105
TLR2_MOUSE	24088	Tlr2	5.055	3018	1	0	1.0	0.0	5.055
CAH1_MOUSE	12346	Ca1	4.972	3651	1	0	1.0	0.0	4.972
FOXP3_MOUSE	20371	Foxp3	4.962	3742	1	0	1.0	0.0	4.962
THY1_MOUSE	21838	Thy1	4.944	3894	1	0	1.0	0.0	4.944
STAT3_MOUSE	20848	Stat3	4.889	4419	1	1	1.0	0.0	4.889
