Big_T	1117
Big_F	1558007
UniProtKB_ID	GeneID	Gene_Name	PPS	Big_P	T+P	Citation	1+Log(T+P)	log10((Cit/yr+1)/10)	1+log10(F/T)+log10(F/P)
IL1B_MOUSE	16176	Il1b	13.633	13155	13	11	2.114	0.079	6.216
IFNG_MOUSE	15978	Ifng	13.086	21013	10	14	2.0	0.176	6.013
IL17_MOUSE	16171	Il17a	12.962	5052	9	8	1.954	0.0	6.633
CD4_MOUSE	12504	Cd4	12.44	22385	12	3	2.079	0.0	5.983
IL6_MOUSE	16193	Il6	12.3	20477	11	8	2.041	0.0	6.025
Q199A7_MOUSE	22431	Wt1	12.272	475	4	1	1.602	0.0	7.66
EPIPL_MOUSE	223650	Eppk1	11.957	14	2	0	1.301	0.0	9.191
CD9_MOUSE	12527	Cd9	11.761	237	3	4	1.477	0.0	7.962
TNR6_MOUSE	14102	Fas	11.501	1438	4	0	1.602	0.0	7.179
DKK1_MOUSE	13380	Dkk1	11.408	411	3	2	1.477	0.0	7.723
ADIPO_MOUSE	11450	Adipoq	11.386	1696	4	2	1.602	0.0	7.107
CNR2_MOUSE	12802	Cnr2	11.03	741	3	2	1.477	0.0	7.467
HAND2_MOUSE	15111	Hand2	10.928	8010	5	7	1.699	0.0	6.432
IL15_MOUSE	16168	Il15	10.719	1202	3	1	1.477	0.0	7.257
CD81_MOUSE	12520	Cd81	10.652	141	2	2	1.301	0.0	8.188
IL10_MOUSE	16153	Il10	10.548	13394	5	1	1.699	0.0	6.209
IL18_MOUSE	16173	Il18	10.414	1935	3	2	1.477	0.0	7.05
RRP8_MOUSE	101867	Rrp8	10.337	1	1	0	1.0	0.0	10.337
CD44_MOUSE	12505	Cd44	10.181	2781	3	2	1.477	0.0	6.892
COX2_MOUSE	17709	Mtco2	10.117	3069	3	0	1.477	0.0	6.849
C1QA_MOUSE	12259	C1qa	9.974	468	2	0	1.301	0.0	7.667
TNFA_MOUSE	21926	Tnf	9.882	32739	5	2	1.699	0.0	5.816
KSYK_MOUSE	20963	Syk	9.877	556	2	2	1.301	0.0	7.592
CD3E_MOUSE	12501	Cd3e	9.851	4649	3	0	1.477	0.0	6.669
MLN_MOUSE	69563	Mrln	9.735	4	1	0	1.0	0.0	9.735
NOS2_MOUSE	18126	Nos2	9.637	6491	3	1	1.477	0.0	6.524
BATF2_MOUSE	74481	Batf2	9.559	6	1	0	1.0	0.0	9.559
E9PUR6_MOUSE	14815	Nr3c1	9.475	1133	2	0	1.301	0.0	7.283
CCR2_MOUSE	12772	Ccr2	9.454	1175	2	1	1.301	0.0	7.266
LCORL_MOUSE	209707	Lcorl	9.434	8	1	0	1.0	0.0	9.434
ALBU_MOUSE	11657	Alb	9.309	1519	2	0	1.301	0.0	7.155
CXCR4_MOUSE	12767	Cxcr4	9.291	1566	2	0	1.301	0.0	7.142
HMGB1_MOUSE	15289	Hmgb1	9.256	1667	2	0	1.301	0.0	7.115
TNFL6_MOUSE	14103	Faslg	9.194	1860	2	1	1.301	0.0	7.067
PADI4_MOUSE	18602	Padi4	9.133	16	1	2	1.0	0.0	9.133
HIF1A_MOUSE	15251	Hif1a	9.041	2440	2	4	1.301	0.0	6.949
TNF11_MOUSE	21943	Tnfsf11	9.038	2450	2	1	1.301	0.0	6.947
FGF2_MOUSE	14173	Fgf2	8.985	2693	2	0	1.301	0.0	6.906
Q0P538_MOUSE	12046	Bcl2a1c	8.957	24	1	0	1.0	0.0	8.957
MCRS1_MOUSE	51812	Mcrs1	8.957	24	1	0	1.0	0.0	8.957
P85A_MOUSE	18708	Pik3r1	8.945	2892	2	0	1.301	0.0	6.875
MMP2_MOUSE	17390	Mmp2	8.941	2911	2	5	1.301	0.0	6.873
ZBT7A_MOUSE	16969	Zbtb7a	8.874	29	1	0	1.0	0.0	8.874
CF047_MOUSE	114585	D17h6s53e	8.86	30	1	0	1.0	0.0	8.86
ROAA_MOUSE	15384	Hnrnpab	8.832	32	1	0	1.0	0.0	8.832
ZA2G_MOUSE	12007	Azgp1	8.781	36	1	1	1.0	0.0	8.781
CRLF1_MOUSE	12931	Crlf1	8.693	44	1	0	1.0	0.0	8.693
Q80Z68_MOUSE	171207	Arhgap4	8.693	44	1	1	1.0	0.0	8.693
CD180_MOUSE	17079	Cd180	8.674	46	1	0	1.0	0.0	8.674
PLXA1_MOUSE	18844	Plxna1	8.656	48	1	0	1.0	0.0	8.656
CAR11_MOUSE	108723	Card11	8.656	48	1	0	1.0	0.0	8.656
E9Q604_MOUSE	16409	Itgam	8.616	5159	2	0	1.301	0.0	6.623
FCRLB_MOUSE	435653	Fcrlb	8.517	66	1	0	1.0	0.0	8.517
PROP_MOUSE	18636	Cfp	8.511	67	1	2	1.0	0.0	8.511
STX1A_MOUSE	20907	Stx1a	8.498	69	1	0	1.0	0.0	8.498
CASP3_MOUSE	12367	Casp3	8.45	6954	2	1	1.301	0.0	6.495
LSM2_MOUSE	27756	Lsm2	8.45	77	1	0	1.0	0.0	8.45
RAB7A_MOUSE	19349	Rab7a	8.418	83	1	2	1.0	0.0	8.418
AKT1_MOUSE	11651	Akt1	8.41	7425	2	4	1.301	0.0	6.464
METK1_MOUSE	11720	Mat1a	8.397	87	1	1	1.0	0.0	8.397
KCRB_MOUSE	12709	Ckb	8.378	91	1	0	1.0	0.0	8.378
CYS1_MOUSE	12879	Cys1	8.373	92	1	0	1.0	0.0	8.373
SMAD6_MOUSE	17130	Smad6	8.346	98	1	0	1.0	0.0	8.346
RIPK2_MOUSE	192656	Ripk2	8.32	104	1	0	1.0	0.0	8.32
K1KB9_MOUSE	13648	Klk1b9	8.312	106	1	0	1.0	0.0	8.312
LAG3_MOUSE	16768	Lag3	8.288	112	1	0	1.0	0.0	8.288
TREM1_MOUSE	58217	Trem1	8.284	113	1	0	1.0	0.0	8.284
HHEX_MOUSE	15242	Hhex	8.233	127	1	4	1.0	0.0	8.233
COX41_MOUSE	12857	Cox4i1	8.216	132	1	0	1.0	0.0	8.216
CBLB_MOUSE	208650	Cblb	8.216	132	1	3	1.0	0.0	8.216
NCOA5_MOUSE	228869	Ncoa5	8.2	137	1	0	1.0	0.0	8.2
WASP_MOUSE	22376	Was	8.194	139	1	0	1.0	0.0	8.194
TRYB1_MOUSE	100503895	Tpsab1	8.191	140	1	0	1.0	0.0	8.191
ENPP1_MOUSE	18605	Enpp1	8.185	142	1	0	1.0	0.0	8.185
MCP_MOUSE	17221	Cd46	8.141	157	1	2	1.0	0.0	8.141
MADCA_MOUSE	17123	Madcam1	8.109	169	1	1	1.0	0.0	8.109
AT8A1_MOUSE	11980	Atp8a1	8.099	173	1	0	1.0	0.0	8.099
CR1L_MOUSE	12946	Cr1l	8.074	183	1	4	1.0	0.0	8.074
IL2_MOUSE	16183	Il2	8.037	14336	2	5	1.301	0.0	6.178
ADA17_MOUSE	11491	Adam17	8.021	431	1	10	1.0	0.041	7.702
NTF4_MOUSE	78405	Ntf4	8.004	215	1	1	1.0	0.0	8.004
SQSTM_MOUSE	18412	Sqstm1	7.994	220	1	3	1.0	0.0	7.994
ATF2_MOUSE	11909	Atf2	7.953	242	1	1	1.0	0.0	7.953
TAP1_MOUSE	21354	Tap1	7.925	258	1	2	1.0	0.0	7.925
PCY1B_MOUSE	236899	Pcyt1b	7.923	259	1	0	1.0	0.0	7.923
SFTPD_MOUSE	20390	Sftpd	7.917	263	1	1	1.0	0.0	7.917
TNR18_MOUSE	21936	Tnfrsf18	7.905	270	1	2	1.0	0.0	7.905
BASI_MOUSE	12215	Bsg	7.902	272	1	0	1.0	0.0	7.902
CD48_MOUSE	12506	Cd48	7.897	275	1	0	1.0	0.0	7.897
NLRP3_MOUSE	216799	Nlrp3	7.895	1049	1	11	1.0	0.079	7.316
PAR2_MOUSE	14063	F2rl1	7.894	277	1	5	1.0	0.0	7.894
SPHK1_MOUSE	20698	Sphk1	7.883	284	1	0	1.0	0.0	7.883
ZAP70_MOUSE	22637	Zap70	7.879	287	1	0	1.0	0.0	7.879
C5AR1_MOUSE	12273	C5ar1	7.87	293	1	0	1.0	0.0	7.87
LEUK_MOUSE	20737	Spn	7.867	295	1	0	1.0	0.0	7.867
CBL_MOUSE	12402	Cbl	7.865	296	1	0	1.0	0.0	7.865
CALR_MOUSE	12317	Calr	7.804	341	1	0	1.0	0.0	7.804
Q61563_MOUSE	14184	Fgfr3	7.799	345	1	1	1.0	0.0	7.799
CATL1_MOUSE	13039	Ctsl	7.782	359	1	0	1.0	0.0	7.782
NS1BP_MOUSE	117198	Ivns1abp	7.771	368	1	0	1.0	0.0	7.771
PK3CA_MOUSE	18706	Pik3ca	7.769	370	1	2	1.0	0.0	7.769
PLMN_MOUSE	18815	Plg	7.754	383	1	0	1.0	0.0	7.754
E9QNL4_MOUSE	12675	Chuk	7.736	399	1	0	1.0	0.0	7.736
FGF23_MOUSE	64654	Fgf23	7.722	412	1	0	1.0	0.0	7.722
EPAS1_MOUSE	13819	Epas1	7.703	430	1	0	1.0	0.0	7.703
AA2AR_MOUSE	11540	Adora2a	7.669	465	1	1	1.0	0.0	7.669
CD20_MOUSE	12482	Ms4a1	7.661	474	1	0	1.0	0.0	7.661
A0A0B4J1M6_MOUSE	14131	Fcgr3	7.641	496	1	1	1.0	0.0	7.641
CATK_MOUSE	13038	Ctsk	7.624	516	1	0	1.0	0.0	7.624
CO3_MOUSE	12266	C3	7.623	517	1	1	1.0	0.0	7.623
Q9CQI1_MOUSE	20387	Sftpa1	7.592	556	1	1	1.0	0.0	7.592
BGLR_MOUSE	110006	Gusb	7.591	557	1	1	1.0	0.0	7.591
NUP62_MOUSE	18226	Nup62	7.58	571	1	1	1.0	0.0	7.58
FA8_MOUSE	14069	F8	7.572	582	1	0	1.0	0.0	7.572
CH60_MOUSE	15510	Hspd1	7.572	582	1	0	1.0	0.0	7.572
CHLE_MOUSE	12038	Bche	7.57	584	1	1	1.0	0.0	7.57
CATB_MOUSE	13030	Ctsb	7.567	588	1	0	1.0	0.0	7.567
IL9_MOUSE	16198	Il9	7.561	597	1	0	1.0	0.0	7.561
OCLN_MOUSE	18260	Ocln	7.535	634	1	1	1.0	0.0	7.535
CO5_MOUSE	15139	C5	7.532	638	1	0	1.0	0.0	7.532
G3UWD2_MOUSE	12394	Runx1	7.526	646	1	7	1.0	0.0	7.526
CDC42_MOUSE	12540	Cdc42	7.511	670	1	2	1.0	0.0	7.511
Q6P7T9_MOUSE	18018	Nfatc1	7.507	676	1	0	1.0	0.0	7.507
XDH_MOUSE	22436	Xdh	7.506	677	1	0	1.0	0.0	7.506
Q9CPQ2_MOUSE	19109	Prl	7.5	687	1	0	1.0	0.0	7.5
CTGF_MOUSE	14219	Ctgf	7.477	724	1	0	1.0	0.0	7.477
ELN_MOUSE	13717	Eln	7.476	725	1	0	1.0	0.0	7.476
S1PR1_MOUSE	13609	S1pr1	7.473	730	1	0	1.0	0.0	7.473
IL33_MOUSE	77125	Il33	7.473	730	1	0	1.0	0.0	7.473
MIF_MOUSE	17319	Mif	7.455	761	1	0	1.0	0.0	7.455
GRAC_MOUSE	14940	Gzmc	7.453	765	1	0	1.0	0.0	7.453
ACE_MOUSE	11421	Ace	7.452	767	1	0	1.0	0.0	7.452
CEBPB_MOUSE	12608	Cebpb	7.364	939	1	4	1.0	0.0	7.364
CY24B_MOUSE	13058	Cybb	7.358	953	1	0	1.0	0.0	7.358
CD14_MOUSE	12475	Cd14	7.35	969	1	0	1.0	0.0	7.35
GSHR_MOUSE	14782	Gsr	7.35	970	1	0	1.0	0.0	7.35
COX1_MOUSE	17708	Mtco1	7.349	972	1	0	1.0	0.0	7.349
CD19_MOUSE	12478	Cd19	7.33	1016	1	1	1.0	0.0	7.33
ACTA_MOUSE	11475	Acta2	7.276	1149	1	1	1.0	0.0	7.276
TRPV1_MOUSE	193034	Trpv1	7.268	1172	1	0	1.0	0.0	7.268
Q9Z0L6_MOUSE	19226	Pth	7.223	1300	1	0	1.0	0.0	7.223
DRD2_MOUSE	13489	Drd2	7.218	1315	1	2	1.0	0.0	7.218
RAG2_MOUSE	19374	Rag2	7.214	1326	1	0	1.0	0.0	7.214
KI67_MOUSE	17345	Mki67	7.211	1336	1	0	1.0	0.0	7.211
LIF_MOUSE	16878	Lif	7.16	1501	1	0	1.0	0.0	7.16
IL12B_MOUSE	16160	Il12b	7.151	1533	1	0	1.0	0.0	7.151
CD40L_MOUSE	21947	Cd40lg	7.148	1544	1	0	1.0	0.0	7.148
Q8CFQ1_MOUSE	20846	Stat1	7.139	1578	1	2	1.0	0.0	7.139
OSTC2_MOUSE	12097	Bglap2	7.118	1655	1	0	1.0	0.0	7.118
CAH3_MOUSE	12350	Ca3	7.117	1658	1	1	1.0	0.0	7.117
IFNB_MOUSE	15977	Ifnb1	7.112	1676	1	0	1.0	0.0	7.112
RUNX2_MOUSE	12393	Runx2	7.105	1703	1	0	1.0	0.0	7.105
CNR1_MOUSE	12801	Cnr1	7.097	1737	1	2	1.0	0.0	7.097
BMP2_MOUSE	12156	Bmp2	7.08	1806	1	0	1.0	0.0	7.08
CSF3_MOUSE	12985	Csf3	7.08	1807	1	1	1.0	0.0	7.08
CTNB1_MOUSE	12387	Ctnnb1	7.028	2035	1	0	1.0	0.0	7.028
CD28_MOUSE	12487	Cd28	7.026	2044	1	0	1.0	0.0	7.026
KIT_MOUSE	16590	Kit	7.005	2145	1	0	1.0	0.0	7.005
ITAX_MOUSE	16411	Itgax	6.986	2244	1	2	1.0	0.0	6.986
HMOX1_MOUSE	15368	Hmox1	6.975	2301	1	0	1.0	0.0	6.975
NOS1_MOUSE	18125	Nos1	6.975	2301	1	0	1.0	0.0	6.975
ERBB2_MOUSE	13866	Erbb2	6.955	2405	1	0	1.0	0.0	6.955
CATA_MOUSE	12359	Cat	6.939	2500	1	0	1.0	0.0	6.939
CD8A_MOUSE	12525	Cd8a	6.926	2573	1	0	1.0	0.0	6.926
IL1A_MOUSE	16175	Il1a	6.925	2577	1	0	1.0	0.0	6.925
SODC_MOUSE	20655	Sod1	6.925	2579	1	0	1.0	0.0	6.925
TNR5_MOUSE	21939	Cd40	6.849	3067	1	8	1.0	0.0	6.849
IL13_MOUSE	16163	Il13	6.809	3366	1	2	1.0	0.0	6.809
ICAM1_MOUSE	15894	Icam1	6.783	3579	1	0	1.0	0.0	6.783
IL2RA_MOUSE	16184	Il2ra	6.777	3631	1	0	1.0	0.0	6.777
CAH1_MOUSE	12346	Ca1	6.774	3651	1	0	1.0	0.0	6.774
PGH2_MOUSE	19225	Ptgs2	6.764	3735	1	2	1.0	0.0	6.764
THY1_MOUSE	21838	Thy1	6.746	3894	1	0	1.0	0.0	6.746
STAT3_MOUSE	20848	Stat3	6.691	4419	1	2	1.0	0.0	6.691
CCL2_MOUSE	20296	Ccl2	6.667	4678	1	0	1.0	0.0	6.667
CSF2_MOUSE	12981	Csf2	6.644	4923	1	5	1.0	0.0	6.644
APOE_MOUSE	11816	Apoe	6.508	6732	1	0	1.0	0.0	6.508
TGFB1_MOUSE	21803	Tgfb1	6.29	11126	1	0	1.0	0.0	6.29
IL4_MOUSE	16189	Il4	6.178	14353	1	0	1.0	0.0	6.178
