Big_T	4870
Big_F	1558007
UniProtKB_ID	GeneID	Gene_Name	PPS	Big_P	T+P	Citation	1+Log(T+P)	log10((Cit/yr+1)/10)	1+log10(F/T)+log10(F/P)
DMD_MOUSE	13405	Dmd	24.163	1348	52	91	2.716	0.964	6.566
RUNX2_MOUSE	12393	Runx2	20.298	1703	23	59	2.362	0.778	6.465
IGF1_MOUSE	16000	Igf1	20.259	4315	40	54	2.602	0.74	6.061
GDF8_MOUSE	17700	Mstn	18.648	425	15	28	2.176	0.462	7.068
PRGC1_MOUSE	19017	Ppargc1a	17.823	1569	12	45	2.079	0.663	6.5
AGRIN_MOUSE	11603	Agrn	17.565	160	13	16	2.114	0.23	7.492
F8VPZ1_MOUSE	433766	Trim63	17.453	298	9	28	1.954	0.462	7.222
SIR1_MOUSE	93759	Sirt1	17.42	1503	5	93	1.699	0.973	6.519
VDR_MOUSE	22337	Vdr	17.408	950	13	29	2.114	0.477	6.719
AKT1_MOUSE	11651	Akt1	17.361	7425	29	32	2.462	0.519	5.824
BGAL_MOUSE	12091	Glb1	17.203	1858	19	24	2.279	0.398	6.427
BMP2_MOUSE	12156	Bmp2	16.971	1806	18	23	2.255	0.38	6.439
MYF5_MOUSE	17877	Myf5	16.909	391	15	15	2.176	0.204	7.104
ANDR_MOUSE	11835	Ar	16.772	1195	18	18	2.255	0.279	6.619
BCL2_MOUSE	12043	Bcl2	16.727	6235	9	75	1.954	0.881	5.9
KCRM_MOUSE	12715	Ckm	16.221	191	14	10	2.146	0.041	7.415
F8VQL0_MOUSE	17295	Met	16.21	613	6	36	1.778	0.568	6.909
LYAG_MOUSE	14387	Gaa	15.945	97	9	12	1.954	0.114	7.71
SMN_MOUSE	20595	Smn1	15.564	265	6	22	1.778	0.362	7.273
LEP_MOUSE	16846	Lep	15.517	1864	13	19	2.114	0.301	6.425
CO2A1_MOUSE	12824	Col2a1	15.428	459	12	12	2.079	0.114	7.035
IL6_MOUSE	16193	Il6	15.386	20477	24	29	2.38	0.477	5.385
Q3UTR7_MOUSE	11606	Agt	15.337	2105	17	14	2.23	0.176	6.373
CAV3_MOUSE	12391	Cav3	15.326	176	6	18	1.778	0.279	7.451
TR11B_MOUSE	18383	Tnfrsf11b	15.325	1087	8	24	1.903	0.398	6.66
BMP4_MOUSE	12159	Bmp4	15.204	1390	11	18	2.041	0.279	6.553
DYSF_MOUSE	26903	Dysf	15.201	120	9	10	1.954	0.041	7.617
GTR4_MOUSE	20528	Slc2a4	14.97	1182	14	12	2.146	0.114	6.624
DESM_MOUSE	13346	Des	14.933	547	14	8	2.146	0.0	6.958
MYOD1_MOUSE	17927	Myod1	14.902	999	14	11	2.146	0.079	6.697
SODC_MOUSE	20655	Sod1	14.783	2579	15	14	2.176	0.176	6.285
CEBPA_MOUSE	12606	Cebpa	14.707	1222	4	41	1.602	0.623	6.609
PPARG_MOUSE	19016	Pparg	14.609	2224	8	24	1.903	0.398	6.349
LAMA2_MOUSE	16773	Lama2	14.546	179	9	8	1.954	0.0	7.443
PAX3_MOUSE	18505	Pax3	14.54	491	7	16	1.845	0.23	7.005
ADIPO_MOUSE	11450	Adipoq	14.505	1696	7	24	1.845	0.398	6.467
DMP1_MOUSE	13406	Dmp1	14.384	343	6	16	1.778	0.23	7.161
EPO_MOUSE	13856	Epo	14.256	2755	19	9	2.279	0.0	6.256
CATA_MOUSE	12359	Cat	14.204	2500	12	14	2.079	0.176	6.298
SOMA_MOUSE	14599	Gh1	13.968	1540	14	9	2.146	0.0	6.509
ACE_MOUSE	11421	Ace	13.905	767	11	7	2.041	0.0	6.812
OSTC2_MOUSE	12097	Bglap2	13.901	1655	14	6	2.146	0.0	6.477
LMNA_MOUSE	16905	Lmna	13.601	277	5	14	1.699	0.176	7.254
IL15_MOUSE	16168	Il15	13.558	1202	8	13	1.903	0.146	6.616
INSR_MOUSE	16337	Insr	13.454	995	6	16	1.778	0.23	6.698
CSF1_MOUSE	12977	Csf1	13.436	2189	13	8	2.114	0.0	6.356
DYST_MOUSE	13518	Dst	13.259	78	5	1	1.699	0.0	7.804
BGLR_MOUSE	110006	Gusb	13.227	557	8	3	1.903	0.0	6.95
FKRP_MOUSE	243853	Fkrp	13.191	29	4	4	1.602	0.0	8.234
HXC8_MOUSE	15426	Hoxc8	13.122	94	5	0	1.699	0.0	7.723
ADA17_MOUSE	11491	Adam17	13.03	431	5	13	1.699	0.146	7.062
DMPK_MOUSE	13400	Dmpk	13.026	107	5	0	1.699	0.0	7.667
AQP4_MOUSE	11829	Aqp4	12.928	544	6	11	1.778	0.079	6.961
Q61636_MOUSE	22288	Utrn	12.879	284	6	4	1.778	0.0	7.243
NTF3_MOUSE	18205	Ntf3	12.847	541	7	0	1.845	0.0	6.963
FGF2_MOUSE	14173	Fgf2	12.791	2693	11	9	2.041	0.0	6.266
PAX7_MOUSE	18509	Pax7	12.758	332	6	8	1.778	0.0	7.175
RYR1_MOUSE	20190	Ryr1	12.683	366	6	6	1.778	0.0	7.133
Q8BUJ6_MOUSE	22138	Ttn	12.68	171	5	2	1.699	0.0	7.463
CLCN1_MOUSE	12723	Clcn1	12.674	61	4	5	1.602	0.0	7.911
ACES_MOUSE	11423	Ache	12.667	1637	9	0	1.954	0.0	6.482
CALCA_MOUSE	12310	Calca	12.51	824	7	3	1.845	0.0	6.78
ACTB_MOUSE	11461	Actb	12.464	486	6	2	1.778	0.0	7.01
KS6A3_MOUSE	110651	Rps6ka3	12.451	84	4	4	1.602	0.0	7.772
TADBP_MOUSE	230908	Tardbp	12.433	260	3	16	1.477	0.23	7.281
MUSK_MOUSE	18198	Musk	12.337	99	4	4	1.602	0.0	7.701
CNR1_MOUSE	12801	Cnr1	12.287	1737	8	7	1.903	0.0	6.456
Q61563_MOUSE	14184	Fgfr3	12.162	345	5	7	1.699	0.0	7.158
CTGF_MOUSE	14219	Ctgf	12.156	724	6	6	1.778	0.0	6.836
GDF5_MOUSE	14563	Gdf5	12.132	133	4	5	1.602	0.0	7.572
DTNA_MOUSE	13527	Dtna	12.12	31	3	0	1.477	0.0	8.205
TEAD1_MOUSE	21676	Tead1	12.08	33	3	2	1.477	0.0	8.178
NOS1_MOUSE	18125	Nos1	12.055	2301	8	6	1.903	0.0	6.334
KPCT_MOUSE	18761	Prkcq	12.016	157	4	2	1.602	0.0	7.5
UCP1_MOUSE	22227	Ucp1	11.978	912	3	19	1.477	0.301	6.736
NKX32_MOUSE	12020	Nkx3-2	11.925	42	3	5	1.477	0.0	8.073
FHL1_MOUSE	14199	Fhl1	11.925	42	3	3	1.477	0.0	8.073
PPA5_MOUSE	11433	Acp5	11.908	487	5	1	1.699	0.0	7.009
SIM2_MOUSE	20465	Sim2	11.881	45	3	1	1.477	0.0	8.043
CATK_MOUSE	13038	Ctsk	11.865	516	5	3	1.699	0.0	6.984
ACHA7_MOUSE	11441	Chrna7	11.85	1076	6	1	1.778	0.0	6.664
Q8BQV2_MOUSE	12647	Chat	11.795	567	5	4	1.699	0.0	6.943
ATF2_MOUSE	11909	Atf2	11.715	242	4	4	1.602	0.0	7.313
CCND1_MOUSE	12443	Ccnd1	11.713	2816	5	14	1.699	0.176	6.247
IGF2_MOUSE	16002	Igf2	11.681	1340	6	1	1.778	0.0	6.569
HGF_MOUSE	15234	Hgf	11.655	1386	6	3	1.778	0.0	6.555
MK_MOUSE	17242	Mdk	11.629	1433	6	2	1.778	0.0	6.54
MPRI_MOUSE	16004	Igf2r	11.582	293	4	4	1.602	0.0	7.229
EFNA1_MOUSE	13636	Efna1	11.579	72	3	1	1.477	0.0	7.839
CAN3_MOUSE	12335	Capn3	11.553	75	3	4	1.477	0.0	7.821
VWA1_MOUSE	246228	Vwa1	11.516	7	2	0	1.301	0.0	8.851
ALEX_MOUSE	14683	Gnas	11.462	348	4	5	1.602	0.0	7.155
ANKH_MOUSE	11732	Ankh	11.356	102	3	2	1.477	0.0	7.688
DAG1_MOUSE	13138	Dag1	11.356	102	3	1	1.477	0.0	7.688
TFEB_MOUSE	21425	Tfeb	11.344	72	2	13	1.301	0.146	7.839
CNTF_MOUSE	12803	Cntf	11.34	415	4	3	1.602	0.0	7.078
FABP4_MOUSE	11770	Fabp4	11.331	420	4	1	1.602	0.0	7.073
FCERG_MOUSE	14127	Fcer1g	11.322	426	2	19	1.301	0.301	7.067
E2AK3_MOUSE	13666	Eif2ak3	11.321	705	3	14	1.477	0.176	6.848
RHOA_MOUSE	11848	Rhoa	11.301	1108	5	3	1.699	0.0	6.652
PRIO_MOUSE	19122	Prnp	11.285	2238	6	6	1.778	0.0	6.346
NPY_MOUSE	109648	Npy	11.247	1015	4	11	1.602	0.079	6.69
CP26A_MOUSE	13082	Cyp26a1	11.246	121	3	6	1.477	0.0	7.614
CATD_MOUSE	13033	Ctsd	11.243	477	4	0	1.602	0.0	7.018
TNF11_MOUSE	21943	Tnfsf11	11.214	2450	6	9	1.778	0.0	6.307
Q9Z0L6_MOUSE	19226	Pth	11.183	1300	5	0	1.699	0.0	6.582
AASS_MOUSE	30956	Aass	11.166	137	3	0	1.477	0.0	7.56
ENPP1_MOUSE	18605	Enpp1	11.143	142	3	0	1.477	0.0	7.544
LY6A_MOUSE	110454	Ly6a	11.138	555	4	5	1.602	0.0	6.952
CD4_MOUSE	12504	Cd4	11.108	22385	12	9	2.079	0.0	5.343
GRM7_MOUSE	108073	Grm7	11.108	150	3	8	1.477	0.0	7.52
CAN1_MOUSE	12333	Capn1	11.1	152	3	0	1.477	0.0	7.515
CO1A1_MOUSE	12842	Col1a1	11.072	610	4	1	1.602	0.0	6.911
Q3URE6_MOUSE	11551	Adra2a	11.036	168	3	2	1.477	0.0	7.471
FLNB_MOUSE	286940	Flnb	11.014	17	2	3	1.301	0.0	8.466
TGFB1_MOUSE	21803	Tgfb1	10.986	11126	8	10	1.903	0.041	5.65
OSTP_MOUSE	20750	Spp1	10.984	1702	5	7	1.699	0.0	6.465
COFA1_MOUSE	12819	Col15a1	10.982	18	2	0	1.301	0.0	8.441
NRAP_MOUSE	18175	Nrap	10.982	18	2	1	1.301	0.0	8.441
MYOG_MOUSE	17928	Myog	10.972	704	4	2	1.602	0.0	6.849
JUN_MOUSE	16476	Jun	10.944	4564	5	12	1.699	0.114	6.037
BDNF_MOUSE	12064	Bdnf	10.932	3528	6	3	1.778	0.0	6.148
SCN5A_MOUSE	20271	Scn5a	10.921	201	3	5	1.477	0.0	7.393
STIM1_MOUSE	20866	Stim1	10.908	205	3	2	1.477	0.0	7.385
CAH1_MOUSE	12346	Ca1	10.906	3651	6	0	1.778	0.0	6.133
TNNT2_MOUSE	21956	Tnnt2	10.905	206	3	3	1.477	0.0	7.382
NOCT_MOUSE	12457	Noct	10.895	21	2	7	1.301	0.0	8.374
PTEN_MOUSE	19211	Pten	10.885	1946	5	6	1.699	0.0	6.407
CDN1C_MOUSE	12577	Cdkn1c	10.866	219	3	5	1.477	0.0	7.356
CRYAB_MOUSE	12955	Cryab	10.866	219	3	6	1.477	0.0	7.356
TNF12_MOUSE	21944	Tnfsf12	10.839	161	2	13	1.301	0.146	7.49
LOX15_MOUSE	11687	Alox15	10.837	229	3	3	1.477	0.0	7.336
CP27B_MOUSE	13115	Cyp27b1	10.823	234	3	4	1.477	0.0	7.327
SC5A3_MOUSE	53881	Slc5a3	10.82	24	2	0	1.301	0.0	8.316
CDON_MOUSE	57810	Cdon	10.82	24	2	2	1.301	0.0	8.316
VGFR1_MOUSE	14254	Flt1	10.815	882	4	6	1.602	0.0	6.751
PMP22_MOUSE	18858	Pmp22	10.802	242	3	1	1.477	0.0	7.313
TNNT1_MOUSE	21955	Tnnt1	10.796	25	2	1	1.301	0.0	8.298
ID2_MOUSE	15902	Id2	10.781	250	3	6	1.477	0.0	7.298
RGMA_MOUSE	244058	Rgma	10.774	26	2	4	1.301	0.0	8.281
SOX9_MOUSE	20682	Sox9	10.763	951	4	7	1.602	0.0	6.718
TNFA_MOUSE	21926	Tnf	10.762	32739	10	11	2.0	0.079	5.176
FOXC1_MOUSE	17300	Foxc1	10.746	264	3	3	1.477	0.0	7.275
CISY_MOUSE	12974	Cs	10.736	268	3	7	1.477	0.0	7.268
ADA19_MOUSE	11492	Adam19	10.732	28	2	2	1.301	0.0	8.249
KCJ12_MOUSE	16515	Kcnj12	10.732	28	2	1	1.301	0.0	8.249
GDNF_MOUSE	14573	Gdnf	10.726	1002	4	9	1.602	0.0	6.695
Q8VCD0_MOUSE	16542	Kdr	10.723	2425	5	2	1.699	0.0	6.311
CPT1B_MOUSE	12895	Cpt1b	10.722	274	3	1	1.477	0.0	7.259
ECM1_MOUSE	13601	Ecm1	10.719	275	3	1	1.477	0.0	7.257
HIF1A_MOUSE	15251	Hif1a	10.718	2440	5	9	1.699	0.0	6.309
CX3C1_MOUSE	13051	Cx3cr1	10.704	581	1	34	1.0	0.544	6.932
DUS1_MOUSE	19252	Dusp1	10.703	282	3	3	1.477	0.0	7.246
CASP3_MOUSE	12367	Casp3	10.652	6954	6	10	1.778	0.041	5.854
TRI72_MOUSE	434246	Trim72	10.64	33	2	0	1.301	0.0	8.178
TNNI1_MOUSE	21952	Tnni1	10.623	34	2	0	1.301	0.0	8.165
EAA1_MOUSE	20512	Slc1a3	10.585	339	3	0	1.477	0.0	7.166
DLL1_MOUSE	13388	Dll1	10.568	348	3	0	1.477	0.0	7.155
LAMB2_MOUSE	16779	Lamb2	10.56	38	2	1	1.301	0.0	8.117
HXD10_MOUSE	15430	Hoxd10	10.545	39	2	0	1.301	0.0	8.105
Q8CAH8_MOUSE	19092	Prkg2	10.517	41	2	3	1.301	0.0	8.084
MP2K5_MOUSE	23938	Map2k5	10.517	41	2	3	1.301	0.0	8.084
FGF4_MOUSE	14175	Fgf4	10.509	382	3	1	1.477	0.0	7.114
MK14_MOUSE	26416	Mapk14	10.506	6125	6	3	1.778	0.0	5.909
PEX5_MOUSE	19305	Pex5	10.503	42	2	2	1.301	0.0	8.073
MC4R_MOUSE	17202	Mc4r	10.499	388	3	0	1.477	0.0	7.107
ACTC_MOUSE	11464	Actc1	10.49	43	2	0	1.301	0.0	8.063
CSKP_MOUSE	12361	Cask	10.49	43	2	0	1.301	0.0	8.063
Q91Y82_MOUSE	19144	Klk6	10.49	43	2	0	1.301	0.0	8.063
ANK2_MOUSE	109676	Ank2	10.49	43	2	2	1.301	0.0	8.063
Q6DR98_MOUSE	211323	Nrg1	10.486	396	3	7	1.477	0.0	7.099
ATG5_MOUSE	11793	Atg5	10.479	400	3	2	1.477	0.0	7.094
PLXD1_MOUSE	67784	Plxnd1	10.464	45	2	6	1.301	0.0	8.043
EMD_MOUSE	13726	Emd	10.452	46	2	6	1.301	0.0	8.034
GFPT1_MOUSE	14583	Gfpt1	10.44	47	2	2	1.301	0.0	8.024
SCN4A_MOUSE	110880	Scn4a	10.428	48	2	4	1.301	0.0	8.015
HXA13_MOUSE	15398	Hoxa13	10.416	49	2	5	1.301	0.0	8.006
NEUM_MOUSE	14432	Gap43	10.405	449	3	9	1.477	0.0	7.044
SGCD_MOUSE	24052	Sgcd	10.405	50	2	1	1.301	0.0	7.997
PPARD_MOUSE	19015	Ppard	10.351	488	3	3	1.477	0.0	7.008
TPA_MOUSE	18791	Plat	10.344	494	3	2	1.477	0.0	7.003
KCNH2_MOUSE	16511	Kcnh2	10.331	57	2	0	1.301	0.0	7.94
MLRS_MOUSE	17907	Mylpf	10.331	57	2	1	1.301	0.0	7.94
NOS3_MOUSE	18127	Nos3	10.323	1787	4	5	1.602	0.0	6.444
SCX_MOUSE	20289	Scx	10.311	59	2	4	1.301	0.0	7.925
OPRM_MOUSE	18390	Oprm1	10.308	522	3	1	1.477	0.0	6.979
ADCY6_MOUSE	11512	Adcy6	10.283	62	2	2	1.301	0.0	7.904
E9QPX8_MOUSE	12292	Cacna1s	10.283	62	2	1	1.301	0.0	7.904
5NT3A_MOUSE	107569	Nt5c3a	10.283	62	2	0	1.301	0.0	7.904
CXL14_MOUSE	57266	Cxcl14	10.223	69	2	1	1.301	0.0	7.857
HSPB1_MOUSE	15507	Hspb1	10.22	599	3	2	1.477	0.0	6.919
CAD15_MOUSE	12555	Cdh15	10.199	72	2	8	1.301	0.0	7.839
MEF2C_MOUSE	17260	Mef2c	10.193	625	3	3	1.477	0.0	6.9
GTR1_MOUSE	20525	Slc2a1	10.192	626	3	3	1.477	0.0	6.9
RARA_MOUSE	19401	Rara	10.188	630	3	1	1.477	0.0	6.897
Q7TQG5_MOUSE	18007	Neo1	10.183	74	2	0	1.301	0.0	7.827
RAF1_MOUSE	110157	Raf1	10.183	635	3	0	1.477	0.0	6.893
WNT1_MOUSE	22408	Wnt1	10.16	658	3	1	1.477	0.0	6.878
GUC2E_MOUSE	14919	Gucy2e	10.154	78	2	2	1.301	0.0	7.804
Q6P7T9_MOUSE	18018	Nfatc1	10.142	676	3	7	1.477	0.0	6.866
CD34_MOUSE	12490	Cd34	10.14	2326	4	1	1.602	0.0	6.329
CADH2_MOUSE	12558	Cdh2	10.136	683	3	3	1.477	0.0	6.862
AAPK1_MOUSE	105787	Prkaa1	10.125	82	2	4	1.301	0.0	7.783
SIM1_MOUSE	20464	Sim1	10.112	84	2	1	1.301	0.0	7.772
AGTRA_MOUSE	11607	Agtr1a	10.099	723	3	1	1.477	0.0	6.837
GATA4_MOUSE	14463	Gata4	10.097	725	3	3	1.477	0.0	6.836
LIPL_MOUSE	16956	Lpl	10.097	726	3	0	1.477	0.0	6.835
S22A5_MOUSE	20520	Slc22a5	10.085	88	2	2	1.301	0.0	7.752
CNR2_MOUSE	12802	Cnr2	10.083	741	3	2	1.477	0.0	6.826
NEDD4_MOUSE	17999	Nedd4	10.079	89	2	2	1.301	0.0	7.747
Q8BMG0_MOUSE	15932	Idua	10.073	90	2	3	1.301	0.0	7.742
KCRB_MOUSE	12709	Ckb	10.066	91	2	0	1.301	0.0	7.737
GDF11_MOUSE	14561	Gdf11	10.066	91	2	7	1.301	0.0	7.737
ESR1_MOUSE	13982	Esr1	10.063	2600	4	2	1.602	0.0	6.281
NF1_MOUSE	18015	Nf1	10.06	768	3	1	1.477	0.0	6.811
LRP5_MOUSE	16973	Lrp5	10.045	262	2	11	1.301	0.079	7.278
FGF5_MOUSE	14176	Fgf5	10.036	96	2	0	1.301	0.0	7.714
RENR_MOUSE	70495	Atp6ap2	10.036	96	2	1	1.301	0.0	7.714
UROK_MOUSE	18792	Plau	10.023	814	3	2	1.477	0.0	6.786
NCAM1_MOUSE	17967	Ncam1	10.005	837	3	2	1.477	0.0	6.774
EFNB1_MOUSE	13641	Efnb1	9.996	103	2	0	1.301	0.0	7.684
PROP1_MOUSE	19127	Prop1	9.964	109	2	1	1.301	0.0	7.659
FOXO1_MOUSE	56458	Foxo1	9.963	894	3	6	1.477	0.0	6.745
LMX1B_MOUSE	16917	Lmx1b	9.954	111	2	4	1.301	0.0	7.651
SARCO_MOUSE	66402	Sln	9.949	112	2	3	1.301	0.0	7.647
KCNJ2_MOUSE	16518	Kcnj2	9.939	114	2	0	1.301	0.0	7.639
PAX1_MOUSE	18503	Pax1	9.934	115	2	0	1.301	0.0	7.636
CY24B_MOUSE	13058	Cybb	9.922	953	3	3	1.477	0.0	6.717
IL1B_MOUSE	16176	Il1b	9.914	13155	6	5	1.778	0.0	5.576
EFNA5_MOUSE	13640	Efna5	9.91	120	2	0	1.301	0.0	7.617
GBRG1_MOUSE	14405	Gabrg1	9.907	976	3	2	1.477	0.0	6.707
PPARA_MOUSE	19013	Ppara	9.906	3256	4	4	1.602	0.0	6.183
ETV4_MOUSE	18612	Etv4	9.901	122	2	1	1.301	0.0	7.61
COT2_MOUSE	11819	Nr2f2	9.883	126	2	0	1.301	0.0	7.596
AVR2B_MOUSE	11481	Acvr2b	9.874	128	2	6	1.301	0.0	7.589
CO6A1_MOUSE	12833	Col6a1	9.871	68	1	17	1.0	0.255	7.864
EPB42_MOUSE	13828	Epb42	9.869	129	2	0	1.301	0.0	7.586
ANFC_MOUSE	18159	Nppc	9.865	130	2	0	1.301	0.0	7.582
CTF1_MOUSE	13019	Ctf1	9.861	131	2	1	1.301	0.0	7.579
ACKR1_MOUSE	13349	Ackr1	9.856	132	2	2	1.301	0.0	7.576
LAMA1_MOUSE	16772	Lama1	9.852	133	2	2	1.301	0.0	7.572
IRS1_MOUSE	16367	Irs1	9.851	1064	3	6	1.477	0.0	6.669
MT1_MOUSE	17748	Mt1	9.85	1066	3	0	1.477	0.0	6.668
CD36_MOUSE	12491	Cd36	9.845	1074	3	1	1.477	0.0	6.665
VEGFA_MOUSE	22339	Vegfa	9.836	8050	5	9	1.699	0.0	5.789
HMGA1_MOUSE	15361	Hmga1	9.835	137	2	3	1.301	0.0	7.56
CP24A_MOUSE	13081	Cyp24a1	9.831	138	2	2	1.301	0.0	7.556
MLRV_MOUSE	17906	Myl2	9.827	139	2	2	1.301	0.0	7.553
ADML_MOUSE	11535	Adm	9.815	142	2	0	1.301	0.0	7.544
SCN8A_MOUSE	20273	Scn8a	9.795	147	2	3	1.301	0.0	7.529
EDN1_MOUSE	13614	Edn1	9.779	1191	3	1	1.477	0.0	6.62
NGF_MOUSE	18049	Ngf	9.774	1201	3	1	1.477	0.0	6.617
BAX_MOUSE	12028	Bax	9.773	3937	4	3	1.602	0.0	6.1
FGFR4_MOUSE	14186	Fgfr4	9.773	153	2	2	1.301	0.0	7.512
G5E899_MOUSE	18787	Serpine1	9.763	1221	3	1	1.477	0.0	6.61
CXA1_MOUSE	14609	Gja1	9.753	1240	3	0	1.477	0.0	6.603
SMAD2_MOUSE	17126	Smad2	9.752	1242	3	2	1.477	0.0	6.602
FSHR_MOUSE	14309	Fshr	9.741	162	2	2	1.301	0.0	7.487
HA1B_MOUSE	14972	H2-K1	9.729	1287	3	5	1.477	0.0	6.587
CBS_MOUSE	12411	Cbs	9.727	166	2	5	1.301	0.0	7.476
PRRX1_MOUSE	18933	Prrx1	9.717	169	2	3	1.301	0.0	7.468
ARF_MOUSE	12578	Cdkn2a	9.711	1323	3	0	1.477	0.0	6.575
CTNB1_MOUSE	12387	Ctnnb1	9.699	2035	3	10	1.477	0.041	6.387
TSPO_MOUSE	12257	Tspo	9.697	175	2	1	1.301	0.0	7.453
CRCM1_MOUSE	109305	Orai1	9.697	175	2	4	1.301	0.0	7.453
IGFN1_MOUSE	226438	Igfn1	9.696	1	1	0	1.0	0.0	9.696
GLCM_MOUSE	14466	Gba	9.687	178	2	0	1.301	0.0	7.446
PTN_MOUSE	19242	Ptn	9.684	179	2	0	1.301	0.0	7.443
SHH_MOUSE	20423	Shh	9.673	1406	3	2	1.477	0.0	6.548
VEGFD_MOUSE	14205	Vegfd	9.669	184	2	2	1.301	0.0	7.432
ARGI2_MOUSE	11847	Arg2	9.648	191	2	1	1.301	0.0	7.415
EPHA4_MOUSE	13838	Epha4	9.63	197	2	2	1.301	0.0	7.402
MLC1_MOUSE	170790	Mlc1	9.63	197	2	0	1.301	0.0	7.402
SOST_MOUSE	74499	Sost	9.608	205	2	0	1.301	0.0	7.385
KCNA1_MOUSE	16485	Kcna1	9.594	210	2	2	1.301	0.0	7.374
APAF_MOUSE	11783	Apaf1	9.575	217	2	1	1.301	0.0	7.36
IL23A_MOUSE	83430	Il23a	9.571	1648	3	5	1.477	0.0	6.479
NRF1_MOUSE	18181	Nrf1	9.565	221	2	3	1.301	0.0	7.352
DLX5_MOUSE	13395	Dlx5	9.557	224	2	2	1.301	0.0	7.346
IFNG_MOUSE	15978	Ifng	9.554	21013	6	0	1.778	0.0	5.373
CSF3_MOUSE	12985	Csf3	9.512	1807	3	4	1.477	0.0	6.439
MCPT1_MOUSE	17224	Mcpt1	9.496	1852	3	1	1.477	0.0	6.429
EFNB2_MOUSE	13642	Efnb2	9.486	254	2	4	1.301	0.0	7.291
NCOA1_MOUSE	17977	Ncoa1	9.475	259	2	0	1.301	0.0	7.283
ERBB3_MOUSE	13867	Erbb3	9.473	260	2	1	1.301	0.0	7.281
BMR1A_MOUSE	12166	Bmpr1a	9.463	265	2	2	1.301	0.0	7.273
IL10_MOUSE	16153	Il10	9.46	13394	5	2	1.699	0.0	5.568
BCL6_MOUSE	12053	Bcl6	9.448	272	2	0	1.301	0.0	7.262
IBP5_MOUSE	16011	Igfbp5	9.448	272	2	1	1.301	0.0	7.262
SLIB_MOUSE	14601	Ghrh	9.446	273	2	0	1.301	0.0	7.26
CADH1_MOUSE	12550	Cdh1	9.409	2117	3	1	1.477	0.0	6.37
APOE_MOUSE	11816	Apoe	9.4	6732	4	7	1.602	0.0	5.867
DLK1_MOUSE	13386	Dlk1	9.396	298	2	3	1.301	0.0	7.222
TBL2_MOUSE	27368	Tbl2	9.395	2	1	0	1.0	0.0	9.395
CPXM1_MOUSE	56264	Cpxm1	9.395	2	1	0	1.0	0.0	9.395
STYX_MOUSE	56291	Styx	9.395	2	1	0	1.0	0.0	9.395
RSPRY_MOUSE	67610	Rspry1	9.395	2	1	1	1.0	0.0	9.395
NGRN_MOUSE	83485	Ngrn	9.395	2	1	0	1.0	0.0	9.395
EPDR1_MOUSE	105298	Epdr1	9.395	2	1	0	1.0	0.0	9.395
DEFB6_MOUSE	116746	Defb6	9.395	2	1	0	1.0	0.0	9.395
FBX40_MOUSE	207215	Fbxo40	9.395	2	1	0	1.0	0.0	9.395
AMER3_MOUSE	211383	Amer3	9.395	2	1	1	1.0	0.0	9.395
C3S7Q5_MOUSE	218165	Ofcc1	9.395	2	1	0	1.0	0.0	9.395
RN165_MOUSE	225743	Rnf165	9.395	2	1	1	1.0	0.0	9.395
CXA5_MOUSE	14613	Gja5	9.391	301	2	3	1.301	0.0	7.218
ARNT_MOUSE	11863	Arnt	9.389	302	2	8	1.301	0.0	7.216
CD5R1_MOUSE	12569	Cdk5r1	9.387	303	2	1	1.301	0.0	7.215
AQP2_MOUSE	11827	Aqp2	9.385	304	2	0	1.301	0.0	7.213
GLI3_MOUSE	14634	Gli3	9.385	304	2	2	1.301	0.0	7.213
FBN1_MOUSE	14118	Fbn1	9.365	315	2	0	1.301	0.0	7.198
UCP3_MOUSE	22229	Ucp3	9.361	317	2	2	1.301	0.0	7.195
ANFB_MOUSE	18158	Nppb	9.347	325	2	3	1.301	0.0	7.184
INS1_MOUSE	16333	Ins1	9.315	344	2	0	1.301	0.0	7.16
HSF1_MOUSE	15499	Hsf1	9.31	347	2	1	1.301	0.0	7.156
VTNC_MOUSE	22370	Vtn	9.309	348	2	0	1.301	0.0	7.155
NF2L2_MOUSE	18024	Nfe2l2	9.308	2480	3	9	1.477	0.0	6.302
ATG7_MOUSE	74244	Atg7	9.288	361	2	6	1.301	0.0	7.139
SRF_MOUSE	20807	Srf	9.283	364	2	2	1.301	0.0	7.135
A4_MOUSE	11820	App	9.256	2687	3	0	1.477	0.0	6.266
CDK20_MOUSE	105278	Cdk20	9.243	391	2	2	1.301	0.0	7.104
CD44_MOUSE	12505	Cd44	9.235	2781	3	4	1.477	0.0	6.252
ADRB2_MOUSE	11555	Adrb2	9.224	404	2	2	1.301	0.0	7.09
PAPS1_MOUSE	23971	Papss1	9.219	3	1	1	1.0	0.0	9.219
MSTN1_MOUSE	66175	Mustn1	9.219	3	1	0	1.0	0.0	9.219
Q8VIE6_MOUSE	140918	Slc7a12	9.219	3	1	0	1.0	0.0	9.219
S38A6_MOUSE	625098	Slc38a6	9.219	3	1	2	1.0	0.0	9.219
P85A_MOUSE	18708	Pik3r1	9.209	2892	3	4	1.477	0.0	6.235
TRAF6_MOUSE	22034	Traf6	9.196	425	2	1	1.301	0.0	7.068
MK01_MOUSE	26413	Mapk1	9.191	9098	4	4	1.602	0.0	5.737
PER1_MOUSE	18626	Per1	9.184	563	1	20	1.0	0.322	6.946
DLL4_MOUSE	54485	Dll4	9.181	241	1	17	1.0	0.255	7.314
GHR_MOUSE	14600	Ghr	9.171	444	2	4	1.301	0.0	7.049
ANGI_MOUSE	11727	Ang	9.148	462	2	1	1.301	0.0	7.032
DYH8_MOUSE	13417	Dnah8	9.148	462	2	0	1.301	0.0	7.032
CDN1A_MOUSE	12575	Cdkn1a	9.129	3275	3	5	1.477	0.0	6.18
FGFR2_MOUSE	14183	Fgfr2	9.12	486	2	3	1.301	0.0	7.01
FGF21_MOUSE	56636	Fgf21	9.112	493	1	19	1.0	0.301	7.003
PGFRA_MOUSE	18595	Pdgfra	9.11	494	2	2	1.301	0.0	7.003
ANGP1_MOUSE	11600	Angpt1	9.099	504	2	4	1.301	0.0	6.994
EGFR_MOUSE	13649	Egfr	9.099	3436	3	6	1.477	0.0	6.16
DNPEP_MOUSE	13437	Dnpep	9.094	4	1	6	1.0	0.0	9.094
VASN_MOUSE	246154	Vasn	9.094	4	1	0	1.0	0.0	9.094
OREX_MOUSE	15171	Hcrt	9.086	516	2	6	1.301	0.0	6.984
PCKGC_MOUSE	18534	Pck1	9.08	521	2	5	1.301	0.0	6.979
TENA_MOUSE	21923	Tnc	9.071	530	2	0	1.301	0.0	6.972
ACOD1_MOUSE	20249	Scd1	9.045	555	2	6	1.301	0.0	6.952
CATB_MOUSE	13030	Ctsb	9.012	588	2	1	1.301	0.0	6.927
5NTD_MOUSE	23959	Nt5e	9.011	589	2	2	1.301	0.0	6.926
A0A0U1RQB6_MOUSE	12914	Crebbp	9.001	600	2	7	1.301	0.0	6.918
SMRCD_MOUSE	13990	Smarcad1	8.997	5	1	0	1.0	0.0	8.997
RIDA_MOUSE	15473	Rida	8.997	5	1	0	1.0	0.0	8.997
MATR3_MOUSE	17184	Matr3	8.997	5	1	0	1.0	0.0	8.997
PP14B_MOUSE	18938	Ppp1r14b	8.997	5	1	0	1.0	0.0	8.997
Q8BVQ9_MOUSE	19181	Psmc2	8.997	5	1	0	1.0	0.0	8.997
SNG1_MOUSE	20972	Syngr1	8.997	5	1	0	1.0	0.0	8.997
CST10_MOUSE	58214	Cst10	8.997	5	1	0	1.0	0.0	8.997
LAT4_MOUSE	215113	Slc43a2	8.997	5	1	2	1.0	0.0	8.997
LYOX_MOUSE	16948	Lox	8.99	611	2	0	1.301	0.0	6.91
SMAD4_MOUSE	17128	Smad4	8.989	613	2	4	1.301	0.0	6.909
CAV1_MOUSE	12389	Cav1	8.976	627	2	2	1.301	0.0	6.899
XDH_MOUSE	22436	Xdh	8.932	677	2	1	1.301	0.0	6.866
ATPG_MOUSE	11949	Atp5c1	8.918	6	1	0	1.0	0.0	8.918
CAN6_MOUSE	12338	Capn6	8.918	6	1	1	1.0	0.0	8.918
NEUL1_MOUSE	18011	Neurl1	8.918	6	1	0	1.0	0.0	8.918
RS7_MOUSE	20115	Rps7	8.918	6	1	2	1.0	0.0	8.918
MSGN1_MOUSE	56184	Msgn1	8.918	6	1	3	1.0	0.0	8.918
SNW1_MOUSE	66354	Snw1	8.918	6	1	0	1.0	0.0	8.918
PIR_MOUSE	69656	Pir	8.918	6	1	1	1.0	0.0	8.918
CRTC3_MOUSE	70461	Crtc3	8.918	6	1	2	1.0	0.0	8.918
WFD12_MOUSE	192200	Wfdc12	8.918	6	1	1	1.0	0.0	8.918
SVIL_MOUSE	225115	Svil	8.918	6	1	1	1.0	0.0	8.918
CHODL_MOUSE	246048	Chodl	8.918	6	1	0	1.0	0.0	8.918
GALA_MOUSE	14419	Gal	8.915	698	2	0	1.301	0.0	6.852
IL33_MOUSE	77125	Il33	8.89	730	2	4	1.301	0.0	6.833
ABL1_MOUSE	11350	Abl1	8.87	756	2	2	1.301	0.0	6.818
MIF_MOUSE	17319	Mif	8.866	761	2	0	1.301	0.0	6.815
RB_MOUSE	19645	Rb1	8.857	774	2	5	1.301	0.0	6.807
E9PVP1_MOUSE	11630	Crybg1	8.851	7	1	2	1.0	0.0	8.851
COJA1_MOUSE	12823	Col19a1	8.851	7	1	0	1.0	0.0	8.851
E41L2_MOUSE	13822	Epb41l2	8.851	7	1	0	1.0	0.0	8.851
SYHC_MOUSE	15115	Hars	8.851	7	1	3	1.0	0.0	8.851
IL17_MOUSE	16171	Il17a	8.851	5052	3	1	1.477	0.0	5.992
ITBP1_MOUSE	16413	Itgb1bp1	8.851	7	1	0	1.0	0.0	8.851
F8VPN4_MOUSE	77559	Agl	8.851	7	1	0	1.0	0.0	8.851
NTCP4_MOUSE	231290	Slc10a4	8.851	7	1	0	1.0	0.0	8.851
PPM1K_MOUSE	243382	Ppm1k	8.851	7	1	1	1.0	0.0	8.851
AP2A_MOUSE	21418	Tfap2a	8.795	863	2	7	1.301	0.0	6.76
CSRP1_MOUSE	13007	Csrp1	8.793	8	1	0	1.0	0.0	8.793
LRRN1_MOUSE	16979	Lrrn1	8.793	8	1	0	1.0	0.0	8.793
MYOM1_MOUSE	17929	Myom1	8.793	8	1	0	1.0	0.0	8.793
Q8CFZ6_MOUSE	21922	Clec3b	8.793	8	1	0	1.0	0.0	8.793
MIER1_MOUSE	71148	Mier1	8.793	8	1	0	1.0	0.0	8.793
GAN_MOUSE	209239	Gan	8.793	8	1	1	1.0	0.0	8.793
ATS15_MOUSE	235130	Adamts15	8.793	8	1	2	1.0	0.0	8.793
ATX1_MOUSE	20238	Atxn1	8.787	876	2	3	1.301	0.0	6.754
MK03_MOUSE	26417	Mapk3	8.772	5725	3	0	1.477	0.0	5.938
GRP78_MOUSE	14828	Hspa5	8.742	948	2	1	1.301	0.0	6.719
UB2E1_MOUSE	22194	Ube2e1	8.742	9	1	0	1.0	0.0	8.742
LAT3_MOUSE	72401	Slc43a1	8.742	9	1	1	1.0	0.0	8.742
CD14_MOUSE	12475	Cd14	8.73	969	2	1	1.301	0.0	6.71
GSHR_MOUSE	14782	Gsr	8.729	970	2	3	1.301	0.0	6.71
HPS3_MOUSE	12807	Hps3	8.696	10	1	1	1.0	0.0	8.696
FGD1_MOUSE	14163	Fgd1	8.696	10	1	2	1.0	0.0	8.696
MA2B1_MOUSE	17159	Man2b1	8.696	10	1	0	1.0	0.0	8.696
BOC_MOUSE	117606	Boc	8.696	10	1	0	1.0	0.0	8.696
NOS2_MOUSE	18126	Nos2	8.691	6491	3	2	1.477	0.0	5.884
B2MG_MOUSE	12010	B2m	8.67	1077	2	0	1.301	0.0	6.664
COAA1_MOUSE	12813	Col10a1	8.664	137	1	13	1.0	0.146	7.56
AMPD3_MOUSE	11717	Ampd3	8.655	11	1	0	1.0	0.0	8.655
BCKD_MOUSE	12041	Bckdk	8.655	11	1	0	1.0	0.0	8.655
MYH3_MOUSE	17883	Myh3	8.655	11	1	2	1.0	0.0	8.655
RAD17_MOUSE	19356	Rad17	8.655	11	1	2	1.0	0.0	8.655
ABCE1_MOUSE	24015	Abce1	8.655	11	1	1	1.0	0.0	8.655
EFGM_MOUSE	28030	Gfm1	8.655	11	1	0	1.0	0.0	8.655
GPC5_MOUSE	103978	Gpc5	8.655	11	1	1	1.0	0.0	8.655
JHD2C_MOUSE	108829	Jmjd1c	8.655	11	1	0	1.0	0.0	8.655
Q8VCQ8_MOUSE	109624	Cald1	8.655	11	1	0	1.0	0.0	8.655
AGRG6_MOUSE	215798	Adgrg6	8.655	11	1	1	1.0	0.0	8.655
C1QL3_MOUSE	227580	C1ql3	8.655	11	1	5	1.0	0.0	8.655
ANO5_MOUSE	233246	Ano5	8.655	11	1	2	1.0	0.0	8.655
PLPL7_MOUSE	241274	Pnpla7	8.655	11	1	1	1.0	0.0	8.655
TRPV1_MOUSE	193034	Trpv1	8.622	1172	2	3	1.301	0.0	6.627
P3H1_MOUSE	56401	P3h1	8.617	12	1	2	1.0	0.0	8.617
ANKR2_MOUSE	56642	Ankrd2	8.617	12	1	0	1.0	0.0	8.617
KCNC4_MOUSE	99738	Kcnc4	8.617	12	1	0	1.0	0.0	8.617
M3K10_MOUSE	269881	Map3k10	8.617	12	1	0	1.0	0.0	8.617
SODM_MOUSE	20656	Sod2	8.591	1238	2	2	1.301	0.0	6.603
ANXA5_MOUSE	11747	Anxa5	8.586	1250	2	1	1.301	0.0	6.599
CODA1_MOUSE	12817	Col13a1	8.582	13	1	0	1.0	0.0	8.582
CSK2B_MOUSE	13001	Csnk2b	8.582	13	1	0	1.0	0.0	8.582
ECEL1_MOUSE	13599	Ecel1	8.582	13	1	1	1.0	0.0	8.582
D3YYI6_MOUSE	16764	Aff3	8.582	13	1	0	1.0	0.0	8.582
P4HA1_MOUSE	18451	P4ha1	8.582	13	1	0	1.0	0.0	8.582
SOX15_MOUSE	20670	Sox15	8.582	13	1	0	1.0	0.0	8.582
C1QT1_MOUSE	56745	C1qtnf1	8.582	13	1	0	1.0	0.0	8.582
ATOH8_MOUSE	71093	Atoh8	8.582	13	1	0	1.0	0.0	8.582
RAG1_MOUSE	19373	Rag1	8.558	1314	2	5	1.301	0.0	6.578
CO5A2_MOUSE	12832	Col5a2	8.55	14	1	0	1.0	0.0	8.55
INSRR_MOUSE	23920	Insrr	8.55	14	1	2	1.0	0.0	8.55
SIT1_MOUSE	54390	Sit1	8.55	14	1	0	1.0	0.0	8.55
HXC10_MOUSE	209448	Hoxc10	8.55	14	1	1	1.0	0.0	8.55
MYOF_MOUSE	226101	Myof	8.55	14	1	1	1.0	0.0	8.55
SCAI_MOUSE	320271	Scai	8.55	14	1	1	1.0	0.0	8.55
KI67_MOUSE	17345	Mki67	8.548	1336	2	3	1.301	0.0	6.57
MFN2_MOUSE	170731	Mfn2	8.526	181	1	13	1.0	0.146	7.439
KAD2_MOUSE	11637	Ak2	8.52	15	1	0	1.0	0.0	8.52
RASM_MOUSE	17532	Mras	8.52	15	1	1	1.0	0.0	8.52
SLK_MOUSE	20874	Slk	8.52	15	1	0	1.0	0.0	8.52
AGRE1_MOUSE	13733	Adgre1	8.5	1455	2	6	1.301	0.0	6.533
CBX4_MOUSE	12418	Cbx4	8.492	16	1	3	1.0	0.0	8.492
SEM4C_MOUSE	20353	Sema4c	8.492	16	1	0	1.0	0.0	8.492
CEAM2_MOUSE	26367	Ceacam2	8.492	16	1	1	1.0	0.0	8.492
RINI_MOUSE	107702	Rnh1	8.492	16	1	0	1.0	0.0	8.492
MKX_MOUSE	210719	Mkx	8.492	16	1	1	1.0	0.0	8.492
POPD1_MOUSE	23828	Bves	8.466	17	1	1	1.0	0.0	8.466
SIL1_MOUSE	81500	Sil1	8.466	17	1	0	1.0	0.0	8.466
MBNL2_MOUSE	105559	Mbnl2	8.466	17	1	6	1.0	0.0	8.466
AAKG2_MOUSE	108099	Prkag2	8.466	17	1	0	1.0	0.0	8.466
PTH2R_MOUSE	213527	Pth2r	8.466	17	1	0	1.0	0.0	8.466
CXCR4_MOUSE	12767	Cxcr4	8.458	1566	2	2	1.301	0.0	6.501
AHR_MOUSE	11622	Ahr	8.453	1582	2	1	1.301	0.0	6.497
BARX2_MOUSE	12023	Barx2	8.441	18	1	1	1.0	0.0	8.441
FKBP8_MOUSE	14232	Fkbp8	8.441	18	1	1	1.0	0.0	8.441
HXC4_MOUSE	15423	Hoxc4	8.441	18	1	0	1.0	0.0	8.441
SELW_MOUSE	20364	Selenow	8.441	18	1	0	1.0	0.0	8.441
DUS10_MOUSE	63953	Dusp10	8.441	18	1	2	1.0	0.0	8.441
RECQ4_MOUSE	79456	Recql4	8.441	18	1	4	1.0	0.0	8.441
GPAT4_MOUSE	102247	Gpat4	8.441	18	1	1	1.0	0.0	8.441
DRGX_MOUSE	107751	Drgx	8.441	18	1	2	1.0	0.0	8.441
NMNA2_MOUSE	226518	Nmnat2	8.441	18	1	2	1.0	0.0	8.441
HMGB1_MOUSE	15289	Hmgb1	8.423	1667	2	5	1.301	0.0	6.474
CNN1_MOUSE	12797	Cnn1	8.418	19	1	0	1.0	0.0	8.418
CSRP2_MOUSE	13008	Csrp2	8.418	19	1	1	1.0	0.0	8.418
RIC8A_MOUSE	101489	Ric8a	8.418	19	1	0	1.0	0.0	8.418
CRUM3_MOUSE	224912	Crb3	8.418	19	1	5	1.0	0.0	8.418
E9PVY8_MOUSE	11426	Macf1	8.395	20	1	0	1.0	0.0	8.395
FGRL1_MOUSE	116701	Fgfrl1	8.395	20	1	0	1.0	0.0	8.395
SUMF1_MOUSE	58911	Sumf1	8.374	21	1	2	1.0	0.0	8.374
GATM_MOUSE	67092	Gatm	8.374	21	1	0	1.0	0.0	8.374
GRDN_MOUSE	108686	Ccdc88a	8.374	21	1	0	1.0	0.0	8.374
NPNT_MOUSE	114249	Npnt	8.374	21	1	0	1.0	0.0	8.374
KALRN_MOUSE	545156	Kalrn	8.374	21	1	3	1.0	0.0	8.374
NF2L1_MOUSE	18023	Nfe2l1	8.354	22	1	2	1.0	0.0	8.354
TRI32_MOUSE	69807	Trim32	8.354	22	1	3	1.0	0.0	8.354
FKTN_MOUSE	246179	Fktn	8.354	22	1	0	1.0	0.0	8.354
SMYD1_MOUSE	12180	Smyd1	8.335	23	1	1	1.0	0.0	8.335
FZD9_MOUSE	14371	Fzd9	8.335	23	1	0	1.0	0.0	8.335
LECT2_MOUSE	16841	Lect2	8.335	23	1	0	1.0	0.0	8.335
ERR3_MOUSE	26381	Esrrg	8.335	23	1	0	1.0	0.0	8.335
MCAF1_MOUSE	54343	Atf7ip	8.335	23	1	1	1.0	0.0	8.335
CLD18_MOUSE	56492	Cldn18	8.335	23	1	0	1.0	0.0	8.335
GDC_MOUSE	73132	Slc25a16	8.335	23	1	0	1.0	0.0	8.335
PLXB2_MOUSE	140570	Plxnb2	8.335	23	1	2	1.0	0.0	8.335
Q921K2_MOUSE	11545	Parp1	8.323	1989	2	1	1.301	0.0	6.398
DHB7_MOUSE	15490	Hsd17b7	8.316	24	1	1	1.0	0.0	8.316
MBP_MOUSE	17196	Mbp	8.306	2052	2	0	1.301	0.0	6.384
CNTN1_MOUSE	12805	Cntn1	8.298	25	1	0	1.0	0.0	8.298
HXC9_MOUSE	15427	Hoxc9	8.298	25	1	1	1.0	0.0	8.298
ITM2A_MOUSE	16431	Itm2a	8.298	25	1	0	1.0	0.0	8.298
M9MMK0_MOUSE	20347	Sema3b	8.298	25	1	1	1.0	0.0	8.298
ROR1_MOUSE	26563	Ror1	8.298	25	1	1	1.0	0.0	8.298
ZEP2_MOUSE	15273	Hivep2	8.281	26	1	1	1.0	0.0	8.281
KIT_MOUSE	16590	Kit	8.281	2145	2	1	1.301	0.0	6.365
COLQ_MOUSE	382864	Colq	8.281	26	1	1	1.0	0.0	8.281
ACTN3_MOUSE	11474	Actn3	8.265	27	1	2	1.0	0.0	8.265
E9Q1W3_MOUSE	17996	Neb	8.265	27	1	3	1.0	0.0	8.265
PABP2_MOUSE	54196	Pabpn1	8.265	27	1	0	1.0	0.0	8.265
ALMS1_MOUSE	236266	Alms1	8.265	27	1	2	1.0	0.0	8.265
CREB1_MOUSE	12912	Creb1	8.264	2207	2	1	1.301	0.0	6.352
UCHL3_MOUSE	50933	Uchl3	8.249	28	1	0	1.0	0.0	8.249
TP8L2_MOUSE	69769	Tnfaip8l2	8.249	28	1	2	1.0	0.0	8.249
TYPH_MOUSE	72962	Tymp	8.249	28	1	0	1.0	0.0	8.249
ATF5_MOUSE	107503	Atf5	8.249	28	1	0	1.0	0.0	8.249
TPR_MOUSE	108989	Tpr	8.249	28	1	0	1.0	0.0	8.249
DHPR_MOUSE	110391	Qdpr	8.249	28	1	0	1.0	0.0	8.249
GFAP_MOUSE	14580	Gfap	8.235	2323	2	0	1.301	0.0	6.33
GSLG1_MOUSE	20340	Glg1	8.234	29	1	1	1.0	0.0	8.234
UBA1_MOUSE	22201	Uba1	8.234	29	1	9	1.0	0.0	8.234
OSR2_MOUSE	107587	Osr2	8.234	29	1	0	1.0	0.0	8.234
FOXO4_MOUSE	54601	Foxo4	8.224	63	1	10	1.0	0.041	7.897
COLI_MOUSE	18976	Pomc	8.221	2384	2	0	1.301	0.0	6.319
C1QB_MOUSE	12260	C1qb	8.219	30	1	0	1.0	0.0	8.219
EF1A1_MOUSE	13627	Eef1a1	8.219	30	1	0	1.0	0.0	8.219
MOT10_MOUSE	72472	Slc16a10	8.219	30	1	1	1.0	0.0	8.219
GSK3B_MOUSE	56637	Gsk3b	8.21	2430	2	2	1.301	0.0	6.311
DAPK3_MOUSE	13144	Dapk3	8.205	31	1	2	1.0	0.0	8.205
O88933_MOUSE	13984	Esx1	8.205	31	1	4	1.0	0.0	8.205
MPV17_MOUSE	17527	Mpv17	8.205	31	1	3	1.0	0.0	8.205
ISK1_MOUSE	20730	Spink1	8.205	31	1	2	1.0	0.0	8.205
Q3UYI1_MOUSE	94045	P2rx5	8.205	31	1	0	1.0	0.0	8.205
PECA1_MOUSE	18613	Pecam1	8.201	2466	2	4	1.301	0.0	6.304
RS19_MOUSE	20085	Rps19	8.191	32	1	0	1.0	0.0	8.191
TNNC1_MOUSE	21924	Tnnc1	8.191	32	1	0	1.0	0.0	8.191
IL2_MOUSE	16183	Il2	8.179	14336	3	0	1.477	0.0	5.537
RASD1_MOUSE	19416	Rasd1	8.178	33	1	0	1.0	0.0	8.178
SIX5_MOUSE	20475	Six5	8.178	33	1	0	1.0	0.0	8.178
GAMT_MOUSE	14431	Gamt	8.165	34	1	0	1.0	0.0	8.165
MPDZ_MOUSE	17475	Mpdz	8.165	34	1	0	1.0	0.0	8.165
TP4A1_MOUSE	19243	Ptp4a1	8.165	34	1	0	1.0	0.0	8.165
ARHG7_MOUSE	54126	Arhgef7	8.165	34	1	0	1.0	0.0	8.165
KCRU_MOUSE	12716	Ckmt1	8.152	35	1	0	1.0	0.0	8.152
SRC_MOUSE	20779	Src	8.146	2723	2	0	1.301	0.0	6.261
SCRB2_MOUSE	12492	Scarb2	8.14	36	1	2	1.0	0.0	8.14
UBE2B_MOUSE	22210	Ube2b	8.14	36	1	0	1.0	0.0	8.14
MN1_MOUSE	433938	Mn1	8.14	36	1	0	1.0	0.0	8.14
PERM_MOUSE	17523	Mpo	8.132	2792	2	1	1.301	0.0	6.25
ACADS_MOUSE	11409	Acads	8.117	38	1	0	1.0	0.0	8.117
DNLI1_MOUSE	16881	Lig1	8.117	38	1	7	1.0	0.0	8.117
MTM1_MOUSE	17772	Mtm1	8.117	38	1	0	1.0	0.0	8.117
NSMA2_MOUSE	58994	Smpd3	8.117	38	1	0	1.0	0.0	8.117
KAD1_MOUSE	11636	Ak1	8.105	39	1	1	1.0	0.0	8.105
LAMA4_MOUSE	16775	Lama4	8.105	39	1	1	1.0	0.0	8.105
RL32_MOUSE	19951	Rpl32	8.105	39	1	0	1.0	0.0	8.105
SEM3E_MOUSE	20349	Sema3e	8.105	39	1	7	1.0	0.0	8.105
KKCC1_MOUSE	55984	Camkk1	8.105	39	1	0	1.0	0.0	8.105
DHB4_MOUSE	15488	Hsd17b4	8.094	40	1	0	1.0	0.0	8.094
LBX1_MOUSE	16814	Lbx1	8.094	40	1	0	1.0	0.0	8.094
M3K4_MOUSE	26407	Map3k4	8.094	40	1	1	1.0	0.0	8.094
ADT2_MOUSE	11740	Slc25a5	8.084	41	1	0	1.0	0.0	8.084
Q9ESU7_MOUSE	20514	Slc1a5	8.084	41	1	3	1.0	0.0	8.084
SOX8_MOUSE	20681	Sox8	8.084	41	1	0	1.0	0.0	8.084
ZIC3_MOUSE	22773	Zic3	8.084	41	1	0	1.0	0.0	8.084
Q5XJV5_MOUSE	56406	Ncoa6	8.084	41	1	0	1.0	0.0	8.084
EDIL3_MOUSE	13612	Edil3	8.073	42	1	0	1.0	0.0	8.073
EPHA5_MOUSE	13839	Epha5	8.073	42	1	0	1.0	0.0	8.073
NSF_MOUSE	18195	Nsf	8.073	42	1	0	1.0	0.0	8.073
NECT2_MOUSE	19294	Nectin2	8.073	42	1	1	1.0	0.0	8.073
NR2C1_MOUSE	22025	Nr2c1	8.073	42	1	0	1.0	0.0	8.073
MAP4_MOUSE	17758	Map4	8.063	43	1	0	1.0	0.0	8.063
PLM_MOUSE	56188	Fxyd1	8.063	43	1	2	1.0	0.0	8.063
AAPK2_MOUSE	108079	Prkaa2	8.063	90	1	10	1.0	0.041	7.742
HINT1_MOUSE	15254	Hint1	8.053	44	1	1	1.0	0.0	8.053
NDUS4_MOUSE	17993	Ndufs4	8.053	44	1	1	1.0	0.0	8.053
CASQ1_MOUSE	12372	Casq1	8.034	46	1	3	1.0	0.0	8.034
DHH_MOUSE	13363	Dhh	8.024	47	1	0	1.0	0.0	8.024
GLRB_MOUSE	14658	Glrb	8.024	47	1	0	1.0	0.0	8.024
LSP1_MOUSE	16985	Lsp1	8.024	47	1	0	1.0	0.0	8.024
DERM_MOUSE	56429	Dpt	8.024	47	1	2	1.0	0.0	8.024
GPC6A_MOUSE	210198	Gprc6a	8.024	47	1	2	1.0	0.0	8.024
TBX6_MOUSE	21389	Tbx6	8.015	48	1	4	1.0	0.0	8.015
PMGT2_MOUSE	215494	Pomgnt2	8.015	48	1	1	1.0	0.0	8.015
CNTFR_MOUSE	12804	Cntfr	8.006	49	1	0	1.0	0.0	8.006
FSCN1_MOUSE	14086	Fscn1	8.006	49	1	1	1.0	0.0	8.006
IDS_MOUSE	15931	Ids	8.006	49	1	1	1.0	0.0	8.006
MEOX2_MOUSE	17286	Meox2	8.006	49	1	3	1.0	0.0	8.006
SIX4_MOUSE	20474	Six4	8.006	49	1	1	1.0	0.0	8.006
MAGL2_MOUSE	27385	Magel2	8.006	49	1	1	1.0	0.0	8.006
UT1_MOUSE	108052	Slc14a1	8.006	49	1	0	1.0	0.0	8.006
EYA1_MOUSE	14048	Eya1	7.997	50	1	2	1.0	0.0	7.997
Q9CPX4_MOUSE	14325	Ftl1	7.997	50	1	1	1.0	0.0	7.997
HYAL1_MOUSE	15586	Hyal1	7.997	50	1	2	1.0	0.0	7.997
BMP3_MOUSE	110075	Bmp3	7.997	50	1	1	1.0	0.0	7.997
EPHA1_MOUSE	13835	Epha1	7.989	51	1	1	1.0	0.0	7.989
VTDB_MOUSE	14473	Gc	7.989	51	1	0	1.0	0.0	7.989
E9Q2T3_MOUSE	81877	Tnxb	7.989	51	1	0	1.0	0.0	7.989
BHMT1_MOUSE	12116	Bhmt	7.98	52	1	0	1.0	0.0	7.98
DEFB1_MOUSE	13214	Defb1	7.98	52	1	0	1.0	0.0	7.98
FOLH1_MOUSE	53320	Folh1	7.98	52	1	1	1.0	0.0	7.98
SMUF1_MOUSE	75788	Smurf1	7.98	52	1	2	1.0	0.0	7.98
NOV_MOUSE	18133	Nov	7.972	53	1	0	1.0	0.0	7.972
SHC2_MOUSE	216148	Shc2	7.972	53	1	0	1.0	0.0	7.972
FOXP3_MOUSE	20371	Foxp3	7.966	3742	2	4	1.301	0.0	6.123
ALX4_MOUSE	11695	Alx4	7.964	54	1	2	1.0	0.0	7.964
GHRHR_MOUSE	14602	Ghrhr	7.964	54	1	0	1.0	0.0	7.964
FBN2_MOUSE	14119	Fbn2	7.956	55	1	0	1.0	0.0	7.956
NDST1_MOUSE	15531	Ndst1	7.956	55	1	1	1.0	0.0	7.956
HOME1_MOUSE	26556	Homer1	7.956	55	1	0	1.0	0.0	7.956
LMNB1_MOUSE	16906	Lmnb1	7.948	56	1	1	1.0	0.0	7.948
NID2_MOUSE	18074	Nid2	7.948	56	1	1	1.0	0.0	7.948
PRPTZ_MOUSE	19283	Ptprz1	7.948	56	1	0	1.0	0.0	7.948
BLK_MOUSE	12143	Blk	7.94	57	1	0	1.0	0.0	7.94
RBCC1_MOUSE	12421	Rb1cc1	7.94	57	1	0	1.0	0.0	7.94
CDC20_MOUSE	107995	Cdc20	7.94	57	1	3	1.0	0.0	7.94
DDR1_MOUSE	12305	Ddr1	7.933	58	1	0	1.0	0.0	7.933
FZD4_MOUSE	14366	Fzd4	7.933	58	1	2	1.0	0.0	7.933
SHIP2_MOUSE	16332	Inppl1	7.933	58	1	0	1.0	0.0	7.933
G3X8P5_MOUSE	114479	Slc5a5	7.933	58	1	1	1.0	0.0	7.933
DLG1_MOUSE	13383	Dlg1	7.925	59	1	0	1.0	0.0	7.925
LMO4_MOUSE	16911	Lmo4	7.925	59	1	2	1.0	0.0	7.925
NU4M_MOUSE	17719	Mtnd4	7.925	59	1	0	1.0	0.0	7.925
RAPSN_MOUSE	19400	Rapsn	7.925	59	1	0	1.0	0.0	7.925
CGT_MOUSE	22239	Ugt8	7.925	59	1	0	1.0	0.0	7.925
ATOH7_MOUSE	53404	Atoh7	7.925	59	1	1	1.0	0.0	7.925
OSTCN_MOUSE	12096	Bglap	7.911	61	1	0	1.0	0.0	7.911
ACM3_MOUSE	12671	Chrm3	7.911	61	1	1	1.0	0.0	7.911
EFNA2_MOUSE	13637	Efna2	7.911	61	1	0	1.0	0.0	7.911
NPY1R_MOUSE	18166	Npy1r	7.911	61	1	1	1.0	0.0	7.911
WIF1_MOUSE	24117	Wif1	7.911	61	1	1	1.0	0.0	7.911
GRAN_MOUSE	227960	Gca	7.911	61	1	2	1.0	0.0	7.911
NFKB1_MOUSE	18033	Nfkb1	7.909	4138	2	5	1.301	0.0	6.079
ARY1_MOUSE	17960	Nat1	7.904	62	1	0	1.0	0.0	7.904
RED1_MOUSE	110532	Adarb1	7.904	62	1	4	1.0	0.0	7.904
ANXA7_MOUSE	11750	Anxa7	7.897	63	1	0	1.0	0.0	7.897
HEM3_MOUSE	15288	Hmbs	7.897	63	1	0	1.0	0.0	7.897
PLEC_MOUSE	18810	Plec	7.897	63	1	2	1.0	0.0	7.897
Q9JLQ4_MOUSE	22634	Plagl1	7.897	63	1	0	1.0	0.0	7.897
CELF1_MOUSE	13046	Celf1	7.89	64	1	5	1.0	0.0	7.89
BMP5_MOUSE	12160	Bmp5	7.883	65	1	0	1.0	0.0	7.883
FSTL1_MOUSE	14314	Fstl1	7.883	65	1	1	1.0	0.0	7.883
ANPRC_MOUSE	18162	Npr3	7.883	65	1	3	1.0	0.0	7.883
ZIC1_MOUSE	22771	Zic1	7.883	65	1	4	1.0	0.0	7.883
DDAH2_MOUSE	51793	Ddah2	7.883	65	1	2	1.0	0.0	7.883
PRG4_MOUSE	96875	Prg4	7.883	65	1	0	1.0	0.0	7.883
Q3UHC1_MOUSE	107746	Rapgef1	7.883	65	1	0	1.0	0.0	7.883
CDK9_MOUSE	107951	Cdk9	7.883	65	1	0	1.0	0.0	7.883
LMX1A_MOUSE	110648	Lmx1a	7.883	65	1	0	1.0	0.0	7.883
GPDM_MOUSE	14571	Gpd2	7.87	67	1	1	1.0	0.0	7.87
A16L1_MOUSE	77040	Atg16l1	7.87	67	1	2	1.0	0.0	7.87
HEXA_MOUSE	15211	Hexa	7.864	68	1	0	1.0	0.0	7.864
A2CEL1_MOUSE	17840	Mup1	7.864	68	1	3	1.0	0.0	7.864
PRAX_MOUSE	19153	Prx	7.864	68	1	0	1.0	0.0	7.864
LRAT_MOUSE	79235	Lrat	7.857	69	1	5	1.0	0.0	7.857
HXA2_MOUSE	15399	Hoxa2	7.851	70	1	0	1.0	0.0	7.851
K1C15_MOUSE	16665	Krt15	7.851	70	1	0	1.0	0.0	7.851
AFAD_MOUSE	17356	Afdn	7.851	70	1	3	1.0	0.0	7.851
RING2_MOUSE	19821	Rnf2	7.851	70	1	3	1.0	0.0	7.851
TCF21_MOUSE	21412	Tcf21	7.851	70	1	1	1.0	0.0	7.851
CENPJ_MOUSE	219103	Cenpj	7.851	70	1	0	1.0	0.0	7.851
HXA11_MOUSE	15396	Hoxa11	7.845	71	1	2	1.0	0.0	7.845
STXB1_MOUSE	20910	Stxbp1	7.845	71	1	0	1.0	0.0	7.845
TERF1_MOUSE	21749	Terf1	7.845	71	1	0	1.0	0.0	7.845
FA7_MOUSE	14068	F7	7.839	72	1	0	1.0	0.0	7.839
PROF1_MOUSE	18643	Pfn1	7.839	72	1	0	1.0	0.0	7.839
O88325_MOUSE	27419	Naglu	7.839	72	1	0	1.0	0.0	7.839
ATRX_MOUSE	22589	Atrx	7.833	73	1	1	1.0	0.0	7.833
PDLI5_MOUSE	56376	Pdlim5	7.833	73	1	1	1.0	0.0	7.833
DDR2_MOUSE	18214	Ddr2	7.827	74	1	2	1.0	0.0	7.827
XLRS1_MOUSE	20147	Rs1	7.827	74	1	1	1.0	0.0	7.827
Q8K094_MOUSE	52118	Pvr	7.827	74	1	1	1.0	0.0	7.827
P2RY6_MOUSE	233571	P2ry6	7.827	74	1	0	1.0	0.0	7.827
ATF1_MOUSE	11908	Atf1	7.821	75	1	0	1.0	0.0	7.821
PER3_MOUSE	18628	Per3	7.816	76	1	4	1.0	0.0	7.816
G3X9Q1_MOUSE	16404	Itga7	7.81	77	1	3	1.0	0.0	7.81
TRPC4_MOUSE	22066	Trpc4	7.81	77	1	0	1.0	0.0	7.81
RYR3_MOUSE	20192	Ryr3	7.804	78	1	1	1.0	0.0	7.804
ERR1_MOUSE	26379	Esrra	7.804	78	1	0	1.0	0.0	7.804
BMP1_MOUSE	12153	Bmp1	7.799	79	1	2	1.0	0.0	7.799
B1AUF1_MOUSE	20481	Ski	7.799	79	1	2	1.0	0.0	7.799
FTO_MOUSE	26383	Fto	7.799	79	1	0	1.0	0.0	7.799
MYH10_MOUSE	77579	Myh10	7.799	79	1	0	1.0	0.0	7.799
ADCY5_MOUSE	224129	Adcy5	7.793	80	1	1	1.0	0.0	7.793
E2F4_MOUSE	104394	E2f4	7.788	81	1	0	1.0	0.0	7.788
E9Q604_MOUSE	16409	Itgam	7.783	5159	2	2	1.301	0.0	5.982
Q8C3W2_MOUSE	26564	Ror2	7.783	82	1	3	1.0	0.0	7.783
ETV1_MOUSE	14009	Etv1	7.777	83	1	0	1.0	0.0	7.777
LAMA5_MOUSE	16776	Lama5	7.777	83	1	1	1.0	0.0	7.777
IOD2_MOUSE	13371	Dio2	7.772	84	1	1	1.0	0.0	7.772
GALR1_MOUSE	14427	Galr1	7.772	84	1	0	1.0	0.0	7.772
IBP6_MOUSE	16012	Igfbp6	7.772	84	1	0	1.0	0.0	7.772
Q8C6G3_MOUSE	19752	Rnase1	7.772	84	1	0	1.0	0.0	7.772
CLCN3_MOUSE	12725	Clcn3	7.767	85	1	0	1.0	0.0	7.767
UCN2_MOUSE	171530	Ucn2	7.767	85	1	0	1.0	0.0	7.767
FETUA_MOUSE	11625	Ahsg	7.762	86	1	2	1.0	0.0	7.762
Q810E8_MOUSE	66826	Taz	7.762	86	1	8	1.0	0.0	7.762
CD166_MOUSE	11658	Alcam	7.752	88	1	0	1.0	0.0	7.752
M3K8_MOUSE	26410	Map3k8	7.752	88	1	0	1.0	0.0	7.752
PDGFC_MOUSE	54635	Pdgfc	7.752	88	1	1	1.0	0.0	7.752
NTAL_MOUSE	56743	Lat2	7.752	88	1	1	1.0	0.0	7.752
RABP1_MOUSE	12903	Crabp1	7.742	90	1	0	1.0	0.0	7.742
FST_MOUSE	14313	Fst	7.742	90	1	3	1.0	0.0	7.742
ACACB_MOUSE	100705	Acacb	7.742	90	1	5	1.0	0.0	7.742
DEFB2_MOUSE	13215	Defb2	7.733	92	1	1	1.0	0.0	7.733
EGR3_MOUSE	13655	Egr3	7.733	92	1	3	1.0	0.0	7.733
GRB10_MOUSE	14783	Grb10	7.733	92	1	2	1.0	0.0	7.733
HSF4_MOUSE	26386	Hsf4	7.733	92	1	0	1.0	0.0	7.733
KIF3A_MOUSE	16568	Kif3a	7.728	93	1	2	1.0	0.0	7.728
NFAT5_MOUSE	54446	Nfat5	7.728	93	1	1	1.0	0.0	7.728
MEF2D_MOUSE	17261	Mef2d	7.723	94	1	0	1.0	0.0	7.723
GDN_MOUSE	20720	Serpine2	7.723	94	1	0	1.0	0.0	7.723
CAD11_MOUSE	12552	Cdh11	7.719	95	1	0	1.0	0.0	7.719
GAB1_MOUSE	14388	Gab1	7.714	96	1	1	1.0	0.0	7.714
MYO5A_MOUSE	17918	Myo5a	7.705	98	1	1	1.0	0.0	7.705
TERA_MOUSE	269523	Vcp	7.705	98	1	4	1.0	0.0	7.705
CUL7_MOUSE	66515	Cul7	7.701	99	1	1	1.0	0.0	7.701
ITAV_MOUSE	16410	Itgav	7.688	102	1	0	1.0	0.0	7.688
RSPO1_MOUSE	192199	Rspo1	7.688	102	1	1	1.0	0.0	7.688
G3XA35_MOUSE	13003	Vcan	7.684	103	1	1	1.0	0.0	7.684
TOR1A_MOUSE	30931	Tor1a	7.684	103	1	2	1.0	0.0	7.684
PCSK1_MOUSE	30052	Pcsk1n	7.679	104	1	0	1.0	0.0	7.679
V2R_MOUSE	12000	Avpr2	7.675	105	1	1	1.0	0.0	7.675
E9QJW9_MOUSE	17229	Tpsb2	7.675	105	1	5	1.0	0.0	7.675
K1KB9_MOUSE	13648	Klk1b9	7.671	106	1	0	1.0	0.0	7.671
NGB_MOUSE	64242	Ngb	7.671	106	1	2	1.0	0.0	7.671
CCKAR_MOUSE	12425	Cckar	7.667	107	1	0	1.0	0.0	7.667
C3AR_MOUSE	12267	C3ar1	7.659	109	1	1	1.0	0.0	7.659
AXIN1_MOUSE	12005	Axin1	7.651	111	1	1	1.0	0.0	7.651
HXD13_MOUSE	15433	Hoxd13	7.647	112	1	2	1.0	0.0	7.647
CAF1A_MOUSE	27221	Chaf1a	7.647	112	1	0	1.0	0.0	7.647
KGP1_MOUSE	19091	Prkg1	7.643	113	1	1	1.0	0.0	7.643
RAB3A_MOUSE	19339	Rab3a	7.643	113	1	1	1.0	0.0	7.643
SOX1_MOUSE	20664	Sox1	7.639	114	1	3	1.0	0.0	7.639
GABR1_MOUSE	54393	Gabbr1	7.639	114	1	5	1.0	0.0	7.639
KCNK2_MOUSE	16526	Kcnk2	7.636	115	1	0	1.0	0.0	7.636
ISG15_MOUSE	100038882	Isg15	7.636	115	1	1	1.0	0.0	7.636
RGS2_MOUSE	19735	Rgs2	7.624	118	1	3	1.0	0.0	7.624
RYK_MOUSE	20187	Ryk	7.624	118	1	0	1.0	0.0	7.624
APEL_MOUSE	30878	Apln	7.624	118	1	0	1.0	0.0	7.624
KCNC1_MOUSE	16502	Kcnc1	7.617	120	1	0	1.0	0.0	7.617
SC6A2_MOUSE	20538	Slc6a2	7.617	120	1	0	1.0	0.0	7.617
ERCC1_MOUSE	13870	Ercc1	7.614	121	1	2	1.0	0.0	7.614
PITX3_MOUSE	18742	Pitx3	7.614	121	1	0	1.0	0.0	7.614
SIX1_MOUSE	20471	Six1	7.61	122	1	0	1.0	0.0	7.61
RCAN1_MOUSE	54720	Rcan1	7.61	122	1	8	1.0	0.0	7.61
SC5A2_MOUSE	246787	Slc5a2	7.61	122	1	1	1.0	0.0	7.61
ITCH_MOUSE	16396	Itch	7.606	123	1	0	1.0	0.0	7.606
TNR12_MOUSE	27279	Tnfrsf12a	7.606	123	1	1	1.0	0.0	7.606
ACVR1_MOUSE	11477	Acvr1	7.599	125	1	1	1.0	0.0	7.599
EAA3_MOUSE	20510	Slc1a1	7.599	125	1	0	1.0	0.0	7.599
CRX_MOUSE	12951	Crx	7.593	127	1	0	1.0	0.0	7.593
KLF5_MOUSE	12224	Klf5	7.582	130	1	0	1.0	0.0	7.582
PPLA_MOUSE	18821	Pln	7.566	135	1	0	1.0	0.0	7.566
CBPE_MOUSE	12876	Cpe	7.56	137	1	0	1.0	0.0	7.56
GCH1_MOUSE	14528	Gch1	7.556	138	1	1	1.0	0.0	7.556
MYF6_MOUSE	17878	Myf6	7.547	141	1	0	1.0	0.0	7.547
GDF15_MOUSE	23886	Gdf15	7.547	141	1	2	1.0	0.0	7.547
PPR3A_MOUSE	140491	Ppp1r3a	7.544	142	1	0	1.0	0.0	7.544
CALCR_MOUSE	12311	Calcr	7.535	145	1	0	1.0	0.0	7.535
HAND2_MOUSE	15111	Hand2	7.535	8010	2	0	1.301	0.0	5.792
HXK2_MOUSE	15277	Hk2	7.532	146	1	1	1.0	0.0	7.532
HMOX2_MOUSE	15369	Hmox2	7.526	148	1	0	1.0	0.0	7.526
GNAI2_MOUSE	14678	Gnai2	7.523	149	1	3	1.0	0.0	7.523
FOXG1_MOUSE	15228	Foxg1	7.523	149	1	4	1.0	0.0	7.523
PEG3_MOUSE	18616	Peg3	7.523	149	1	2	1.0	0.0	7.523
ACACA_MOUSE	107476	Acaca	7.523	149	1	2	1.0	0.0	7.523
HXA10_MOUSE	15395	Hoxa10	7.517	151	1	0	1.0	0.0	7.517
STC1_MOUSE	20855	Stc1	7.517	151	1	0	1.0	0.0	7.517
MYO7A_MOUSE	17921	Myo7a	7.512	153	1	0	1.0	0.0	7.512
BIRC3_MOUSE	11796	Birc3	7.509	154	1	0	1.0	0.0	7.509
CD59A_MOUSE	12509	Cd59a	7.509	154	1	1	1.0	0.0	7.509
PAXI_MOUSE	19303	Pxn	7.509	154	1	6	1.0	0.0	7.509
CAN2_MOUSE	12334	Capn2	7.506	155	1	0	1.0	0.0	7.506
PHB2_MOUSE	12034	Phb2	7.5	157	1	0	1.0	0.0	7.5
CASP6_MOUSE	12368	Casp6	7.5	157	1	3	1.0	0.0	7.5
PRDX6_MOUSE	11758	Prdx6	7.498	158	1	1	1.0	0.0	7.498
ATS5_MOUSE	23794	Adamts5	7.498	158	1	3	1.0	0.0	7.498
BNIP3_MOUSE	12176	Bnip3	7.495	159	1	0	1.0	0.0	7.495
FKB1A_MOUSE	14225	Fkbp1a	7.495	159	1	0	1.0	0.0	7.495
ITPR3_MOUSE	16440	Itpr3	7.484	163	1	0	1.0	0.0	7.484
TBX1_MOUSE	21380	Tbx1	7.476	166	1	1	1.0	0.0	7.476
B1ATV3_MOUSE	22065	Trpc3	7.476	166	1	1	1.0	0.0	7.476
ICAL_MOUSE	12380	Cast	7.474	167	1	1	1.0	0.0	7.474
BCAR1_MOUSE	12927	Bcar1	7.471	168	1	0	1.0	0.0	7.471
HDAC6_MOUSE	15185	Hdac6	7.468	169	1	1	1.0	0.0	7.468
GELS_MOUSE	227753	Gsn	7.468	169	1	0	1.0	0.0	7.468
DBP_MOUSE	13170	Dbp	7.463	171	1	3	1.0	0.0	7.463
MC3R_MOUSE	17201	Mc3r	7.463	171	1	5	1.0	0.0	7.463
Q9D2V6_MOUSE	20505	Slc34a1	7.463	171	1	0	1.0	0.0	7.463
GSK3A_MOUSE	606496	Gsk3a	7.456	174	1	6	1.0	0.0	7.456
ID3_MOUSE	15903	Id3	7.451	176	1	0	1.0	0.0	7.451
PGK1_MOUSE	18655	Pgk1	7.451	176	1	0	1.0	0.0	7.451
CO2_MOUSE	12263	C2	7.448	177	1	0	1.0	0.0	7.448
KCC2D_MOUSE	108058	Camk2d	7.448	177	1	0	1.0	0.0	7.448
ANXA2_MOUSE	12306	Anxa2	7.446	178	1	0	1.0	0.0	7.446
CRFR2_MOUSE	12922	Crhr2	7.439	181	1	0	1.0	0.0	7.439
DLX1_MOUSE	13390	Dlx1	7.439	181	1	0	1.0	0.0	7.439
TYOBP_MOUSE	22177	Tyrobp	7.439	181	1	6	1.0	0.0	7.439
PPBT_MOUSE	11647	Alpl	7.434	183	1	0	1.0	0.0	7.434
TYB4_MOUSE	19241	Tmsb4x	7.434	183	1	0	1.0	0.0	7.434
CYR61_MOUSE	16007	Cyr61	7.429	185	1	0	1.0	0.0	7.429
TPM1_MOUSE	22003	Tpm1	7.427	186	1	1	1.0	0.0	7.427
ETV6_MOUSE	14011	Etv6	7.42	189	1	1	1.0	0.0	7.42
THA_MOUSE	21833	Thra	7.42	189	1	1	1.0	0.0	7.42
MAPK2_MOUSE	17164	Mapkapk2	7.418	190	1	1	1.0	0.0	7.418
PGS1_MOUSE	12111	Bgn	7.411	193	1	2	1.0	0.0	7.411
GFRA1_MOUSE	14585	Gfra1	7.404	196	1	1	1.0	0.0	7.404
OPRK_MOUSE	18387	Oprk1	7.402	197	1	1	1.0	0.0	7.402
MYH7_MOUSE	140781	Myh7	7.393	201	1	0	1.0	0.0	7.393
G5E884_MOUSE	18479	Pak1	7.391	202	1	5	1.0	0.0	7.391
ANPRA_MOUSE	18160	Npr1	7.387	204	1	5	1.0	0.0	7.387
ZEB1_MOUSE	21417	Zeb1	7.387	204	1	0	1.0	0.0	7.387
IF4E_MOUSE	13684	Eif4e	7.385	205	1	8	1.0	0.0	7.385
RARG_MOUSE	19411	Rarg	7.382	206	1	0	1.0	0.0	7.382
CP17A_MOUSE	13074	Cyp17a1	7.374	210	1	0	1.0	0.0	7.374
A0A0B4J1E3_MOUSE	20589	Ighmbp2	7.372	211	1	3	1.0	0.0	7.372
PIT1_MOUSE	18736	Pou1f1	7.37	212	1	0	1.0	0.0	7.37
A3KN90_MOUSE	110784	Nr3c2	7.368	213	1	0	1.0	0.0	7.368
JUND_MOUSE	16478	Jund	7.364	215	1	0	1.0	0.0	7.364
PRDX2_MOUSE	21672	Prdx2	7.364	215	1	0	1.0	0.0	7.364
TFAM_MOUSE	21780	Tfam	7.364	215	1	0	1.0	0.0	7.364
IRAK1_MOUSE	16179	Irak1	7.362	216	1	0	1.0	0.0	7.362
GPBAR_MOUSE	227289	Gpbar1	7.362	216	1	0	1.0	0.0	7.362
RBL1_MOUSE	19650	Rbl1	7.358	218	1	4	1.0	0.0	7.358
S10A1_MOUSE	20193	S100a1	7.354	220	1	0	1.0	0.0	7.354
PEDF_MOUSE	20317	Serpinf1	7.354	220	1	0	1.0	0.0	7.354
HPT_MOUSE	15439	Hp	7.352	221	1	0	1.0	0.0	7.352
ILK_MOUSE	16202	Ilk	7.352	221	1	1	1.0	0.0	7.352
IRF4_MOUSE	16364	Irf4	7.346	224	1	3	1.0	0.0	7.346
NEST_MOUSE	18008	Nes	7.346	224	1	0	1.0	0.0	7.346
TCAM1_MOUSE	106759	Ticam1	7.346	224	1	0	1.0	0.0	7.346
MBL2_MOUSE	17195	Mbl2	7.342	226	1	2	1.0	0.0	7.342
ADRB3_MOUSE	11556	Adrb3	7.338	228	1	0	1.0	0.0	7.338
P2RY1_MOUSE	18441	P2ry1	7.327	234	1	0	1.0	0.0	7.327
PITX2_MOUSE	18741	Pitx2	7.325	235	1	2	1.0	0.0	7.325
ITF2_MOUSE	21413	Tcf4	7.316	240	1	6	1.0	0.0	7.316
Q3UM33_MOUSE	15183	Hdac3	7.313	242	1	3	1.0	0.0	7.313
COR1A_MOUSE	12721	Coro1a	7.307	245	1	2	1.0	0.0	7.307
MAG_MOUSE	17136	Mag	7.307	245	1	2	1.0	0.0	7.307
RENI2_MOUSE	19702	Ren2	7.302	248	1	0	1.0	0.0	7.302
MGMT_MOUSE	17314	Mgmt	7.298	250	1	1	1.0	0.0	7.298
AIF1_MOUSE	11629	Aif1	7.295	252	1	0	1.0	0.0	7.295
GLI2_MOUSE	14633	Gli2	7.293	253	1	3	1.0	0.0	7.293
TAGL_MOUSE	21345	Tagln	7.293	253	1	4	1.0	0.0	7.293
RORA_MOUSE	19883	Rora	7.288	256	1	1	1.0	0.0	7.288
TNNI3_MOUSE	21954	Tnni3	7.288	256	1	0	1.0	0.0	7.288
CD47_MOUSE	16423	Cd47	7.285	258	1	2	1.0	0.0	7.285
SOX10_MOUSE	20665	Sox10	7.283	259	1	0	1.0	0.0	7.283
PROX1_MOUSE	19130	Prox1	7.278	262	1	2	1.0	0.0	7.278
CRTC2_MOUSE	74343	Crtc2	7.277	511	1	10	1.0	0.041	6.988
NET1_MOUSE	18208	Ntn1	7.276	263	1	0	1.0	0.0	7.276
NTRK3_MOUSE	18213	Ntrk3	7.276	263	1	0	1.0	0.0	7.276
SFTPD_MOUSE	20390	Sftpd	7.276	263	1	3	1.0	0.0	7.276
PA2G5_MOUSE	18784	Pla2g5	7.273	265	1	0	1.0	0.0	7.273
LIPS_MOUSE	16890	Lipe	7.27	267	1	1	1.0	0.0	7.27
CAC1C_MOUSE	12288	Cacna1c	7.265	270	1	1	1.0	0.0	7.265
IBP2_MOUSE	16008	Igfbp2	7.265	270	1	0	1.0	0.0	7.265
JAK3_MOUSE	16453	Jak3	7.263	271	1	0	1.0	0.0	7.263
GATA6_MOUSE	14465	Gata6	7.255	276	1	4	1.0	0.0	7.255
IGBP1_MOUSE	18518	Igbp1	7.255	276	1	0	1.0	0.0	7.255
PAR2_MOUSE	14063	F2rl1	7.254	277	1	0	1.0	0.0	7.254
NEU1_MOUSE	18429	Oxt	7.248	281	1	2	1.0	0.0	7.248
SEM3A_MOUSE	20346	Sema3a	7.245	283	1	0	1.0	0.0	7.245
SPHK1_MOUSE	20698	Sphk1	7.243	284	1	3	1.0	0.0	7.243
IF2A_MOUSE	13665	Eif2s1	7.241	285	1	1	1.0	0.0	7.241
Q6PGJ3_MOUSE	16728	L1cam	7.24	286	1	0	1.0	0.0	7.24
PKD2_MOUSE	18764	Pkd2	7.238	287	1	0	1.0	0.0	7.238
X3CL1_MOUSE	20312	Cx3cl1	7.238	287	1	1	1.0	0.0	7.238
CN37_MOUSE	12799	Cnp	7.237	288	1	0	1.0	0.0	7.237
MRC1_MOUSE	17533	Mrc1	7.237	288	1	1	1.0	0.0	7.237
CMGA_MOUSE	12652	Chga	7.234	290	1	1	1.0	0.0	7.234
HS71A_MOUSE	193740	Hspa1a	7.232	291	1	0	1.0	0.0	7.232
SNP25_MOUSE	20614	Snap25	7.229	293	1	1	1.0	0.0	7.229
GHSR_MOUSE	208188	Ghsr	7.227	295	1	1	1.0	0.0	7.227
XIAP_MOUSE	11798	Xiap	7.221	299	1	0	1.0	0.0	7.221
LEG1_MOUSE	16852	Lgals1	7.216	302	1	0	1.0	0.0	7.216
CXB1_MOUSE	14618	Gjb1	7.215	303	1	0	1.0	0.0	7.215
TSHR_MOUSE	22095	Tshr	7.201	313	1	1	1.0	0.0	7.201
NOTC2_MOUSE	18129	Notch2	7.195	317	1	1	1.0	0.0	7.195
ANPRB_MOUSE	230103	Npr2	7.195	317	1	2	1.0	0.0	7.195
NPY6R_MOUSE	18169	Npy6r	7.194	318	1	1	1.0	0.0	7.194
FBX32_MOUSE	67731	Fbxo32	7.194	318	1	1	1.0	0.0	7.194
ASCL1_MOUSE	17172	Ascl1	7.193	319	1	0	1.0	0.0	7.193
RARB_MOUSE	218772	Rarb	7.19	321	1	2	1.0	0.0	7.19
NEC1_MOUSE	18548	Pcsk1	7.183	326	1	0	1.0	0.0	7.183
ISL1_MOUSE	16392	Isl1	7.176	331	1	1	1.0	0.0	7.176
PKD1_MOUSE	18763	Pkd1	7.173	334	1	4	1.0	0.0	7.173
TNAP3_MOUSE	21929	Tnfaip3	7.171	335	1	1	1.0	0.0	7.171
ADRB1_MOUSE	11554	Adrb1	7.166	339	1	4	1.0	0.0	7.166
CALR_MOUSE	12317	Calr	7.164	341	1	1	1.0	0.0	7.164
ITPR1_MOUSE	16438	Itpr1	7.164	341	1	1	1.0	0.0	7.164
KEAP1_MOUSE	50868	Keap1	7.15	352	1	2	1.0	0.0	7.15
LAMP2_MOUSE	16784	Lamp2	7.142	358	1	2	1.0	0.0	7.142
PA2GA_MOUSE	18780	Pla2g2a	7.142	358	1	0	1.0	0.0	7.142
CAC1A_MOUSE	12286	Cacna1a	7.141	359	1	0	1.0	0.0	7.141
CATL1_MOUSE	13039	Ctsl	7.141	359	1	0	1.0	0.0	7.141
BRAC_MOUSE	20997	T	7.134	365	1	1	1.0	0.0	7.134
NPHN_MOUSE	54631	Nphs1	7.134	365	1	1	1.0	0.0	7.134
BMI1_MOUSE	12151	Bmi1	7.132	367	1	5	1.0	0.0	7.132
HXK4_MOUSE	103988	Gck	7.128	370	1	0	1.0	0.0	7.128
NR1I3_MOUSE	12355	Nr1i3	7.126	372	1	0	1.0	0.0	7.126
AQP1_MOUSE	11826	Aqp1	7.12	377	1	1	1.0	0.0	7.12
UPAR_MOUSE	18793	Plaur	7.12	377	1	0	1.0	0.0	7.12
DNM3A_MOUSE	13435	Dnmt3a	7.118	379	1	1	1.0	0.0	7.118
PLMN_MOUSE	18815	Plg	7.113	383	1	0	1.0	0.0	7.113
S10A8_MOUSE	20201	S100a8	7.113	383	1	0	1.0	0.0	7.113
PTN1_MOUSE	19246	Ptpn1	7.11	386	1	1	1.0	0.0	7.11
AGTR2_MOUSE	11609	Agtr2	7.095	399	1	1	1.0	0.0	7.095
ATRAP_MOUSE	11610	Agtrap	7.094	400	1	0	1.0	0.0	7.094
PAR1_MOUSE	14062	F2r	7.094	400	1	0	1.0	0.0	7.094
PE2R2_MOUSE	19217	Ptger2	7.093	401	1	0	1.0	0.0	7.093
MLP3A_MOUSE	66734	Map1lc3a	7.091	403	1	1	1.0	0.0	7.091
KPCD_MOUSE	18753	Prkcd	7.088	406	1	0	1.0	0.0	7.088
FGF1_MOUSE	14164	Fgf1	7.087	407	1	1	1.0	0.0	7.087
WNT5A_MOUSE	22418	Wnt5a	7.084	410	1	0	1.0	0.0	7.084
GLI1_MOUSE	14632	Gli1	7.081	412	1	1	1.0	0.0	7.081
FGF23_MOUSE	64654	Fgf23	7.081	412	1	1	1.0	0.0	7.081
PI2R_MOUSE	19222	Ptgir	7.08	413	1	1	1.0	0.0	7.08
AGRP_MOUSE	11604	Agrp	7.078	415	1	0	1.0	0.0	7.078
NOGG_MOUSE	18121	Nog	7.076	417	1	1	1.0	0.0	7.076
EPAS1_MOUSE	13819	Epas1	7.063	430	1	0	1.0	0.0	7.063
JAG1_MOUSE	16449	Jag1	7.058	435	1	6	1.0	0.0	7.058
LYN_MOUSE	17096	Lyn	7.058	435	1	0	1.0	0.0	7.058
NRP1_MOUSE	18186	Nrp1	7.058	435	1	0	1.0	0.0	7.058
EGLN_MOUSE	13805	Eng	7.057	436	1	0	1.0	0.0	7.057
NR4A1_MOUSE	15370	Nr4a1	7.05	443	1	1	1.0	0.0	7.05
NK1R_MOUSE	21336	Tacr1	7.041	452	1	0	1.0	0.0	7.041
G6PI_MOUSE	14751	Gpi	7.04	453	1	0	1.0	0.0	7.04
AA2AR_MOUSE	11540	Adora2a	7.029	465	1	0	1.0	0.0	7.029
NEP_MOUSE	17380	Mme	7.029	465	1	0	1.0	0.0	7.029
CRP_MOUSE	12944	Crp	7.028	466	1	0	1.0	0.0	7.028
C1QA_MOUSE	12259	C1qa	7.026	468	1	0	1.0	0.0	7.026
GLNA_MOUSE	14645	Glul	7.023	471	1	0	1.0	0.0	7.023
Q199A7_MOUSE	22431	Wt1	7.02	475	1	0	1.0	0.0	7.02
SHC1_MOUSE	20416	Shc1	7.018	477	1	0	1.0	0.0	7.018
EMB_MOUSE	13723	Emb	7.008	488	1	0	1.0	0.0	7.008
SP7_MOUSE	170574	Sp7	7.002	495	1	0	1.0	0.0	7.002
MSX1_MOUSE	17701	Msx1	6.995	503	1	0	1.0	0.0	6.995
HES1_MOUSE	15205	Hes1	6.992	506	1	5	1.0	0.0	6.992
SC6A4_MOUSE	15567	Slc6a4	6.988	511	1	3	1.0	0.0	6.988
CCNA2_MOUSE	12428	Ccna2	6.985	515	1	2	1.0	0.0	6.985
G3P_MOUSE	14433	Gapdh	6.984	516	1	0	1.0	0.0	6.984
PTC1_MOUSE	19206	Ptch1	6.984	516	1	1	1.0	0.0	6.984
LRP1_MOUSE	16971	Lrp1	6.98	520	1	1	1.0	0.0	6.98
SOCS1_MOUSE	12703	Socs1	6.979	521	1	0	1.0	0.0	6.979
PTN11_MOUSE	19247	Ptpn11	6.977	524	1	2	1.0	0.0	6.977
E2F1_MOUSE	13555	E2f1	6.974	528	1	1	1.0	0.0	6.974
Q6PI17_MOUSE	21858	Timp2	6.971	531	1	1	1.0	0.0	6.971
MT2_MOUSE	17750	Mt2	6.97	533	1	2	1.0	0.0	6.97
BRCA1_MOUSE	12189	Brca1	6.968	535	1	0	1.0	0.0	6.968
Q9DC83_MOUSE	12902	Cr2	6.958	548	1	2	1.0	0.0	6.958
IRS2_MOUSE	384783	Irs2	6.958	548	1	0	1.0	0.0	6.958
NTRK1_MOUSE	18211	Ntrk1	6.95	558	1	2	1.0	0.0	6.95
INS2_MOUSE	16334	Ins2	6.948	560	1	0	1.0	0.0	6.948
PRKDC_MOUSE	19090	Prkdc	6.947	562	1	2	1.0	0.0	6.947
TFR1_MOUSE	22042	Tfrc	6.945	564	1	0	1.0	0.0	6.945
GLP1R_MOUSE	14652	Glp1r	6.943	566	1	3	1.0	0.0	6.943
SCF_MOUSE	17311	Kitlg	6.943	1829	1	11	1.0	0.079	6.434
FOXO3_MOUSE	56484	Foxo3	6.938	573	1	1	1.0	0.0	6.938
LOX5_MOUSE	11689	Alox5	6.934	578	1	2	1.0	0.0	6.934
SC6A3_MOUSE	13162	Slc6a3	6.934	579	1	0	1.0	0.0	6.934
RAGE_MOUSE	11596	Ager	6.933	580	1	2	1.0	0.0	6.933
LEPR_MOUSE	16847	Lepr	6.933	580	1	1	1.0	0.0	6.933
IL2RB_MOUSE	16185	Il2rb	6.931	583	1	0	1.0	0.0	6.931
CALB1_MOUSE	12307	Calb1	6.911	610	1	3	1.0	0.0	6.911
EP300_MOUSE	328572	Ep300	6.911	610	1	2	1.0	0.0	6.911
KS6B1_MOUSE	72508	Rps6kb1	6.905	618	1	1	1.0	0.0	6.905
BMAL1_MOUSE	11865	Arntl	6.902	623	1	0	1.0	0.0	6.902
DPP4_MOUSE	13482	Dpp4	6.898	629	1	0	1.0	0.0	6.898
FAS_MOUSE	14104	Fasn	6.893	636	1	0	1.0	0.0	6.893
CO5_MOUSE	15139	C5	6.892	638	1	4	1.0	0.0	6.892
IKKB_MOUSE	16150	Ikbkb	6.889	641	1	0	1.0	0.0	6.889
PGFRB_MOUSE	18596	Pdgfrb	6.889	641	1	6	1.0	0.0	6.889
G3UWD2_MOUSE	12394	Runx1	6.886	646	1	2	1.0	0.0	6.886
FGFR1_MOUSE	14182	Fgfr1	6.878	658	1	0	1.0	0.0	6.878
KLF4_MOUSE	16600	Klf4	6.871	669	1	1	1.0	0.0	6.871
Q6AXB7_MOUSE	14265	Fmr1	6.869	671	1	0	1.0	0.0	6.869
HPRT_MOUSE	15452	Hprt1	6.857	691	1	6	1.0	0.0	6.857
FYN_MOUSE	14360	Fyn	6.823	747	1	0	1.0	0.0	6.823
MMP3_MOUSE	17392	Mmp3	6.821	751	1	0	1.0	0.0	6.821
CCR5_MOUSE	12774	Ccr5	6.816	759	1	0	1.0	0.0	6.816
GRAC_MOUSE	14940	Gzmc	6.813	765	1	0	1.0	0.0	6.813
G6PC_MOUSE	14377	G6pc	6.803	782	1	0	1.0	0.0	6.803
VIP_MOUSE	22353	Vip	6.789	807	1	0	1.0	0.0	6.789
MYC_MOUSE	17869	Myc	6.783	820	1	1	1.0	0.0	6.783
TLR7_MOUSE	170743	Tlr7	6.783	820	1	1	1.0	0.0	6.783
CP2E1_MOUSE	13106	Cyp2e1	6.781	822	1	4	1.0	0.0	6.781
ABCA1_MOUSE	11303	Abca1	6.764	855	1	1	1.0	0.0	6.764
CAH2_MOUSE	12349	Ca2	6.76	864	1	1	1.0	0.0	6.76
DDIT3_MOUSE	13198	Ddit3	6.758	867	1	0	1.0	0.0	6.758
PA21B_MOUSE	18778	Pla2g1b	6.74	905	1	0	1.0	0.0	6.74
IGF1R_MOUSE	16001	Igf1r	6.717	954	1	1	1.0	0.0	6.717
HBB1_MOUSE	15129	Hbb-b1	6.711	967	1	0	1.0	0.0	6.711
TIE2_MOUSE	21687	Tek	6.706	977	1	0	1.0	0.0	6.706
IKBA_MOUSE	18035	Nfkbia	6.705	980	1	0	1.0	0.0	6.705
NTRK2_MOUSE	18212	Ntrk2	6.701	988	1	2	1.0	0.0	6.701
S17A5_MOUSE	235504	Slc17a5	6.696	1001	1	0	1.0	0.0	6.696
CRF_MOUSE	12918	Crh	6.675	1050	1	0	1.0	0.0	6.675
E9PUR6_MOUSE	14815	Nr3c1	6.642	1133	1	1	1.0	0.0	6.642
ACTA_MOUSE	11475	Acta2	6.636	1149	1	0	1.0	0.0	6.636
ESR2_MOUSE	13983	Esr2	6.63	1164	1	1	1.0	0.0	6.63
CCR2_MOUSE	12772	Ccr2	6.626	1175	1	1	1.0	0.0	6.626
THRB_MOUSE	14061	F2	6.625	1178	1	0	1.0	0.0	6.625
HPGDS_MOUSE	54486	Hpgds	6.622	1185	1	0	1.0	0.0	6.622
A0A1W2P7J1_MOUSE	210582	Coq10a	6.606	1230	1	1	1.0	0.0	6.606
HBB2_MOUSE	15130	Hbb-b2	6.603	1238	1	1	1.0	0.0	6.603
CASP8_MOUSE	12370	Casp8	6.55	1401	1	2	1.0	0.0	6.55
TRFE_MOUSE	22041	Tf	6.541	1430	1	0	1.0	0.0	6.541
DCOR_MOUSE	18263	Odc1	6.535	1449	1	0	1.0	0.0	6.535
ACSL1_MOUSE	14081	Acsl1	6.532	1459	1	4	1.0	0.0	6.532
FOS_MOUSE	14281	Fos	6.532	4395	1	11	1.0	0.079	6.053
TNR1A_MOUSE	21937	Tnfrsf1a	6.525	1483	1	1	1.0	0.0	6.525
LIF_MOUSE	16878	Lif	6.52	1501	1	0	1.0	0.0	6.52
ALBU_MOUSE	11657	Alb	6.515	1519	1	0	1.0	0.0	6.515
TLR9_MOUSE	81897	Tlr9	6.514	1521	1	0	1.0	0.0	6.514
HS71B_MOUSE	15511	Hspa1b	6.502	1565	1	0	1.0	0.0	6.502
SMAD3_MOUSE	17127	Smad3	6.498	1579	1	1	1.0	0.0	6.498
Q8CFQ1_MOUSE	20846	Stat1	6.498	1578	1	0	1.0	0.0	6.498
RASK_MOUSE	16653	Kras	6.467	1696	1	2	1.0	0.0	6.467
CD5_MOUSE	12507	Cd5	6.451	1760	1	0	1.0	0.0	6.451
TNFL6_MOUSE	14103	Faslg	6.427	1860	1	0	1.0	0.0	6.427
CD28_MOUSE	12487	Cd28	6.386	2044	1	1	1.0	0.0	6.386
MYD88_MOUSE	17874	Myd88	6.351	2214	1	0	1.0	0.0	6.351
CXCL2_MOUSE	20310	Cxcl2	6.336	2288	1	0	1.0	0.0	6.336
ERBB2_MOUSE	13866	Erbb2	6.315	2405	1	0	1.0	0.0	6.315
PSN1_MOUSE	19164	Psen1	6.312	2420	1	9	1.0	0.0	6.312
S4R2V1_MOUSE	19264	Ptprc	6.309	2437	1	1	1.0	0.0	6.309
TF65_MOUSE	19697	Rela	6.294	2523	1	0	1.0	0.0	6.294
IL1A_MOUSE	16175	Il1a	6.285	2577	1	1	1.0	0.0	6.285
MTOR_MOUSE	56717	Mtor	6.284	2580	1	3	1.0	0.0	6.284
MMP2_MOUSE	17390	Mmp2	6.232	2911	1	1	1.0	0.0	6.232
TNR5_MOUSE	21939	Cd40	6.209	3067	1	0	1.0	0.0	6.209
ICAM1_MOUSE	15894	Icam1	6.142	3579	1	0	1.0	0.0	6.142
MK08_MOUSE	26419	Mapk8	6.139	3601	1	1	1.0	0.0	6.139
THY1_MOUSE	21838	Thy1	6.106	3894	1	1	1.0	0.0	6.106
MMP9_MOUSE	17395	Mmp9	6.026	4670	1	1	1.0	0.0	6.026
CCL2_MOUSE	20296	Ccl2	6.026	4678	1	1	1.0	0.0	6.026
IL4_MOUSE	16189	Il4	5.537	14353	1	3	1.0	0.0	5.537
