Big_T	2952
Big_F	130843
UniProtKB_ID	GeneID	Gene_Name	PPS	Big_P	T+P	Citation	1+Log(T+P)	log10((Cit/yr+1)/10)	1+log10(F/T)+log10(F/P)
FOXO_CAEEL	172981	daf-16	11.384	677	12	16	2.079	0.23	4.929
A4_CAEEL	180783	apl-1	10.78	26	5	7	1.699	0.0	6.345
SLO1_CAEEL	180203	slo-1	9.753	47	4	5	1.602	0.0	6.088
GLR1_CAEEL	176204	glr-1	9.619	57	4	2	1.602	0.0	6.004
EAT4_CAEEL	176291	eat-4	9.609	18	3	3	1.477	0.0	6.505
H2KYA1_CAEEL	177463	prkl-1	9.313	4	2	0	1.301	0.0	7.158
LITE1_CAEEL	180894	lite-1	9.313	4	2	6	1.301	0.0	7.158
LIN61_CAEEL	172467	lin-61	9.084	6	2	1	1.301	0.0	6.982
UNC47_CAEEL	176431	unc-47	9.049	16	2	11	1.301	0.079	6.556
LIS1_CAEEL	176758	lis-1	8.795	10	2	1	1.301	0.0	6.76
ACM3_CAEEL	179962	gar-3	8.692	12	2	4	1.301	0.0	6.681
TY3H_CAEEL	173411	cat-2	8.463	18	2	2	1.301	0.0	6.505
G5EGU1_CAEEL	171751	egl-30	8.213	28	2	2	1.301	0.0	6.313
EGL4_CAEEL	176991	egl-4	8.12	33	2	0	1.301	0.0	6.242
CNG_CAEEL	176297	tax-4	8.104	34	2	4	1.301	0.0	6.229
KRAF1_CAEEL	177436	lin-45	8.056	37	2	1	1.301	0.0	6.192
MEC3_CAEEL	177938	mec-3	8.041	38	2	0	1.301	0.0	6.18
SODC_CAEEL	174141	sod-1	7.998	41	2	0	1.301	0.0	6.147
SIR2_CAEEL	177924	sir-2.1	7.932	103	2	11	1.301	0.079	5.747
UNC86_CAEEL	176157	unc-86	7.897	49	2	0	1.301	0.0	6.07
DAF7_CAEEL	175237	daf-7	7.783	60	2	1	1.301	0.0	5.982
UBA5_CAEEL	171968	uba-5	7.76	1	1	0	1.0	0.0	7.76
O01493_CAEEL	172260	cdc-7	7.76	1	1	3	1.0	0.0	7.76
P91027_CAEEL	172326	chdp-1	7.76	1	1	0	1.0	0.0	7.76
H2KYU0_CAEEL	173940	acdh-2	7.76	1	1	5	1.0	0.0	7.76
Q19461_CAEEL	174343	acp-2	7.76	1	1	0	1.0	0.0	7.76
Q21455_CAEEL	175458	hmit-1.3	7.76	1	1	0	1.0	0.0	7.76
Q18033_CAEEL	175900	thoc-2	7.76	1	1	1	1.0	0.0	7.76
Q8I0Z1_CAEEL	176674	cccp-1	7.76	1	1	2	1.0	0.0	7.76
H2KZL2_CAEEL	178825	nlp-9	7.76	1	1	2	1.0	0.0	7.76
G5EGH9_CAEEL	180314	fre-1	7.76	1	1	0	1.0	0.0	7.76
Q564X8_CAEEL	181642	olrn-1	7.76	1	1	2	1.0	0.0	7.76
SNET1_CAEEL	182125	snet-1	7.76	1	1	3	1.0	0.0	7.76
Q18602_CAEEL	183433	vps-50	7.76	1	1	0	1.0	0.0	7.76
DIRA_CAEEL	183765	drn-1	7.76	1	1	0	1.0	0.0	7.76
H2L2K0_CAEEL	13183089	tmem-107	7.76	1	1	9	1.0	0.0	7.76
O45815_CAEEL	176793	act-5	7.755	63	2	0	1.301	0.0	5.961
LET60_CAEEL	178104	let-60	7.517	96	2	1	1.301	0.0	5.778
G5EC65_CAEEL	172613	abts-1	7.459	2	1	2	1.0	0.0	7.459
Q93702_CAEEL	172665	flp-22	7.459	2	1	2	1.0	0.0	7.459
Q9U379_CAEEL	172729	rsbp-1	7.459	2	1	1	1.0	0.0	7.459
IRX_CAEEL	172789	irx-1	7.459	2	1	1	1.0	0.0	7.459
DJ11_CAEEL	173416	djr-1.1	7.459	2	1	3	1.0	0.0	7.459
CGT3_CAEEL	174001	cgt-3	7.459	2	1	1	1.0	0.0	7.459
VP33B_CAEEL	174095	vps-33.2	7.459	2	1	0	1.0	0.0	7.459
SLAP2_CAEEL	176224	hipr-1	7.459	2	1	1	1.0	0.0	7.459
ELO5_CAEEL	177320	elo-5	7.459	2	1	3	1.0	0.0	7.459
G5EEC9_CAEEL	177370	kcc-2	7.459	2	1	2	1.0	0.0	7.459
G5EF22_CAEEL	177574	flp-10	7.459	2	1	4	1.0	0.0	7.459
Q9U3C1_CAEEL	177836	npp-1	7.459	2	1	0	1.0	0.0	7.459
EAA3_CAEEL	177882	glt-3	7.459	2	1	0	1.0	0.0	7.459
SNG1_CAEEL	180995	sng-1	7.459	2	1	0	1.0	0.0	7.459
Q23163_CAEEL	181297	lpr-5	7.459	2	1	1	1.0	0.0	7.459
O17807_CAEEL	184473	cyp-13a12	7.459	2	1	2	1.0	0.0	7.459
GCY31_CAEEL	191655	gcy-31	7.459	2	1	0	1.0	0.0	7.459
GPA14_CAEEL	172269	gpa-14	7.283	3	1	1	1.0	0.0	7.283
IMPA1_CAEEL	172477	ttx-7	7.283	3	1	0	1.0	0.0	7.283
CSK2B_CAEEL	172610	kin-10	7.283	3	1	0	1.0	0.0	7.283
EXC4_CAEEL	173314	exc-4	7.283	3	1	4	1.0	0.0	7.283
G5ED46_CAEEL	174006	casy-1	7.283	3	1	2	1.0	0.0	7.283
PTC1_CAEEL	174274	ptc-1	7.283	3	1	3	1.0	0.0	7.283
Q20084_CAEEL	174506	exc-7	7.283	3	1	2	1.0	0.0	7.283
ITPA_CAEEL	175724	hap-1	7.283	3	1	0	1.0	0.0	7.283
EF2K_CAEEL	175871	efk-1	7.283	3	1	1	1.0	0.0	7.283
O44511_CAEEL	177608	sph-1	7.283	3	1	5	1.0	0.0	7.283
Q21656_CAEEL	187533	flp-32	7.283	3	1	1	1.0	0.0	7.283
MBR1_CAEEL	187937	mbr-1	7.283	3	1	1	1.0	0.0	7.283
G5EDT2_CAEEL	3564873	stg-1	7.283	3	1	2	1.0	0.0	7.283
Q5H9N3_CAEEL	174225	nfi-1	7.158	4	1	0	1.0	0.0	7.158
V6CLE7_CAEEL	171639	haf-4	7.061	5	1	0	1.0	0.0	7.061
ARL13_CAEEL	171765	arl-13	7.061	5	1	5	1.0	0.0	7.061
A0A0K3AU50_CAEEL	172914	mgl-2	7.061	5	1	0	1.0	0.0	7.061
THILH_CAEEL	174161	kat-1	7.061	5	1	1	1.0	0.0	7.061
A0A1C3NSI5_CAEEL	175590	cdh-4	7.061	5	1	1	1.0	0.0	7.061
PDFR1_CAEEL	175942	pdfr-1	7.061	5	1	0	1.0	0.0	7.061
SC5A7_CAEEL	178274	cho-1	7.061	5	1	2	1.0	0.0	7.061
O45278_CAEEL	178522	haf-1	7.061	5	1	0	1.0	0.0	7.061
ARRB_CAEEL	180446	arr-1	7.061	5	1	1	1.0	0.0	7.061
Q19955_CAEEL	180801	ags-3	7.061	5	1	0	1.0	0.0	7.061
O45489_CAEEL	185460	hlh-17	7.061	5	1	0	1.0	0.0	7.061
HM02_CAEEL	191615	ceh-2	7.061	5	1	1	1.0	0.0	7.061
SOL1_CAEEL	172493	sol-1	6.982	6	1	1	1.0	0.0	6.982
Q22355_CAEEL	173749	ast-1	6.982	6	1	1	1.0	0.0	6.982
DCLK_CAEEL	176639	zyg-8	6.982	6	1	1	1.0	0.0	6.982
O01883_CAEEL	179315	ucp-4	6.982	6	1	0	1.0	0.0	6.982
GELS1_CAEEL	179328	gsnl-1	6.982	6	1	1	1.0	0.0	6.982
G5ED30_CAEEL	188736	vab-9	6.982	6	1	1	1.0	0.0	6.982
Q9U325_CAEEL	172732	mef-2	6.915	7	1	1	1.0	0.0	6.915
A0A131MCL4_CAEEL	174569	die-1	6.915	7	1	1	1.0	0.0	6.915
G5EDM1_CAEEL	175674	nca-2	6.915	7	1	0	1.0	0.0	6.915
G5EGJ5_CAEEL	175807	ida-1	6.915	7	1	1	1.0	0.0	6.915
G5EEA1_CAEEL	180672	lim-4	6.915	7	1	0	1.0	0.0	6.915
Q9GRV5_CAEEL	190574	trp-4	6.915	7	1	5	1.0	0.0	6.915
O01577_CAEEL	171956	unc-108	6.857	8	1	3	1.0	0.0	6.857
G5EC16_CAEEL	172783	smn-1	6.857	8	1	0	1.0	0.0	6.857
FLP14_CAEEL	176708	flp-14	6.857	8	1	0	1.0	0.0	6.857
ATAT1_CAEEL	177596	mec-17	6.857	8	1	3	1.0	0.0	6.857
FBRL_CAEEL	179999	fib-1	6.857	8	1	0	1.0	0.0	6.857
G4S034_CAEEL	180603	spc-1	6.857	8	1	6	1.0	0.0	6.857
G5EGQ9_CAEEL	173929	nmr-1	6.806	9	1	1	1.0	0.0	6.806
RGS1_CAEEL	176415	rgs-1	6.806	9	1	1	1.0	0.0	6.806
G5EFY8_CAEEL	177936	ins-1	6.806	9	1	8	1.0	0.0	6.806
Q20766_CAEEL	178036	gtl-2	6.806	9	1	0	1.0	0.0	6.806
G5EEC1_CAEEL	180312	lgc-55	6.806	9	1	4	1.0	0.0	6.806
NCS1_CAEEL	180448	ncs-1	6.806	9	1	0	1.0	0.0	6.806
PICAL_CAEEL	171952	unc-11	6.76	10	1	4	1.0	0.0	6.76
H2L2E8_CAEEL	172831	tba-1	6.76	10	1	0	1.0	0.0	6.76
AP1M_CAEEL	173121	unc-101	6.76	10	1	0	1.0	0.0	6.76
G5EDX1_CAEEL	173282	kal-1	6.76	10	1	2	1.0	0.0	6.76
AFF1_CAEEL	174123	aff-1	6.76	10	1	0	1.0	0.0	6.76
V6CLJ6_CAEEL	176816	pdr-1	6.76	10	1	0	1.0	0.0	6.76
G5EDS1_CAEEL	181251	vab-3	6.76	10	1	0	1.0	0.0	6.76
G5EDJ1_CAEEL	181332	slo-2	6.76	10	1	0	1.0	0.0	6.76
KAPC1_CAEEL	3565407	kin-1	6.76	10	1	2	1.0	0.0	6.76
Q86MJ3_CAEEL	177157	hlh-30	6.719	11	1	0	1.0	0.0	6.719
NHR67_CAEEL	178024	nhr-67	6.681	12	1	0	1.0	0.0	6.681
NLGN1_CAEEL	181484	nlg-1	6.681	12	1	1	1.0	0.0	6.681
UNC93_CAEEL	175466	unc-93	6.646	13	1	1	1.0	0.0	6.646
UN103_CAEEL	175527	unc-103	6.646	13	1	1	1.0	0.0	6.646
Q8T666_CAEEL	176074	cup-5	6.646	13	1	0	1.0	0.0	6.646
GPA3_CAEEL	179319	gpa-3	6.646	13	1	1	1.0	0.0	6.646
FLP18_CAEEL	180587	flp-18	6.646	13	1	0	1.0	0.0	6.646
UNC7_CAEEL	181608	unc-7	6.646	13	1	1	1.0	0.0	6.646
CHE1_CAEEL	183847	che-1	6.646	13	1	6	1.0	0.0	6.646
AHR_CAEEL	172788	ahr-1	6.614	14	1	0	1.0	0.0	6.614
MAB21_CAEEL	175607	mab-21	6.614	14	1	1	1.0	0.0	6.614
UNC30_CAEEL	178265	unc-30	6.614	14	1	0	1.0	0.0	6.614
O02592_CAEEL	175230	ptl-1	6.584	15	1	1	1.0	0.0	6.584
FAT3_CAEEL	177820	fat-3	6.584	15	1	0	1.0	0.0	6.584
DMD_CAEEL	173038	dys-1	6.556	16	1	1	1.0	0.0	6.556
GPA17_CAEEL	179806	odr-3	6.556	16	1	4	1.0	0.0	6.556
G5EBL5_CAEEL	176597	crh-1	6.53	17	1	2	1.0	0.0	6.53
I2HAA6_CAEEL	179080	unc-68	6.53	17	1	2	1.0	0.0	6.53
TBB1_CAEEL	181036	mec-7	6.53	17	1	1	1.0	0.0	6.53
UNC37_CAEEL	172394	unc-37	6.505	18	1	4	1.0	0.0	6.505
Q7K797_CAEEL	172920	pab-1	6.505	18	1	4	1.0	0.0	6.505
Q9XX00_CAEEL	176574	sbp-1	6.459	20	1	0	1.0	0.0	6.459
FLP01_CAEEL	177737	flp-1	6.459	20	1	0	1.0	0.0	6.459
GPA16_CAEEL	171675	gpa-16	6.438	21	1	3	1.0	0.0	6.438
Q18853_CAEEL	172582	cyc-1	6.438	21	1	1	1.0	0.0	6.438
Q86G45_CAEEL	180570	unc-2	6.438	21	1	1	1.0	0.0	6.438
UNC17_CAEEL	24105312	unc-17	6.438	21	1	0	1.0	0.0	6.438
CAM1_CAEEL	174473	cam-1	6.418	22	1	2	1.0	0.0	6.418
A0A131MB33_CAEEL	184979	che-7	6.398	23	1	5	1.0	0.0	6.398
CED12_CAEEL	172890	ced-12	6.38	24	1	0	1.0	0.0	6.38
RAB3_CAEEL	173971	rab-3	6.38	24	1	3	1.0	0.0	6.38
VAB1_CAEEL	173794	vab-1	6.345	26	1	3	1.0	0.0	6.345
Q9U245_CAEEL	175089	lin-7	6.345	26	1	5	1.0	0.0	6.345
G5EG02_CAEEL	177513	egl-19	6.345	26	1	1	1.0	0.0	6.345
RPM1_CAEEL	179259	rpm-1	6.329	27	1	2	1.0	0.0	6.329
MIG10_CAEEL	176168	mig-10	6.313	28	1	4	1.0	0.0	6.313
UNC33_CAEEL	177112	unc-33	6.313	28	1	1	1.0	0.0	6.313
EGL9_CAEEL	179461	egl-9	6.313	28	1	3	1.0	0.0	6.313
CALR_CAEEL	178997	crt-1	6.283	30	1	1	1.0	0.0	6.283
DYN1_CAEEL	181644	dyn-1	6.283	30	1	1	1.0	0.0	6.283
DLK1_CAEEL	173128	dlk-1	6.269	31	1	1	1.0	0.0	6.269
G5EBM0_CAEEL	174334	eff-1	6.255	32	1	5	1.0	0.0	6.255
OSM3_CAEEL	177141	osm-3	6.255	32	1	0	1.0	0.0	6.255
G5EEE2_CAEEL	172723	tax-2	6.242	33	1	1	1.0	0.0	6.242
UNC18_CAEEL	181030	unc-18	6.192	37	1	6	1.0	0.0	6.192
G5EDV1_CAEEL	171832	lin-17	6.18	38	1	1	1.0	0.0	6.18
UN104_CAEEL	174144	unc-104	6.18	38	1	2	1.0	0.0	6.18
Q7KPP4_CAEEL	171988	unc-73	6.127	43	1	2	1.0	0.0	6.127
O62387_CAEEL	172663	syx-17	6.117	44	1	0	1.0	0.0	6.117
SEM5_CAEEL	181055	sem-5	6.117	44	1	2	1.0	0.0	6.117
PSN_CAEEL	180441	sel-12	6.088	47	1	0	1.0	0.0	6.088
Q18534_CAEEL	180752	npr-1	6.061	50	1	0	1.0	0.0	6.061
CED1_CAEEL	173064	ced-1	6.028	54	1	0	1.0	0.0	6.028
G5EEL5_CAEEL	179068	dbl-1	6.028	54	1	1	1.0	0.0	6.028
MEC4_CAEEL	181728	mec-4	6.012	56	1	1	1.0	0.0	6.012
PMK1_CAEEL	191743	pmk-1	5.982	60	1	1	1.0	0.0	5.982
LIN35_CAEEL	172249	lin-35	5.968	62	1	0	1.0	0.0	5.968
TRA1_CAEEL	176548	tra-1	5.915	70	1	1	1.0	0.0	5.915
HSP12_CAEEL	178659	hsp-16.2	5.879	76	1	0	1.0	0.0	5.879
C560_CAEEL	260040	mev-1	5.874	77	1	2	1.0	0.0	5.874
G5EF96_CAEEL	172233	unc-40	5.846	82	1	2	1.0	0.0	5.846
G5EFT5_CAEEL	173078	hsf-1	5.782	95	1	3	1.0	0.0	5.782
UNC6_CAEEL	180961	unc-6	5.674	122	1	0	1.0	0.0	5.674
CED4_CAEEL	175643	ced-4	5.558	159	1	5	1.0	0.0	5.558
SKN1_CAEEL	177343	skn-1	5.442	208	1	0	1.0	0.0	5.442
INSR_CAEEL	175410	daf-2	5.14	416	1	5	1.0	0.0	5.14
