Big_T	3918
Big_F	130843
UniProtKB_ID	GeneID	Gene_Name	PPS	Big_P	T+P	Citation	1+Log(T+P)	log10((Cit/yr+1)/10)	1+log10(F/T)+log10(F/P)
FOXO_CAEEL	172981	daf-16	15.992	677	26	81	2.415	0.914	4.804
Q23272_CAEEL	179922	atfs-1	14.311	16	4	41	1.602	0.623	6.431
LIN28_CAEEL	172626	lin-28	14.168	66	7	38	1.845	0.591	5.816
GLD1_CAEEL	172532	gld-1	13.593	84	8	29	1.903	0.477	5.711
NHR49_CAEEL	172839	nhr-49	13.427	32	5	30	1.699	0.491	6.13
LIN35_CAEEL	172249	lin-35	13.177	62	10	17	2.0	0.255	5.843
CEP1_CAEEL	172616	cep-1	12.432	88	9	16	1.954	0.23	5.691
RTEL1_CAEEL	172946	rtel-1	12.334	5	3	19	1.477	0.301	6.936
G5EF96_CAEEL	172233	unc-40	12.243	82	6	22	1.778	0.362	5.721
G5EGG8_CAEEL	177914	rad-51	11.612	51	7	12	1.845	0.114	5.928
PHA4_CAEEL	180357	pha-4	11.476	68	5	18	1.699	0.279	5.803
LIN5_CAEEL	174267	lin-5	11.399	26	4	16	1.602	0.23	6.22
GPA16_CAEEL	171675	gpa-16	11.036	21	4	13	1.602	0.146	6.313
SPD5_CAEEL	172155	spd-5	11.022	12	3	15	1.477	0.204	6.556
LIN12_CAEEL	176282	lin-12	10.93	224	9	12	1.954	0.114	5.285
AIR2_CAEEL	172268	air-2	10.855	25	5	10	1.699	0.041	6.237
ANI2_CAEEL	174055	ani-2	10.573	3	3	7	1.477	0.0	7.158
B2D6K9_CAEEL	174725	saps-1	10.573	3	3	1	1.477	0.0	7.158
INSR_CAEEL	175410	daf-2	10.569	416	8	15	1.903	0.204	5.015
CED4_CAEEL	175643	ced-4	10.565	159	8	10	1.903	0.041	5.433
PK3C3_CAEEL	172280	vps-34	10.533	14	1	41	1.0	0.623	6.489
PINK1_CAEEL	173918	pink-1	10.485	15	2	20	1.301	0.322	6.459
PTEN_CAEEL	176869	daf-18	10.445	43	5	10	1.699	0.041	6.002
BUB1_CAEEL	172468	bub-1	10.326	10	3	11	1.477	0.079	6.635
ASNA_CAEEL	176254	asna-1	10.246	5	3	4	1.477	0.0	6.936
O16720_CAEEL	173468	alg-2	10.148	20	4	6	1.602	0.0	6.334
D3YT99_CAEEL	178418	fcd-2	10.129	6	2	14	1.301	0.176	6.857
SEP1_CAEEL	171912	sep-1	10.021	24	4	2	1.602	0.0	6.255
HIF1_CAEEL	180359	hif-1	9.985	79	5	10	1.699	0.041	5.738
Q95ZL9_CAEEL	172158	bro-1	9.869	9	3	3	1.477	0.0	6.681
B6VQ60_CAEEL	175499	brc-1	9.74	11	3	1	1.477	0.0	6.594
LET60_CAEEL	178104	let-60	9.7	96	4	12	1.602	0.114	5.653
ATR_CAEEL	179352	atl-1	9.633	13	3	9	1.477	0.0	6.521
G5EFQ5_CAEEL	172243	rnt-1	9.585	14	3	1	1.477	0.0	6.489
G5ECB9_CAEEL	174836	mex-1	9.585	14	3	3	1.477	0.0	6.489
Q9XUS9_CAEEL	176815	cyk-4	9.585	14	3	9	1.477	0.0	6.489
H2L0D9_CAEEL	171927	mis-12	9.542	2	2	5	1.301	0.0	7.334
Q9U1W1_CAEEL	173277	tfg-1	9.542	2	2	7	1.301	0.0	7.334
O62217_CAEEL	173370	dog-1	9.542	2	2	8	1.301	0.0	7.334
SMA10_CAEEL	176849	sma-10	9.542	2	2	1	1.301	0.0	7.334
ZYG9_CAEEL	174350	zyg-9	9.461	17	3	6	1.477	0.0	6.405
MUT7_CAEEL	176347	mut-7	9.437	13	2	13	1.301	0.146	6.521
Q9TXQ9_CAEEL	172065	eaf-1	9.313	3	2	1	1.301	0.0	7.158
K0M7B5_CAEEL	174134	flcn-1	9.313	3	2	0	1.301	0.0	7.158
LIN54_CAEEL	178280	lin-54	9.313	3	2	3	1.301	0.0	7.158
STAT1_CAEEL	178465	sta-1	9.313	3	2	1	1.301	0.0	7.158
H2KYG1_CAEEL	179118	hyls-1	9.313	3	2	5	1.301	0.0	7.158
V6CKQ3_CAEEL	171607	mex-3	9.295	22	3	6	1.477	0.0	6.293
CKI1_CAEEL	174260	cki-1	9.267	23	3	6	1.477	0.0	6.273
SPD2_CAEEL	172712	spd-2	9.213	25	3	9	1.477	0.0	6.237
PAR6_CAEEL	173137	par-6	9.201	78	4	8	1.602	0.0	5.743
ZYG1_CAEEL	173956	zyg-1	9.188	26	3	9	1.477	0.0	6.22
POP1_CAEEL	171849	pop-1	9.183	80	4	7	1.602	0.0	5.732
CDC14_CAEEL	173945	cdc-14	9.15	4	2	2	1.301	0.0	7.033
CATIN_CAEEL	175066	cacn-1	9.15	4	2	0	1.301	0.0	7.033
DYL1_CAEEL	175922	dlc-1	9.15	4	2	0	1.301	0.0	7.033
CDK1_CAEEL	176374	cdk-1	9.096	30	3	3	1.477	0.0	6.158
G5EE37_CAEEL	171788	icp-1	9.024	5	2	6	1.301	0.0	6.936
P91153_CAEEL	172027	mus-81	9.024	5	2	9	1.301	0.0	6.936
Q9U2S4_CAEEL	191608	arf-6	9.024	5	2	4	1.301	0.0	6.936
UNC6_CAEEL	180961	unc-6	9.007	122	3	13	1.477	0.146	5.549
Q19672_CAEEL	172473	rde-2	8.921	6	2	6	1.301	0.0	6.857
TLK1_CAEEL	176369	tlk-1	8.921	6	2	1	1.301	0.0	6.857
CED3_CAEEL	178272	ced-3	8.886	254	5	2	1.699	0.0	5.23
Q93576_CAEEL	172939	ndk-1	8.834	7	2	0	1.301	0.0	6.79
VAV_CAEEL	181153	vav-1	8.834	7	2	2	1.301	0.0	6.79
Q9N588_CAEEL	172149	tyms-1	8.759	8	2	1	1.301	0.0	6.732
O02053_CAEEL	172342	san-1	8.759	8	2	2	1.301	0.0	6.732
SOP2_CAEEL	174874	sop-2	8.759	8	2	3	1.301	0.0	6.732
CADH3_CAEEL	176085	cdh-3	8.759	8	2	4	1.301	0.0	6.732
TRA2_CAEEL	174137	tra-2	8.707	55	3	1	1.477	0.0	5.895
BLMP1_CAEEL	172917	blmp-1	8.692	9	2	3	1.301	0.0	6.681
NDC80_CAEEL	177873	ndc-80	8.692	9	2	3	1.301	0.0	6.681
GLP1_CAEEL	176286	glp-1	8.675	166	4	7	1.602	0.0	5.415
G5EEQ5_CAEEL	174585	ref-1	8.633	10	2	3	1.301	0.0	6.635
GBB1_CAEEL	174803	gpb-1	8.633	10	2	2	1.301	0.0	6.635
TACC1_CAEEL	175133	tac-1	8.633	10	2	4	1.301	0.0	6.635
SAS4_CAEEL	176172	sas-4	8.633	16	2	10	1.301	0.041	6.431
G5EDL3_CAEEL	179202	air-1	8.579	11	2	2	1.301	0.0	6.594
Q86S68_CAEEL	171896	cdt-1	8.53	12	2	5	1.301	0.0	6.556
CUL4_CAEEL	174198	cul-4	8.53	12	2	5	1.301	0.0	6.556
SKN1_CAEEL	177343	skn-1	8.518	208	4	7	1.602	0.0	5.317
LSD1_CAEEL	173214	spr-5	8.484	13	2	8	1.301	0.0	6.521
APX1_CAEEL	178759	apx-1	8.484	13	2	2	1.301	0.0	6.521
LET23_CAEEL	174462	let-23	8.475	79	3	0	1.477	0.0	5.738
P90786_CAEEL	172515	prg-1	8.404	15	2	4	1.301	0.0	6.459
Q09487_CAEEL	174197	puf-8	8.404	15	2	3	1.301	0.0	6.459
BLM_CAEEL	178201	him-6	8.404	15	2	1	1.301	0.0	6.459
MPIP1_CAEEL	172353	cdc-25.1	8.367	16	2	1	1.301	0.0	6.431
PLK1_CAEEL	176143	plk-1	8.333	17	2	2	1.301	0.0	6.405
EGL1_CAEEL	179943	egl-1	8.324	100	3	5	1.477	0.0	5.635
Q7K797_CAEEL	172920	pab-1	8.301	18	2	4	1.301	0.0	6.38
G5EEG9_CAEEL	172458	hlh-2	8.213	21	2	1	1.301	0.0	6.313
KTNA1_CAEEL	172612	mei-1	8.211	33	2	10	1.301	0.041	6.117
G5EFI9_CAEEL	171939	hus-1	8.162	23	2	1	1.301	0.0	6.273
CYB_CAEEL	2565702	ctb-1	8.138	24	2	0	1.301	0.0	6.255
VAB1_CAEEL	173794	vab-1	8.093	26	2	3	1.301	0.0	6.22
Q19019_CAEEL	180419	sli-1	8.093	26	2	0	1.301	0.0	6.22
MIG10_CAEEL	176168	mig-10	8.051	28	2	3	1.301	0.0	6.188
Q27526_CAEEL	188583	bgal-1	8.031	29	2	1	1.301	0.0	6.173
G5EDL0_CAEEL	177016	lin-1	7.993	31	2	3	1.301	0.0	6.144
KRAF1_CAEEL	177436	lin-45	7.893	37	2	2	1.301	0.0	6.067
PIE1_CAEEL	176667	pie-1	7.864	39	2	5	1.301	0.0	6.044
AKT1_CAEEL	179424	akt-1	7.795	44	2	9	1.301	0.0	5.992
P91857_CAEEL	172755	rab-5	7.783	45	2	1	1.301	0.0	5.982
Q7K7J6_CAEEL	174841	mcm-2	7.725	3	1	11	1.0	0.079	7.158
G5EBF5_CAEEL	176438	rde-4	7.654	26	1	16	1.0	0.23	6.22
LIN39_CAEEL	176068	lin-39	7.649	57	2	2	1.301	0.0	5.879
MPK1_CAEEL	175545	mpk-1	7.639	58	2	1	1.301	0.0	5.872
Q9N4G8_CAEEL	171835	yop-1	7.635	1	1	7	1.0	0.0	7.635
O02101_CAEEL	172018	swsn-2.2	7.635	1	1	0	1.0	0.0	7.635
Q9N4M0_CAEEL	172035	pdp-1	7.635	1	1	4	1.0	0.0	7.635
CMT1_CAEEL	172046	cmt-1	7.635	1	1	3	1.0	0.0	7.635
SMC1_CAEEL	172116	him-1	7.635	1	1	0	1.0	0.0	7.635
O01493_CAEEL	172260	cdc-7	7.635	1	1	3	1.0	0.0	7.635
SURO1_CAEEL	172557	suro-1	7.635	1	1	1	1.0	0.0	7.635
G5EFS1_CAEEL	172817	ikb-1	7.635	1	1	0	1.0	0.0	7.635
A0A0K3AWU9_CAEEL	173424	cpn-2	7.635	1	1	0	1.0	0.0	7.635
SNF3_CAEEL	173493	snf-3	7.635	1	1	2	1.0	0.0	7.635
Q9N5L9_CAEEL	173769	athp-2	7.635	1	1	3	1.0	0.0	7.635
H2KYU0_CAEEL	173940	acdh-2	7.635	1	1	5	1.0	0.0	7.635
G5ECZ9_CAEEL	174039	bpl-1	7.635	1	1	2	1.0	0.0	7.635
ASM1_CAEEL	174131	asm-1	7.635	1	1	0	1.0	0.0	7.635
CTNS_CAEEL	174308	ctns-1	7.635	1	1	4	1.0	0.0	7.635
Q9U213_CAEEL	174862	rsr-2	7.635	1	1	1	1.0	0.0	7.635
KDM4_CAEEL	175080	jmjd-2	7.635	1	1	6	1.0	0.0	7.635
DSS1_CAEEL	175284	dss-1	7.635	1	1	0	1.0	0.0	7.635
BCL7_CAEEL	175838	bcl-7	7.635	1	1	1	1.0	0.0	7.635
RS14_CAEEL	176006	rps-14	7.635	1	1	1	1.0	0.0	7.635
UTPP_CAEEL	176077	upp-1	7.635	1	1	0	1.0	0.0	7.635
RNZ_CAEEL	177241	hoe-1	7.635	1	1	1	1.0	0.0	7.635
RUVB2_CAEEL	177458	ruvb-2	7.635	1	1	1	1.0	0.0	7.635
Q23248_CAEEL	177967	grl-21	7.635	1	1	0	1.0	0.0	7.635
HMCS_CAEEL	178956	hmgs-1	7.635	1	1	2	1.0	0.0	7.635
Q93703_CAEEL	181574	tatn-1	7.635	1	1	2	1.0	0.0	7.635
Q17687_CAEEL	182286	mvb-12	7.635	1	1	2	1.0	0.0	7.635
EAK6_CAEEL	184324	eak-6	7.635	1	1	2	1.0	0.0	7.635
O45824_CAEEL	188900	clec-38	7.635	1	1	0	1.0	0.0	7.635
Q9BHL0_CAEEL	190956	sas-1	7.635	1	1	0	1.0	0.0	7.635
FABP7_CAEEL	191701	lbp-7	7.635	1	1	1	1.0	0.0	7.635
TSP21_CAEEL	259720	tsp-21	7.635	1	1	1	1.0	0.0	7.635
B0M0M9_CAEEL	6418592	maf-1	7.635	1	1	0	1.0	0.0	7.635
O45815_CAEEL	176793	act-5	7.592	63	2	5	1.301	0.0	5.836
PAR1_CAEEL	179912	par-1	7.558	67	2	2	1.301	0.0	5.809
CDC42_CAEEL	174233	cdc-42	7.55	68	2	0	1.301	0.0	5.803
HSP12_CAEEL	178659	hsp-16.2	7.487	76	2	0	1.301	0.0	5.754
PAR3_CAEEL	175783	par-3	7.366	94	2	5	1.301	0.0	5.662
G5EBL5_CAEEL	176597	crh-1	7.341	17	1	13	1.0	0.146	6.405
G5EDA3_CAEEL	171964	hcp-4	7.334	2	1	2	1.0	0.0	7.334
P91305_CAEEL	172218	xrep-4	7.334	2	1	0	1.0	0.0	7.334
KNL2_CAEEL	172350	knl-2	7.334	2	1	6	1.0	0.0	7.334
CPG3_CAEEL	172465	cpg-3	7.334	2	1	0	1.0	0.0	7.334
Q20129_CAEEL	172929	mus-101	7.334	2	1	1	1.0	0.0	7.334
Q21361_CAEEL	174399	atf-2	7.334	2	1	2	1.0	0.0	7.334
NOC2L_CAEEL	174598	pro-2	7.334	2	1	2	1.0	0.0	7.334
CAPZB_CAEEL	174673	cap-2	7.334	2	1	0	1.0	0.0	7.334
Q17886_CAEEL	174697	nasp-1	7.334	2	1	1	1.0	0.0	7.334
Q22743_CAEEL	174726	raga-1	7.334	2	1	5	1.0	0.0	7.334
Q23451_CAEEL	174785	rad-23	7.334	2	1	0	1.0	0.0	7.334
NEPL1_CAEEL	174787	nep-1	7.334	2	1	0	1.0	0.0	7.334
MAC1_CAEEL	174974	mac-1	7.334	2	1	0	1.0	0.0	7.334
Q9TZ70_CAEEL	175184	mxl-2	7.334	2	1	1	1.0	0.0	7.334
H2KY86_CAEEL	175210	helq-1	7.334	2	1	3	1.0	0.0	7.334
K8ESD7_CAEEL	175980	prk-1	7.334	2	1	0	1.0	0.0	7.334
CCNA1_CAEEL	176287	cya-1	7.334	2	1	1	1.0	0.0	7.334
RIOK3_CAEEL	176387	riok-3	7.334	2	1	0	1.0	0.0	7.334
ELO5_CAEEL	177320	elo-5	7.334	2	1	3	1.0	0.0	7.334
A0A0K3ARM8_CAEEL	177401	sfrp-1	7.334	2	1	0	1.0	0.0	7.334
IMA3_CAEEL	177533	ima-3	7.334	2	1	1	1.0	0.0	7.334
NHR31_CAEEL	177601	nhr-31	7.334	2	1	1	1.0	0.0	7.334
Q20448_CAEEL	179375	ztf-7	7.334	2	1	2	1.0	0.0	7.334
G5EEH5_CAEEL	179557	mxl-1	7.334	2	1	0	1.0	0.0	7.334
ETS4_CAEEL	180927	ets-4	7.334	2	1	1	1.0	0.0	7.334
VPS52_CAEEL	181018	vps-52	7.334	2	1	0	1.0	0.0	7.334
ADT1_CAEEL	181412	adt-1	7.334	2	1	0	1.0	0.0	7.334
PRDE1_CAEEL	184750	prde-1	7.334	2	1	3	1.0	0.0	7.334
MET16_CAEEL	191526	mett-10	7.334	2	1	1	1.0	0.0	7.334
O16880_CAEEL	191607	acy-2	7.334	2	1	0	1.0	0.0	7.334
PMY11_CAEEL	192085	wee-1.1	7.334	2	1	0	1.0	0.0	7.334
A0A061ACX4_CAEEL	266829	cas-2	7.334	2	1	0	1.0	0.0	7.334
E2AKB_CAEEL	174953	gcn-2	7.265	8	1	11	1.0	0.079	6.732
O01768_CAEEL	171981	lrp-2	7.158	3	1	1	1.0	0.0	7.158
SEM2_CAEEL	172162	sem-2	7.158	3	1	0	1.0	0.0	7.158
G5EBE3_CAEEL	172225	cir-1	7.158	3	1	2	1.0	0.0	7.158
Q9XXU5_CAEEL	173146	amx-2	7.158	3	1	1	1.0	0.0	7.158
GPA11_CAEEL	173759	gpa-11	7.158	3	1	5	1.0	0.0	7.158
SPDL1_CAEEL	174256	spdl-1	7.158	3	1	6	1.0	0.0	7.158
Q21436_CAEEL	174823	npp-3	7.158	3	1	1	1.0	0.0	7.158
PRK2_CAEEL	175437	prk-2	7.158	3	1	1	1.0	0.0	7.158
PQE1_CAEEL	175731	pqe-1	7.158	3	1	2	1.0	0.0	7.158
EF2K_CAEEL	175871	efk-1	7.158	3	1	1	1.0	0.0	7.158
Q21484_CAEEL	176458	hat-1	7.158	3	1	0	1.0	0.0	7.158
CYFIP_CAEEL	176885	gex-2	7.158	3	1	3	1.0	0.0	7.158
G5EEF6_CAEEL	177701	alp-1	7.158	3	1	1	1.0	0.0	7.158
G5ED20_CAEEL	178887	tam-1	7.158	3	1	1	1.0	0.0	7.158
GCK1_CAEEL	179274	gck-1	7.158	3	1	0	1.0	0.0	7.158
CREC_CAEEL	179433	che-12	7.158	3	1	2	1.0	0.0	7.158
DCPS_CAEEL	180315	dcs-1	7.158	3	1	4	1.0	0.0	7.158
Q9TZL9_CAEEL	180582	fard-1	7.158	3	1	0	1.0	0.0	7.158
Q9XVL8_CAEEL	186547	ccz-1	7.158	3	1	1	1.0	0.0	7.158
Q95Y84_CAEEL	266830	hcp-6	7.158	3	1	2	1.0	0.0	7.158
AGE1_CAEEL	174762	age-1	7.154	137	2	4	1.301	0.0	5.499
CED9_CAEEL	3565776	ced-9	7.133	142	2	4	1.301	0.0	5.483
Q7KPV0_CAEEL	171687	gsa-1	7.033	4	1	1	1.0	0.0	7.033
Q95Q60_CAEEL	171974	fkb-5	7.033	4	1	0	1.0	0.0	7.033
Q19491_CAEEL	172621	rsd-6	7.033	4	1	0	1.0	0.0	7.033
Q95QP3_CAEEL	172688	trt-1	7.033	4	1	0	1.0	0.0	7.033
U4PRH5_CAEEL	172950	pash-1	7.033	4	1	2	1.0	0.0	7.033
RGS3_CAEEL	174020	rgs-3	7.033	4	1	2	1.0	0.0	7.033
Q5H9N3_CAEEL	174225	nfi-1	7.033	4	1	1	1.0	0.0	7.033
TADBP_CAEEL	174436	tdp-1	7.033	4	1	1	1.0	0.0	7.033
SLBP_CAEEL	174659	cdl-1	7.033	4	1	2	1.0	0.0	7.033
CNT1_CAEEL	174848	cnt-1	7.033	4	1	1	1.0	0.0	7.033
NU301_CAEEL	175098	nurf-1	7.033	4	1	2	1.0	0.0	7.033
O45595_CAEEL	175110	pot-2	7.033	4	1	4	1.0	0.0	7.033
SHOC2_CAEEL	177286	soc-2	7.033	4	1	0	1.0	0.0	7.033
Q9XVR7_CAEEL	180010	mcm-3	7.033	4	1	5	1.0	0.0	7.033
Q95QP2_CAEEL	181165	flp-20	7.033	4	1	1	1.0	0.0	7.033
RGS2_CAEEL	181414	rgs-2	7.033	4	1	2	1.0	0.0	7.033
SIR24_CAEEL	182284	sir-2.4	7.033	4	1	0	1.0	0.0	7.033
Q22622_CAEEL	191740	osm-10	7.033	4	1	3	1.0	0.0	7.033
DCR1_CAEEL	176138	dcr-1	6.968	24	1	12	1.0	0.114	6.255
G5EFC1_CAEEL	171935	rab-8	6.936	5	1	0	1.0	0.0	6.936
TOR_CAEEL	172167	let-363	6.936	5	1	6	1.0	0.0	6.936
O01759_CAEEL	172184	ppk-1	6.936	5	1	1	1.0	0.0	6.936
KS6A1_CAEEL	172647	rskn-1	6.936	5	1	1	1.0	0.0	6.936
CDK8_CAEEL	172677	cdk-8	6.936	5	1	1	1.0	0.0	6.936
SEPA1_CAEEL	173196	sepa-1	6.936	5	1	0	1.0	0.0	6.936
Q9NEZ5_CAEEL	173301	unc-95	6.936	5	1	1	1.0	0.0	6.936
G5EDN8_CAEEL	173599	vab-19	6.936	5	1	4	1.0	0.0	6.936
VRK1_CAEEL	174004	vrk-1	6.936	5	1	0	1.0	0.0	6.936
Q9U3F2_CAEEL	174809	dna-2	6.936	5	1	0	1.0	0.0	6.936
G5ECT7_CAEEL	175113	spat-1	6.936	5	1	2	1.0	0.0	6.936
Q19818_CAEEL	175654	nhl-2	6.936	5	1	0	1.0	0.0	6.936
Q22418_CAEEL	175885	gen-1	6.936	5	1	4	1.0	0.0	6.936
CLAS2_CAEEL	176280	cls-2	6.936	5	1	2	1.0	0.0	6.936
GPDH2_CAEEL	176399	gpdh-2	6.936	5	1	0	1.0	0.0	6.936
ANI1_CAEEL	176672	ani-1	6.936	5	1	2	1.0	0.0	6.936
U4PBX5_CAEEL	177084	eel-1	6.936	5	1	1	1.0	0.0	6.936
SOS_CAEEL	178846	sos-1	6.936	5	1	0	1.0	0.0	6.936
Q22360_CAEEL	179800	him-17	6.936	5	1	1	1.0	0.0	6.936
ARRB_CAEEL	180446	arr-1	6.936	5	1	1	1.0	0.0	6.936
G5EG65_CAEEL	180553	hid-1	6.936	5	1	1	1.0	0.0	6.936
O45346_CAEEL	181772	osm-11	6.936	5	1	2	1.0	0.0	6.936
ATM_CAEEL	3565793	atm-1	6.936	5	1	0	1.0	0.0	6.936
O45246_CAEEL	172757	hsp-70	6.88	61	1	14	1.0	0.176	5.85
LIN61_CAEEL	172467	lin-61	6.857	6	1	0	1.0	0.0	6.857
EVA1_CAEEL	173355	eva-1	6.857	6	1	2	1.0	0.0	6.857
ATAD3_CAEEL	174590	atad-3	6.857	6	1	0	1.0	0.0	6.857
RNF5_CAEEL	175532	rnf-5	6.857	6	1	2	1.0	0.0	6.857
BRC2_CAEEL	175962	brc-2	6.857	6	1	2	1.0	0.0	6.857
STRD1_CAEEL	176526	strd-1	6.857	6	1	1	1.0	0.0	6.857
DCLK_CAEEL	176639	zyg-8	6.857	6	1	1	1.0	0.0	6.857
G5EDI8_CAEEL	177425	drh-1	6.857	6	1	5	1.0	0.0	6.857
G5EF06_CAEEL	179782	lin-46	6.857	6	1	1	1.0	0.0	6.857
Q9XUW8_CAEEL	179898	aip-1	6.857	6	1	1	1.0	0.0	6.857
G5EG44_CAEEL	180942	mdl-1	6.857	6	1	2	1.0	0.0	6.857
PTRN1_CAEEL	181743	ptrn-1	6.857	6	1	4	1.0	0.0	6.857
NXF1_CAEEL	191736	nxf-1	6.857	6	1	2	1.0	0.0	6.857
G5EDE7_CAEEL	171786	tpxl-1	6.79	7	1	1	1.0	0.0	6.79
NICA_CAEEL	172905	aph-2	6.79	7	1	1	1.0	0.0	6.79
Q19988_CAEEL	173869	lrr-1	6.79	7	1	0	1.0	0.0	6.79
SMC5_CAEEL	173874	smc-5	6.79	7	1	2	1.0	0.0	6.79
PCH2_CAEEL	174313	pch-2	6.79	7	1	7	1.0	0.0	6.79
CLH_CAEEL	176434	chc-1	6.79	7	1	0	1.0	0.0	6.79
H332_CAEEL	176660	his-72	6.79	7	1	3	1.0	0.0	6.79
GBLP_CAEEL	177895	rack-1	6.79	7	1	3	1.0	0.0	6.79
H1UBK2_CAEEL	178468	map-2	6.79	7	1	0	1.0	0.0	6.79
Q8MQ16_CAEEL	180409	mrp-1	6.79	7	1	2	1.0	0.0	6.79
Q9GRV5_CAEEL	190574	trp-4	6.79	7	1	5	1.0	0.0	6.79
SEM2A_CAEEL	171727	mab-20	6.732	8	1	2	1.0	0.0	6.732
H2KY58_CAEEL	172076	ain-2	6.732	8	1	1	1.0	0.0	6.732
P90849_CAEEL	172832	cco-1	6.732	8	1	9	1.0	0.0	6.732
Q9XTS4_CAEEL	173272	gpdh-1	6.732	8	1	0	1.0	0.0	6.732
G5EBQ8_CAEEL	173405	chs-2	6.732	8	1	2	1.0	0.0	6.732
LEM2_CAEEL	175058	lem-2	6.732	8	1	7	1.0	0.0	6.732
H2AV_CAEEL	177212	htz-1	6.732	8	1	2	1.0	0.0	6.732
PGP3_CAEEL	181326	pgp-3	6.732	8	1	1	1.0	0.0	6.732
DYHC_CAEEL	172041	dhc-1	6.681	9	1	2	1.0	0.0	6.681
LIN53_CAEEL	172802	lin-53	6.681	9	1	1	1.0	0.0	6.681
FZO1_CAEEL	173990	fzo-1	6.681	9	1	3	1.0	0.0	6.681
RFA1_CAEEL	174238	rpa-1	6.681	9	1	4	1.0	0.0	6.681
LON1_CAEEL	175753	lon-1	6.681	9	1	0	1.0	0.0	6.681
MMPA_CAEEL	175839	zmp-1	6.681	9	1	5	1.0	0.0	6.681
G5EDH0_CAEEL	191275	kri-1	6.681	9	1	1	1.0	0.0	6.681
G5EDF9_CAEEL	172262	pgp-2	6.635	10	1	0	1.0	0.0	6.635
WRN_CAEEL	174081	wrn-1	6.635	10	1	1	1.0	0.0	6.635
AFF1_CAEEL	174123	aff-1	6.635	10	1	2	1.0	0.0	6.635
Q9NGT3_CAEEL	177046	mdf-2	6.635	10	1	3	1.0	0.0	6.635
PGP1_CAEEL	178215	pgp-1	6.635	10	1	1	1.0	0.0	6.635
UNC62_CAEEL	178845	unc-62	6.635	10	1	1	1.0	0.0	6.635
ELT7_CAEEL	178868	elt-7	6.635	10	1	1	1.0	0.0	6.635
RYK_CAEEL	180679	lin-18	6.635	10	1	3	1.0	0.0	6.635
Q9BLB5_CAEEL	171993	cyb-2.2	6.594	11	1	1	1.0	0.0	6.594
G5EES2_CAEEL	172174	erm-1	6.594	11	1	2	1.0	0.0	6.594
DCA11_CAEEL	172518	wdr-23	6.594	11	1	3	1.0	0.0	6.594
Q9XW17_CAEEL	173158	car-1	6.594	11	1	7	1.0	0.0	6.594
ZYG11_CAEEL	174284	zyg-11	6.594	11	1	3	1.0	0.0	6.594
Q22024_CAEEL	174552	egl-43	6.594	11	1	1	1.0	0.0	6.594
SET2_CAEEL	175662	set-2	6.594	11	1	0	1.0	0.0	6.594
TBX2_CAEEL	175698	tbx-2	6.594	11	1	2	1.0	0.0	6.594
NCL1_CAEEL	176084	ncl-1	6.594	11	1	1	1.0	0.0	6.594
KNL1_CAEEL	176164	knl-1	6.594	11	1	6	1.0	0.0	6.594
Q86MJ3_CAEEL	177157	hlh-30	6.594	11	1	0	1.0	0.0	6.594
O76447_CAEEL	179049	hcp-1	6.594	11	1	1	1.0	0.0	6.594
HDA1_CAEEL	179959	hda-1	6.594	11	1	2	1.0	0.0	6.594
ABL1_CAEEL	181261	abl-1	6.594	11	1	1	1.0	0.0	6.594
G5ECN8_CAEEL	185718	ces-1	6.594	11	1	1	1.0	0.0	6.594
V6CIV8_CAEEL	191704	lip-1	6.594	11	1	4	1.0	0.0	6.594
APR1_CAEEL	172591	apr-1	6.556	12	1	1	1.0	0.0	6.556
DYHC2_CAEEL	172593	che-3	6.556	12	1	3	1.0	0.0	6.556
EGL27_CAEEL	174121	egl-27	6.556	12	1	0	1.0	0.0	6.556
TFDP1_CAEEL	174458	dpl-1	6.556	12	1	2	1.0	0.0	6.556
NHR67_CAEEL	178024	nhr-67	6.556	12	1	1	1.0	0.0	6.556
G5EE09_CAEEL	178184	ccr-4	6.556	12	1	0	1.0	0.0	6.556
Q18530_CAEEL	180750	lon-2	6.556	12	1	3	1.0	0.0	6.556
G5ECM1_CAEEL	172523	rrf-1	6.521	13	1	4	1.0	0.0	6.521
MOM4_CAEEL	172842	mom-4	6.521	13	1	0	1.0	0.0	6.521
LPLT1_CAEEL	174419	lat-1	6.521	13	1	3	1.0	0.0	6.521
MEX6_CAEEL	174504	mex-6	6.521	13	1	0	1.0	0.0	6.521
GPA3_CAEEL	179319	gpa-3	6.521	13	1	2	1.0	0.0	6.521
CCNB3_CAEEL	180040	cyb-3	6.521	13	1	1	1.0	0.0	6.521
SMG1_CAEEL	172418	smg-1	6.489	14	1	2	1.0	0.0	6.489
MOM5_CAEEL	172856	mom-5	6.489	14	1	1	1.0	0.0	6.489
G5EDX7_CAEEL	172863	fog-3	6.489	14	1	1	1.0	0.0	6.489
KS6B_CAEEL	176554	rsks-1	6.489	14	1	5	1.0	0.0	6.489
UNC30_CAEEL	178265	unc-30	6.489	14	1	0	1.0	0.0	6.489
SMA6_CAEEL	174044	sma-6	6.459	15	1	0	1.0	0.0	6.459
GPA2_CAEEL	179219	gpa-2	6.459	15	1	0	1.0	0.0	6.459
SEL10_CAEEL	179878	sel-10	6.459	15	1	2	1.0	0.0	6.459
DMD_CAEEL	173038	dys-1	6.431	16	1	0	1.0	0.0	6.431
CES2_CAEEL	173365	ces-2	6.431	16	1	2	1.0	0.0	6.431
ELT1_CAEEL	177794	elt-1	6.431	16	1	1	1.0	0.0	6.431
ROCK_CAEEL	172088	let-502	6.405	17	1	1	1.0	0.0	6.405
SAS5_CAEEL	179592	sas-5	6.405	17	1	4	1.0	0.0	6.405
HMR1_CAEEL	173007	hmr-1	6.38	18	1	4	1.0	0.0	6.38
FAT6_CAEEL	178122	fat-6	6.38	18	1	1	1.0	0.0	6.38
CGH1_CAEEL	176061	cgh-1	6.356	19	1	3	1.0	0.0	6.356
G5EDZ9_CAEEL	177372	cpi-1	6.356	19	1	1	1.0	0.0	6.356
REC8_CAEEL	178295	rec-8	6.356	19	1	4	1.0	0.0	6.356
HBL1_CAEEL	180848	hbl-1	6.356	19	1	2	1.0	0.0	6.356
NHR25_CAEEL	181432	nhr-25	6.356	19	1	1	1.0	0.0	6.356
UNC3_CAEEL	181573	unc-3	6.356	19	1	2	1.0	0.0	6.356
UNC53_CAEEL	174693	unc-53	6.334	20	1	2	1.0	0.0	6.334
14331_CAEEL	178113	par-5	6.334	20	1	0	1.0	0.0	6.334
SAS6_CAEEL	178345	sas-6	6.334	20	1	2	1.0	0.0	6.334
UNC89_CAEEL	171990	unc-89	6.313	21	1	1	1.0	0.0	6.313
STX1A_CAEEL	176743	unc-64	6.313	21	1	2	1.0	0.0	6.313
MEK1_CAEEL	181004	mek-1	6.313	21	1	0	1.0	0.0	6.313
CAM1_CAEEL	174473	cam-1	6.293	22	1	3	1.0	0.0	6.293
PP2B_CAEEL	177943	tax-6	6.293	22	1	0	1.0	0.0	6.293
G5EDE2_CAEEL	176506	hpl-2	6.255	24	1	2	1.0	0.0	6.255
G5EDN4_CAEEL	179893	end-1	6.255	24	1	0	1.0	0.0	6.255
Q27GU1_CAEEL	177591	csr-1	6.237	25	1	2	1.0	0.0	6.237
MES2_CAEEL	175096	mes-2	6.22	26	1	3	1.0	0.0	6.22
SPO11_CAEEL	191771	spo-11	6.22	26	1	1	1.0	0.0	6.22
BECN_CAEEL	177345	bec-1	6.204	27	1	5	1.0	0.0	6.204
LIN44_CAEEL	171994	lin-44	6.188	28	1	4	1.0	0.0	6.188
G5EGB2_CAEEL	174830	lin-29	6.188	28	1	0	1.0	0.0	6.188
SGK1_CAEEL	181697	sgk-1	6.188	28	1	7	1.0	0.0	6.188
FAT1_CAEEL	178291	fat-1	6.173	29	1	0	1.0	0.0	6.173
WRM1_CAEEL	175802	wrm-1	6.158	30	1	2	1.0	0.0	6.158
G5EEH0_CAEEL	179393	rde-1	6.158	30	1	1	1.0	0.0	6.158
PAR4_CAEEL	180185	par-4	6.158	30	1	3	1.0	0.0	6.158
DLK1_CAEEL	173128	dlk-1	6.144	31	1	3	1.0	0.0	6.144
DAF4_CAEEL	175781	daf-4	6.144	31	1	0	1.0	0.0	6.144
G5EBM0_CAEEL	174334	eff-1	6.13	32	1	1	1.0	0.0	6.13
G5EEE2_CAEEL	172723	tax-2	6.117	33	1	2	1.0	0.0	6.117
IRE1_CAEEL	174305	ire-1	6.117	33	1	0	1.0	0.0	6.117
LGG1_CAEEL	174050	lgg-1	6.104	34	1	4	1.0	0.0	6.104
SID1_CAEEL	178900	sid-1	6.091	35	1	0	1.0	0.0	6.091
G5EES3_CAEEL	181504	alg-1	6.091	35	1	1	1.0	0.0	6.091
GST4_CAEEL	177886	gst-4	6.067	37	1	1	1.0	0.0	6.067
CSP2_CAEEL	177391	csp-2	6.055	38	1	0	1.0	0.0	6.055
SODC_CAEEL	174141	sod-1	6.022	41	1	0	1.0	0.0	6.022
Q7KPP4_CAEEL	171988	unc-73	6.002	43	1	2	1.0	0.0	6.002
SEM5_CAEEL	181055	sem-5	5.992	44	1	1	1.0	0.0	5.992
GNAO_CAEEL	172505	goa-1	5.963	47	1	4	1.0	0.0	5.963
PSN_CAEEL	180441	sel-12	5.963	47	1	1	1.0	0.0	5.963
LIN3_CAEEL	178001	lin-3	5.928	51	1	0	1.0	0.0	5.928
CED1_CAEEL	173064	ced-1	5.903	54	1	3	1.0	0.0	5.903
G5EEL5_CAEEL	179068	dbl-1	5.903	54	1	2	1.0	0.0	5.903
DAF7_CAEEL	175237	daf-7	5.857	60	1	1	1.0	0.0	5.857
TRA1_CAEEL	176548	tra-1	5.79	70	1	0	1.0	0.0	5.79
G5EFT5_CAEEL	173078	hsf-1	5.657	95	1	0	1.0	0.0	5.657
SIR2_CAEEL	177924	sir-2.1	5.622	103	1	4	1.0	0.0	5.622
