Big_T	1377
Big_F	130843
UniProtKB_ID	GeneID	Gene_Name	PPS	Big_P	T+P	Citation	1+Log(T+P)	log10((Cit/yr+1)/10)	1+log10(F/T)+log10(F/P)
FOXO_CAEEL	172981	daf-16	10.155	677	5	16	1.699	0.23	5.263
NHR49_CAEEL	172839	nhr-49	8.573	32	2	3	1.301	0.0	6.589
COX1_CAEEL	2565700	cox-1	8.332	49	2	1	1.301	0.0	6.404
HMCS_CAEEL	178956	hmgs-1	8.094	1	1	2	1.0	0.0	8.094
TSP21_CAEEL	259720	tsp-21	8.094	1	1	1	1.0	0.0	8.094
P91305_CAEEL	172218	xrep-4	7.793	2	1	0	1.0	0.0	7.793
TNNI3_CAEEL	180127	tni-3	7.793	2	1	0	1.0	0.0	7.793
PDE2_CAEEL	176270	pde-2	7.617	3	1	2	1.0	0.0	7.617
G5EE14_CAEEL	176770	cua-1	7.617	3	1	1	1.0	0.0	7.617
H2KZN3_CAEEL	181098	kin-9	7.617	3	1	0	1.0	0.0	7.617
CYSK2_CAEEL	175107	cysl-2	7.492	4	1	1	1.0	0.0	7.492
SC5A7_CAEEL	178274	cho-1	7.395	5	1	1	1.0	0.0	7.395
P91329_CAEEL	191713	klf-3	7.249	7	1	0	1.0	0.0	7.249
Q9N588_CAEEL	172149	tyms-1	7.191	8	1	1	1.0	0.0	7.191
Q22291_CAEEL	176452	spp-1	7.14	9	1	2	1.0	0.0	7.14
DCA11_CAEEL	172518	wdr-23	7.053	11	1	0	1.0	0.0	7.053
UNC93_CAEEL	175466	unc-93	6.98	13	1	1	1.0	0.0	6.98
Q23406_CAEEL	174158	nos-2	6.918	15	1	0	1.0	0.0	6.918
TY3H_CAEEL	173411	cat-2	6.839	18	1	0	1.0	0.0	6.839
Q9XX00_CAEEL	176574	sbp-1	6.793	20	1	0	1.0	0.0	6.793
MEC2_CAEEL	180826	mec-2	6.679	26	1	1	1.0	0.0	6.679
Q93700_CAEEL	185412	gst-18	6.647	28	1	0	1.0	0.0	6.647
FAT1_CAEEL	178291	fat-1	6.632	29	1	1	1.0	0.0	6.632
EGL4_CAEEL	176991	egl-4	6.576	33	1	2	1.0	0.0	6.576
AAPK2_CAEEL	181727	aak-2	6.404	49	1	2	1.0	0.0	6.404
HSP12_CAEEL	178659	hsp-16.2	6.214	76	1	1	1.0	0.0	6.214
GLP1_CAEEL	176286	glp-1	5.874	166	1	0	1.0	0.0	5.874
SKN1_CAEEL	177343	skn-1	5.776	208	1	0	1.0	0.0	5.776
LIN12_CAEEL	176282	lin-12	5.744	224	1	0	1.0	0.0	5.744
CED3_CAEEL	178272	ced-3	5.69	254	1	0	1.0	0.0	5.69
