Big_T	497
Big_F	130843
UniProtKB_ID	GeneID	Gene_Name	PPS	Big_P	T+P	Citation	1+Log(T+P)	log10((Cit/yr+1)/10)	1+log10(F/T)+log10(F/P)
FOXO_CAEEL	172981	daf-16	18.228	677	18	86	2.255	0.94	5.706
SKN1_CAEEL	177343	skn-1	17.012	208	8	67	1.903	0.833	6.219
AAPK2_CAEEL	181727	aak-2	12.457	49	2	32	1.301	0.519	6.846
MYOD1_CAEEL	173788	hlh-1	11.902	34	5	6	1.699	0.0	7.005
METH_CAEEL	174681	metr-1	11.625	1	1	22	1.0	0.362	8.537
ZYG1_CAEEL	173956	zyg-1	11.409	26	4	3	1.602	0.0	7.122
G5EGJ5_CAEEL	175807	ida-1	11.361	7	3	2	1.477	0.0	7.692
OGT1_CAEEL	176000	ogt-1	10.007	7	2	5	1.301	0.0	7.692
PMY13_CAEEL	174531	wee-1.3	9.805	10	2	0	1.301	0.0	7.537
Q9BLB5_CAEEL	171993	cyb-2.2	9.752	11	2	3	1.301	0.0	7.495
NHR49_CAEEL	172839	nhr-49	9.705	32	2	11	1.301	0.079	7.031
CED1_CAEEL	173064	ced-1	8.853	54	2	3	1.301	0.0	6.804
Q9N4M0_CAEEL	172035	pdp-1	8.537	1	1	4	1.0	0.0	8.537
Q95QG8_CAEEL	172719	fcp-1	8.537	1	1	1	1.0	0.0	8.537
Q9XVM0_CAEEL	179854	letm-1	8.537	1	1	1	1.0	0.0	8.537
Q93703_CAEEL	181574	tatn-1	8.537	1	1	2	1.0	0.0	8.537
G5EBT7_CAEEL	183582	cof-2	8.537	1	1	0	1.0	0.0	8.537
EAK6_CAEEL	184324	eak-6	8.537	1	1	2	1.0	0.0	8.537
TSP21_CAEEL	259720	tsp-21	8.537	1	1	1	1.0	0.0	8.537
FITM2_CAEEL	3565961	fitm-2	8.537	1	1	0	1.0	0.0	8.537
AGE1_CAEEL	174762	age-1	8.327	137	2	0	1.301	0.0	6.4
P91305_CAEEL	172218	xrep-4	8.236	2	1	0	1.0	0.0	8.236
CDC16_CAEEL	174314	emb-27	8.236	2	1	3	1.0	0.0	8.236
Q21361_CAEEL	174399	atf-2	8.236	2	1	2	1.0	0.0	8.236
Q18758_CAEEL	177557	klo-1	8.236	2	1	0	1.0	0.0	8.236
Q5TKA3_CAEEL	179043	acs-1	8.236	2	1	2	1.0	0.0	8.236
Q9GYK0_CAEEL	180467	lmp-2	8.236	2	1	0	1.0	0.0	8.236
G5EF03_CAEEL	173401	etr-1	8.06	3	1	0	1.0	0.0	8.06
2AAA_CAEEL	175750	paa-1	8.06	3	1	3	1.0	0.0	8.06
SUCH1_CAEEL	176583	such-1	8.06	3	1	0	1.0	0.0	8.06
C1P636_CAEEL	177855	uba-1	8.06	3	1	0	1.0	0.0	8.06
A8WI01_CAEEL	180004	cng-1	8.06	3	1	0	1.0	0.0	8.06
G5EF68_CAEEL	172552	taf-5	7.935	4	1	0	1.0	0.0	7.935
Q18955_CAEEL	172636	unc-120	7.935	4	1	3	1.0	0.0	7.935
Q58AA9_CAEEL	174728	rsf-1	7.935	4	1	6	1.0	0.0	7.935
YH24_CAEEL	179790	lap-2	7.935	4	1	3	1.0	0.0	7.935
Q18694_CAEEL	174721	unc-130	7.838	5	1	0	1.0	0.0	7.838
GPDH2_CAEEL	176399	gpdh-2	7.838	5	1	0	1.0	0.0	7.838
G5ED66_CAEEL	185022	pax-3	7.838	5	1	0	1.0	0.0	7.838
Q1WBU8_CAEEL	181164	oga-1	7.759	6	1	4	1.0	0.0	7.759
TTC8_CAEEL	188904	bbs-8	7.759	6	1	8	1.0	0.0	7.759
INSR_CAEEL	175410	daf-2	7.698	416	2	6	1.301	0.0	5.917
O01577_CAEEL	171956	unc-108	7.634	8	1	3	1.0	0.0	7.634
Q8IG31_CAEEL	266858	prdx-2	7.634	8	1	7	1.0	0.0	7.634
CCND_CAEEL	174941	cyd-1	7.582	9	1	1	1.0	0.0	7.582
KPC1B_CAEEL	179649	pkc-1	7.537	10	1	0	1.0	0.0	7.537
Q9XW17_CAEEL	173158	car-1	7.495	11	1	4	1.0	0.0	7.495
GPA3_CAEEL	179319	gpa-3	7.423	13	1	1	1.0	0.0	7.423
DPY21_CAEEL	180176	dpy-21	7.423	13	1	1	1.0	0.0	7.423
GON1_CAEEL	177850	gon-1	7.333	16	1	0	1.0	0.0	7.333
PLK1_CAEEL	176143	plk-1	7.306	17	1	1	1.0	0.0	7.306
TY3H_CAEEL	173411	cat-2	7.281	18	1	0	1.0	0.0	7.281
CGH1_CAEEL	176061	cgh-1	7.258	19	1	5	1.0	0.0	7.258
Q9XX00_CAEEL	176574	sbp-1	7.236	20	1	0	1.0	0.0	7.236
MED15_CAEEL	175817	mdt-15	7.214	21	1	0	1.0	0.0	7.214
AIR2_CAEEL	172268	air-2	7.139	25	1	0	1.0	0.0	7.139
SPD2_CAEEL	172712	spd-2	7.139	25	1	6	1.0	0.0	7.139
A4_CAEEL	180783	apl-1	7.122	26	1	0	1.0	0.0	7.122
SPO11_CAEEL	191771	spo-11	7.122	26	1	1	1.0	0.0	7.122
BECN_CAEEL	177345	bec-1	7.105	27	1	5	1.0	0.0	7.105
SGK1_CAEEL	181697	sgk-1	7.089	28	1	7	1.0	0.0	7.089
LGG1_CAEEL	174050	lgg-1	7.005	34	1	1	1.0	0.0	7.005
UN104_CAEEL	174144	unc-104	6.957	38	1	2	1.0	0.0	6.957
PTEN_CAEEL	176869	daf-18	6.903	43	1	7	1.0	0.0	6.903
AKT1_CAEEL	179424	akt-1	6.893	44	1	7	1.0	0.0	6.893
G5EEL5_CAEEL	179068	dbl-1	6.804	54	1	0	1.0	0.0	6.804
DAF7_CAEEL	175237	daf-7	6.758	60	1	3	1.0	0.0	6.758
O45246_CAEEL	172757	hsp-70	6.751	61	1	0	1.0	0.0	6.751
C560_CAEEL	260040	mev-1	6.65	77	1	0	1.0	0.0	6.65
SIR2_CAEEL	177924	sir-2.1	6.524	103	1	0	1.0	0.0	6.524
GLP1_CAEEL	176286	glp-1	6.316	166	1	0	1.0	0.0	6.316
