Big_T	1164538
Big_F	130843
UniProtKB_ID	GeneID	Gene_Name	PPS	Big_P	T+P	Citation	1+Log(T+P)	log10((Cit/yr+1)/10)	1+log10(F/T)+log10(F/P)
FOXO_CAEEL	172981	daf-16	3.283	677	27	70	2.431	0.851	1.0
SKN1_CAEEL	177343	skn-1	2.754	208	8	70	1.903	0.851	1.0
PHA4_CAEEL	180357	pha-4	2.611	68	12	33	2.079	0.531	1.0
INSR_CAEEL	175410	daf-2	2.531	416	10	33	2.0	0.531	1.0
ELT2_CAEEL	181250	elt-2	2.121	51	6	21	1.778	0.342	1.0
LIN35_CAEEL	172249	lin-35	2.068	62	9	12	1.954	0.114	1.0
POP1_CAEEL	171849	pop-1	1.903	80	8	9	1.903	0.0	1.0
MPIP1_CAEEL	172353	cdc-25.1	1.778	16	6	3	1.778	0.0	1.0
EST1_CAEEL	178633	ges-1	1.778	18	6	1	1.778	0.0	1.0
Q7KPP4_CAEEL	171988	unc-73	1.602	43	4	4	1.602	0.0	1.0
P91857_CAEEL	172755	rab-5	1.602	45	4	7	1.602	0.0	1.0
PAR6_CAEEL	173137	par-6	1.602	78	4	8	1.602	0.0	1.0
ITPR_CAEEL	177546	itr-1	1.602	24	4	6	1.602	0.0	1.0
ELT7_CAEEL	178868	elt-7	1.602	10	4	3	1.602	0.0	1.0
ACH8_CAEEL	175072	eat-2	1.519	38	3	10	1.477	0.041	1.0
G5EES2_CAEEL	172174	erm-1	1.477	11	3	4	1.477	0.0	1.0
Q9N5S2_CAEEL	172983	gpx-8	1.477	17	3	0	1.477	0.0	1.0
NHX2_CAEEL	174242	nhx-2	1.477	7	3	6	1.477	0.0	1.0
MAB3_CAEEL	174533	mab-3	1.477	28	3	2	1.477	0.0	1.0
STIM1_CAEEL	175201	stim-1	1.477	7	3	2	1.477	0.0	1.0
LIN12_CAEEL	176282	lin-12	1.477	224	3	4	1.477	0.0	1.0
GLP1_CAEEL	176286	glp-1	1.477	166	3	1	1.477	0.0	1.0
O45815_CAEEL	176793	act-5	1.477	63	3	5	1.477	0.0	1.0
LET60_CAEEL	178104	let-60	1.477	96	3	3	1.477	0.0	1.0
G5EDN4_CAEEL	179893	end-1	1.477	24	3	3	1.477	0.0	1.0
DAF12_CAEEL	181263	daf-12	1.477	127	3	5	1.477	0.0	1.0
HLH6_CAEEL	188539	hlh-6	1.477	5	3	1	1.477	0.0	1.0
Q20449_CAEEL	185840	lipl-2	1.447	15	2	13	1.301	0.146	1.0
V6CKQ3_CAEEL	171607	mex-3	1.301	22	2	1	1.301	0.0	1.0
Q9N5Z3_CAEEL	171635	tol-1	1.301	12	2	5	1.301	0.0	1.0
V6CLE7_CAEEL	171639	haf-4	1.301	5	2	0	1.301	0.0	1.0
B6DX32_CAEEL	171648	lpr-1	1.301	2	2	2	1.301	0.0	1.0
Q9TYS3_CAEEL	171934	ftn-2	1.301	19	2	0	1.301	0.0	1.0
G5EDF9_CAEEL	172262	pgp-2	1.301	10	2	4	1.301	0.0	1.0
Q8IFY7_CAEEL	172270	avr-14	1.301	13	2	5	1.301	0.0	1.0
AEX1_CAEEL	172519	aex-1	1.301	2	2	1	1.301	0.0	1.0
SODM1_CAEEL	172632	sod-2	1.301	29	2	1	1.301	0.0	1.0
TRPG_CAEEL	172646	gon-2	1.301	13	2	0	1.301	0.0	1.0
SPD2_CAEEL	172712	spd-2	1.301	25	2	1	1.301	0.0	1.0
O45246_CAEEL	172757	hsp-70	1.301	61	2	0	1.301	0.0	1.0
Q7K797_CAEEL	172920	pab-1	1.301	18	2	5	1.301	0.0	1.0
PSMD4_CAEEL	172977	rpn-10	1.301	4	2	2	1.301	0.0	1.0
TPM1_CAEEL	173319	lev-11	1.301	10	2	0	1.301	0.0	1.0
AEX5_CAEEL	173358	aex-5	1.301	2	2	2	1.301	0.0	1.0
CES2_CAEEL	173365	ces-2	1.301	16	2	1	1.301	0.0	1.0
PHO1_CAEEL	173896	pho-1	1.301	2	2	1	1.301	0.0	1.0
SMA6_CAEEL	174044	sma-6	1.301	15	2	2	1.301	0.0	1.0
G5EED8_CAEEL	174227	tph-1	1.301	28	2	8	1.301	0.0	1.0
IRE1_CAEEL	174305	ire-1	1.301	33	2	2	1.301	0.0	1.0
G5ECE8_CAEEL	174383	chhy-1	1.301	6	2	3	1.301	0.0	1.0
ENO_CAEEL	174423	enol-1	1.301	11	2	1	1.301	0.0	1.0
TORS_CAEEL	174433	ooc-5	1.301	5	2	5	1.301	0.0	1.0
G5EGP4_CAEEL	174743	vha-6	1.301	5	2	3	1.301	0.0	1.0
AGE1_CAEEL	174762	age-1	1.301	137	2	1	1.301	0.0	1.0
G5ECB9_CAEEL	174836	mex-1	1.301	14	2	1	1.301	0.0	1.0
PAR3_CAEEL	175783	par-3	1.301	94	2	7	1.301	0.0	1.0
TEN1_CAEEL	175953	ten-1	1.301	7	2	2	1.301	0.0	1.0
HM13_CAEEL	176069	ceh-13	1.301	11	2	0	1.301	0.0	1.0
Q8T666_CAEEL	176074	cup-5	1.301	13	2	1	1.301	0.0	1.0
CADH3_CAEEL	176085	cdh-3	1.301	8	2	3	1.301	0.0	1.0
EGL5_CAEEL	176093	egl-5	1.301	41	2	3	1.301	0.0	1.0
EAT4_CAEEL	176291	eat-4	1.301	18	2	2	1.301	0.0	1.0
TAT1_CAEEL	176666	tat-1	1.301	8	2	3	1.301	0.0	1.0
BECN_CAEEL	177345	bec-1	1.301	27	2	4	1.301	0.0	1.0
FBLN1_CAEEL	177788	fbl-1	1.301	13	2	1	1.301	0.0	1.0
BRE5_CAEEL	178142	bre-5	1.301	5	2	3	1.301	0.0	1.0
APX1_CAEEL	178759	apx-1	1.301	13	2	2	1.301	0.0	1.0
CALR_CAEEL	178997	crt-1	1.301	30	2	1	1.301	0.0	1.0
G5EEL5_CAEEL	179068	dbl-1	1.301	54	2	0	1.301	0.0	1.0
G5EG04_CAEEL	179381	fshr-1	1.301	4	2	3	1.301	0.0	1.0
G5EC35_CAEEL	179629	sma-1	1.301	9	2	1	1.301	0.0	1.0
CAV2_CAEEL	179838	cav-2	1.301	6	2	4	1.301	0.0	1.0
SLO1_CAEEL	180203	slo-1	1.301	47	2	2	1.301	0.0	1.0
HIF1_CAEEL	180359	hif-1	1.301	79	2	7	1.301	0.0	1.0
H2KZM4_CAEEL	180532	peb-1	1.301	5	2	0	1.301	0.0	1.0
Q8T3C1_CAEEL	180565	ser-7	1.301	17	2	4	1.301	0.0	1.0
UNC18_CAEEL	181030	unc-18	1.301	37	2	0	1.301	0.0	1.0
SEK1_CAEEL	181043	sek-1	1.301	36	2	6	1.301	0.0	1.0
G5EFH8_CAEEL	181215	cbs-1	1.301	9	2	0	1.301	0.0	1.0
PBO4_CAEEL	181285	pbo-4	1.301	3	2	5	1.301	0.0	1.0
G5EGI5_CAEEL	181468	flr-1	1.301	5	2	0	1.301	0.0	1.0
DYN1_CAEEL	181644	dyn-1	1.301	30	2	4	1.301	0.0	1.0
NDUS2_CAEEL	181646	gas-1	1.301	25	2	1	1.301	0.0	1.0
GBR1_CAEEL	186801	exp-1	1.301	6	2	2	1.301	0.0	1.0
Q21578_CAEEL	187454	pha-2	1.301	3	2	0	1.301	0.0	1.0
AKT1_CAEEL	179424	akt-1	1.204	44	1	15	1.0	0.204	1.0
SID1_CAEEL	178900	sid-1	1.114	35	1	12	1.0	0.114	1.0
TRPA1_CAEEL	178118	trpa-1	1.041	11	1	10	1.0	0.041	1.0
PAR4_CAEEL	180185	par-4	1.041	30	1	10	1.0	0.041	1.0
NLP40_CAEEL	171591	nlp-40	1.0	1	1	1	1.0	0.0	1.0
DUOX1_CAEEL	171608	bli-3	1.0	16	1	8	1.0	0.0	1.0
Q9N2Z7_CAEEL	171647	wwp-1	1.0	8	1	1	1.0	0.0	1.0
SRC1_CAEEL	171722	src-1	1.0	15	1	0	1.0	0.0	1.0
SEM2A_CAEEL	171727	mab-20	1.0	8	1	2	1.0	0.0	1.0
G5EGU1_CAEEL	171751	egl-30	1.0	28	1	5	1.0	0.0	1.0
O01970_CAEEL	171753	nlp-12	1.0	9	1	3	1.0	0.0	1.0
G5EGP8_CAEEL	171829	cpz-1	1.0	1	1	1	1.0	0.0	1.0
A0A078BS63_CAEEL	171846	itx-1	1.0	1	1	1	1.0	0.0	1.0
MEK2_CAEEL	171872	mek-2	1.0	15	1	6	1.0	0.0	1.0
INX16_CAEEL	172005	inx-16	1.0	3	1	2	1.0	0.0	1.0
G5EDP9_CAEEL	172141	aap-1	1.0	5	1	1	1.0	0.0	1.0
P91093_CAEEL	172190	coq-1	1.0	2	1	0	1.0	0.0	1.0
P91305_CAEEL	172218	xrep-4	1.0	2	1	0	1.0	0.0	1.0
G5EFQ5_CAEEL	172243	rnt-1	1.0	14	1	0	1.0	0.0	1.0
O44782_CAEEL	172259	vpr-1	1.0	4	1	1	1.0	0.0	1.0
TMOD_CAEEL	172275	unc-94	1.0	3	1	0	1.0	0.0	1.0
G5ECY6_CAEEL	172303	chn-1	1.0	5	1	1	1.0	0.0	1.0
Q8IG68_CAEEL	172320	lpd-2	1.0	2	1	0	1.0	0.0	1.0
DAD1_CAEEL	172370	dad-1	1.0	1	1	0	1.0	0.0	1.0
G5EFF4_CAEEL	172435	sem-4	1.0	13	1	2	1.0	0.0	1.0
MYO1_CAEEL	172471	myo-1	1.0	4	1	0	1.0	0.0	1.0
EAT5_CAEEL	172480	eat-5	1.0	9	1	7	1.0	0.0	1.0
GBB2_CAEEL	172483	gpb-2	1.0	10	1	1	1.0	0.0	1.0
MYSP_CAEEL	172491	unc-15	1.0	35	1	0	1.0	0.0	1.0
UNC13_CAEEL	172497	unc-13	1.0	61	1	0	1.0	0.0	1.0
G5ECM2_CAEEL	172507	dcp-66	1.0	1	1	1	1.0	0.0	1.0
G5ECD6_CAEEL	172508	chs-1	1.0	6	1	2	1.0	0.0	1.0
DCA11_CAEEL	172518	wdr-23	1.0	11	1	1	1.0	0.0	1.0
G5ECM1_CAEEL	172523	rrf-1	1.0	13	1	5	1.0	0.0	1.0
Q18853_CAEEL	172582	cyc-1	1.0	21	1	0	1.0	0.0	1.0
G5ECC6_CAEEL	172600	ins-18	1.0	4	1	4	1.0	0.0	1.0
Q19491_CAEEL	172621	rsd-6	1.0	4	1	1	1.0	0.0	1.0
LIN28_CAEEL	172626	lin-28	1.0	66	1	0	1.0	0.0	1.0
HM06_CAEEL	172640	ceh-6	1.0	7	1	0	1.0	0.0	1.0
G5EDV5_CAEEL	172678	cle-1	1.0	3	1	0	1.0	0.0	1.0
P91871_CAEEL	172715	fasn-1	1.0	5	1	1	1.0	0.0	1.0
O62235_CAEEL	172720	rbpl-1	1.0	1	1	0	1.0	0.0	1.0
G5EBH1_CAEEL	172748	tat-5	1.0	2	1	0	1.0	0.0	1.0
G5ECJ4_CAEEL	172771	mec-8	1.0	13	1	3	1.0	0.0	1.0
2AB1_CAEEL	172826	sur-6	1.0	7	1	1	1.0	0.0	1.0
NHR49_CAEEL	172839	nhr-49	1.0	32	1	1	1.0	0.0	1.0
CLC87_CAEEL	172885	clec-87	1.0	2	1	1	1.0	0.0	1.0
LID1_CAEEL	172888	lid-1	1.0	2	1	4	1.0	0.0	1.0
WARTS_CAEEL	172896	wts-1	1.0	2	1	0	1.0	0.0	1.0
G5EFT5_CAEEL	173078	hsf-1	1.0	95	1	3	1.0	0.0	1.0
KSRB_CAEEL	173085	ksr-2	1.0	5	1	2	1.0	0.0	1.0
GSK3_CAEEL	173149	gsk-3	1.0	16	1	5	1.0	0.0	1.0
Q564S5_CAEEL	173293	eya-1	1.0	6	1	1	1.0	0.0	1.0
O17072_CAEEL	173385	nfyc-1	1.0	2	1	0	1.0	0.0	1.0
O17286_CAEEL	173435	nfyb-1	1.0	4	1	0	1.0	0.0	1.0
TBX12_CAEEL	173441	mab-9	1.0	10	1	0	1.0	0.0	1.0
FGT1_CAEEL	173525	fgt-1	1.0	4	1	1	1.0	0.0	1.0
Q22355_CAEEL	173749	ast-1	1.0	6	1	0	1.0	0.0	1.0
LPLT2_CAEEL	173771	lat-2	1.0	2	1	2	1.0	0.0	1.0
VPS18_CAEEL	173783	vps-18	1.0	2	1	1	1.0	0.0	1.0
RIG6_CAEEL	173828	rig-6	1.0	1	1	0	1.0	0.0	1.0
KPC3_CAEEL	173914	pkc-3	1.0	41	1	0	1.0	0.0	1.0
IFB2_CAEEL	173973	ifb-2	1.0	8	1	2	1.0	0.0	1.0
FBF1_CAEEL	174016	fbf-1	1.0	23	1	0	1.0	0.0	1.0
LIN23_CAEEL	174058	lin-23	1.0	15	1	0	1.0	0.0	1.0
BTF3_CAEEL	174090	icd-1	1.0	3	1	1	1.0	0.0	1.0
DPY2_CAEEL	174107	dpy-2	1.0	4	1	1	1.0	0.0	1.0
AFF1_CAEEL	174123	aff-1	1.0	10	1	2	1.0	0.0	1.0
SODC_CAEEL	174141	sod-1	1.0	41	1	7	1.0	0.0	1.0
Q5DX44_CAEEL	174194	ada-2	1.0	2	1	5	1.0	0.0	1.0
SPI1_CAEEL	174219	spi-1	1.0	2	1	3	1.0	0.0	1.0
NRF6_CAEEL	174287	nrf-6	1.0	3	1	1	1.0	0.0	1.0
PYR1_CAEEL	174385	pyr-1	1.0	2	1	1	1.0	0.0	1.0
FUTA_CAEEL	174400	fut-1	1.0	8	1	1	1.0	0.0	1.0
DEP1_CAEEL	174437	dep-1	1.0	2	1	2	1.0	0.0	1.0
GSH1_CAEEL	174438	gcs-1	1.0	13	1	9	1.0	0.0	1.0
Q22024_CAEEL	174552	egl-43	1.0	11	1	1	1.0	0.0	1.0
DAF19_CAEEL	174577	daf-19	1.0	23	1	1	1.0	0.0	1.0
TNNC2_CAEEL	174612	tnc-2	1.0	12	1	0	1.0	0.0	1.0
NPHP1_CAEEL	174643	nph-1	1.0	7	1	1	1.0	0.0	1.0
UNC53_CAEEL	174693	unc-53	1.0	20	1	1	1.0	0.0	1.0
Q09493_CAEEL	174739	shn-1	1.0	3	1	0	1.0	0.0	1.0
A5JYS1_CAEEL	174775	pcs-1	1.0	13	1	1	1.0	0.0	1.0
G5EGS4_CAEEL	174791	kel-1	1.0	1	1	0	1.0	0.0	1.0
Q23146_CAEEL	174834	rab-7	1.0	35	1	2	1.0	0.0	1.0
WLS_CAEEL	175020	mig-14	1.0	15	1	0	1.0	0.0	1.0
G5EDM7_CAEEL	175054	daf-5	1.0	9	1	2	1.0	0.0	1.0
RL37A_CAEEL	175070	rpl-43	1.0	1	1	2	1.0	0.0	1.0
CATA1_CAEEL	175085	ctl-2	1.0	9	1	1	1.0	0.0	1.0
U4PE16_CAEEL	175086	ctl-3	1.0	52	1	0	1.0	0.0	1.0
MES2_CAEEL	175096	mes-2	1.0	26	1	4	1.0	0.0	1.0
Q9N384_CAEEL	175212	lec-6	1.0	12	1	0	1.0	0.0	1.0
O02592_CAEEL	175230	ptl-1	1.0	15	1	1	1.0	0.0	1.0
DAF7_CAEEL	175237	daf-7	1.0	60	1	0	1.0	0.0	1.0
Q9N2Y1_CAEEL	175385	pbo-1	1.0	1	1	0	1.0	0.0	1.0
Q9TZ64_CAEEL	175404	klf-1	1.0	2	1	0	1.0	0.0	1.0
G5EDU6_CAEEL	175485	lin-48	1.0	6	1	1	1.0	0.0	1.0
SARM1_CAEEL	175502	tir-1	1.0	20	1	3	1.0	0.0	1.0
HM43_CAEEL	175581	ceh-43	1.0	3	1	0	1.0	0.0	1.0
G5EF61_CAEEL	175582	ndg-4	1.0	1	1	0	1.0	0.0	1.0
B3GWA6_CAEEL	175587	atf-7	1.0	8	1	2	1.0	0.0	1.0
A0A1C3NSI5_CAEEL	175590	cdh-4	1.0	5	1	1	1.0	0.0	1.0
SPT6H_CAEEL	175621	emb-5	1.0	4	1	0	1.0	0.0	1.0
PAL1_CAEEL	175638	pal-1	1.0	27	1	2	1.0	0.0	1.0
CED4_CAEEL	175643	ced-4	1.0	159	1	1	1.0	0.0	1.0
SET2_CAEEL	175662	set-2	1.0	11	1	2	1.0	0.0	1.0
TBX2_CAEEL	175698	tbx-2	1.0	11	1	2	1.0	0.0	1.0
COQ7_CAEEL	175729	clk-1	1.0	110	1	0	1.0	0.0	1.0
DAF4_CAEEL	175781	daf-4	1.0	31	1	2	1.0	0.0	1.0
Q10929_CAEEL	175789	abi-1	1.0	7	1	3	1.0	0.0	1.0
MED15_CAEEL	175817	mdt-15	1.0	21	1	0	1.0	0.0	1.0
DNPEP_CAEEL	175822	dnpp-1	1.0	1	1	0	1.0	0.0	1.0
SULU_CAEEL	175862	kin-18	1.0	4	1	0	1.0	0.0	1.0
VPS16_CAEEL	175913	vps-16	1.0	1	1	6	1.0	0.0	1.0
SET1_CAEEL	175918	set-1	1.0	14	1	2	1.0	0.0	1.0
DIG1_CAEEL	175951	dig-1	1.0	7	1	0	1.0	0.0	1.0
SMA3_CAEEL	175955	sma-3	1.0	15	1	0	1.0	0.0	1.0
NAS35_CAEEL	176014	dpy-31	1.0	6	1	1	1.0	0.0	1.0
G5EE41_CAEEL	176102	cuc-1	1.0	1	1	0	1.0	0.0	1.0
BAT42_CAEEL	176152	bath-42	1.0	1	1	0	1.0	0.0	1.0
MIG10_CAEEL	176168	mig-10	1.0	28	1	1	1.0	0.0	1.0
HS110_CAEEL	176195	hsp-110	1.0	18	1	0	1.0	0.0	1.0
PAC1_CAEEL	176201	pac-1	1.0	6	1	0	1.0	0.0	1.0
SNA29_CAEEL	176233	snap-29	1.0	4	1	2	1.0	0.0	1.0
ASNA_CAEEL	176254	asna-1	1.0	5	1	4	1.0	0.0	1.0
CRN6_CAEEL	176316	crn-6	1.0	5	1	0	1.0	0.0	1.0
BAF1_CAEEL	176330	baf-1	1.0	5	1	1	1.0	0.0	1.0
BRE3_CAEEL	176332	bre-3	1.0	1	1	2	1.0	0.0	1.0
VATL1_CAEEL	176383	vha-1	1.0	3	1	0	1.0	0.0	1.0
GPDH2_CAEEL	176399	gpdh-2	1.0	5	1	0	1.0	0.0	1.0
ALXA_CAEEL	176410	alx-1	1.0	4	1	3	1.0	0.0	1.0
UNC47_CAEEL	176431	unc-47	1.0	16	1	0	1.0	0.0	1.0
Q22291_CAEEL	176452	spp-1	1.0	9	1	1	1.0	0.0	1.0
G5EDE2_CAEEL	176506	hpl-2	1.0	24	1	1	1.0	0.0	1.0
G5EEK8_CAEEL	176512	sca-1	1.0	4	1	1	1.0	0.0	1.0
UN119_CAEEL	176519	unc-119	1.0	24	1	1	1.0	0.0	1.0
G5EGL5_CAEEL	176543	pha-1	1.0	11	1	0	1.0	0.0	1.0
TRA1_CAEEL	176548	tra-1	1.0	70	1	0	1.0	0.0	1.0
KS6B_CAEEL	176554	rsks-1	1.0	14	1	0	1.0	0.0	1.0
G5EBL5_CAEEL	176597	crh-1	1.0	17	1	0	1.0	0.0	1.0
G5ECR7_CAEEL	176605	elb-1	1.0	3	1	0	1.0	0.0	1.0
H8ESE7_CAEEL	176609	gbf-1	1.0	2	1	1	1.0	0.0	1.0
Q9U228_CAEEL	176615	mif-1	1.0	2	1	0	1.0	0.0	1.0
FLP14_CAEEL	176708	flp-14	1.0	8	1	0	1.0	0.0	1.0
O45923_CAEEL	176715	ttm-1	1.0	3	1	1	1.0	0.0	1.0
G5EE14_CAEEL	176770	cua-1	1.0	3	1	1	1.0	0.0	1.0
G5EGI1_CAEEL	176802	set-16	1.0	5	1	3	1.0	0.0	1.0
SID2_CAEEL	176805	sid-2	1.0	8	1	5	1.0	0.0	1.0
Q9XUS9_CAEEL	176815	cyk-4	1.0	14	1	1	1.0	0.0	1.0
KPC1_CAEEL	176825	tpa-1	1.0	15	1	1	1.0	0.0	1.0
DAF1_CAEEL	176829	daf-1	1.0	23	1	0	1.0	0.0	1.0
ERI1_CAEEL	176868	eri-1	1.0	27	1	0	1.0	0.0	1.0
PTEN_CAEEL	176869	daf-18	1.0	43	1	1	1.0	0.0	1.0
SPRC_CAEEL	176931	ost-1	1.0	8	1	0	1.0	0.0	1.0
VATC_CAEEL	177017	vha-11	1.0	3	1	0	1.0	0.0	1.0
NRAMC_CAEEL	177044	smf-3	1.0	4	1	1	1.0	0.0	1.0
WRT5_CAEEL	177162	wrt-5	1.0	1	1	0	1.0	0.0	1.0
H2AV_CAEEL	177212	htz-1	1.0	8	1	2	1.0	0.0	1.0
U4PRL1_CAEEL	177256	tat-2	1.0	3	1	1	1.0	0.0	1.0
V6CIR8_CAEEL	177329	rme-2	1.0	17	1	2	1.0	0.0	1.0
G5EDY8_CAEEL	177336	drp-1	1.0	18	1	4	1.0	0.0	1.0
G5EDU7_CAEEL	177373	lag-1	1.0	22	1	0	1.0	0.0	1.0
G5EG83_CAEEL	177374	zen-4	1.0	23	1	3	1.0	0.0	1.0
Q95X44_CAEEL	177442	vha-8	1.0	3	1	0	1.0	0.0	1.0
JNK1_CAEEL	177460	jnk-1	1.0	18	1	1	1.0	0.0	1.0
G5EG02_CAEEL	177513	egl-19	1.0	26	1	1	1.0	0.0	1.0
PSA_CAEEL	177528	pam-1	1.0	6	1	0	1.0	0.0	1.0
DIF1_CAEEL	177530	dif-1	1.0	3	1	0	1.0	0.0	1.0
W6SBD7_CAEEL	177532	nprl-2	1.0	2	1	2	1.0	0.0	1.0
NHR8_CAEEL	177551	nhr-8	1.0	12	1	1	1.0	0.0	1.0
HM19_CAEEL	177590	ceh-19	1.0	3	1	0	1.0	0.0	1.0
NHR31_CAEEL	177601	nhr-31	1.0	2	1	1	1.0	0.0	1.0
PMK3_CAEEL	177610	pmk-3	1.0	11	1	1	1.0	0.0	1.0
X5MBG4_CAEEL	177736	nrfl-1	1.0	1	1	0	1.0	0.0	1.0
WNK_CAEEL	177743	wnk-1	1.0	5	1	2	1.0	0.0	1.0
FAT3_CAEEL	177820	fat-3	1.0	15	1	1	1.0	0.0	1.0
GON1_CAEEL	177850	gon-1	1.0	16	1	0	1.0	0.0	1.0
IPYR_CAEEL	177856	pyp-1	1.0	1	1	0	1.0	0.0	1.0
EAA3_CAEEL	177882	glt-3	1.0	2	1	0	1.0	0.0	1.0
SIR2_CAEEL	177924	sir-2.1	1.0	103	1	0	1.0	0.0	1.0
G5ECM4_CAEEL	178031	gtl-1	1.0	9	1	1	1.0	0.0	1.0
MEP1_CAEEL	178074	mep-1	1.0	12	1	0	1.0	0.0	1.0
14331_CAEEL	178113	par-5	1.0	20	1	4	1.0	0.0	1.0
LE653_CAEEL	178120	let-653	1.0	4	1	1	1.0	0.0	1.0
UNC22_CAEEL	178135	unc-22	1.0	65	1	1	1.0	0.0	1.0
PGP1_CAEEL	178215	pgp-1	1.0	10	1	0	1.0	0.0	1.0
A0A061AJ27_CAEEL	178229	rbd-1	1.0	4	1	0	1.0	0.0	1.0
CED3_CAEEL	178272	ced-3	1.0	254	1	0	1.0	0.0	1.0
G5EFE0_CAEEL	178411	eps-8	1.0	5	1	2	1.0	0.0	1.0
RHO1_CAEEL	178458	rho-1	1.0	26	1	1	1.0	0.0	1.0
CNNM1_CAEEL	178499	cnnm-1	1.0	2	1	0	1.0	0.0	1.0
Q9UAQ3_CAEEL	178619	madd-2	1.0	7	1	0	1.0	0.0	1.0
A0A0K3AVF4_CAEEL	178624	egl-2	1.0	5	1	2	1.0	0.0	1.0
G5EEM0_CAEEL	178821	nhr-114	1.0	1	1	3	1.0	0.0	1.0
Q95XZ2_CAEEL	178842	rft-2	1.0	2	1	0	1.0	0.0	1.0
UNC62_CAEEL	178845	unc-62	1.0	10	1	3	1.0	0.0	1.0
G5ED20_CAEEL	178887	tam-1	1.0	3	1	1	1.0	0.0	1.0
UNC83_CAEEL	179033	unc-83	1.0	9	1	3	1.0	0.0	1.0
Q5TKA3_CAEEL	179043	acs-1	1.0	2	1	2	1.0	0.0	1.0
G5EG85_CAEEL	179077	unc-70	1.0	3	1	2	1.0	0.0	1.0
I2HAA6_CAEEL	179080	unc-68	1.0	17	1	1	1.0	0.0	1.0
G5EFH4_CAEEL	179125	srp-6	1.0	3	1	1	1.0	0.0	1.0
O16453_CAEEL	179138	ftn-1	1.0	8	1	1	1.0	0.0	1.0
LAP1_CAEEL	179171	let-413	1.0	14	1	4	1.0	0.0	1.0
ASP6_CAEEL	179209	asp-6	1.0	1	1	0	1.0	0.0	1.0
Q8MNV9_CAEEL	179257	sup-37	1.0	4	1	0	1.0	0.0	1.0
GPA3_CAEEL	179319	gpa-3	1.0	13	1	0	1.0	0.0	1.0
HER1_CAEEL	179360	her-1	1.0	28	1	0	1.0	0.0	1.0
Q20983_CAEEL	179369	hrg-3	1.0	3	1	2	1.0	0.0	1.0
DAF36_CAEEL	179422	daf-36	1.0	9	1	7	1.0	0.0	1.0
EGL9_CAEEL	179461	egl-9	1.0	28	1	1	1.0	0.0	1.0
GCH1_CAEEL	179472	cat-4	1.0	8	1	3	1.0	0.0	1.0
HM22_CAEEL	179485	ceh-22	1.0	12	1	2	1.0	0.0	1.0
G5EEH5_CAEEL	179557	mxl-1	1.0	2	1	0	1.0	0.0	1.0
HMP1_CAEEL	179624	hmp-1	1.0	16	1	1	1.0	0.0	1.0
CPR1_CAEEL	179637	cpr-1	1.0	5	1	0	1.0	0.0	1.0
KPC1B_CAEEL	179649	pkc-1	1.0	10	1	0	1.0	0.0	1.0
MYO3_CAEEL	179676	myo-3	1.0	23	1	0	1.0	0.0	1.0
G5EFG0_CAEEL	179720	sel-1	1.0	17	1	0	1.0	0.0	1.0
D7SFP2_CAEEL	179834	avr-15	1.0	6	1	3	1.0	0.0	1.0
DKF2_CAEEL	180121	dkf-2	1.0	6	1	3	1.0	0.0	1.0
TNNI3_CAEEL	180127	tni-3	1.0	2	1	0	1.0	0.0	1.0
Q9XUV3_CAEEL	180334	ins-35	1.0	2	1	0	1.0	0.0	1.0
NUMB1_CAEEL	180367	num-1	1.0	1	1	1	1.0	0.0	1.0
IFC2_CAEEL	180414	ifc-2	1.0	2	1	1	1.0	0.0	1.0
MADD_CAEEL	180420	aex-3	1.0	8	1	2	1.0	0.0	1.0
O17532_CAEEL	180431	daf-3	1.0	20	1	1	1.0	0.0	1.0
CDO1_CAEEL	180434	cdo-1	1.0	1	1	1	1.0	0.0	1.0
ARRB_CAEEL	180446	arr-1	1.0	5	1	1	1.0	0.0	1.0
G4RV72_CAEEL	180459	lim-6	1.0	8	1	1	1.0	0.0	1.0
G5EG65_CAEEL	180553	hid-1	1.0	5	1	0	1.0	0.0	1.0
H2KY90_CAEEL	180579	vang-1	1.0	9	1	1	1.0	0.0	1.0
FLP18_CAEEL	180587	flp-18	1.0	13	1	3	1.0	0.0	1.0
H2KYF7_CAEEL	180625	clc-3	1.0	3	1	0	1.0	0.0	1.0
PDI2_CAEEL	180724	pdi-2	1.0	8	1	0	1.0	0.0	1.0
Q18533_CAEEL	180751	mls-2	1.0	6	1	0	1.0	0.0	1.0
G5ECY0_CAEEL	180819	dlg-1	1.0	20	1	1	1.0	0.0	1.0
H2KZ94_CAEEL	180825	lgx-1	1.0	1	1	0	1.0	0.0	1.0
UNC97_CAEEL	180827	unc-97	1.0	11	1	3	1.0	0.0	1.0
LITE1_CAEEL	180894	lite-1	1.0	4	1	5	1.0	0.0	1.0
LMP1_CAEEL	180912	lmp-1	1.0	10	1	1	1.0	0.0	1.0
Q94272_CAEEL	180918	fah-1	1.0	2	1	1	1.0	0.0	1.0
ETS4_CAEEL	180927	ets-4	1.0	2	1	1	1.0	0.0	1.0
G5EG44_CAEEL	180942	mdl-1	1.0	6	1	2	1.0	0.0	1.0
UNC6_CAEEL	180961	unc-6	1.0	122	1	3	1.0	0.0	1.0
G5EDU2_CAEEL	180964	nhx-4	1.0	1	1	1	1.0	0.0	1.0
OAR2_CAEEL	180970	tyra-2	1.0	2	1	1	1.0	0.0	1.0
Q22336_CAEEL	180993	spp-3	1.0	1	1	1	1.0	0.0	1.0
CLC2_CAEEL	180999	clc-2	1.0	9	1	0	1.0	0.0	1.0
CATP5_CAEEL	181067	catp-5	1.0	1	1	1	1.0	0.0	1.0
TWIST_CAEEL	181069	hlh-8	1.0	7	1	0	1.0	0.0	1.0
KPC2_CAEEL	181166	pkc-2	1.0	4	1	0	1.0	0.0	1.0
LEC8_CAEEL	181198	lec-8	1.0	3	1	1	1.0	0.0	1.0
G5EFP3_CAEEL	181202	mrp-4	1.0	6	1	0	1.0	0.0	1.0
FLP03_CAEEL	181221	flp-3	1.0	2	1	1	1.0	0.0	1.0
Q8MQA7_CAEEL	181249	elt-4	1.0	5	1	0	1.0	0.0	1.0
ABL1_CAEEL	181261	abl-1	1.0	11	1	0	1.0	0.0	1.0
Q17645_CAEEL	181276	pgp-5	1.0	4	1	1	1.0	0.0	1.0
MES1_CAEEL	181362	mes-1	1.0	15	1	1	1.0	0.0	1.0
SMA5_CAEEL	181373	sma-5	1.0	4	1	0	1.0	0.0	1.0
NHR25_CAEEL	181432	nhr-25	1.0	19	1	3	1.0	0.0	1.0
DFSC1_CAEEL	181599	dsc-1	1.0	1	1	0	1.0	0.0	1.0
FLR4_CAEEL	181604	flr-4	1.0	3	1	0	1.0	0.0	1.0
UNC7_CAEEL	181608	unc-7	1.0	13	1	1	1.0	0.0	1.0
GOB1_CAEEL	181637	gob-1	1.0	1	1	1	1.0	0.0	1.0
MEC4_CAEEL	181728	mec-4	1.0	56	1	2	1.0	0.0	1.0
TPS1_CAEEL	181778	tps-1	1.0	3	1	3	1.0	0.0	1.0
THIO1_CAEEL	181863	trx-1	1.0	9	1	1	1.0	0.0	1.0
ODD1_CAEEL	181893	odd-1	1.0	1	1	0	1.0	0.0	1.0
SER2_CAEEL	182110	ser-2	1.0	11	1	1	1.0	0.0	1.0
O02628_CAEEL	182177	cyp-35a2	1.0	6	1	1	1.0	0.0	1.0
O02233_CAEEL	183772	lys-9	1.0	6	1	0	1.0	0.0	1.0
CHE1_CAEEL	183847	che-1	1.0	13	1	6	1.0	0.0	1.0
O02357_CAEEL	185307	irg-5	1.0	1	1	1	1.0	0.0	1.0
NPRL3_CAEEL	185331	nprl-3	1.0	2	1	1	1.0	0.0	1.0
Q93700_CAEEL	185412	gst-18	1.0	28	1	0	1.0	0.0	1.0
A4F310_CAEEL	185434	clec-167	1.0	5	1	0	1.0	0.0	1.0
G5ECN8_CAEEL	185718	ces-1	1.0	11	1	1	1.0	0.0	1.0
Q20628_CAEEL	186044	cdd-2	1.0	1	1	0	1.0	0.0	1.0
O01795_CAEEL	186188	duox-2	1.0	4	1	0	1.0	0.0	1.0
Q21013_CAEEL	186548	flr-2	1.0	1	1	0	1.0	0.0	1.0
G5EBW0_CAEEL	186637	glo-3	1.0	2	1	1	1.0	0.0	1.0
Q94282_CAEEL	187389	trx-3	1.0	2	1	1	1.0	0.0	1.0
Q21689_CAEEL	187552	bus-1	1.0	2	1	0	1.0	0.0	1.0
NAD2_CAEEL	187898	nac-2	1.0	3	1	2	1.0	0.0	1.0
TMC1_CAEEL	188483	tmc-1	1.0	2	1	1	1.0	0.0	1.0
Q22541_CAEEL	188574	cdf-2	1.0	5	1	4	1.0	0.0	1.0
Q27526_CAEEL	188583	bgal-1	1.0	29	1	0	1.0	0.0	1.0
Q9XVI5_CAEEL	188762	spp-12	1.0	1	1	1	1.0	0.0	1.0
Q965P2_CAEEL	189507	cht-4	1.0	35	1	3	1.0	0.0	1.0
Q9BL83_CAEEL	189590	vps-4	1.0	8	1	0	1.0	0.0	1.0
BRE2_CAEEL	189753	bre-2	1.0	2	1	1	1.0	0.0	1.0
Q9U2E4_CAEEL	189959	bcmo-1	1.0	1	1	0	1.0	0.0	1.0
A0A0K3AR66_CAEEL	190188	plep-1	1.0	1	1	1	1.0	0.0	1.0
Q9NEK7_CAEEL	191014	daf-28	1.0	22	1	2	1.0	0.0	1.0
TBX35_CAEEL	191239	tbx-35	1.0	3	1	1	1.0	0.0	1.0
Q93329_CAEEL	191600	lev-8	1.0	9	1	2	1.0	0.0	1.0
HM02_CAEEL	191615	ceh-2	1.0	5	1	1	1.0	0.0	1.0
G5EE18_CAEEL	191619	ceh-28	1.0	3	1	0	1.0	0.0	1.0
O17894_CAEEL	191623	unc-39	1.0	5	1	0	1.0	0.0	1.0
P91329_CAEEL	191713	klf-3	1.0	7	1	1	1.0	0.0	1.0
CATA2_CAEEL	259738	ctl-1	1.0	19	1	0	1.0	0.0	1.0
SYB1_CAEEL	266648	snb-1	1.0	12	1	3	1.0	0.0	1.0
LIN59_CAEEL	266825	lin-59	1.0	3	1	0	1.0	0.0	1.0
ABF2_CAEEL	266826	abf-2	1.0	5	1	0	1.0	0.0	1.0
Q8IG31_CAEEL	266858	prdx-2	1.0	8	1	4	1.0	0.0	1.0
COX2_CAEEL	2565697	ctc-2	1.0	18	1	0	1.0	0.0	1.0
KAPC1_CAEEL	3565407	kin-1	1.0	10	1	2	1.0	0.0	1.0
S6F527_CAEEL	3565805	eat-17	1.0	1	1	0	1.0	0.0	1.0
UNC17_CAEEL	24105312	unc-17	1.0	21	1	0	1.0	0.0	1.0
