Big_T	1283
Big_F	130843
UniProtKB_ID	GeneID	Gene_Name	PPS	Big_P	T+P	Citation	1+Log(T+P)	log10((Cit/yr+1)/10)	1+log10(F/T)+log10(F/P)
POP1_CAEEL	171849	pop-1	12.742	80	8	13	1.903	0.146	6.218
FOXO_CAEEL	172981	daf-16	12.703	677	9	27	1.954	0.447	5.29
FBLN1_CAEEL	177788	fbl-1	11.905	13	5	2	1.699	0.0	7.007
GON1_CAEEL	177850	gon-1	11.752	16	5	5	1.699	0.0	6.917
DAF9_CAEEL	180889	daf-9	11.308	34	4	12	1.602	0.114	6.59
TRPG_CAEEL	172646	gon-2	11.226	13	4	1	1.602	0.0	7.007
MIG17_CAEEL	179575	mig-17	11.081	16	4	2	1.602	0.0	6.917
LIN12_CAEEL	176282	lin-12	10.648	224	7	5	1.845	0.0	5.771
TFDP1_CAEEL	174458	dpl-1	10.402	12	3	2	1.477	0.0	7.042
SRC1_CAEEL	171722	src-1	10.259	15	3	1	1.477	0.0	6.945
G5EEG9_CAEEL	172458	hlh-2	10.043	21	3	4	1.477	0.0	6.799
RIOK1_CAEEL	171883	riok-1	9.945	3	2	0	1.301	0.0	7.644
ATRX_CAEEL	172077	xnp-1	9.945	3	2	2	1.301	0.0	7.644
Q565A2_CAEEL	172504	pbrm-1	9.945	3	2	1	1.301	0.0	7.644
ANI2_CAEEL	174055	ani-2	9.945	3	2	5	1.301	0.0	7.644
DIN1_CAEEL	174782	din-1	9.945	3	2	3	1.301	0.0	7.644
CATIN_CAEEL	175066	cacn-1	9.782	4	2	1	1.301	0.0	7.519
NHR6_CAEEL	175462	nhr-6	9.782	4	2	0	1.301	0.0	7.519
Q65XX1_CAEEL	171888	vbh-1	9.656	5	2	1	1.301	0.0	7.422
DAF12_CAEEL	181263	daf-12	9.64	127	4	9	1.602	0.0	6.017
Q7KPP4_CAEEL	171988	unc-73	9.583	43	3	1	1.477	0.0	6.487
TEN1_CAEEL	175953	ten-1	9.466	7	2	2	1.301	0.0	7.276
BLMP1_CAEEL	172917	blmp-1	9.324	9	2	4	1.301	0.0	7.167
TRA1_CAEEL	176548	tra-1	9.27	70	3	3	1.477	0.0	6.276
Q22024_CAEEL	174552	egl-43	9.211	11	2	1	1.301	0.0	7.08
CEP1_CAEEL	172616	cep-1	9.123	88	3	3	1.477	0.0	6.176
WNT1_CAEEL	173399	cwn-1	9.116	13	2	2	1.301	0.0	7.007
ROCK_CAEEL	172088	let-502	8.965	17	2	2	1.301	0.0	6.891
CKI1_CAEEL	174260	cki-1	8.794	23	2	3	1.301	0.0	6.759
PAT3_CAEEL	175504	pat-3	8.794	23	2	3	1.301	0.0	6.759
ITPR_CAEEL	177546	itr-1	8.77	24	2	1	1.301	0.0	6.741
UNC52_CAEEL	175126	unc-52	8.573	34	2	1	1.301	0.0	6.59
G5EGG8_CAEEL	177914	rad-51	8.344	51	2	0	1.301	0.0	6.413
CED1_CAEEL	173064	ced-1	8.312	54	2	6	1.301	0.0	6.389
DAF7_CAEEL	175237	daf-7	8.252	60	2	8	1.301	0.0	6.343
LIN35_CAEEL	172249	lin-35	8.234	62	2	3	1.301	0.0	6.329
CDC42_CAEEL	174233	cdc-42	8.182	68	2	2	1.301	0.0	6.289
G5EGP8_CAEEL	171829	cpz-1	8.121	1	1	1	1.0	0.0	8.121
H2L0S2_CAEEL	171867	cogc-3	8.121	1	1	1	1.0	0.0	8.121
Q9N3R5_CAEEL	171929	inx-22	8.121	1	1	2	1.0	0.0	8.121
MED7_CAEEL	173353	let-49	8.121	1	1	0	1.0	0.0	8.121
G5EC05_CAEEL	175555	evl-14	8.121	1	1	1	1.0	0.0	8.121
TCL2_CAEEL	176832	tcl-2	8.121	1	1	0	1.0	0.0	8.121
F5GUA7_CAEEL	177822	catp-6	8.121	1	1	0	1.0	0.0	8.121
MIG38_CAEEL	178082	mig-38	8.121	1	1	0	1.0	0.0	8.121
V6CK14_CAEEL	190809	him-19	8.121	1	1	1	1.0	0.0	8.121
ARL2_CAEEL	191632	evl-20	8.121	1	1	1	1.0	0.0	8.121
INSR_CAEEL	175410	daf-2	7.961	416	1	27	1.0	0.447	5.501
ERI1_CAEEL	176868	eri-1	7.868	27	1	14	1.0	0.176	6.69
B6DX32_CAEEL	171648	lpr-1	7.82	2	1	0	1.0	0.0	7.82
Q9N5K1_CAEEL	172413	sacy-1	7.82	2	1	1	1.0	0.0	7.82
Q9NLD1_CAEEL	173086	hrp-2	7.82	2	1	0	1.0	0.0	7.82
Q18993_CAEEL	174386	piga-1	7.82	2	1	1	1.0	0.0	7.82
Q9U208_CAEEL	174860	polg-1	7.82	2	1	3	1.0	0.0	7.82
NCOR1_CAEEL	176145	gei-8	7.82	2	1	0	1.0	0.0	7.82
CNNM1_CAEEL	178499	cnnm-1	7.82	2	1	0	1.0	0.0	7.82
Q5TKA3_CAEEL	179043	acs-1	7.82	2	1	2	1.0	0.0	7.82
INX3_CAEEL	180866	inx-3	7.82	2	1	0	1.0	0.0	7.82
TNNI1_CAEEL	181329	tni-1	7.82	2	1	1	1.0	0.0	7.82
TOP1_CAEEL	266847	top-1	7.82	2	1	0	1.0	0.0	7.82
GLP1_CAEEL	176286	glp-1	7.677	166	2	5	1.301	0.0	5.901
G5EF03_CAEEL	173401	etr-1	7.644	3	1	0	1.0	0.0	7.644
FLII_CAEEL	176215	fli-1	7.644	3	1	0	1.0	0.0	7.644
SMC3_CAEEL	176559	smc-3	7.644	3	1	1	1.0	0.0	7.644
SPE6_CAEEL	176582	spe-6	7.644	3	1	1	1.0	0.0	7.644
G5ECR7_CAEEL	176605	elb-1	7.644	3	1	0	1.0	0.0	7.644
Q21216_CAEEL	177899	gon-4	7.644	3	1	0	1.0	0.0	7.644
G5EDC6_CAEEL	178405	arl-8	7.644	3	1	1	1.0	0.0	7.644
O17939_CAEEL	180022	aipl-1	7.644	3	1	2	1.0	0.0	7.644
Q10924_CAEEL	181907	fkh-6	7.644	3	1	0	1.0	0.0	7.644
Q18612_CAEEL	183457	hnd-1	7.644	3	1	1	1.0	0.0	7.644
Q9N5A0_CAEEL	172137	spe-5	7.519	4	1	0	1.0	0.0	7.519
G5EC36_CAEEL	172236	lim-7	7.519	4	1	1	1.0	0.0	7.519
O44782_CAEEL	172259	vpr-1	7.519	4	1	1	1.0	0.0	7.519
U4PRH5_CAEEL	172950	pash-1	7.519	4	1	0	1.0	0.0	7.519
COQ8_CAEEL	175647	coq-8	7.519	4	1	0	1.0	0.0	7.519
SCC3_CAEEL	179749	scc-3	7.519	4	1	1	1.0	0.0	7.519
Q9XWF0_CAEEL	189371	hsd-1	7.519	4	1	1	1.0	0.0	7.519
SCC4_CAEEL	172598	mau-2	7.422	5	1	0	1.0	0.0	7.422
TG198_CAEEL	176166	crn-7	7.422	5	1	0	1.0	0.0	7.422
ASNA_CAEEL	176254	asna-1	7.422	5	1	4	1.0	0.0	7.422
VAB7_CAEEL	176521	vab-7	7.422	5	1	0	1.0	0.0	7.422
PPN1_CAEEL	179162	mig-6	7.422	5	1	2	1.0	0.0	7.422
O01887_CAEEL	187088	try-5	7.422	5	1	3	1.0	0.0	7.422
G5EBR7_CAEEL	173069	exo-3	7.343	6	1	0	1.0	0.0	7.343
STIP1_CAEEL	178587	sti-1	7.343	6	1	2	1.0	0.0	7.343
TNNT_CAEEL	180914	mup-2	7.343	6	1	1	1.0	0.0	7.343
Q27GU3_CAEEL	183012	mps-1	7.343	6	1	1	1.0	0.0	7.343
JUN_CAEEL	174452	jun-1	7.276	7	1	0	1.0	0.0	7.276
STIM1_CAEEL	175201	stim-1	7.276	7	1	0	1.0	0.0	7.276
PLPL2_CAEEL	175910	atgl-1	7.276	7	1	4	1.0	0.0	7.276
DIG1_CAEEL	175951	dig-1	7.276	7	1	0	1.0	0.0	7.276
CO4A1_CAEEL	176314	emb-9	7.276	7	1	1	1.0	0.0	7.276
HM18_CAEEL	180671	ceh-18	7.276	7	1	1	1.0	0.0	7.276
H11_CAEEL	181545	his-24	7.276	7	1	1	1.0	0.0	7.276
Q18239_CAEEL	266854	dsh-2	7.276	7	1	0	1.0	0.0	7.276
G5EGK1_CAEEL	171736	tln-1	7.218	8	1	0	1.0	0.0	7.218
MIG5_CAEEL	174317	mig-5	7.218	8	1	0	1.0	0.0	7.218
PRO1_CAEEL	174622	pro-1	7.218	8	1	1	1.0	0.0	7.218
ILKH_CAEEL	175175	pat-4	7.218	8	1	0	1.0	0.0	7.218
H2AV_CAEEL	177212	htz-1	7.218	8	1	1	1.0	0.0	7.218
DYHC_CAEEL	172041	dhc-1	7.167	9	1	0	1.0	0.0	7.167
G5EEC4_CAEEL	173058	vab-10	7.167	9	1	1	1.0	0.0	7.167
PAT2_CAEEL	176240	pat-2	7.167	9	1	2	1.0	0.0	7.167
PMY13_CAEEL	174531	wee-1.3	7.121	10	1	0	1.0	0.0	7.121
TACC1_CAEEL	175133	tac-1	7.121	10	1	2	1.0	0.0	7.121
G5ED76_CAEEL	177594	unc-24	7.121	10	1	0	1.0	0.0	7.121
ELT7_CAEEL	178868	elt-7	7.121	10	1	0	1.0	0.0	7.121
DCA11_CAEEL	172518	wdr-23	7.08	11	1	3	1.0	0.0	7.08
ZYG11_CAEEL	174284	zyg-11	7.08	11	1	0	1.0	0.0	7.08
SET2_CAEEL	175662	set-2	7.08	11	1	2	1.0	0.0	7.08
LIN9_CAEEL	176256	lin-9	7.08	11	1	1	1.0	0.0	7.08
HDA1_CAEEL	179959	hda-1	7.08	11	1	1	1.0	0.0	7.08
TNNC2_CAEEL	174612	tnc-2	7.042	12	1	1	1.0	0.0	7.042
NHR8_CAEEL	177551	nhr-8	7.042	12	1	1	1.0	0.0	7.042
NHR67_CAEEL	178024	nhr-67	7.042	12	1	1	1.0	0.0	7.042
G5EFT5_CAEEL	173078	hsf-1	7.041	95	1	13	1.0	0.146	6.143
ILB4_CAEEL	191688	ins-7	7.007	13	1	3	1.0	0.0	7.007
SMG1_CAEEL	172418	smg-1	6.975	14	1	3	1.0	0.0	6.975
MEK2_CAEEL	171872	mek-2	6.945	15	1	0	1.0	0.0	6.945
ANC1_CAEEL	172034	anc-1	6.945	15	1	2	1.0	0.0	6.945
WLS_CAEEL	175020	mig-14	6.945	15	1	1	1.0	0.0	6.945
MET2_CAEEL	176183	met-2	6.945	15	1	0	1.0	0.0	6.945
G5EF11_CAEEL	180133	efl-1	6.945	15	1	1	1.0	0.0	6.945
14332_CAEEL	181348	ftt-2	6.945	15	1	0	1.0	0.0	6.945
SYV_CAEEL	173224	vrs-2	6.891	17	1	4	1.0	0.0	6.891
G5ECZ1_CAEEL	177366	unc-44	6.891	17	1	1	1.0	0.0	6.891
G5EEX5_CAEEL	180321	fog-2	6.891	17	1	4	1.0	0.0	6.891
Q8T3C1_CAEEL	180565	ser-7	6.891	17	1	3	1.0	0.0	6.891
TY3H_CAEEL	173411	cat-2	6.866	18	1	0	1.0	0.0	6.866
VIT6_CAEEL	177619	vit-6	6.866	18	1	0	1.0	0.0	6.866
G5EFP1_CAEEL	179010	rme-1	6.866	18	1	0	1.0	0.0	6.866
PER_CAEEL	173503	lin-42	6.842	19	1	2	1.0	0.0	6.842
NHR25_CAEEL	181432	nhr-25	6.842	19	1	2	1.0	0.0	6.842
F5GUH4_CAEEL	188247	him-8	6.842	19	1	2	1.0	0.0	6.842
LIN26_CAEEL	3565051	lin-26	6.842	19	1	0	1.0	0.0	6.842
O16720_CAEEL	173468	alg-2	6.82	20	1	1	1.0	0.0	6.82
FER1_CAEEL	172659	fer-1	6.799	21	1	2	1.0	0.0	6.799
STX1A_CAEEL	176743	unc-64	6.799	21	1	2	1.0	0.0	6.799
G5EFI9_CAEEL	171939	hus-1	6.759	23	1	0	1.0	0.0	6.759
CED12_CAEEL	172890	ced-12	6.741	24	1	9	1.0	0.0	6.741
CED7_CAEEL	176352	ced-7	6.741	24	1	3	1.0	0.0	6.741
G5EDE2_CAEEL	176506	hpl-2	6.741	24	1	1	1.0	0.0	6.741
ADF1_CAEEL	178640	unc-60	6.741	24	1	2	1.0	0.0	6.741
VAB1_CAEEL	173794	vab-1	6.706	26	1	1	1.0	0.0	6.706
CLK2_CAEEL	176065	clk-2	6.706	26	1	1	1.0	0.0	6.706
CED2_CAEEL	176968	ced-2	6.706	26	1	6	1.0	0.0	6.706
Q19019_CAEEL	180419	sli-1	6.706	26	1	0	1.0	0.0	6.706
CDK1_CAEEL	176374	cdk-1	6.644	30	1	1	1.0	0.0	6.644
EGL15_CAEEL	181291	egl-15	6.577	35	1	0	1.0	0.0	6.577
UNC51_CAEEL	180311	unc-51	6.553	37	1	1	1.0	0.0	6.553
G5EDV1_CAEEL	171832	lin-17	6.541	38	1	1	1.0	0.0	6.541
G5EBV8_CAEEL	177117	osm-9	6.53	39	1	2	1.0	0.0	6.53
RL40_CAEEL	176718	ubq-2	6.519	40	1	0	1.0	0.0	6.519
EGL5_CAEEL	176093	egl-5	6.508	41	1	1	1.0	0.0	6.508
PTEN_CAEEL	176869	daf-18	6.487	43	1	0	1.0	0.0	6.487
UNC86_CAEEL	176157	unc-86	6.431	49	1	0	1.0	0.0	6.431
MAB5_CAEEL	176091	mab-5	6.35	59	1	0	1.0	0.0	6.35
RAC1_CAEEL	177111	ced-10	6.315	64	1	0	1.0	0.0	6.315
LIN28_CAEEL	172626	lin-28	6.301	66	1	3	1.0	0.0	6.301
G5EF96_CAEEL	172233	unc-40	6.207	82	1	1	1.0	0.0	6.207
GLD1_CAEEL	172532	gld-1	6.197	84	1	3	1.0	0.0	6.197
PAR3_CAEEL	175783	par-3	6.148	94	1	1	1.0	0.0	6.148
AGE1_CAEEL	174762	age-1	5.984	137	1	0	1.0	0.0	5.984
CED3_CAEEL	178272	ced-3	5.716	254	1	0	1.0	0.0	5.716
