Big_T	1232433
Big_F	130843
UniProtKB_ID	GeneID	Gene_Name	PPS	Big_P	T+P	Citation	1+Log(T+P)	log10((Cit/yr+1)/10)	1+log10(F/T)+log10(F/P)
FOXO_CAEEL	172981	daf-16	4.147	677	84	166	2.924	1.223	1.0
DAF7_CAEEL	175237	daf-7	2.678	60	14	33	2.146	0.531	1.0
INSR_CAEEL	175410	daf-2	2.607	416	15	26	2.176	0.431	1.0
SKN1_CAEEL	177343	skn-1	2.422	208	12	21	2.079	0.342	1.0
Q18534_CAEEL	180752	npr-1	2.365	50	8	28	1.903	0.462	1.0
PHA4_CAEEL	180357	pha-4	2.362	68	5	45	1.699	0.663	1.0
ACH8_CAEEL	175072	eat-2	2.334	38	8	26	1.903	0.431	1.0
U4PE16_CAEEL	175086	ctl-3	2.246	52	8	21	1.903	0.342	1.0
SIR2_CAEEL	177924	sir-2.1	2.243	103	7	24	1.845	0.398	1.0
G5EEE2_CAEEL	172723	tax-2	2.193	33	6	25	1.778	0.415	1.0
AAPK2_CAEEL	181727	aak-2	2.146	49	4	34	1.602	0.544	1.0
AGE1_CAEEL	174762	age-1	2.13	137	9	14	1.954	0.176	1.0
G5EED8_CAEEL	174227	tph-1	2.049	28	8	13	1.903	0.146	1.0
EGL4_CAEEL	176991	egl-4	1.944	33	8	10	1.903	0.041	1.0
TOR_CAEEL	172167	let-363	1.778	5	4	14	1.602	0.176	1.0
NHR49_CAEEL	172839	nhr-49	1.699	32	5	9	1.699	0.0	1.0
TY3H_CAEEL	173411	cat-2	1.699	18	5	2	1.699	0.0	1.0
HS110_CAEEL	176195	hsp-110	1.699	18	5	1	1.699	0.0	1.0
ELT2_CAEEL	181250	elt-2	1.623	51	3	13	1.477	0.146	1.0
CEP1_CAEEL	172616	cep-1	1.602	88	4	9	1.602	0.0	1.0
O45246_CAEEL	172757	hsp-70	1.602	61	4	0	1.602	0.0	1.0
DAF19_CAEEL	174577	daf-19	1.602	23	4	3	1.602	0.0	1.0
MED15_CAEEL	175817	mdt-15	1.602	21	4	5	1.602	0.0	1.0
GST4_CAEEL	177886	gst-4	1.602	37	4	3	1.602	0.0	1.0
PP2B_CAEEL	177943	tax-6	1.602	22	4	4	1.602	0.0	1.0
GPA3_CAEEL	179319	gpa-3	1.602	13	4	3	1.602	0.0	1.0
ODR10_CAEEL	180959	odr-10	1.602	22	4	0	1.602	0.0	1.0
DAF12_CAEEL	181263	daf-12	1.602	127	4	5	1.602	0.0	1.0
Q8T3C1_CAEEL	180565	ser-7	1.556	17	3	11	1.477	0.079	1.0
Q9GQ00_CAEEL	179269	mod-1	1.531	16	2	16	1.301	0.23	1.0
Q9N5Z3_CAEEL	171635	tol-1	1.477	12	3	9	1.477	0.0	1.0
SODM1_CAEEL	172632	sod-2	1.477	29	3	5	1.477	0.0	1.0
HSP7D_CAEEL	174203	hsp-4	1.477	26	3	1	1.477	0.0	1.0
COQ7_CAEEL	175729	clk-1	1.477	110	3	1	1.477	0.0	1.0
LIN12_CAEEL	176282	lin-12	1.477	224	3	5	1.477	0.0	1.0
TRXR1_CAEEL	177466	trxr-1	1.477	13	3	2	1.477	0.0	1.0
PIMT_CAEEL	178981	pcm-1	1.477	11	3	0	1.477	0.0	1.0
NCS1_CAEEL	180448	ncs-1	1.477	9	3	4	1.477	0.0	1.0
DOPR3_CAEEL	188499	dop-3	1.477	17	3	3	1.477	0.0	1.0
PMK1_CAEEL	191743	pmk-1	1.477	60	3	5	1.477	0.0	1.0
COX1_CAEEL	2565700	cox-1	1.477	49	3	0	1.477	0.0	1.0
BECN_CAEEL	177345	bec-1	1.38	27	2	11	1.301	0.079	1.0
METH_CAEEL	174681	metr-1	1.362	1	1	22	1.0	0.362	1.0
G5EGU1_CAEEL	171751	egl-30	1.301	28	2	2	1.301	0.0	1.0
O01970_CAEEL	171753	nlp-12	1.301	9	2	2	1.301	0.0	1.0
Q9N3C7_CAEEL	171879	mod-5	1.301	7	2	5	1.301	0.0	1.0
G5EDP9_CAEEL	172141	aap-1	1.301	5	2	1	1.301	0.0	1.0
AHR_CAEEL	172788	ahr-1	1.301	14	2	3	1.301	0.0	1.0
A0A0K3AU50_CAEEL	172914	mgl-2	1.301	5	2	0	1.301	0.0	1.0
Q9N5S2_CAEEL	172983	gpx-8	1.301	17	2	0	1.301	0.0	1.0
G5EGQ9_CAEEL	173929	nmr-1	1.301	9	2	1	1.301	0.0	1.0
SODC_CAEEL	174141	sod-1	1.301	41	2	0	1.301	0.0	1.0
NHX2_CAEEL	174242	nhx-2	1.301	7	2	3	1.301	0.0	1.0
CED4_CAEEL	175643	ced-4	1.301	159	2	1	1.301	0.0	1.0
GLR1_CAEEL	176204	glr-1	1.301	57	2	6	1.301	0.0	1.0
AAPK1_CAEEL	176230	aak-1	1.301	6	2	3	1.301	0.0	1.0
FAR1_CAEEL	176283	far-1	1.301	11	2	1	1.301	0.0	1.0
NTDO_CAEEL	176304	dat-1	1.301	20	2	1	1.301	0.0	1.0
KS6B_CAEEL	176554	rsks-1	1.301	14	2	5	1.301	0.0	1.0
Q9XX00_CAEEL	176574	sbp-1	1.301	20	2	1	1.301	0.0	1.0
G5EBL5_CAEEL	176597	crh-1	1.301	17	2	3	1.301	0.0	1.0
ITPR_CAEEL	177546	itr-1	1.301	24	2	1	1.301	0.0	1.0
FAT3_CAEEL	177820	fat-3	1.301	15	2	0	1.301	0.0	1.0
G5EFY8_CAEEL	177936	ins-1	1.301	9	2	8	1.301	0.0	1.0
CAPS_CAEEL	178233	unc-31	1.301	22	2	2	1.301	0.0	1.0
FAT1_CAEEL	178291	fat-1	1.301	29	2	4	1.301	0.0	1.0
G5EEL5_CAEEL	179068	dbl-1	1.301	54	2	1	1.301	0.0	1.0
KPC1B_CAEEL	179649	pkc-1	1.301	10	2	1	1.301	0.0	1.0
G5EGF0_CAEEL	180401	che-2	1.301	12	2	5	1.301	0.0	1.0
Q86FL8_CAEEL	180994	spp-5	1.301	3	2	2	1.301	0.0	1.0
HM36_CAEEL	181529	ceh-36	1.301	9	2	2	1.301	0.0	1.0
SODM2_CAEEL	181748	sod-3	1.301	105	2	5	1.301	0.0	1.0
THIO1_CAEEL	181863	trx-1	1.301	9	2	2	1.301	0.0	1.0
DOPR4_CAEEL	183715	dop-4	1.301	8	2	6	1.301	0.0	1.0
Q93700_CAEEL	185412	gst-18	1.301	28	2	0	1.301	0.0	1.0
NPR9_CAEEL	191320	npr-9	1.301	4	2	3	1.301	0.0	1.0
COX2_CAEEL	2565697	ctc-2	1.301	18	2	0	1.301	0.0	1.0
AKT1_CAEEL	179424	akt-1	1.204	44	1	15	1.0	0.204	1.0
B5BM24_CAEEL	174322	ifg-1	1.146	6	1	13	1.0	0.146	1.0
Q86MJ3_CAEEL	177157	hlh-30	1.146	11	1	13	1.0	0.146	1.0
IRE1_CAEEL	174305	ire-1	1.041	33	1	10	1.0	0.041	1.0
V6CIR8_CAEEL	177329	rme-2	1.041	17	1	10	1.0	0.041	1.0
SPE8_CAEEL	171606	spe-8	1.0	10	1	1	1.0	0.0	1.0
G5EFI9_CAEEL	171939	hus-1	1.0	23	1	0	1.0	0.0	1.0
Q8IG64_CAEEL	172013	ppw-1	1.0	3	1	3	1.0	0.0	1.0
DYHC_CAEEL	172041	dhc-1	1.0	9	1	7	1.0	0.0	1.0
G5EF37_CAEEL	172127	pat-10	1.0	6	1	2	1.0	0.0	1.0
Q9N588_CAEEL	172149	tyms-1	1.0	8	1	1	1.0	0.0	1.0
ACH6_CAEEL	172150	unc-63	1.0	13	1	1	1.0	0.0	1.0
NAT10_CAEEL	172182	nath-10	1.0	3	1	1	1.0	0.0	1.0
P91093_CAEEL	172190	coq-1	1.0	2	1	0	1.0	0.0	1.0
LIN35_CAEEL	172249	lin-35	1.0	62	1	0	1.0	0.0	1.0
G5EDF9_CAEEL	172262	pgp-2	1.0	10	1	0	1.0	0.0	1.0
PK3C3_CAEEL	172280	vps-34	1.0	14	1	0	1.0	0.0	1.0
Q8T8N8_CAEEL	172310	ech-1.2	1.0	2	1	7	1.0	0.0	1.0
Q8IG68_CAEEL	172320	lpd-2	1.0	2	1	0	1.0	0.0	1.0
Q23098_CAEEL	172438	nuo-6	1.0	9	1	0	1.0	0.0	1.0
G5EEG9_CAEEL	172458	hlh-2	1.0	21	1	1	1.0	0.0	1.0
MYO1_CAEEL	172471	myo-1	1.0	4	1	0	1.0	0.0	1.0
EAT5_CAEEL	172480	eat-5	1.0	9	1	1	1.0	0.0	1.0
GBB2_CAEEL	172483	gpb-2	1.0	10	1	2	1.0	0.0	1.0
MYSP_CAEEL	172491	unc-15	1.0	35	1	0	1.0	0.0	1.0
UNC13_CAEEL	172497	unc-13	1.0	61	1	1	1.0	0.0	1.0
GLD1_CAEEL	172532	gld-1	1.0	84	1	6	1.0	0.0	1.0
Q21221_CAEEL	172585	aho-3	1.0	1	1	0	1.0	0.0	1.0
DYHC2_CAEEL	172593	che-3	1.0	12	1	0	1.0	0.0	1.0
G5ECC6_CAEEL	172600	ins-18	1.0	4	1	0	1.0	0.0	1.0
TRPG_CAEEL	172646	gon-2	1.0	13	1	1	1.0	0.0	1.0
Q9U325_CAEEL	172732	mef-2	1.0	7	1	1	1.0	0.0	1.0
B7WNA0_CAEEL	172744	pyk-1	1.0	5	1	0	1.0	0.0	1.0
G5EFS1_CAEEL	172817	ikb-1	1.0	1	1	0	1.0	0.0	1.0
NHR62_CAEEL	172836	nhr-62	1.0	1	1	3	1.0	0.0	1.0
MOM5_CAEEL	172856	mom-5	1.0	14	1	1	1.0	0.0	1.0
CLC87_CAEEL	172885	clec-87	1.0	2	1	1	1.0	0.0	1.0
LID1_CAEEL	172888	lid-1	1.0	2	1	4	1.0	0.0	1.0
Q93727_CAEEL	172909	sptf-1	1.0	1	1	0	1.0	0.0	1.0
G5EFT5_CAEEL	173078	hsf-1	1.0	95	1	7	1.0	0.0	1.0
Q2L6T9_CAEEL	173162	acox-1.1	1.0	5	1	3	1.0	0.0	1.0
GCY35_CAEEL	173202	gcy-35	1.0	14	1	6	1.0	0.0	1.0
LSD1_CAEEL	173214	spr-5	1.0	13	1	1	1.0	0.0	1.0
SYV_CAEEL	173224	vrs-2	1.0	17	1	1	1.0	0.0	1.0
G5EDX1_CAEEL	173282	kal-1	1.0	10	1	0	1.0	0.0	1.0
AEX5_CAEEL	173358	aex-5	1.0	2	1	0	1.0	0.0	1.0
G5EG96_CAEEL	173388	tre-5	1.0	5	1	0	1.0	0.0	1.0
DJ11_CAEEL	173416	djr-1.1	1.0	2	1	3	1.0	0.0	1.0
O76555_CAEEL	173445	mlt-10	1.0	2	1	0	1.0	0.0	1.0
A9D649_CAEEL	173496	sut-1	1.0	2	1	0	1.0	0.0	1.0
Q7KQ29_CAEEL	173500	pod-2	1.0	7	1	0	1.0	0.0	1.0
Q86N72_CAEEL	173510	alh-6	1.0	2	1	6	1.0	0.0	1.0
GPA11_CAEEL	173759	gpa-11	1.0	3	1	5	1.0	0.0	1.0
Q23419_CAEEL	173986	tbc-2	1.0	7	1	0	1.0	0.0	1.0
FRDA_CAEEL	174002	frh-1	1.0	6	1	1	1.0	0.0	1.0
FBF1_CAEEL	174016	fbf-1	1.0	23	1	0	1.0	0.0	1.0
LGG1_CAEEL	174050	lgg-1	1.0	34	1	1	1.0	0.0	1.0
THILH_CAEEL	174161	kat-1	1.0	5	1	0	1.0	0.0	1.0
G5EE53_CAEEL	174315	rrf-3	1.0	17	1	0	1.0	0.0	1.0
QUA1_CAEEL	174319	qua-1	1.0	1	1	1	1.0	0.0	1.0
G5ECE8_CAEEL	174383	chhy-1	1.0	6	1	3	1.0	0.0	1.0
TCPB_CAEEL	174421	cct-2	1.0	2	1	0	1.0	0.0	1.0
TOM40_CAEEL	174431	tomm-40	1.0	2	1	0	1.0	0.0	1.0
GSH1_CAEEL	174438	gcs-1	1.0	13	1	0	1.0	0.0	1.0
Q23390_CAEEL	174464	abu-14	1.0	1	1	1	1.0	0.0	1.0
G5EG31_CAEEL	174568	flp-4	1.0	3	1	0	1.0	0.0	1.0
PRO1_CAEEL	174622	pro-1	1.0	8	1	1	1.0	0.0	1.0
G5ECF9_CAEEL	174657	mpz-1	1.0	4	1	0	1.0	0.0	1.0
Q17880_CAEEL	174696	nuo-1	1.0	5	1	2	1.0	0.0	1.0
Q22743_CAEEL	174726	raga-1	1.0	2	1	1	1.0	0.0	1.0
A5JYS1_CAEEL	174775	pcs-1	1.0	13	1	0	1.0	0.0	1.0
G5ECB9_CAEEL	174836	mex-1	1.0	14	1	0	1.0	0.0	1.0
Q9U2F2_CAEEL	174912	cpt-1	1.0	2	1	0	1.0	0.0	1.0
H1ZUX3_CAEEL	175275	par-2	1.0	65	1	4	1.0	0.0	1.0
G5EGH0_CAEEL	175322	ser-4	1.0	15	1	1	1.0	0.0	1.0
SARM1_CAEEL	175502	tir-1	1.0	20	1	3	1.0	0.0	1.0
UN103_CAEEL	175527	unc-103	1.0	13	1	1	1.0	0.0	1.0
G5EE07_CAEEL	175541	xbp-1	1.0	33	1	3	1.0	0.0	1.0
MPK1_CAEEL	175545	mpk-1	1.0	58	1	3	1.0	0.0	1.0
G5EDM1_CAEEL	175674	nca-2	1.0	7	1	0	1.0	0.0	1.0
H2KYG4_CAEEL	175778	bas-1	1.0	11	1	1	1.0	0.0	1.0
PLPL2_CAEEL	175910	atgl-1	1.0	7	1	3	1.0	0.0	1.0
PDFR1_CAEEL	175942	pdfr-1	1.0	5	1	4	1.0	0.0	1.0
OGT1_CAEEL	176000	ogt-1	1.0	7	1	0	1.0	0.0	1.0
NAS35_CAEEL	176014	dpy-31	1.0	6	1	0	1.0	0.0	1.0
PISD_CAEEL	176027	psd-1	1.0	2	1	0	1.0	0.0	1.0
CADH3_CAEEL	176085	cdh-3	1.0	8	1	3	1.0	0.0	1.0
ATG13_CAEEL	176150	atg-13	1.0	3	1	2	1.0	0.0	1.0
PSMD3_CAEEL	176196	rpn-3	1.0	1	1	0	1.0	0.0	1.0
ASNA_CAEEL	176254	asna-1	1.0	5	1	4	1.0	0.0	1.0
TPK1_CAEEL	176258	tpk-1	1.0	3	1	0	1.0	0.0	1.0
TRXR2_CAEEL	176259	trxr-2	1.0	4	1	1	1.0	0.0	1.0
BAF1_CAEEL	176330	baf-1	1.0	5	1	1	1.0	0.0	1.0
CBP1_CAEEL	176380	cbp-1	1.0	17	1	0	1.0	0.0	1.0
RGS1_CAEEL	176415	rgs-1	1.0	9	1	1	1.0	0.0	1.0
UNC47_CAEEL	176431	unc-47	1.0	16	1	0	1.0	0.0	1.0
UN119_CAEEL	176519	unc-119	1.0	24	1	0	1.0	0.0	1.0
Q9U2C3_CAEEL	176560	rab-35	1.0	2	1	5	1.0	0.0	1.0
Q9U228_CAEEL	176615	mif-1	1.0	2	1	2	1.0	0.0	1.0
RL40_CAEEL	176718	ubq-2	1.0	40	1	6	1.0	0.0	1.0
DAF1_CAEEL	176829	daf-1	1.0	23	1	2	1.0	0.0	1.0
PTEN_CAEEL	176869	daf-18	1.0	43	1	0	1.0	0.0	1.0
Q9NGT3_CAEEL	177046	mdf-2	1.0	10	1	1	1.0	0.0	1.0
RIC8_CAEEL	177048	ric-8	1.0	19	1	1	1.0	0.0	1.0
ATIF2_CAEEL	177106	mai-2	1.0	1	1	0	1.0	0.0	1.0
ZAG1_CAEEL	177144	zag-1	1.0	5	1	0	1.0	0.0	1.0
FEM1_CAEEL	177335	fem-1	1.0	44	1	1	1.0	0.0	1.0
G5EG83_CAEEL	177374	zen-4	1.0	23	1	3	1.0	0.0	1.0
Q95X44_CAEEL	177442	vha-8	1.0	3	1	0	1.0	0.0	1.0
Q9GZH5_CAEEL	177455	rpn-1	1.0	1	1	0	1.0	0.0	1.0
PSA_CAEEL	177528	pam-1	1.0	6	1	0	1.0	0.0	1.0
W6SBD7_CAEEL	177532	nprl-2	1.0	2	1	2	1.0	0.0	1.0
NHR8_CAEEL	177551	nhr-8	1.0	12	1	1	1.0	0.0	1.0
Q18758_CAEEL	177557	klo-1	1.0	2	1	0	1.0	0.0	1.0
FLP01_CAEEL	177737	flp-1	1.0	20	1	1	1.0	0.0	1.0
G5ED22_CAEEL	177790	npr-2	1.0	2	1	1	1.0	0.0	1.0
C1P636_CAEEL	177855	uba-1	1.0	3	1	0	1.0	0.0	1.0
KCC2D_CAEEL	177921	unc-43	1.0	30	1	1	1.0	0.0	1.0
CBPE_CAEEL	177940	egl-21	1.0	4	1	2	1.0	0.0	1.0
O18067_CAEEL	177948	zim-2	1.0	2	1	0	1.0	0.0	1.0
Q20766_CAEEL	178036	gtl-2	1.0	9	1	0	1.0	0.0	1.0
Q23601_CAEEL	178094	prx-2	1.0	3	1	0	1.0	0.0	1.0
C1P634_CAEEL	178107	magi-1	1.0	5	1	2	1.0	0.0	1.0
FAT6_CAEEL	178122	fat-6	1.0	18	1	5	1.0	0.0	1.0
J7RNK2_CAEEL	178251	scl-2	1.0	1	1	1	1.0	0.0	1.0
A0A0K3AW68_CAEEL	178563	lipl-5	1.0	1	1	0	1.0	0.0	1.0
A0A0K3AVF4_CAEEL	178624	egl-2	1.0	5	1	1	1.0	0.0	1.0
HSP12_CAEEL	178659	hsp-16.2	1.0	76	1	0	1.0	0.0	1.0
LYS7_CAEEL	178772	lys-7	1.0	12	1	1	1.0	0.0	1.0
NLP29_CAEEL	178805	nlp-29	1.0	13	1	0	1.0	0.0	1.0
G5EEM0_CAEEL	178821	nhr-114	1.0	1	1	3	1.0	0.0	1.0
H2KZL2_CAEEL	178825	nlp-9	1.0	1	1	2	1.0	0.0	1.0
SOC1_CAEEL	178855	soc-1	1.0	8	1	1	1.0	0.0	1.0
CALR_CAEEL	178997	crt-1	1.0	30	1	0	1.0	0.0	1.0
Q8IA50_CAEEL	179041	mdh-1	1.0	16	1	0	1.0	0.0	1.0
CPR4_CAEEL	179053	cpr-4	1.0	1	1	0	1.0	0.0	1.0
GCY7_CAEEL	179222	gcy-7	1.0	3	1	2	1.0	0.0	1.0
PFKA2_CAEEL	179335	pfk-1.2	1.0	1	1	0	1.0	0.0	1.0
G5EBI6_CAEEL	179347	dop-2	1.0	9	1	3	1.0	0.0	1.0
EGL9_CAEEL	179461	egl-9	1.0	28	1	3	1.0	0.0	1.0
GCH1_CAEEL	179472	cat-4	1.0	8	1	3	1.0	0.0	1.0
S6EZT1_CAEEL	179503	nrx-1	1.0	6	1	0	1.0	0.0	1.0
ACT1_CAEEL	179535	act-1	1.0	9	1	0	1.0	0.0	1.0
DAF11_CAEEL	179605	daf-11	1.0	14	1	2	1.0	0.0	1.0
ADH1_CAEEL	179627	sodh-1	1.0	4	1	0	1.0	0.0	1.0
GPA17_CAEEL	179806	odr-3	1.0	16	1	0	1.0	0.0	1.0
MT2_CAEEL	179899	mtl-2	1.0	25	1	0	1.0	0.0	1.0
EGL1_CAEEL	179943	egl-1	1.0	100	1	1	1.0	0.0	1.0
HSP90_CAEEL	179971	daf-21	1.0	29	1	0	1.0	0.0	1.0
A8WI01_CAEEL	180004	cng-1	1.0	3	1	0	1.0	0.0	1.0
O45387_CAEEL	180088	gst-22	1.0	1	1	0	1.0	0.0	1.0
O45734_CAEEL	180111	cpl-1	1.0	12	1	1	1.0	0.0	1.0
FAT5_CAEEL	180162	fat-5	1.0	10	1	0	1.0	0.0	1.0
ANM1_CAEEL	180326	prmt-1	1.0	8	1	0	1.0	0.0	1.0
HIF1_CAEEL	180359	hif-1	1.0	79	1	1	1.0	0.0	1.0
Q19779_CAEEL	180427	gtr-1	1.0	1	1	1	1.0	0.0	1.0
UNC1_CAEEL	180458	unc-1	1.0	11	1	0	1.0	0.0	1.0
Q9GYK0_CAEEL	180467	lmp-2	1.0	2	1	0	1.0	0.0	1.0
Q20700_CAEEL	180526	swip-10	1.0	1	1	1	1.0	0.0	1.0
SYG1_CAEEL	180555	syg-1	1.0	10	1	2	1.0	0.0	1.0
NHR40_CAEEL	180560	nhr-40	1.0	3	1	0	1.0	0.0	1.0
FLP18_CAEEL	180587	flp-18	1.0	13	1	3	1.0	0.0	1.0
Q86ME4_CAEEL	180714	dop-1	1.0	14	1	0	1.0	0.0	1.0
FLP11_CAEEL	180741	flp-11	1.0	5	1	0	1.0	0.0	1.0
ETS5_CAEEL	180778	ets-5	1.0	5	1	1	1.0	0.0	1.0
Q19955_CAEEL	180801	ags-3	1.0	5	1	0	1.0	0.0	1.0
KAPR_CAEEL	180864	kin-2	1.0	6	1	0	1.0	0.0	1.0
DAF9_CAEEL	180889	daf-9	1.0	34	1	1	1.0	0.0	1.0
PEPT1_CAEEL	180919	pept-1	1.0	13	1	0	1.0	0.0	1.0
MEK1_CAEEL	181004	mek-1	1.0	21	1	1	1.0	0.0	1.0
DPY7_CAEEL	181013	dpy-7	1.0	12	1	0	1.0	0.0	1.0
UNC18_CAEEL	181030	unc-18	1.0	37	1	0	1.0	0.0	1.0
Q7YZR6_CAEEL	181045	cca-1	1.0	10	1	1	1.0	0.0	1.0
CATP5_CAEEL	181067	catp-5	1.0	1	1	1	1.0	0.0	1.0
NHR14_CAEEL	181102	nhr-14	1.0	2	1	0	1.0	0.0	1.0
Q95QP2_CAEEL	181165	flp-20	1.0	4	1	1	1.0	0.0	1.0
LEC8_CAEEL	181198	lec-8	1.0	3	1	0	1.0	0.0	1.0
A0A0K3AST9_CAEEL	181273	vap-2	1.0	4	1	0	1.0	0.0	1.0
TNNI1_CAEEL	181329	tni-1	1.0	2	1	1	1.0	0.0	1.0
METK1_CAEEL	181370	sams-1	1.0	9	1	1	1.0	0.0	1.0
SMA5_CAEEL	181373	sma-5	1.0	4	1	0	1.0	0.0	1.0
GBG_CAEEL	181424	gpc-1	1.0	6	1	0	1.0	0.0	1.0
G5EGI5_CAEEL	181468	flr-1	1.0	5	1	0	1.0	0.0	1.0
CDK4_CAEEL	181472	cdk-4	1.0	10	1	0	1.0	0.0	1.0
Q8WQD8_CAEEL	181478	cah-4	1.0	5	1	0	1.0	0.0	1.0
EAT20_CAEEL	181641	eat-20	1.0	1	1	0	1.0	0.0	1.0
G5ECV2_CAEEL	181716	ser-1	1.0	19	1	1	1.0	0.0	1.0
NAS6_CAEEL	181796	nas-6	1.0	1	1	0	1.0	0.0	1.0
Q93239_CAEEL	182740	folr-1	1.0	1	1	0	1.0	0.0	1.0
Q18234_CAEEL	182944	flp-21	1.0	8	1	2	1.0	0.0	1.0
Q18366_CAEEL	183144	sru-3	1.0	1	1	0	1.0	0.0	1.0
Q18602_CAEEL	183433	vps-50	1.0	1	1	0	1.0	0.0	1.0
CHE1_CAEEL	183847	che-1	1.0	13	1	3	1.0	0.0	1.0
G5EBX8_CAEEL	184572	ser-5	1.0	9	1	0	1.0	0.0	1.0
O45489_CAEEL	185460	hlh-17	1.0	5	1	0	1.0	0.0	1.0
Q27499_CAEEL	185653	cyp-33e2	1.0	3	1	1	1.0	0.0	1.0
SRA13_CAEEL	186058	sra-13	1.0	1	1	0	1.0	0.0	1.0
Q94282_CAEEL	187389	trx-3	1.0	2	1	1	1.0	0.0	1.0
Q23013_CAEEL	187427	tyra-3	1.0	6	1	9	1.0	0.0	1.0
Q21656_CAEEL	187533	flp-32	1.0	3	1	1	1.0	0.0	1.0
NAD2_CAEEL	187898	nac-2	1.0	3	1	2	1.0	0.0	1.0
O61220_CAEEL	188314	ocr-2	1.0	21	1	3	1.0	0.0	1.0
SRX43_CAEEL	188374	srx-43	1.0	2	1	5	1.0	0.0	1.0
TMC1_CAEEL	188483	tmc-1	1.0	2	1	1	1.0	0.0	1.0
HLH6_CAEEL	188539	hlh-6	1.0	5	1	1	1.0	0.0	1.0
Q27526_CAEEL	188583	bgal-1	1.0	29	1	0	1.0	0.0	1.0
O44563_CAEEL	188726	bus-4	1.0	3	1	0	1.0	0.0	1.0
Q965P2_CAEEL	189507	cht-4	1.0	35	1	0	1.0	0.0	1.0
Q9BL83_CAEEL	189590	vps-4	1.0	8	1	0	1.0	0.0	1.0
A0A061AJL2_CAEEL	189769	nekl-1	1.0	1	1	1	1.0	0.0	1.0
Q9NEK7_CAEEL	191014	daf-28	1.0	22	1	2	1.0	0.0	1.0
DYF2_CAEEL	191342	dyf-2	1.0	4	1	1	1.0	0.0	1.0
GCY9_CAEEL	191645	gcy-9	1.0	5	1	5	1.0	0.0	1.0
GPA9_CAEEL	191659	gpa-9	1.0	3	1	1	1.0	0.0	1.0
P91329_CAEEL	191713	klf-3	1.0	7	1	0	1.0	0.0	1.0
SRA11_CAEEL	191782	sra-11	1.0	2	1	1	1.0	0.0	1.0
TWK7_CAEEL	192073	twk-7	1.0	2	1	0	1.0	0.0	1.0
Q8MXS7_CAEEL	259560	ser-6	1.0	5	1	0	1.0	0.0	1.0
MYO4_CAEEL	259839	unc-54	1.0	64	1	0	1.0	0.0	1.0
ABF2_CAEEL	266826	abf-2	1.0	5	1	0	1.0	0.0	1.0
NU5M_CAEEL	2565703	nduo-5	1.0	5	1	0	1.0	0.0	1.0
