Big_T	2826
Big_F	130843
UniProtKB_ID	GeneID	Gene_Name	PPS	Big_P	T+P	Citation	1+Log(T+P)	log10((Cit/yr+1)/10)	1+log10(F/T)+log10(F/P)
G5EF96_CAEEL	172233	unc-40	19.37	82	34	58	2.531	0.771	5.866
G5EBM0_CAEEL	174334	eff-1	16.165	32	13	28	2.114	0.462	6.274
GLP1_CAEEL	176286	glp-1	14.881	166	19	24	2.279	0.398	5.559
CED1_CAEEL	173064	ced-1	13.954	54	7	28	1.845	0.462	6.047
HMR1_CAEEL	173007	hmr-1	13.16	18	8	12	1.903	0.114	6.524
LIN12_CAEEL	176282	lin-12	13.111	224	13	19	2.114	0.301	5.429
UNC52_CAEEL	175126	unc-52	12.991	34	10	11	2.0	0.079	6.248
G5EDV1_CAEEL	171832	lin-17	12.89	38	8	14	1.903	0.176	6.2
G5EDF9_CAEEL	172262	pgp-2	12.789	10	7	10	1.845	0.041	6.779
UNC6_CAEEL	180961	unc-6	12.485	122	6	25	1.778	0.415	5.693
Q53U87_CAEEL	177602	sax-7	12.479	23	8	10	1.903	0.041	6.418
SPRC_CAEEL	176931	ost-1	11.683	8	5	2	1.699	0.0	6.876
AFF1_CAEEL	174123	aff-1	11.518	10	5	5	1.699	0.0	6.779
V6CLE7_CAEEL	171639	haf-4	11.343	5	4	0	1.602	0.0	7.081
SDC_CAEEL	181259	sdn-1	11.27	14	5	6	1.699	0.0	6.633
GON1_CAEEL	177850	gon-1	11.171	16	5	8	1.699	0.0	6.575
UNC84_CAEEL	181480	unc-84	11.046	22	4	12	1.602	0.114	6.437
ILKH_CAEEL	175175	pat-4	11.016	8	4	7	1.602	0.0	6.876
G5EF44_CAEEL	171677	mig-1	10.861	10	4	5	1.602	0.0	6.779
G5EDX1_CAEEL	173282	kal-1	10.861	10	4	7	1.602	0.0	6.779
NGLY1_CAEEL	173028	png-1	10.787	3	3	1	1.477	0.0	7.302
SARM1_CAEEL	175502	tir-1	10.71	20	3	14	1.477	0.176	6.478
G5ECJ4_CAEEL	172771	mec-8	10.679	13	4	5	1.602	0.0	6.666
ADA10_CAEEL	172689	sup-17	10.459	5	3	3	1.477	0.0	7.081
A0A1C3NSI5_CAEEL	175590	cdh-4	10.459	5	3	4	1.477	0.0	7.081
Q19672_CAEEL	172473	rde-2	10.342	6	3	2	1.477	0.0	7.001
SEM1A_CAEEL	173351	smp-1	10.342	6	3	2	1.477	0.0	7.001
Q8I4I1_CAEEL	172706	madd-4	10.243	7	3	6	1.477	0.0	6.934
G5EGJ5_CAEEL	175807	ida-1	10.243	7	3	2	1.477	0.0	6.934
CADH3_CAEEL	176085	cdh-3	10.157	8	3	4	1.477	0.0	6.876
PGP1_CAEEL	178215	pgp-1	10.014	10	3	4	1.477	0.0	6.779
Q9N384_CAEEL	175212	lec-6	9.897	12	3	0	1.477	0.0	6.7
NLGN1_CAEEL	181484	nlg-1	9.897	12	3	3	1.477	0.0	6.7
Q7KPP4_CAEEL	171988	unc-73	9.846	43	4	7	1.602	0.0	6.146
G5ECU8_CAEEL	172171	cln-3.2	9.73	2	2	0	1.301	0.0	7.478
A0A0K3ARM8_CAEEL	177401	sfrp-1	9.73	2	2	3	1.301	0.0	7.478
HMP1_CAEEL	179624	hmp-1	9.713	16	3	5	1.477	0.0	6.575
Q22947_CAEEL	178927	rhr-1	9.501	3	2	1	1.301	0.0	7.302
CLHM1_CAEEL	183429	clhm-1	9.501	3	2	1	1.301	0.0	7.302
Q19015_CAEEL	183971	pgp-11	9.501	3	2	2	1.301	0.0	7.302
POP1_CAEEL	171849	pop-1	9.414	80	4	8	1.602	0.0	5.876
DCR1_CAEEL	176138	dcr-1	9.358	24	1	28	1.0	0.462	6.399
LIN44_CAEEL	171994	lin-44	9.354	28	3	2	1.477	0.0	6.332
EPI1_CAEEL	177956	epi-1	9.338	4	2	0	1.301	0.0	7.177
LE653_CAEEL	178120	let-653	9.338	4	2	1	1.301	0.0	7.177
GLD2_CAEEL	172338	gld-2	9.309	30	3	9	1.477	0.0	6.302
G5EFD4_CAEEL	176540	hmt-1	9.212	5	2	2	1.301	0.0	7.081
PPN1_CAEEL	179162	mig-6	9.212	5	2	2	1.301	0.0	7.081
G5EG05_CAEEL	177821	egl-20	9.21	35	3	8	1.477	0.0	6.235
LMN1_CAEEL	172687	lmn-1	9.109	6	2	8	1.301	0.0	7.001
PAC1_CAEEL	176201	pac-1	9.109	6	2	0	1.301	0.0	7.001
S6EZT1_CAEEL	179503	nrx-1	9.109	6	2	4	1.301	0.0	7.001
HOP1_CAEEL	172017	hop-1	9.075	16	2	11	1.301	0.079	6.575
NICA_CAEEL	172905	aph-2	9.022	7	2	1	1.301	0.0	6.934
EFN4_CAEEL	176882	efn-4	9.022	7	2	1	1.301	0.0	6.934
DPY19_CAEEL	191628	dpy-19	9.022	7	2	4	1.301	0.0	6.934
FOXO_CAEEL	172981	daf-16	9.004	677	3	21	1.477	0.342	4.948
FUTA_CAEEL	174400	fut-1	8.946	8	2	3	1.301	0.0	6.876
Q22291_CAEEL	176452	spp-1	8.88	9	2	3	1.301	0.0	6.825
UNC83_CAEEL	179033	unc-83	8.88	9	2	7	1.301	0.0	6.825
MAB5_CAEEL	176091	mab-5	8.875	59	3	3	1.477	0.0	6.009
UNC5_CAEEL	177334	unc-5	8.854	61	3	8	1.477	0.0	5.994
SRF3_CAEEL	187393	srf-3	8.82	10	2	1	1.301	0.0	6.779
U4PC90_CAEEL	246019	plx-1	8.82	10	2	3	1.301	0.0	6.779
Q22024_CAEEL	174552	egl-43	8.766	11	2	2	1.301	0.0	6.738
Q18530_CAEEL	180750	lon-2	8.717	12	2	4	1.301	0.0	6.7
FBLN1_CAEEL	177788	fbl-1	8.672	13	2	1	1.301	0.0	6.666
P91493_CAEEL	172346	snt-4	8.591	15	2	5	1.301	0.0	6.603
G5EBQ3_CAEEL	172524	ego-1	8.591	15	2	2	1.301	0.0	6.603
FAT3_CAEEL	177820	fat-3	8.591	15	2	2	1.301	0.0	6.603
DMD_CAEEL	173038	dys-1	8.555	16	2	1	1.301	0.0	6.575
MIG17_CAEEL	179575	mig-17	8.555	16	2	1	1.301	0.0	6.575
O45278_CAEEL	178522	haf-1	8.526	5	1	15	1.0	0.204	7.081
G5ECZ1_CAEEL	177366	unc-44	8.52	17	2	2	1.301	0.0	6.549
G5EDZ9_CAEEL	177372	cpi-1	8.458	19	2	4	1.301	0.0	6.501
LIN26_CAEEL	3565051	lin-26	8.458	19	2	0	1.301	0.0	6.501
NTDO_CAEEL	176304	dat-1	8.429	20	2	4	1.301	0.0	6.478
CAM1_CAEEL	174473	cam-1	8.375	22	2	4	1.301	0.0	6.437
CED7_CAEEL	176352	ced-7	8.326	24	2	4	1.301	0.0	6.399
Q9U245_CAEEL	175089	lin-7	8.28	26	2	5	1.301	0.0	6.364
MIG10_CAEEL	176168	mig-10	8.238	28	2	6	1.301	0.0	6.332
LIN11_CAEEL	172893	lin-11	8.163	32	2	0	1.301	0.0	6.274
SAX3_CAEEL	180637	sax-3	8.163	32	2	3	1.301	0.0	6.274
SID1_CAEEL	178900	sid-1	8.112	35	2	0	1.301	0.0	6.235
LIN35_CAEEL	172249	lin-35	7.789	62	2	5	1.301	0.0	5.987
G4SRS5_CAEEL	171807	abtm-1	7.78	1	1	0	1.0	0.0	7.78
A0A078BS63_CAEEL	171846	itx-1	7.78	1	1	1	1.0	0.0	7.78
H2L0S2_CAEEL	171867	cogc-3	7.78	1	1	1	1.0	0.0	7.78
O44985_CAEEL	172406	teg-4	7.78	1	1	1	1.0	0.0	7.78
G5ECM2_CAEEL	172507	dcp-66	7.78	1	1	1	1.0	0.0	7.78
G5EF14_CAEEL	172758	uggt-2	7.78	1	1	0	1.0	0.0	7.78
H1UBK8_CAEEL	173316	zoo-1	7.78	1	1	1	1.0	0.0	7.78
RIG6_CAEEL	173828	rig-6	7.78	1	1	0	1.0	0.0	7.78
G5EFC8_CAEEL	174631	dap-3	7.78	1	1	1	1.0	0.0	7.78
PES10_CAEEL	174920	pes-10	7.78	1	1	1	1.0	0.0	7.78
O62334_CAEEL	175091	agl-1	7.78	1	1	0	1.0	0.0	7.78
G5EGT7_CAEEL	175353	iffb-1	7.78	1	1	0	1.0	0.0	7.78
CPG1_CAEEL	175586	cpg-1	7.78	1	1	2	1.0	0.0	7.78
Q20306_CAEEL	175873	abcf-3	7.78	1	1	1	1.0	0.0	7.78
ZIG5_CAEEL	176527	zig-5	7.78	1	1	0	1.0	0.0	7.78
A3QMC6_CAEEL	178178	erl-1	7.78	1	1	0	1.0	0.0	7.78
G5EBX4_CAEEL	178993	jamp-1	7.78	1	1	0	1.0	0.0	7.78
O01485_CAEEL	179109	soap-1	7.78	1	1	1	1.0	0.0	7.78
ASP6_CAEEL	179209	asp-6	7.78	1	1	0	1.0	0.0	7.78
CDO1_CAEEL	180434	cdo-1	7.78	1	1	1	1.0	0.0	7.78
EAA1_CAEEL	180641	glt-1	7.78	1	1	0	1.0	0.0	7.78
ADT2_CAEEL	181022	adt-2	7.78	1	1	0	1.0	0.0	7.78
VEM1_CAEEL	181066	vem-1	7.78	1	1	0	1.0	0.0	7.78
NHR91_CAEEL	181621	nhr-91	7.78	1	1	1	1.0	0.0	7.78
Q17400_CAEEL	181800	abu-1	7.78	1	1	4	1.0	0.0	7.78
G5EBT7_CAEEL	183582	cof-2	7.78	1	1	0	1.0	0.0	7.78
O45320_CAEEL	183973	hlh-16	7.78	1	1	0	1.0	0.0	7.78
O45364_CAEEL	184495	cyp-35d1	7.78	1	1	1	1.0	0.0	7.78
O45824_CAEEL	188900	clec-38	7.78	1	1	0	1.0	0.0	7.78
NSF_CAEEL	266842	nsf-1	7.78	1	1	0	1.0	0.0	7.78
GLD1_CAEEL	172532	gld-1	7.618	84	2	4	1.301	0.0	5.855
PAR3_CAEEL	175783	par-3	7.554	94	2	7	1.301	0.0	5.806
B6DX32_CAEEL	171648	lpr-1	7.478	2	1	0	1.0	0.0	7.478
NAS36_CAEEL	172506	nas-36	7.478	2	1	1	1.0	0.0	7.478
G5EBH1_CAEEL	172748	tat-5	7.478	2	1	6	1.0	0.0	7.478
G5EE13_CAEEL	173362	ptr-23	7.478	2	1	1	1.0	0.0	7.478
PYR1_CAEEL	174385	pyr-1	7.478	2	1	1	1.0	0.0	7.478
CAPZB_CAEEL	174673	cap-2	7.478	2	1	0	1.0	0.0	7.478
Q20778_CAEEL	175696	dpy-17	7.478	2	1	0	1.0	0.0	7.478
MUA3_CAEEL	176430	mua-3	7.478	2	1	0	1.0	0.0	7.478
SMA10_CAEEL	176849	sma-10	7.478	2	1	0	1.0	0.0	7.478
H2L0F4_CAEEL	176977	bus-2	7.478	2	1	1	1.0	0.0	7.478
G5ECX2_CAEEL	177078	lad-2	7.478	2	1	2	1.0	0.0	7.478
Q86NE1_CAEEL	179302	asp-2	7.478	2	1	2	1.0	0.0	7.478
MIF2_CAEEL	179638	mif-2	7.478	2	1	0	1.0	0.0	7.478
G5ED24_CAEEL	179794	max-1	7.478	2	1	2	1.0	0.0	7.478
DDRB_CAEEL	180622	ddr-2	7.478	2	1	1	1.0	0.0	7.478
RIG3_CAEEL	180958	rig-3	7.478	2	1	1	1.0	0.0	7.478
ADT1_CAEEL	181412	adt-1	7.478	2	1	0	1.0	0.0	7.478
A0A131MDA8_CAEEL	181499	hlb-1	7.478	2	1	0	1.0	0.0	7.478
G5EBN5_CAEEL	190251	ego-2	7.478	2	1	0	1.0	0.0	7.478
STATB_CAEEL	3565291	sta-2	7.478	2	1	2	1.0	0.0	7.478
E2AKB_CAEEL	174953	gcn-2	7.421	8	1	11	1.0	0.079	6.876
Q9BL17_CAEEL	171694	haf-6	7.302	3	1	1	1.0	0.0	7.302
Q95Q64_CAEEL	172021	nab-1	7.302	3	1	3	1.0	0.0	7.302
G5EDV5_CAEEL	172678	cle-1	7.302	3	1	2	1.0	0.0	7.302
SYM2_CAEEL	174461	sym-2	7.302	3	1	1	1.0	0.0	7.302
PLOD_CAEEL	174564	let-268	7.302	3	1	0	1.0	0.0	7.302
MUP4_CAEEL	176060	mup-4	7.302	3	1	0	1.0	0.0	7.302
NPC2_CAEEL	176165	ncr-2	7.302	3	1	1	1.0	0.0	7.302
PARV_CAEEL	176848	pat-6	7.302	3	1	2	1.0	0.0	7.302
TMED2_CAEEL	179213	sel-9	7.302	3	1	1	1.0	0.0	7.302
O44563_CAEEL	188726	bus-4	7.302	3	1	0	1.0	0.0	7.302
XYLT_CAEEL	190099	sqv-6	7.302	3	1	0	1.0	0.0	7.302
HM16_CAEEL	191618	ceh-16	7.302	3	1	1	1.0	0.0	7.302
CDC37_CAEEL	173449	cdc-37	7.177	4	1	1	1.0	0.0	7.177
DAZ1_CAEEL	173931	daz-1	7.177	4	1	0	1.0	0.0	7.177
Q17571_CAEEL	174467	aqp-2	7.177	4	1	0	1.0	0.0	7.177
PLX2_CAEEL	175101	plx-2	7.177	4	1	1	1.0	0.0	7.177
LAG3_CAEEL	175464	sel-8	7.177	4	1	1	1.0	0.0	7.177
SPT6H_CAEEL	175621	emb-5	7.177	4	1	0	1.0	0.0	7.177
TRPL_CAEEL	176202	trp-1	7.177	4	1	1	1.0	0.0	7.177
MTMR6_CAEEL	176757	mtm-6	7.177	4	1	0	1.0	0.0	7.177
Q19834_CAEEL	177793	aat-1	7.177	4	1	0	1.0	0.0	7.177
ROL3_CAEEL	179204	rol-3	7.177	4	1	0	1.0	0.0	7.177
Q17645_CAEEL	181276	pgp-5	7.177	4	1	1	1.0	0.0	7.177
Q21966_CAEEL	181444	asp-4	7.177	4	1	1	1.0	0.0	7.177
O01795_CAEEL	186188	duox-2	7.177	4	1	0	1.0	0.0	7.177
G5EEG7_CAEEL	173175	smu-1	7.081	5	1	0	1.0	0.0	7.081
HLH3_CAEEL	174447	hlh-3	7.081	5	1	0	1.0	0.0	7.081
C1P634_CAEEL	178107	magi-1	7.081	5	1	1	1.0	0.0	7.081
G5EDK5_CAEEL	179788	fmi-1	7.081	5	1	2	1.0	0.0	7.081
TOCA1_CAEEL	180492	toca-1	7.081	5	1	1	1.0	0.0	7.081
O45346_CAEEL	181772	osm-11	7.081	5	1	5	1.0	0.0	7.081
HLH6_CAEEL	188539	hlh-6	7.081	5	1	1	1.0	0.0	7.081
Q9U2S4_CAEEL	191608	arf-6	7.081	5	1	0	1.0	0.0	7.081
EMR1_CAEEL	171752	emr-1	7.001	6	1	1	1.0	0.0	7.001
G5EFK9_CAEEL	173176	pmr-1	7.001	6	1	0	1.0	0.0	7.001
Q22355_CAEEL	173749	ast-1	7.001	6	1	0	1.0	0.0	7.001
PUF5_CAEEL	174373	puf-5	7.001	6	1	2	1.0	0.0	7.001
STRD1_CAEEL	176526	strd-1	7.001	6	1	4	1.0	0.0	7.001
UNC71_CAEEL	176706	unc-71	7.001	6	1	1	1.0	0.0	7.001
G5ED30_CAEEL	188736	vab-9	7.001	6	1	1	1.0	0.0	7.001
NXF1_CAEEL	191736	nxf-1	7.001	6	1	2	1.0	0.0	7.001
IRE1_CAEEL	174305	ire-1	6.974	33	1	12	1.0	0.114	6.261
Q9N3C7_CAEEL	171879	mod-5	6.934	7	1	2	1.0	0.0	6.934
APH1_CAEEL	172747	aph-1	6.934	7	1	5	1.0	0.0	6.934
SYT1_CAEEL	174120	snt-1	6.934	7	1	5	1.0	0.0	6.934
NHX2_CAEEL	174242	nhx-2	6.934	7	1	2	1.0	0.0	6.934
DIG1_CAEEL	175951	dig-1	6.934	7	1	0	1.0	0.0	6.934
TEN1_CAEEL	175953	ten-1	6.934	7	1	1	1.0	0.0	6.934
CO4A1_CAEEL	176314	emb-9	6.934	7	1	1	1.0	0.0	6.934
Q9UAQ3_CAEEL	178619	madd-2	6.934	7	1	0	1.0	0.0	6.934
Q9GZD5_CAEEL	178897	unc-46	6.934	7	1	1	1.0	0.0	6.934
Q8MQ16_CAEEL	180409	mrp-1	6.934	7	1	2	1.0	0.0	6.934
SEM2A_CAEEL	171727	mab-20	6.876	8	1	1	1.0	0.0	6.876
O01577_CAEEL	171956	unc-108	6.876	8	1	2	1.0	0.0	6.876
G5EC16_CAEEL	172783	smn-1	6.876	8	1	0	1.0	0.0	6.876
PRO1_CAEEL	174622	pro-1	6.876	8	1	1	1.0	0.0	6.876
ATX2_CAEEL	176465	atx-2	6.876	8	1	1	1.0	0.0	6.876
Q93791_CAEEL	179770	nid-1	6.876	8	1	1	1.0	0.0	6.876
PGP3_CAEEL	181326	pgp-3	6.876	8	1	1	1.0	0.0	6.876
Q95ZL9_CAEEL	172158	bro-1	6.825	9	1	1	1.0	0.0	6.825
LRP_CAEEL	172520	lrp-1	6.825	9	1	2	1.0	0.0	6.825
H2KY90_CAEEL	180579	vang-1	6.825	9	1	6	1.0	0.0	6.825
CLC2_CAEEL	180999	clc-2	6.825	9	1	0	1.0	0.0	6.825
CDK2_CAEEL	171911	cdk-2	6.779	10	1	6	1.0	0.0	6.779
PRY1_CAEEL	173287	pry-1	6.779	10	1	3	1.0	0.0	6.779
GLR2_CAEEL	175999	glr-2	6.779	10	1	1	1.0	0.0	6.779
Q9GNP0_CAEEL	180837	cat-1	6.779	10	1	3	1.0	0.0	6.779
LMP1_CAEEL	180912	lmp-1	6.779	10	1	1	1.0	0.0	6.779
DIM_CAEEL	181062	dim-1	6.779	10	1	1	1.0	0.0	6.779
DCA11_CAEEL	172518	wdr-23	6.738	11	1	3	1.0	0.0	6.738
Q9XW17_CAEEL	173158	car-1	6.738	11	1	4	1.0	0.0	6.738
UNC36_CAEEL	176155	unc-36	6.738	11	1	0	1.0	0.0	6.738
NHR8_CAEEL	177551	nhr-8	6.7	12	1	1	1.0	0.0	6.7
WNT2_CAEEL	177870	cwn-2	6.7	12	1	4	1.0	0.0	6.7
Q20641_CAEEL	180581	nmy-1	6.7	12	1	1	1.0	0.0	6.7
LSD1_CAEEL	173214	spr-5	6.666	13	1	1	1.0	0.0	6.666
WNT1_CAEEL	173399	cwn-1	6.666	13	1	3	1.0	0.0	6.666
MEX6_CAEEL	174504	mex-6	6.666	13	1	6	1.0	0.0	6.666
A5JYS1_CAEEL	174775	pcs-1	6.666	13	1	1	1.0	0.0	6.666
LEC1_CAEEL	174964	lec-1	6.666	13	1	0	1.0	0.0	6.666
Q8T666_CAEEL	176074	cup-5	6.666	13	1	0	1.0	0.0	6.666
APX1_CAEEL	178759	apx-1	6.666	13	1	1	1.0	0.0	6.666
MOM2_CAEEL	179217	mom-2	6.666	13	1	5	1.0	0.0	6.666
PEPT1_CAEEL	180919	pept-1	6.666	13	1	0	1.0	0.0	6.666
MOM5_CAEEL	172856	mom-5	6.633	14	1	1	1.0	0.0	6.633
KS6B_CAEEL	176554	rsks-1	6.633	14	1	5	1.0	0.0	6.633
Q9XUS9_CAEEL	176815	cyk-4	6.633	14	1	1	1.0	0.0	6.633
CO4A2_CAEEL	181708	let-2	6.633	14	1	0	1.0	0.0	6.633
ANC1_CAEEL	172034	anc-1	6.603	15	1	7	1.0	0.0	6.603
CCNE_CAEEL	172399	cye-1	6.603	15	1	0	1.0	0.0	6.603
SMA6_CAEEL	174044	sma-6	6.603	15	1	0	1.0	0.0	6.603
Q09487_CAEEL	174197	puf-8	6.603	15	1	0	1.0	0.0	6.603
WLS_CAEEL	175020	mig-14	6.603	15	1	2	1.0	0.0	6.603
ROCK_CAEEL	172088	let-502	6.549	17	1	1	1.0	0.0	6.549
Q9N5S2_CAEEL	172983	gpx-8	6.549	17	1	0	1.0	0.0	6.549
G5EFG0_CAEEL	179720	sel-1	6.549	17	1	0	1.0	0.0	6.549
UN112_CAEEL	179972	unc-112	6.549	17	1	3	1.0	0.0	6.549
INA1_CAEEL	176296	ina-1	6.524	18	1	5	1.0	0.0	6.524
G5EEG9_CAEEL	172458	hlh-2	6.457	21	1	1	1.0	0.0	6.457
UNC17_CAEEL	24105312	unc-17	6.457	21	1	0	1.0	0.0	6.457
V6CKQ3_CAEEL	171607	mex-3	6.437	22	1	0	1.0	0.0	6.437
G5EDU7_CAEEL	177373	lag-1	6.437	22	1	3	1.0	0.0	6.437
PAT3_CAEEL	175504	pat-3	6.418	23	1	1	1.0	0.0	6.418
G5EG53_CAEEL	190098	unc-34	6.418	23	1	2	1.0	0.0	6.418
G5EBY3_CAEEL	172562	nmy-2	6.399	24	1	0	1.0	0.0	6.399
CED12_CAEEL	172890	ced-12	6.399	24	1	0	1.0	0.0	6.399
G5EEZ3_CAEEL	178930	glc-3	6.399	24	1	0	1.0	0.0	6.399
NDUS2_CAEEL	181646	gas-1	6.382	25	1	0	1.0	0.0	6.382
VAB1_CAEEL	173794	vab-1	6.364	26	1	1	1.0	0.0	6.364
BAR1_CAEEL	180982	bar-1	6.364	26	1	3	1.0	0.0	6.364
G5EED8_CAEEL	174227	tph-1	6.332	28	1	2	1.0	0.0	6.332
LIN10_CAEEL	172597	lin-10	6.302	30	1	0	1.0	0.0	6.302
DLK1_CAEEL	173128	dlk-1	6.288	31	1	9	1.0	0.0	6.288
DAF4_CAEEL	175781	daf-4	6.288	31	1	0	1.0	0.0	6.288
Q23146_CAEEL	174834	rab-7	6.235	35	1	2	1.0	0.0	6.235
LAG2_CAEEL	178755	lag-2	6.211	37	1	4	1.0	0.0	6.211
UN104_CAEEL	174144	unc-104	6.2	38	1	3	1.0	0.0	6.2
MEC3_CAEEL	177938	mec-3	6.2	38	1	0	1.0	0.0	6.2
PIE1_CAEEL	176667	pie-1	6.188	39	1	0	1.0	0.0	6.188
G5EEN3_CAEEL	177942	ced-5	6.188	39	1	0	1.0	0.0	6.188
O62387_CAEEL	172663	syx-17	6.136	44	1	0	1.0	0.0	6.136
SEM5_CAEEL	181055	sem-5	6.136	44	1	2	1.0	0.0	6.136
P91857_CAEEL	172755	rab-5	6.126	45	1	1	1.0	0.0	6.126
SLO1_CAEEL	180203	slo-1	6.107	47	1	3	1.0	0.0	6.107
ELT2_CAEEL	181250	elt-2	6.072	51	1	0	1.0	0.0	6.072
UNC13_CAEEL	172497	unc-13	5.994	61	1	0	1.0	0.0	5.994
UNC22_CAEEL	178135	unc-22	5.966	65	1	3	1.0	0.0	5.966
PAR6_CAEEL	173137	par-6	5.887	78	1	8	1.0	0.0	5.887
LET23_CAEEL	174462	let-23	5.882	79	1	1	1.0	0.0	5.882
CED4_CAEEL	175643	ced-4	5.578	159	1	5	1.0	0.0	5.578
CED3_CAEEL	178272	ced-3	5.375	254	1	4	1.0	0.0	5.375
