Big_T	425822
Big_F	130843
UniProtKB_ID	GeneID	Gene_Name	PPS	Big_P	T+P	Citation	1+Log(T+P)	log10((Cit/yr+1)/10)	1+log10(F/T)+log10(F/P)
FOXO_CAEEL	172981	daf-16	3.329	677	35	60	2.544	0.785	1.0
CEP1_CAEEL	172616	cep-1	2.422	88	12	21	2.079	0.342	1.0
AGE1_CAEEL	174762	age-1	2.188	137	7	21	1.845	0.342	1.0
G5EGG8_CAEEL	177914	rad-51	2.033	51	9	11	1.954	0.079	1.0
TRPA1_CAEEL	178118	trpa-1	1.982	11	4	23	1.602	0.38	1.0
CED4_CAEEL	175643	ced-4	1.954	159	6	14	1.778	0.176	1.0
INSR_CAEEL	175410	daf-2	1.892	416	6	12	1.778	0.114	1.0
O45246_CAEEL	172757	hsp-70	1.845	61	7	0	1.845	0.0	1.0
LIN28_CAEEL	172626	lin-28	1.799	66	3	20	1.477	0.322	1.0
G5EFI9_CAEEL	171939	hus-1	1.699	23	5	8	1.699	0.0	1.0
HIF1_CAEEL	180359	hif-1	1.699	79	5	4	1.699	0.0	1.0
LITE1_CAEEL	180894	lite-1	1.681	4	3	15	1.477	0.204	1.0
RNC_CAEEL	172830	drsh-1	1.653	2	1	44	1.0	0.653	1.0
G5EEE2_CAEEL	172723	tax-2	1.602	33	4	6	1.602	0.0	1.0
G5EFT5_CAEEL	173078	hsf-1	1.602	95	4	4	1.602	0.0	1.0
Q18817_CAEEL	175461	ben-1	1.602	7	4	6	1.602	0.0	1.0
UNC22_CAEEL	178135	unc-22	1.602	65	4	2	1.602	0.0	1.0
HSP12_CAEEL	178659	hsp-16.2	1.602	76	4	2	1.602	0.0	1.0
MT1_CAEEL	179060	mtl-1	1.602	21	4	3	1.602	0.0	1.0
RT4I1_CAEEL	3565366	rad-8	1.602	6	4	1	1.602	0.0	1.0
PER_CAEEL	173503	lin-42	1.477	19	3	3	1.477	0.0	1.0
LGG1_CAEEL	174050	lgg-1	1.477	34	3	2	1.477	0.0	1.0
WRN_CAEEL	174081	wrn-1	1.477	10	3	3	1.477	0.0	1.0
HSP7D_CAEEL	174203	hsp-4	1.477	26	3	3	1.477	0.0	1.0
Q9N536_CAEEL	175739	paqr-2	1.477	6	3	6	1.477	0.0	1.0
LIN12_CAEEL	176282	lin-12	1.477	224	3	5	1.477	0.0	1.0
HSP90_CAEEL	179971	daf-21	1.477	29	3	1	1.477	0.0	1.0
C560_CAEEL	260040	mev-1	1.477	77	3	3	1.477	0.0	1.0
TPS2_CAEEL	3565050	tps-2	1.477	9	3	0	1.477	0.0	1.0
LET60_CAEEL	178104	let-60	1.447	96	2	13	1.301	0.146	1.0
MEC10_CAEEL	181101	mec-10	1.342	29	1	21	1.0	0.342	1.0
G5EDV9_CAEEL	171905	ace-2	1.301	26	2	0	1.301	0.0	1.0
Q95Q60_CAEEL	171974	fkb-5	1.301	4	2	0	1.301	0.0	1.0
HOP1_CAEEL	172017	hop-1	1.301	16	2	1	1.301	0.0	1.0
UNC13_CAEEL	172497	unc-13	1.301	61	2	2	1.301	0.0	1.0
CED12_CAEEL	172890	ced-12	1.301	24	2	9	1.301	0.0	1.0
CED1_CAEEL	173064	ced-1	1.301	54	2	1	1.301	0.0	1.0
DAF19_CAEEL	174577	daf-19	1.301	23	2	2	1.301	0.0	1.0
U4PE16_CAEEL	175086	ctl-3	1.301	52	2	2	1.301	0.0	1.0
H1ZUX3_CAEEL	175275	par-2	1.301	65	2	0	1.301	0.0	1.0
Q20778_CAEEL	175696	dpy-17	1.301	2	2	0	1.301	0.0	1.0
LIN39_CAEEL	176068	lin-39	1.301	57	2	1	1.301	0.0	1.0
HSP10_CAEEL	176148	hsp-12.2	1.301	2	2	0	1.301	0.0	1.0
UNC36_CAEEL	176155	unc-36	1.301	11	2	0	1.301	0.0	1.0
HS110_CAEEL	176195	hsp-110	1.301	18	2	2	1.301	0.0	1.0
UN119_CAEEL	176519	unc-119	1.301	24	2	0	1.301	0.0	1.0
H332_CAEEL	176660	his-72	1.301	7	2	1	1.301	0.0	1.0
JMJD6_CAEEL	177229	psr-1	1.301	8	2	4	1.301	0.0	1.0
SKN1_CAEEL	177343	skn-1	1.301	208	2	1	1.301	0.0	1.0
G5EG02_CAEEL	177513	egl-19	1.301	26	2	0	1.301	0.0	1.0
FEM3_CAEEL	177734	fem-3	1.301	52	2	0	1.301	0.0	1.0
G5EE36_CAEEL	177778	hsp-12.6	1.301	7	2	0	1.301	0.0	1.0
SIR2_CAEEL	177924	sir-2.1	1.301	103	2	4	1.301	0.0	1.0
MEC3_CAEEL	177938	mec-3	1.301	38	2	0	1.301	0.0	1.0
MSH5_CAEEL	178268	msh-5	1.301	9	2	5	1.301	0.0	1.0
CED3_CAEEL	178272	ced-3	1.301	254	2	7	1.301	0.0	1.0
AKT1_CAEEL	179424	akt-1	1.301	44	2	3	1.301	0.0	1.0
MRE11_CAEEL	179488	mre-11	1.301	11	2	2	1.301	0.0	1.0
KPC1B_CAEEL	179649	pkc-1	1.301	10	2	7	1.301	0.0	1.0
CHK2_CAEEL	180304	chk-2	1.301	14	2	4	1.301	0.0	1.0
SEM5_CAEEL	181055	sem-5	1.301	44	2	5	1.301	0.0	1.0
DAF12_CAEEL	181263	daf-12	1.301	127	2	2	1.301	0.0	1.0
SODM2_CAEEL	181748	sod-3	1.301	105	2	1	1.301	0.0	1.0
Q21302_CAEEL	187120	xpa-1	1.301	13	2	4	1.301	0.0	1.0
P91329_CAEEL	191713	klf-3	1.301	7	2	1	1.301	0.0	1.0
CED9_CAEEL	3565776	ced-9	1.301	142	2	0	1.301	0.0	1.0
Q3Y400_CAEEL	3896777	glrx-22	1.301	5	2	2	1.301	0.0	1.0
SPO11_CAEEL	191771	spo-11	1.146	26	1	13	1.0	0.146	1.0
MPK1_CAEEL	175545	mpk-1	1.041	58	1	10	1.0	0.041	1.0
SESN1_CAEEL	171593	sesn-1	1.0	1	1	2	1.0	0.0	1.0
Q9N5Z3_CAEEL	171635	tol-1	1.0	12	1	0	1.0	0.0	1.0
Q9N2Z7_CAEEL	171647	wwp-1	1.0	8	1	2	1.0	0.0	1.0
B6DX32_CAEEL	171648	lpr-1	1.0	2	1	0	1.0	0.0	1.0
Q8T874_CAEEL	171691	aps-3	1.0	1	1	0	1.0	0.0	1.0
EMR1_CAEEL	171752	emr-1	1.0	6	1	2	1.0	0.0	1.0
POP1_CAEEL	171849	pop-1	1.0	80	1	2	1.0	0.0	1.0
Q9N3C7_CAEEL	171879	mod-5	1.0	7	1	2	1.0	0.0	1.0
Q86S68_CAEEL	171896	cdt-1	1.0	12	1	2	1.0	0.0	1.0
CDK2_CAEEL	171911	cdk-2	1.0	10	1	0	1.0	0.0	1.0
NO66_CAEEL	171932	jmjc-1	1.0	2	1	0	1.0	0.0	1.0
Q9TXR4_CAEEL	171938	msh-2	1.0	6	1	1	1.0	0.0	1.0
GLC7D_CAEEL	171960	gsp-4	1.0	5	1	1	1.0	0.0	1.0
INX16_CAEEL	172005	inx-16	1.0	3	1	4	1.0	0.0	1.0
P91153_CAEEL	172027	mus-81	1.0	5	1	5	1.0	0.0	1.0
Q95Y97_CAEEL	172092	rpa-2	1.0	1	1	1	1.0	0.0	1.0
G5EF37_CAEEL	172127	pat-10	1.0	6	1	4	1.0	0.0	1.0
Q9N5A0_CAEEL	172137	spe-5	1.0	4	1	0	1.0	0.0	1.0
SLX1_CAEEL	172157	slx-1	1.0	5	1	3	1.0	0.0	1.0
Q7JNG1_CAEEL	172195	atp-3	1.0	3	1	0	1.0	0.0	1.0
TMOD_CAEEL	172275	unc-94	1.0	3	1	1	1.0	0.0	1.0
Q8IG68_CAEEL	172320	lpd-2	1.0	2	1	0	1.0	0.0	1.0
UNC87_CAEEL	172397	unc-87	1.0	11	1	0	1.0	0.0	1.0
G5EEB6_CAEEL	172410	dpy-14	1.0	5	1	0	1.0	0.0	1.0
Q19730_CAEEL	172446	gly-18	1.0	1	1	0	1.0	0.0	1.0
LIN61_CAEEL	172467	lin-61	1.0	6	1	0	1.0	0.0	1.0
Q93413_CAEEL	172546	drh-3	1.0	11	1	0	1.0	0.0	1.0
GLB26_CAEEL	172564	glb-26	1.0	3	1	0	1.0	0.0	1.0
Q18853_CAEEL	172582	cyc-1	1.0	21	1	2	1.0	0.0	1.0
APR1_CAEEL	172591	apr-1	1.0	12	1	2	1.0	0.0	1.0
KTNA1_CAEEL	172612	mei-1	1.0	33	1	1	1.0	0.0	1.0
SODM1_CAEEL	172632	sod-2	1.0	29	1	0	1.0	0.0	1.0
C6KRL6_CAEEL	172644	zhp-3	1.0	5	1	0	1.0	0.0	1.0
TRPG_CAEEL	172646	gon-2	1.0	13	1	2	1.0	0.0	1.0
FER1_CAEEL	172659	fer-1	1.0	21	1	0	1.0	0.0	1.0
GEI17_CAEEL	172733	gei-17	1.0	6	1	2	1.0	0.0	1.0
G5ECJ4_CAEEL	172771	mec-8	1.0	13	1	0	1.0	0.0	1.0
G5EC16_CAEEL	172783	smn-1	1.0	8	1	1	1.0	0.0	1.0
OCT1_CAEEL	172841	oct-1	1.0	7	1	2	1.0	0.0	1.0
Q93456_CAEEL	172867	ercc-1	1.0	1	1	0	1.0	0.0	1.0
Q7K797_CAEEL	172920	pab-1	1.0	18	1	4	1.0	0.0	1.0
Q9N5S2_CAEEL	172983	gpx-8	1.0	17	1	0	1.0	0.0	1.0
DMD_CAEEL	173038	dys-1	1.0	16	1	0	1.0	0.0	1.0
G5ECH0_CAEEL	173074	hda-3	1.0	2	1	4	1.0	0.0	1.0
Q9XW17_CAEEL	173158	car-1	1.0	11	1	0	1.0	0.0	1.0
SEPA1_CAEEL	173196	sepa-1	1.0	5	1	0	1.0	0.0	1.0
LSD1_CAEEL	173214	spr-5	1.0	13	1	3	1.0	0.0	1.0
G5EDX1_CAEEL	173282	kal-1	1.0	10	1	0	1.0	0.0	1.0
O45494_CAEEL	173348	hinf-1	1.0	1	1	0	1.0	0.0	1.0
AEX5_CAEEL	173358	aex-5	1.0	2	1	2	1.0	0.0	1.0
TY3H_CAEEL	173411	cat-2	1.0	18	1	0	1.0	0.0	1.0
O16720_CAEEL	173468	alg-2	1.0	20	1	0	1.0	0.0	1.0
Q22355_CAEEL	173749	ast-1	1.0	6	1	4	1.0	0.0	1.0
VPS18_CAEEL	173783	vps-18	1.0	2	1	1	1.0	0.0	1.0
MYOD1_CAEEL	173788	hlh-1	1.0	34	1	0	1.0	0.0	1.0
Q21750_CAEEL	173848	aagr-2	1.0	2	1	0	1.0	0.0	1.0
SMC5_CAEEL	173874	smc-5	1.0	7	1	1	1.0	0.0	1.0
PINK1_CAEEL	173918	pink-1	1.0	15	1	1	1.0	0.0	1.0
H2KYU0_CAEEL	173940	acdh-2	1.0	1	1	5	1.0	0.0	1.0
CDC14_CAEEL	173945	cdc-14	1.0	4	1	2	1.0	0.0	1.0
G5ED46_CAEEL	174006	casy-1	1.0	3	1	3	1.0	0.0	1.0
BTF3_CAEEL	174090	icd-1	1.0	3	1	1	1.0	0.0	1.0
TRA2_CAEEL	174137	tra-2	1.0	55	1	0	1.0	0.0	1.0
SODC_CAEEL	174141	sod-1	1.0	41	1	0	1.0	0.0	1.0
CGL2_CAEEL	174155	cth-2	1.0	1	1	1	1.0	0.0	1.0
THILH_CAEEL	174161	kat-1	1.0	5	1	1	1.0	0.0	1.0
CDC42_CAEEL	174233	cdc-42	1.0	68	1	3	1.0	0.0	1.0
RFA1_CAEEL	174238	rpa-1	1.0	9	1	4	1.0	0.0	1.0
APN1_CAEEL	174291	apn-1	1.0	8	1	0	1.0	0.0	1.0
UBE4_CAEEL	174295	ufd-2	1.0	7	1	2	1.0	0.0	1.0
TUB1_CAEEL	174312	tub-1	1.0	12	1	0	1.0	0.0	1.0
PCH2_CAEEL	174313	pch-2	1.0	7	1	1	1.0	0.0	1.0
ZYG9_CAEEL	174350	zyg-9	1.0	17	1	3	1.0	0.0	1.0
ENO_CAEEL	174423	enol-1	1.0	11	1	0	1.0	0.0	1.0
CAM1_CAEEL	174473	cam-1	1.0	22	1	4	1.0	0.0	1.0
Q09649_CAEEL	174516	fzr-1	1.0	3	1	3	1.0	0.0	1.0
FTM_CAEEL	174654	mks-5	1.0	3	1	6	1.0	0.0	1.0
CUT1_CAEEL	174720	cut-1	1.0	12	1	0	1.0	0.0	1.0
A5JYS1_CAEEL	174775	pcs-1	1.0	13	1	0	1.0	0.0	1.0
Q23451_CAEEL	174785	rad-23	1.0	2	1	4	1.0	0.0	1.0
NLTP2_CAEEL	174881	daf-22	1.0	11	1	0	1.0	0.0	1.0
G5EFP8_CAEEL	174916	acl-7	1.0	1	1	1	1.0	0.0	1.0
G5EGG2_CAEEL	174958	hpr-17	1.0	2	1	0	1.0	0.0	1.0
CYSK2_CAEEL	175107	cysl-2	1.0	4	1	2	1.0	0.0	1.0
TACC1_CAEEL	175133	tac-1	1.0	10	1	2	1.0	0.0	1.0
FEM2_CAEEL	175217	fem-2	1.0	23	1	0	1.0	0.0	1.0
G5EFY1_CAEEL	175337	polh-1	1.0	4	1	2	1.0	0.0	1.0
UNC93_CAEEL	175466	unc-93	1.0	13	1	0	1.0	0.0	1.0
B6VQ60_CAEEL	175499	brc-1	1.0	11	1	0	1.0	0.0	1.0
TBB2_CAEEL	175519	tbb-2	1.0	6	1	1	1.0	0.0	1.0
Q19046_CAEEL	175522	rcq-5	1.0	2	1	0	1.0	0.0	1.0
SET2_CAEEL	175662	set-2	1.0	11	1	0	1.0	0.0	1.0
NARF_CAEEL	175702	oxy-4	1.0	1	1	0	1.0	0.0	1.0
COQ7_CAEEL	175729	clk-1	1.0	110	1	1	1.0	0.0	1.0
LON1_CAEEL	175753	lon-1	1.0	9	1	0	1.0	0.0	1.0
CED6_CAEEL	175773	ced-6	1.0	24	1	2	1.0	0.0	1.0
MED15_CAEEL	175817	mdt-15	1.0	21	1	0	1.0	0.0	1.0
UBIQ1_CAEEL	175840	ubq-1	1.0	3	1	0	1.0	0.0	1.0
Q20306_CAEEL	175873	abcf-3	1.0	1	1	1	1.0	0.0	1.0
H2KYW7_CAEEL	175881	hot-4	1.0	1	1	0	1.0	0.0	1.0
SET1_CAEEL	175918	set-1	1.0	14	1	2	1.0	0.0	1.0
DYL1_CAEEL	175922	dlc-1	1.0	4	1	0	1.0	0.0	1.0
NAA25_CAEEL	175956	cra-1	1.0	2	1	2	1.0	0.0	1.0
BRC2_CAEEL	175962	brc-2	1.0	6	1	2	1.0	0.0	1.0
Q20937_CAEEL	175971	let-711	1.0	2	1	0	1.0	0.0	1.0
Q95YE6_CAEEL	176067	lig-4	1.0	3	1	3	1.0	0.0	1.0
PROS1_CAEEL	176137	pros-1	1.0	3	1	0	1.0	0.0	1.0
GLR1_CAEEL	176204	glr-1	1.0	57	1	1	1.0	0.0	1.0
VPP1_CAEEL	176257	unc-32	1.0	5	1	1	1.0	0.0	1.0
GLP1_CAEEL	176286	glp-1	1.0	166	1	0	1.0	0.0	1.0
TAG76_CAEEL	176400	tag-76	1.0	3	1	7	1.0	0.0	1.0
G5EDQ5_CAEEL	176444	unc-69	1.0	4	1	1	1.0	0.0	1.0
Q18606_CAEEL	176518	com-1	1.0	3	1	2	1.0	0.0	1.0
G5EGL5_CAEEL	176543	pha-1	1.0	11	1	0	1.0	0.0	1.0
Q9U2D2_CAEEL	176546	cku-70	1.0	2	1	0	1.0	0.0	1.0
TRA1_CAEEL	176548	tra-1	1.0	70	1	0	1.0	0.0	1.0
G5EBL5_CAEEL	176597	crh-1	1.0	17	1	0	1.0	0.0	1.0
MRT2_CAEEL	176608	mrt-2	1.0	11	1	9	1.0	0.0	1.0
UNG_CAEEL	176633	ung-1	1.0	5	1	0	1.0	0.0	1.0
DCLK_CAEEL	176639	zyg-8	1.0	6	1	1	1.0	0.0	1.0
G5EGI1_CAEEL	176802	set-16	1.0	5	1	3	1.0	0.0	1.0
SID2_CAEEL	176805	sid-2	1.0	8	1	1	1.0	0.0	1.0
CMK1_CAEEL	176989	cmk-1	1.0	7	1	2	1.0	0.0	1.0
G5EDL0_CAEEL	177016	lin-1	1.0	31	1	3	1.0	0.0	1.0
U4PBX5_CAEEL	177084	eel-1	1.0	5	1	1	1.0	0.0	1.0
RAC1_CAEEL	177111	ced-10	1.0	64	1	0	1.0	0.0	1.0
UNC33_CAEEL	177112	unc-33	1.0	28	1	1	1.0	0.0	1.0
G5EBV8_CAEEL	177117	osm-9	1.0	39	1	0	1.0	0.0	1.0
WRT5_CAEEL	177162	wrt-5	1.0	1	1	0	1.0	0.0	1.0
G5EDU4_CAEEL	177249	eor-1	1.0	13	1	0	1.0	0.0	1.0
V6CIR8_CAEEL	177329	rme-2	1.0	17	1	2	1.0	0.0	1.0
G5EDI8_CAEEL	177425	drh-1	1.0	6	1	0	1.0	0.0	1.0
G5EBG0_CAEEL	177462	him-3	1.0	17	1	0	1.0	0.0	1.0
DIF1_CAEEL	177530	dif-1	1.0	3	1	0	1.0	0.0	1.0
W6SBD7_CAEEL	177532	nprl-2	1.0	2	1	2	1.0	0.0	1.0
ITPR_CAEEL	177546	itr-1	1.0	24	1	1	1.0	0.0	1.0
FLP13_CAEEL	177547	flp-13	1.0	9	1	4	1.0	0.0	1.0
G5EC23_CAEEL	177560	hcf-1	1.0	9	1	1	1.0	0.0	1.0
G5EF22_CAEEL	177574	flp-10	1.0	2	1	4	1.0	0.0	1.0
RS2_CAEEL	177583	rps-2	1.0	2	1	0	1.0	0.0	1.0
G5EDU0_CAEEL	177649	oat-1	1.0	1	1	0	1.0	0.0	1.0
FAT4_CAEEL	177819	fat-4	1.0	3	1	0	1.0	0.0	1.0
G5EG05_CAEEL	177821	egl-20	1.0	35	1	2	1.0	0.0	1.0
Q22501_CAEEL	177893	pps-1	1.0	2	1	1	1.0	0.0	1.0
GBLP_CAEEL	177895	rack-1	1.0	7	1	0	1.0	0.0	1.0
LIN3_CAEEL	178001	lin-3	1.0	51	1	1	1.0	0.0	1.0
Q19878_CAEEL	178190	acs-20	1.0	1	1	2	1.0	0.0	1.0
BLM_CAEEL	178201	him-6	1.0	15	1	1	1.0	0.0	1.0
SC5A7_CAEEL	178274	cho-1	1.0	5	1	1	1.0	0.0	1.0
FAT1_CAEEL	178291	fat-1	1.0	29	1	0	1.0	0.0	1.0
D3YT99_CAEEL	178418	fcd-2	1.0	6	1	1	1.0	0.0	1.0
STIP1_CAEEL	178587	sti-1	1.0	6	1	1	1.0	0.0	1.0
CALM_CAEEL	178614	cmd-1	1.0	13	1	1	1.0	0.0	1.0
Q86S28_CAEEL	178788	lin-40	1.0	8	1	0	1.0	0.0	1.0
Q95XZ2_CAEEL	178842	rft-2	1.0	2	1	0	1.0	0.0	1.0
SOC1_CAEEL	178855	soc-1	1.0	8	1	1	1.0	0.0	1.0
PIMT_CAEEL	178981	pcm-1	1.0	11	1	0	1.0	0.0	1.0
Q8IA50_CAEEL	179041	mdh-1	1.0	16	1	0	1.0	0.0	1.0
FAT7_CAEEL	179100	fat-7	1.0	20	1	2	1.0	0.0	1.0
G5EFH4_CAEEL	179125	srp-6	1.0	3	1	4	1.0	0.0	1.0
GPA2_CAEEL	179219	gpa-2	1.0	15	1	0	1.0	0.0	1.0
FLP06_CAEEL	179327	flp-6	1.0	5	1	0	1.0	0.0	1.0
ATR_CAEEL	179352	atl-1	1.0	13	1	5	1.0	0.0	1.0
RBX1_CAEEL	179358	rbx-1	1.0	12	1	1	1.0	0.0	1.0
G5EG04_CAEEL	179381	fshr-1	1.0	4	1	0	1.0	0.0	1.0
EGL9_CAEEL	179461	egl-9	1.0	28	1	6	1.0	0.0	1.0
GCH1_CAEEL	179472	cat-4	1.0	8	1	0	1.0	0.0	1.0
BIR1_CAEEL	179597	bir-1	1.0	7	1	2	1.0	0.0	1.0
G5EC35_CAEEL	179629	sma-1	1.0	9	1	0	1.0	0.0	1.0
GCY33_CAEEL	179644	gcy-33	1.0	6	1	8	1.0	0.0	1.0
MYO3_CAEEL	179676	myo-3	1.0	23	1	0	1.0	0.0	1.0
LIN25_CAEEL	179732	lin-25	1.0	6	1	0	1.0	0.0	1.0
G5EF06_CAEEL	179782	lin-46	1.0	6	1	1	1.0	0.0	1.0
PAR1_CAEEL	179912	par-1	1.0	67	1	4	1.0	0.0	1.0
EGL1_CAEEL	179943	egl-1	1.0	100	1	3	1.0	0.0	1.0
O45734_CAEEL	180111	cpl-1	1.0	12	1	0	1.0	0.0	1.0
FAT5_CAEEL	180162	fat-5	1.0	10	1	0	1.0	0.0	1.0
G5EGH9_CAEEL	180314	fre-1	1.0	1	1	0	1.0	0.0	1.0
NRDE3_CAEEL	180392	nrde-3	1.0	11	1	0	1.0	0.0	1.0
Q19779_CAEEL	180427	gtr-1	1.0	1	1	1	1.0	0.0	1.0
NCS1_CAEEL	180448	ncs-1	1.0	9	1	1	1.0	0.0	1.0
G5EG65_CAEEL	180553	hid-1	1.0	5	1	1	1.0	0.0	1.0
KIN29_CAEEL	180574	kin-29	1.0	8	1	1	1.0	0.0	1.0
Q20641_CAEEL	180581	nmy-1	1.0	12	1	0	1.0	0.0	1.0
G3P3_CAEEL	180601	gpd-3	1.0	10	1	0	1.0	0.0	1.0
Q18534_CAEEL	180752	npr-1	1.0	50	1	5	1.0	0.0	1.0
G5ECB6_CAEEL	180821	bus-8	1.0	3	1	4	1.0	0.0	1.0
INX3_CAEEL	180866	inx-3	1.0	2	1	0	1.0	0.0	1.0
PK1_CAEEL	180873	pak-1	1.0	16	1	0	1.0	0.0	1.0
UNC6_CAEEL	180961	unc-6	1.0	122	1	5	1.0	0.0	1.0
UNC18_CAEEL	181030	unc-18	1.0	37	1	0	1.0	0.0	1.0
SEK1_CAEEL	181043	sek-1	1.0	36	1	1	1.0	0.0	1.0
Q7YZR6_CAEEL	181045	cca-1	1.0	10	1	0	1.0	0.0	1.0
KPC2_CAEEL	181166	pkc-2	1.0	4	1	0	1.0	0.0	1.0
UNC58_CAEEL	181224	unc-58	1.0	2	1	0	1.0	0.0	1.0
ELT2_CAEEL	181250	elt-2	1.0	51	1	0	1.0	0.0	1.0
ABL1_CAEEL	181261	abl-1	1.0	11	1	1	1.0	0.0	1.0
PBO4_CAEEL	181285	pbo-4	1.0	3	1	0	1.0	0.0	1.0
G5EG78_CAEEL	181288	pxn-2	1.0	3	1	1	1.0	0.0	1.0
TTX3_CAEEL	181357	ttx-3	1.0	12	1	1	1.0	0.0	1.0
GBG_CAEEL	181424	gpc-1	1.0	6	1	0	1.0	0.0	1.0
SAD1_CAEEL	181471	sad-1	1.0	16	1	0	1.0	0.0	1.0
UNC84_CAEEL	181480	unc-84	1.0	22	1	3	1.0	0.0	1.0
G5EES3_CAEEL	181504	alg-1	1.0	35	1	1	1.0	0.0	1.0
Q19945_CAEEL	181584	daf-6	1.0	12	1	1	1.0	0.0	1.0
UNC7_CAEEL	181608	unc-7	1.0	13	1	1	1.0	0.0	1.0
CO4A2_CAEEL	181708	let-2	1.0	14	1	0	1.0	0.0	1.0
TPS1_CAEEL	181778	tps-1	1.0	3	1	3	1.0	0.0	1.0
G5EG36_CAEEL	182942	frpr-3	1.0	3	1	0	1.0	0.0	1.0
O17807_CAEEL	184473	cyp-13a12	1.0	2	1	2	1.0	0.0	1.0
Q19601_CAEEL	184697	glb-13	1.0	1	1	0	1.0	0.0	1.0
O02357_CAEEL	185307	irg-5	1.0	1	1	1	1.0	0.0	1.0
Q7JP52_CAEEL	186113	hsp-17	1.0	3	1	1	1.0	0.0	1.0
Q9N4K2_CAEEL	186197	cbs-2	1.0	5	1	0	1.0	0.0	1.0
Q27526_CAEEL	188583	bgal-1	1.0	29	1	0	1.0	0.0	1.0
Q9BL83_CAEEL	189590	vps-4	1.0	8	1	0	1.0	0.0	1.0
G5EG53_CAEEL	190098	unc-34	1.0	23	1	1	1.0	0.0	1.0
Q9GRV5_CAEEL	190574	trp-4	1.0	7	1	5	1.0	0.0	1.0
DYF2_CAEEL	191342	dyf-2	1.0	4	1	1	1.0	0.0	1.0
Q93329_CAEEL	191600	lev-8	1.0	9	1	0	1.0	0.0	1.0
PMK1_CAEEL	191743	pmk-1	1.0	60	1	0	1.0	0.0	1.0
TKR1_CAEEL	192055	tkr-1	1.0	3	1	0	1.0	0.0	1.0
PME1_CAEEL	266823	pme-1	1.0	9	1	0	1.0	0.0	1.0
Q8IG31_CAEEL	266858	prdx-2	1.0	8	1	7	1.0	0.0	1.0
Q9XWJ8_CAEEL	3564936	ing-3	1.0	2	1	0	1.0	0.0	1.0
HSR9_CAEEL	3565010	hsr-9	1.0	1	1	0	1.0	0.0	1.0
LIN26_CAEEL	3565051	lin-26	1.0	19	1	0	1.0	0.0	1.0
ZDHCS_CAEEL	3565514	spe-10	1.0	5	1	0	1.0	0.0	1.0
ATM_CAEEL	3565793	atm-1	1.0	5	1	0	1.0	0.0	1.0
CHK1_CAEEL	3565921	chk-1	1.0	14	1	1	1.0	0.0	1.0
Q1ZXU0_CAEEL	4363106	bnc-1	1.0	1	1	1	1.0	0.0	1.0
