Big_T	615376
Big_F	130843
UniProtKB_ID	GeneID	Gene_Name	PPS	Big_P	T+P	Citation	1+Log(T+P)	log10((Cit/yr+1)/10)	1+log10(F/T)+log10(F/P)
FOXO_CAEEL	172981	daf-16	3.18	677	27	55	2.431	0.748	1.0
SARM1_CAEEL	175502	tir-1	2.38	20	8	29	1.903	0.477	1.0
PMK1_CAEEL	191743	pmk-1	2.336	60	7	30	1.845	0.491	1.0
Q18534_CAEEL	180752	npr-1	1.978	50	5	18	1.699	0.279	1.0
INSR_CAEEL	175410	daf-2	1.929	416	5	16	1.699	0.23	1.0
DUOX1_CAEEL	171608	bli-3	1.903	16	5	15	1.699	0.204	1.0
B3GWA6_CAEEL	175587	atf-7	1.903	8	5	15	1.699	0.204	1.0
CED1_CAEEL	173064	ced-1	1.875	54	5	14	1.699	0.176	1.0
G5EDZ9_CAEEL	177372	cpi-1	1.699	19	5	5	1.699	0.0	1.0
SKN1_CAEEL	177343	skn-1	1.643	208	4	10	1.602	0.041	1.0
Q9N5Z3_CAEEL	171635	tol-1	1.602	12	4	8	1.602	0.0	1.0
ELT2_CAEEL	181250	elt-2	1.602	51	4	7	1.602	0.0	1.0
MPK1_CAEEL	175545	mpk-1	1.591	58	3	12	1.477	0.114	1.0
O45246_CAEEL	172757	hsp-70	1.477	61	3	0	1.477	0.0	1.0
G5EFT5_CAEEL	173078	hsf-1	1.477	95	3	2	1.477	0.0	1.0
CED3_CAEEL	178272	ced-3	1.477	254	3	3	1.477	0.0	1.0
LYS7_CAEEL	178772	lys-7	1.477	12	3	2	1.477	0.0	1.0
CALR_CAEEL	178997	crt-1	1.477	30	3	1	1.477	0.0	1.0
EGL9_CAEEL	179461	egl-9	1.477	28	3	3	1.477	0.0	1.0
Q965P2_CAEEL	189507	cht-4	1.477	35	3	0	1.477	0.0	1.0
Q9TXY8_CAEEL	189905	trx-4	1.477	27	3	1	1.477	0.0	1.0
Q21148_CAEEL	175240	zip-2	1.342	4	2	10	1.301	0.041	1.0
POP1_CAEEL	171849	pop-1	1.301	80	2	1	1.301	0.0	1.0
Q9TYS3_CAEEL	171934	ftn-2	1.301	19	2	1	1.301	0.0	1.0
MYSP_CAEEL	172491	unc-15	1.301	35	2	0	1.301	0.0	1.0
CLC87_CAEEL	172885	clec-87	1.301	2	2	1	1.301	0.0	1.0
Q7K797_CAEEL	172920	pab-1	1.301	18	2	0	1.301	0.0	1.0
Q9N5S2_CAEEL	172983	gpx-8	1.301	17	2	0	1.301	0.0	1.0
Q23406_CAEEL	174158	nos-2	1.301	15	2	0	1.301	0.0	1.0
ENO_CAEEL	174423	enol-1	1.301	11	2	0	1.301	0.0	1.0
U4PE16_CAEEL	175086	ctl-3	1.301	52	2	0	1.301	0.0	1.0
STIM1_CAEEL	175201	stim-1	1.301	7	2	1	1.301	0.0	1.0
DAF7_CAEEL	175237	daf-7	1.301	60	2	4	1.301	0.0	1.0
UNC93_CAEEL	175466	unc-93	1.301	13	2	5	1.301	0.0	1.0
LON1_CAEEL	175753	lon-1	1.301	9	2	0	1.301	0.0	1.0
PAC1_CAEEL	176201	pac-1	1.301	6	2	0	1.301	0.0	1.0
Q22291_CAEEL	176452	spp-1	1.301	9	2	3	1.301	0.0	1.0
Q9U228_CAEEL	176615	mif-1	1.301	2	2	2	1.301	0.0	1.0
Q8MXT1_CAEEL	176837	prdx-6	1.301	11	2	3	1.301	0.0	1.0
Q86MJ3_CAEEL	177157	hlh-30	1.301	11	2	9	1.301	0.0	1.0
Q6QUQ5_CAEEL	179195	srp-7	1.301	17	2	1	1.301	0.0	1.0
G5EG04_CAEEL	179381	fshr-1	1.301	4	2	3	1.301	0.0	1.0
G5EEH0_CAEEL	179393	rde-1	1.301	30	2	1	1.301	0.0	1.0
PSA6_CAEEL	179941	pas-1	1.301	2	2	0	1.301	0.0	1.0
Q19223_CAEEL	184206	irg-4	1.301	4	2	1	1.301	0.0	1.0
A4F310_CAEEL	185434	clec-167	1.301	5	2	0	1.301	0.0	1.0
DAPK_CAEEL	187322	dapk-1	1.301	5	2	8	1.301	0.0	1.0
ABF2_CAEEL	266826	abf-2	1.301	5	2	2	1.301	0.0	1.0
G5EE07_CAEEL	175541	xbp-1	1.114	33	1	12	1.0	0.114	1.0
Q23272_CAEEL	179922	atfs-1	1.041	16	1	10	1.0	0.041	1.0
SESN1_CAEEL	171593	sesn-1	1.0	1	1	2	1.0	0.0	1.0
GPA16_CAEEL	171675	gpa-16	1.0	21	1	2	1.0	0.0	1.0
Q8IA95_CAEEL	171773	fpn-1.1	1.0	4	1	1	1.0	0.0	1.0
G4SR45_CAEEL	171900	zip-4	1.0	1	1	0	1.0	0.0	1.0
O45012_CAEEL	171901	nol-5	1.0	1	1	1	1.0	0.0	1.0
O01577_CAEEL	171956	unc-108	1.0	8	1	3	1.0	0.0	1.0
Q9N588_CAEEL	172149	tyms-1	1.0	8	1	0	1.0	0.0	1.0
G5EFQ5_CAEEL	172243	rnt-1	1.0	14	1	0	1.0	0.0	1.0
BLI4_CAEEL	172333	bli-4	1.0	11	1	0	1.0	0.0	1.0
GNAO_CAEEL	172505	goa-1	1.0	47	1	0	1.0	0.0	1.0
Q93413_CAEEL	172546	drh-3	1.0	11	1	2	1.0	0.0	1.0
CEP1_CAEEL	172616	cep-1	1.0	88	1	2	1.0	0.0	1.0
SODM1_CAEEL	172632	sod-2	1.0	29	1	0	1.0	0.0	1.0
P91871_CAEEL	172715	fasn-1	1.0	5	1	1	1.0	0.0	1.0
G5EBH1_CAEEL	172748	tat-5	1.0	2	1	6	1.0	0.0	1.0
P91857_CAEEL	172755	rab-5	1.0	45	1	4	1.0	0.0	1.0
AHR_CAEEL	172788	ahr-1	1.0	14	1	0	1.0	0.0	1.0
PAR6_CAEEL	173137	par-6	1.0	78	1	8	1.0	0.0	1.0
MED23_CAEEL	173345	sur-2	1.0	13	1	3	1.0	0.0	1.0
O16689_CAEEL	173457	sdz-24	1.0	1	1	2	1.0	0.0	1.0
Q22355_CAEEL	173749	ast-1	1.0	6	1	0	1.0	0.0	1.0
VAB1_CAEEL	173794	vab-1	1.0	26	1	1	1.0	0.0	1.0
Q21746_CAEEL	173846	sgt-1	1.0	4	1	1	1.0	0.0	1.0
Q19988_CAEEL	173869	lrr-1	1.0	7	1	0	1.0	0.0	1.0
G5EDU3_CAEEL	173876	pld-1	1.0	6	1	4	1.0	0.0	1.0
PINK1_CAEEL	173918	pink-1	1.0	15	1	1	1.0	0.0	1.0
IFB2_CAEEL	173973	ifb-2	1.0	8	1	0	1.0	0.0	1.0
IFB1_CAEEL	173976	ifb-1	1.0	3	1	3	1.0	0.0	1.0
EGL27_CAEEL	174121	egl-27	1.0	12	1	1	1.0	0.0	1.0
SPI1_CAEEL	174219	spi-1	1.0	2	1	3	1.0	0.0	1.0
CDC42_CAEEL	174233	cdc-42	1.0	68	1	2	1.0	0.0	1.0
IRE1_CAEEL	174305	ire-1	1.0	33	1	3	1.0	0.0	1.0
G5EE53_CAEEL	174315	rrf-3	1.0	17	1	7	1.0	0.0	1.0
G5EBM0_CAEEL	174334	eff-1	1.0	32	1	5	1.0	0.0	1.0
Q19707_CAEEL	174347	cut-3	1.0	5	1	0	1.0	0.0	1.0
G5ECE8_CAEEL	174383	chhy-1	1.0	6	1	3	1.0	0.0	1.0
FUTA_CAEEL	174400	fut-1	1.0	8	1	1	1.0	0.0	1.0
MED13_CAEEL	174402	let-19	1.0	4	1	2	1.0	0.0	1.0
GSH1_CAEEL	174438	gcs-1	1.0	13	1	0	1.0	0.0	1.0
LET23_CAEEL	174462	let-23	1.0	79	1	0	1.0	0.0	1.0
DAF19_CAEEL	174577	daf-19	1.0	23	1	1	1.0	0.0	1.0
TNNC2_CAEEL	174612	tnc-2	1.0	12	1	0	1.0	0.0	1.0
CUT1_CAEEL	174720	cut-1	1.0	12	1	0	1.0	0.0	1.0
Q58AA9_CAEEL	174728	rsf-1	1.0	4	1	6	1.0	0.0	1.0
CATA1_CAEEL	175085	ctl-2	1.0	9	1	1	1.0	0.0	1.0
MMPB_CAEEL	175383	zmp-2	1.0	2	1	1	1.0	0.0	1.0
Q9N3F8_CAEEL	175433	ral-1	1.0	8	1	0	1.0	0.0	1.0
G5EEJ0_CAEEL	175438	hecw-1	1.0	1	1	3	1.0	0.0	1.0
G5EFK6_CAEEL	175453	gly-14	1.0	8	1	0	1.0	0.0	1.0
PAT3_CAEEL	175504	pat-3	1.0	23	1	0	1.0	0.0	1.0
CED4_CAEEL	175643	ced-4	1.0	159	1	2	1.0	0.0	1.0
MED15_CAEEL	175817	mdt-15	1.0	21	1	2	1.0	0.0	1.0
ALF2_CAEEL	175827	aldo-2	1.0	3	1	1	1.0	0.0	1.0
OGT1_CAEEL	176000	ogt-1	1.0	7	1	0	1.0	0.0	1.0
EGL5_CAEEL	176093	egl-5	1.0	41	1	3	1.0	0.0	1.0
HS110_CAEEL	176195	hsp-110	1.0	18	1	0	1.0	0.0	1.0
CNG_CAEEL	176297	tax-4	1.0	34	1	0	1.0	0.0	1.0
CRN6_CAEEL	176316	crn-6	1.0	5	1	0	1.0	0.0	1.0
CED7_CAEEL	176352	ced-7	1.0	24	1	1	1.0	0.0	1.0
Q22613_CAEEL	176433	dod-6	1.0	3	1	1	1.0	0.0	1.0
CLH_CAEEL	176434	chc-1	1.0	7	1	1	1.0	0.0	1.0
G5EDE2_CAEEL	176506	hpl-2	1.0	24	1	2	1.0	0.0	1.0
G5EEK8_CAEEL	176512	sca-1	1.0	4	1	2	1.0	0.0	1.0
Q21540_CAEEL	176520	cut-6	1.0	1	1	0	1.0	0.0	1.0
IF4E1_CAEEL	176755	ife-1	1.0	11	1	1	1.0	0.0	1.0
G5EGI1_CAEEL	176802	set-16	1.0	5	1	3	1.0	0.0	1.0
SID2_CAEEL	176805	sid-2	1.0	8	1	3	1.0	0.0	1.0
KPC1_CAEEL	176825	tpa-1	1.0	15	1	4	1.0	0.0	1.0
TCL2_CAEEL	176832	tcl-2	1.0	1	1	0	1.0	0.0	1.0
SPRC_CAEEL	176931	ost-1	1.0	8	1	0	1.0	0.0	1.0
NRAMC_CAEEL	177044	smf-3	1.0	4	1	1	1.0	0.0	1.0
Q9N3A9_CAEEL	177075	samt-1	1.0	1	1	2	1.0	0.0	1.0
Q8MXS0_CAEEL	177089	mca-3	1.0	2	1	0	1.0	0.0	1.0
RAC1_CAEEL	177111	ced-10	1.0	64	1	0	1.0	0.0	1.0
Q965Y1_CAEEL	177128	map-1	1.0	5	1	1	1.0	0.0	1.0
FEM1_CAEEL	177335	fem-1	1.0	44	1	0	1.0	0.0	1.0
G5EDU7_CAEEL	177373	lag-1	1.0	22	1	0	1.0	0.0	1.0
CSP2_CAEEL	177391	csp-2	1.0	38	1	3	1.0	0.0	1.0
VIT6_CAEEL	177619	vit-6	1.0	18	1	0	1.0	0.0	1.0
G5EE36_CAEEL	177778	hsp-12.6	1.0	7	1	0	1.0	0.0	1.0
GBLP_CAEEL	177895	rack-1	1.0	7	1	0	1.0	0.0	1.0
G5EEN3_CAEEL	177942	ced-5	1.0	39	1	5	1.0	0.0	1.0
G5EGF8_CAEEL	178338	tlp-1	1.0	2	1	1	1.0	0.0	1.0
PKD2_CAEEL	178424	pkd-2	1.0	33	1	0	1.0	0.0	1.0
STAT1_CAEEL	178465	sta-1	1.0	3	1	1	1.0	0.0	1.0
NLP29_CAEEL	178805	nlp-29	1.0	13	1	1	1.0	0.0	1.0
Q8IA50_CAEEL	179041	mdh-1	1.0	16	1	0	1.0	0.0	1.0
G5EFH4_CAEEL	179125	srp-6	1.0	3	1	1	1.0	0.0	1.0
O01883_CAEEL	179315	ucp-4	1.0	6	1	0	1.0	0.0	1.0
LYS1_CAEEL	179428	lys-1	1.0	6	1	8	1.0	0.0	1.0
MIF2_CAEEL	179638	mif-2	1.0	2	1	0	1.0	0.0	1.0
P92005_CAEEL	179818	cpz-2	1.0	2	1	3	1.0	0.0	1.0
NRF5_CAEEL	179879	nrf-5	1.0	5	1	1	1.0	0.0	1.0
UN112_CAEEL	179972	unc-112	1.0	17	1	1	1.0	0.0	1.0
FBRL_CAEEL	179999	fib-1	1.0	8	1	0	1.0	0.0	1.0
DKF2_CAEEL	180121	dkf-2	1.0	6	1	3	1.0	0.0	1.0
G5EEI4_CAEEL	180251	asp-1	1.0	9	1	0	1.0	0.0	1.0
Q9XUL6_CAEEL	180298	clec-49	1.0	2	1	1	1.0	0.0	1.0
UNC51_CAEEL	180311	unc-51	1.0	37	1	0	1.0	0.0	1.0
HIF1_CAEEL	180359	hif-1	1.0	79	1	7	1.0	0.0	1.0
CDO1_CAEEL	180434	cdo-1	1.0	1	1	1	1.0	0.0	1.0
ARRB_CAEEL	180446	arr-1	1.0	5	1	1	1.0	0.0	1.0
Q18909_CAEEL	180481	cebp-1	1.0	7	1	0	1.0	0.0	1.0
Q7JNV6_CAEEL	180501	arg-1	1.0	4	1	0	1.0	0.0	1.0
H2KYZ5_CAEEL	180700	coel-1	1.0	2	1	0	1.0	0.0	1.0
FLP11_CAEEL	180741	flp-11	1.0	5	1	0	1.0	0.0	1.0
HSP7C_CAEEL	180880	hsp-3	1.0	10	1	0	1.0	0.0	1.0
LMP1_CAEEL	180912	lmp-1	1.0	10	1	0	1.0	0.0	1.0
APY1_CAEEL	181019	apy-1	1.0	3	1	1	1.0	0.0	1.0
SEK1_CAEEL	181043	sek-1	1.0	36	1	0	1.0	0.0	1.0
DIM_CAEEL	181062	dim-1	1.0	10	1	0	1.0	0.0	1.0
NHR14_CAEEL	181102	nhr-14	1.0	2	1	0	1.0	0.0	1.0
O45813_CAEEL	181143	snf-12	1.0	2	1	4	1.0	0.0	1.0
Q93204_CAEEL	181178	gpx-5	1.0	3	1	0	1.0	0.0	1.0
Q17645_CAEEL	181276	pgp-5	1.0	4	1	1	1.0	0.0	1.0
NHR25_CAEEL	181432	nhr-25	1.0	19	1	1	1.0	0.0	1.0
G5ECF7_CAEEL	181503	elt-3	1.0	17	1	6	1.0	0.0	1.0
DOPR4_CAEEL	183715	dop-4	1.0	8	1	0	1.0	0.0	1.0
O02233_CAEEL	183772	lys-9	1.0	6	1	0	1.0	0.0	1.0
O02357_CAEEL	185307	irg-5	1.0	1	1	1	1.0	0.0	1.0
Q27526_CAEEL	188583	bgal-1	1.0	29	1	1	1.0	0.0	1.0
Q9XVI5_CAEEL	188762	spp-12	1.0	1	1	1	1.0	0.0	1.0
Q9BL83_CAEEL	189590	vps-4	1.0	8	1	0	1.0	0.0	1.0
NPR9_CAEEL	191320	npr-9	1.0	4	1	0	1.0	0.0	1.0
GPA9_CAEEL	191659	gpa-9	1.0	3	1	1	1.0	0.0	1.0
ILB4_CAEEL	191688	ins-7	1.0	13	1	3	1.0	0.0	1.0
FABP7_CAEEL	191701	lbp-7	1.0	1	1	1	1.0	0.0	1.0
Q27473_CAEEL	191716	nex-3	1.0	9	1	5	1.0	0.0	1.0
G5EDI0_CAEEL	259679	dcar-1	1.0	2	1	5	1.0	0.0	1.0
CATA2_CAEEL	259738	ctl-1	1.0	19	1	0	1.0	0.0	1.0
STATB_CAEEL	3565291	sta-2	1.0	2	1	2	1.0	0.0	1.0
KAPC1_CAEEL	3565407	kin-1	1.0	10	1	2	1.0	0.0	1.0
CED9_CAEEL	3565776	ced-9	1.0	142	1	0	1.0	0.0	1.0
