Big_T	446235
Big_F	130843
UniProtKB_ID	GeneID	Gene_Name	PPS	Big_P	T+P	Citation	1+Log(T+P)	log10((Cit/yr+1)/10)	1+log10(F/T)+log10(F/P)
FOXO_CAEEL	172981	daf-16	2.942	677	23	37	2.362	0.58	1.0
INSR_CAEEL	175410	daf-2	2.35	416	8	27	1.903	0.447	1.0
SARM1_CAEEL	175502	tir-1	2.121	20	6	21	1.778	0.342	1.0
COX1_CAEEL	2565700	cox-1	1.954	49	9	6	1.954	0.0	1.0
DUOX1_CAEEL	171608	bli-3	1.903	16	5	15	1.699	0.204	1.0
PMK1_CAEEL	191743	pmk-1	1.875	60	5	14	1.699	0.176	1.0
COX2_CAEEL	2565697	ctc-2	1.778	18	6	0	1.778	0.0	1.0
G5EFT5_CAEEL	173078	hsf-1	1.699	95	5	8	1.699	0.0	1.0
G5EDZ9_CAEEL	177372	cpi-1	1.699	19	5	5	1.699	0.0	1.0
Q965P2_CAEEL	189507	cht-4	1.699	35	5	3	1.699	0.0	1.0
ELT2_CAEEL	181250	elt-2	1.643	51	4	10	1.602	0.041	1.0
B3GWA6_CAEEL	175587	atf-7	1.602	8	4	9	1.602	0.0	1.0
CEP1_CAEEL	172616	cep-1	1.477	88	3	3	1.477	0.0	1.0
U4PE16_CAEEL	175086	ctl-3	1.477	52	3	1	1.477	0.0	1.0
FAR1_CAEEL	176283	far-1	1.477	11	3	5	1.477	0.0	1.0
LYS7_CAEEL	178772	lys-7	1.477	12	3	4	1.477	0.0	1.0
NLP29_CAEEL	178805	nlp-29	1.477	13	3	3	1.477	0.0	1.0
CALR_CAEEL	178997	crt-1	1.477	30	3	6	1.477	0.0	1.0
DAF12_CAEEL	181263	daf-12	1.477	127	3	5	1.477	0.0	1.0
Q9TXY8_CAEEL	189905	trx-4	1.477	27	3	1	1.477	0.0	1.0
CED1_CAEEL	173064	ced-1	1.342	54	2	10	1.301	0.041	1.0
Q21148_CAEEL	175240	zip-2	1.342	4	2	10	1.301	0.041	1.0
Q9N5Z3_CAEEL	171635	tol-1	1.301	12	2	0	1.301	0.0	1.0
G5EDF9_CAEEL	172262	pgp-2	1.301	10	2	2	1.301	0.0	1.0
Q7K797_CAEEL	172920	pab-1	1.301	18	2	0	1.301	0.0	1.0
Q23406_CAEEL	174158	nos-2	1.301	15	2	0	1.301	0.0	1.0
SPI1_CAEEL	174219	spi-1	1.301	2	2	6	1.301	0.0	1.0
G5ECE8_CAEEL	174383	chhy-1	1.301	6	2	3	1.301	0.0	1.0
AGE1_CAEEL	174762	age-1	1.301	137	2	1	1.301	0.0	1.0
DAF7_CAEEL	175237	daf-7	1.301	60	2	3	1.301	0.0	1.0
CED4_CAEEL	175643	ced-4	1.301	159	2	0	1.301	0.0	1.0
LON1_CAEEL	175753	lon-1	1.301	9	2	0	1.301	0.0	1.0
NAS35_CAEEL	176014	dpy-31	1.301	6	2	1	1.301	0.0	1.0
EGL5_CAEEL	176093	egl-5	1.301	41	2	3	1.301	0.0	1.0
Q22291_CAEEL	176452	spp-1	1.301	9	2	3	1.301	0.0	1.0
RL40_CAEEL	176718	ubq-2	1.301	40	2	0	1.301	0.0	1.0
O45815_CAEEL	176793	act-5	1.301	63	2	4	1.301	0.0	1.0
H2L0F4_CAEEL	176977	bus-2	1.301	2	2	3	1.301	0.0	1.0
Q86MJ3_CAEEL	177157	hlh-30	1.301	11	2	9	1.301	0.0	1.0
BECN_CAEEL	177345	bec-1	1.301	27	2	1	1.301	0.0	1.0
G5EDI8_CAEEL	177425	drh-1	1.301	6	2	5	1.301	0.0	1.0
FAT1_CAEEL	178291	fat-1	1.301	29	2	0	1.301	0.0	1.0
G5EEZ3_CAEEL	178930	glc-3	1.301	24	2	0	1.301	0.0	1.0
EGL9_CAEEL	179461	egl-9	1.301	28	2	5	1.301	0.0	1.0
HSP90_CAEEL	179971	daf-21	1.301	29	2	2	1.301	0.0	1.0
G5EEI4_CAEEL	180251	asp-1	1.301	9	2	0	1.301	0.0	1.0
HIF1_CAEEL	180359	hif-1	1.301	79	2	7	1.301	0.0	1.0
Q18534_CAEEL	180752	npr-1	1.301	50	2	9	1.301	0.0	1.0
SEK1_CAEEL	181043	sek-1	1.301	36	2	5	1.301	0.0	1.0
SRF3_CAEEL	187393	srf-3	1.301	10	2	2	1.301	0.0	1.0
CED9_CAEEL	3565776	ced-9	1.301	142	2	2	1.301	0.0	1.0
G5EE07_CAEEL	175541	xbp-1	1.114	33	1	12	1.0	0.114	1.0
Q9GQ00_CAEEL	179269	mod-1	1.114	16	1	12	1.0	0.114	1.0
Q23272_CAEEL	179922	atfs-1	1.041	16	1	10	1.0	0.041	1.0
Q9BL17_CAEEL	171694	haf-6	1.0	3	1	1	1.0	0.0	1.0
G5EGU1_CAEEL	171751	egl-30	1.0	28	1	1	1.0	0.0	1.0
G4SR45_CAEEL	171900	zip-4	1.0	1	1	0	1.0	0.0	1.0
O45012_CAEEL	171901	nol-5	1.0	1	1	1	1.0	0.0	1.0
G5EDV9_CAEEL	171905	ace-2	1.0	26	1	0	1.0	0.0	1.0
Q9TYS3_CAEEL	171934	ftn-2	1.0	19	1	1	1.0	0.0	1.0
A4LBC3_CAEEL	172026	met-1	1.0	5	1	3	1.0	0.0	1.0
NUCG_CAEEL	172045	cps-6	1.0	8	1	1	1.0	0.0	1.0
O01804_CAEEL	172072	got-2.1	1.0	3	1	0	1.0	0.0	1.0
ACH5_CAEEL	172105	unc-38	1.0	21	1	0	1.0	0.0	1.0
TOR_CAEEL	172167	let-363	1.0	5	1	2	1.0	0.0	1.0
Q8IFY7_CAEEL	172270	avr-14	1.0	13	1	1	1.0	0.0	1.0
MYSP_CAEEL	172491	unc-15	1.0	35	1	0	1.0	0.0	1.0
NAS36_CAEEL	172506	nas-36	1.0	2	1	1	1.0	0.0	1.0
G5EFB5_CAEEL	172660	cpn-1	1.0	1	1	1	1.0	0.0	1.0
ACH2_CAEEL	172703	unc-29	1.0	21	1	0	1.0	0.0	1.0
P91871_CAEEL	172715	fasn-1	1.0	5	1	1	1.0	0.0	1.0
P91857_CAEEL	172755	rab-5	1.0	45	1	5	1.0	0.0	1.0
O45246_CAEEL	172757	hsp-70	1.0	61	1	0	1.0	0.0	1.0
NU214_CAEEL	172813	npp-14	1.0	1	1	0	1.0	0.0	1.0
P90849_CAEEL	172832	cco-1	1.0	8	1	0	1.0	0.0	1.0
MOM4_CAEEL	172842	mom-4	1.0	13	1	0	1.0	0.0	1.0
CLC87_CAEEL	172885	clec-87	1.0	2	1	1	1.0	0.0	1.0
TCTP_CAEEL	172944	tct-1	1.0	1	1	0	1.0	0.0	1.0
Q9XXM0_CAEEL	173031	bah-1	1.0	2	1	1	1.0	0.0	1.0
G5EEC4_CAEEL	173058	vab-10	1.0	9	1	0	1.0	0.0	1.0
SYV_CAEEL	173224	vrs-2	1.0	17	1	1	1.0	0.0	1.0
MED23_CAEEL	173345	sur-2	1.0	13	1	3	1.0	0.0	1.0
G5EG96_CAEEL	173388	tre-5	1.0	5	1	0	1.0	0.0	1.0
Q9TZ51_CAEEL	173421	far-7	1.0	4	1	0	1.0	0.0	1.0
O16689_CAEEL	173457	sdz-24	1.0	1	1	2	1.0	0.0	1.0
Q19988_CAEEL	173869	lrr-1	1.0	7	1	0	1.0	0.0	1.0
VHP1_CAEEL	173904	vhp-1	1.0	5	1	3	1.0	0.0	1.0
IFB2_CAEEL	173973	ifb-2	1.0	8	1	0	1.0	0.0	1.0
Q5DX44_CAEEL	174194	ada-2	1.0	2	1	5	1.0	0.0	1.0
UBE4_CAEEL	174295	ufd-2	1.0	7	1	2	1.0	0.0	1.0
G5EE53_CAEEL	174315	rrf-3	1.0	17	1	7	1.0	0.0	1.0
G5EBM0_CAEEL	174334	eff-1	1.0	32	1	2	1.0	0.0	1.0
ENO_CAEEL	174423	enol-1	1.0	11	1	1	1.0	0.0	1.0
GSH1_CAEEL	174438	gcs-1	1.0	13	1	0	1.0	0.0	1.0
DAF19_CAEEL	174577	daf-19	1.0	23	1	1	1.0	0.0	1.0
TNNC2_CAEEL	174612	tnc-2	1.0	12	1	0	1.0	0.0	1.0
PRO1_CAEEL	174622	pro-1	1.0	8	1	1	1.0	0.0	1.0
TPIS_CAEEL	174844	tpi-1	1.0	4	1	0	1.0	0.0	1.0
CATA1_CAEEL	175085	ctl-2	1.0	9	1	1	1.0	0.0	1.0
Q9U245_CAEEL	175089	lin-7	1.0	26	1	0	1.0	0.0	1.0
MMPB_CAEEL	175383	zmp-2	1.0	2	1	1	1.0	0.0	1.0
Q9N3F8_CAEEL	175433	ral-1	1.0	8	1	0	1.0	0.0	1.0
G5EEJ0_CAEEL	175438	hecw-1	1.0	1	1	3	1.0	0.0	1.0
UNC93_CAEEL	175466	unc-93	1.0	13	1	1	1.0	0.0	1.0
MPK1_CAEEL	175545	mpk-1	1.0	58	1	2	1.0	0.0	1.0
G5EGJ5_CAEEL	175807	ida-1	1.0	7	1	1	1.0	0.0	1.0
MED15_CAEEL	175817	mdt-15	1.0	21	1	2	1.0	0.0	1.0
H2KYW7_CAEEL	175881	hot-4	1.0	1	1	0	1.0	0.0	1.0
IF4A_CAEEL	175966	inf-1	1.0	1	1	1	1.0	0.0	1.0
HS110_CAEEL	176195	hsp-110	1.0	18	1	0	1.0	0.0	1.0
PAC1_CAEEL	176201	pac-1	1.0	6	1	0	1.0	0.0	1.0
GSTP1_CAEEL	176281	gst-1	1.0	5	1	0	1.0	0.0	1.0
CBP1_CAEEL	176380	cbp-1	1.0	17	1	0	1.0	0.0	1.0
ALXA_CAEEL	176410	alx-1	1.0	4	1	3	1.0	0.0	1.0
Q22613_CAEEL	176433	dod-6	1.0	3	1	1	1.0	0.0	1.0
G5EDE2_CAEEL	176506	hpl-2	1.0	24	1	2	1.0	0.0	1.0
G5EEK8_CAEEL	176512	sca-1	1.0	4	1	2	1.0	0.0	1.0
STRD1_CAEEL	176526	strd-1	1.0	6	1	4	1.0	0.0	1.0
SID2_CAEEL	176805	sid-2	1.0	8	1	3	1.0	0.0	1.0
KPC1_CAEEL	176825	tpa-1	1.0	15	1	4	1.0	0.0	1.0
DAF1_CAEEL	176829	daf-1	1.0	23	1	2	1.0	0.0	1.0
RAC1_CAEEL	177111	ced-10	1.0	64	1	0	1.0	0.0	1.0
Q965Y1_CAEEL	177128	map-1	1.0	5	1	0	1.0	0.0	1.0
JMJD6_CAEEL	177229	psr-1	1.0	8	1	3	1.0	0.0	1.0
Q7JMT8_CAEEL	177267	pes-1	1.0	5	1	0	1.0	0.0	1.0
G5ECS4_CAEEL	177358	glf-1	1.0	3	1	1	1.0	0.0	1.0
G5EG83_CAEEL	177374	zen-4	1.0	23	1	3	1.0	0.0	1.0
TRXR1_CAEEL	177466	trxr-1	1.0	13	1	4	1.0	0.0	1.0
SPR2_CAEEL	177704	spr-2	1.0	3	1	0	1.0	0.0	1.0
FAT3_CAEEL	177820	fat-3	1.0	15	1	0	1.0	0.0	1.0
Q22501_CAEEL	177893	pps-1	1.0	2	1	1	1.0	0.0	1.0
GBLP_CAEEL	177895	rack-1	1.0	7	1	0	1.0	0.0	1.0
Q23601_CAEEL	178094	prx-2	1.0	3	1	0	1.0	0.0	1.0
Q9U3B7_CAEEL	178208	hsb-1	1.0	2	1	0	1.0	0.0	1.0
CUL6_CAEEL	178214	cul-6	1.0	2	1	7	1.0	0.0	1.0
PGP1_CAEEL	178215	pgp-1	1.0	10	1	3	1.0	0.0	1.0
STIP1_CAEEL	178587	sti-1	1.0	6	1	0	1.0	0.0	1.0
O44611_CAEEL	178637	cnc-2	1.0	2	1	6	1.0	0.0	1.0
ADF1_CAEEL	178640	unc-60	1.0	24	1	0	1.0	0.0	1.0
ELT7_CAEEL	178868	elt-7	1.0	10	1	0	1.0	0.0	1.0
SID1_CAEEL	178900	sid-1	1.0	35	1	3	1.0	0.0	1.0
G5EFP1_CAEEL	179010	rme-1	1.0	18	1	0	1.0	0.0	1.0
CPR4_CAEEL	179053	cpr-4	1.0	1	1	0	1.0	0.0	1.0
NIPI4_CAEEL	179167	nipi-4	1.0	1	1	2	1.0	0.0	1.0
GPA2_CAEEL	179219	gpa-2	1.0	15	1	0	1.0	0.0	1.0
Q86NE1_CAEEL	179302	asp-2	1.0	2	1	2	1.0	0.0	1.0
G5EG04_CAEEL	179381	fshr-1	1.0	4	1	3	1.0	0.0	1.0
G5EEH0_CAEEL	179393	rde-1	1.0	30	1	1	1.0	0.0	1.0
LYS1_CAEEL	179428	lys-1	1.0	6	1	8	1.0	0.0	1.0
CPR1_CAEEL	179637	cpr-1	1.0	5	1	2	1.0	0.0	1.0
Q22316_CAEEL	179766	bus-19	1.0	1	1	2	1.0	0.0	1.0
EGL1_CAEEL	179943	egl-1	1.0	100	1	2	1.0	0.0	1.0
O45518_CAEEL	180080	argk-1	1.0	3	1	0	1.0	0.0	1.0
O45734_CAEEL	180111	cpl-1	1.0	12	1	0	1.0	0.0	1.0
SLO1_CAEEL	180203	slo-1	1.0	47	1	1	1.0	0.0	1.0
Q9XUL6_CAEEL	180298	clec-49	1.0	2	1	1	1.0	0.0	1.0
Q20943_CAEEL	180408	mrp-2	1.0	1	1	0	1.0	0.0	1.0
CDO1_CAEEL	180434	cdo-1	1.0	1	1	1	1.0	0.0	1.0
ARRB_CAEEL	180446	arr-1	1.0	5	1	1	1.0	0.0	1.0
Q86ME4_CAEEL	180714	dop-1	1.0	14	1	1	1.0	0.0	1.0
G5ECB6_CAEEL	180821	bus-8	1.0	3	1	4	1.0	0.0	1.0
PK1_CAEEL	180873	pak-1	1.0	16	1	0	1.0	0.0	1.0
HSP7C_CAEEL	180880	hsp-3	1.0	10	1	0	1.0	0.0	1.0
Q86FL8_CAEEL	180994	spp-5	1.0	3	1	2	1.0	0.0	1.0
APY1_CAEEL	181019	apy-1	1.0	3	1	1	1.0	0.0	1.0
DIM_CAEEL	181062	dim-1	1.0	10	1	0	1.0	0.0	1.0
O45813_CAEEL	181143	snf-12	1.0	2	1	4	1.0	0.0	1.0
LEC8_CAEEL	181198	lec-8	1.0	3	1	1	1.0	0.0	1.0
ABL1_CAEEL	181261	abl-1	1.0	11	1	0	1.0	0.0	1.0
A0A0K3AST9_CAEEL	181273	vap-2	1.0	4	1	0	1.0	0.0	1.0
Q17645_CAEEL	181276	pgp-5	1.0	4	1	1	1.0	0.0	1.0
Q8WQD8_CAEEL	181478	cah-4	1.0	5	1	0	1.0	0.0	1.0
G5ECF7_CAEEL	181503	elt-3	1.0	17	1	6	1.0	0.0	1.0
NAS34_CAEEL	181564	hch-1	1.0	2	1	0	1.0	0.0	1.0
Q19348_CAEEL	181768	vap-1	1.0	4	1	0	1.0	0.0	1.0
THIO1_CAEEL	181863	trx-1	1.0	9	1	1	1.0	0.0	1.0
O16327_CAEEL	182379	irg-1	1.0	3	1	4	1.0	0.0	1.0
DOPR4_CAEEL	183715	dop-4	1.0	8	1	0	1.0	0.0	1.0
O02233_CAEEL	183772	lys-9	1.0	6	1	0	1.0	0.0	1.0
Q19223_CAEEL	184206	irg-4	1.0	4	1	0	1.0	0.0	1.0
B5U8N0_CAEEL	184522	far-5	1.0	2	1	0	1.0	0.0	1.0
O02357_CAEEL	185307	irg-5	1.0	1	1	1	1.0	0.0	1.0
Q7JMS6_CAEEL	185552	mam-7	1.0	1	1	4	1.0	0.0	1.0
O01795_CAEEL	186188	duox-2	1.0	4	1	0	1.0	0.0	1.0
Q94282_CAEEL	187389	trx-3	1.0	2	1	1	1.0	0.0	1.0
Q21689_CAEEL	187552	bus-1	1.0	2	1	0	1.0	0.0	1.0
O44563_CAEEL	188726	bus-4	1.0	3	1	0	1.0	0.0	1.0
CD5R1_CAEEL	188812	cdka-1	1.0	2	1	0	1.0	0.0	1.0
Q9BL83_CAEEL	189590	vps-4	1.0	8	1	0	1.0	0.0	1.0
Q9XWK6_CAEEL	190015	sup-35	1.0	6	1	4	1.0	0.0	1.0
ILB4_CAEEL	191688	ins-7	1.0	13	1	3	1.0	0.0	1.0
FABP7_CAEEL	191701	lbp-7	1.0	1	1	1	1.0	0.0	1.0
GRM1_CAEEL	191707	mgl-1	1.0	7	1	0	1.0	0.0	1.0
G5EDI0_CAEEL	259679	dcar-1	1.0	2	1	5	1.0	0.0	1.0
ABF2_CAEEL	266826	abf-2	1.0	5	1	0	1.0	0.0	1.0
CYB_CAEEL	2565702	ctb-1	1.0	24	1	0	1.0	0.0	1.0
NU4M_CAEEL	2565705	nduo-4	1.0	7	1	0	1.0	0.0	1.0
STATB_CAEEL	3565291	sta-2	1.0	2	1	2	1.0	0.0	1.0
KAPC1_CAEEL	3565407	kin-1	1.0	10	1	2	1.0	0.0	1.0
