Big_T	1738
Big_F	130843
UniProtKB_ID	GeneID	Gene_Name	PPS	Big_P	T+P	Citation	1+Log(T+P)	log10((Cit/yr+1)/10)	1+log10(F/T)+log10(F/P)
ROCK_CAEEL	172088	let-502	11.487	17	5	3	1.699	0.0	6.761
HMR1_CAEEL	173007	hmr-1	9.951	18	3	7	1.477	0.0	6.737
NHR25_CAEEL	181432	nhr-25	9.916	19	3	4	1.477	0.0	6.713
G5EGT1_CAEEL	172120	paf-1	9.777	3	2	0	1.301	0.0	7.515
VAB1_CAEEL	173794	vab-1	9.715	26	3	4	1.477	0.0	6.577
G5EDN8_CAEEL	173599	vab-19	9.488	5	2	1	1.301	0.0	7.293
TEN1_CAEEL	175953	ten-1	9.298	7	2	1	1.301	0.0	7.147
MAB5_CAEEL	176091	mab-5	9.189	59	3	0	1.477	0.0	6.221
U4PC90_CAEEL	246019	plx-1	9.097	10	2	2	1.301	0.0	6.992
G5ECJ4_CAEEL	172771	mec-8	8.948	13	2	4	1.301	0.0	6.878
G5ECF7_CAEEL	181503	elt-3	8.797	17	2	3	1.301	0.0	6.761
LIN26_CAEEL	3565051	lin-26	8.734	19	2	1	1.301	0.0	6.713
G5EGB2_CAEEL	174830	lin-29	8.515	28	2	0	1.301	0.0	6.545
G5EBM0_CAEEL	174334	eff-1	8.439	32	2	4	1.301	0.0	6.487
EGL5_CAEEL	176093	egl-5	8.299	41	2	0	1.301	0.0	6.379
LIN39_CAEEL	176068	lin-39	8.113	57	2	0	1.301	0.0	6.236
SURO1_CAEEL	172557	suro-1	7.992	1	1	1	1.0	0.0	7.992
Q19863_CAEEL	174376	aptf-4	7.992	1	1	0	1.0	0.0	7.992
Q9TYQ5_CAEEL	177361	lin-33	7.992	1	1	0	1.0	0.0	7.992
MCU_CAEEL	177362	mcu-1	7.992	1	1	8	1.0	0.0	7.992
O01485_CAEEL	179109	soap-1	7.992	1	1	1	1.0	0.0	7.992
NIPI4_CAEEL	179167	nipi-4	7.992	1	1	2	1.0	0.0	7.992
ADT2_CAEEL	181022	adt-2	7.992	1	1	0	1.0	0.0	7.992
O44130_CAEEL	24104589	cima-1	7.992	1	1	3	1.0	0.0	7.992
Q9XXM0_CAEEL	173031	bah-1	7.691	2	1	1	1.0	0.0	7.691
BLI1_CAEEL	174653	bli-1	7.691	2	1	0	1.0	0.0	7.691
O44611_CAEEL	178637	cnc-2	7.691	2	1	6	1.0	0.0	7.691
O45813_CAEEL	181143	snf-12	7.691	2	1	4	1.0	0.0	7.691
G5ED17_CAEEL	186807	hpo-11	7.691	2	1	0	1.0	0.0	7.691
FRK1_CAEEL	191635	frk-1	7.691	2	1	0	1.0	0.0	7.691
G5EDI0_CAEEL	259679	dcar-1	7.691	2	1	5	1.0	0.0	7.691
STATB_CAEEL	3565291	sta-2	7.691	2	1	2	1.0	0.0	7.691
SRC2_CAEEL	173296	src-2	7.515	3	1	1	1.0	0.0	7.515
IFB1_CAEEL	173976	ifb-1	7.515	3	1	1	1.0	0.0	7.515
PLCG_CAEEL	174586	plc-3	7.515	3	1	1	1.0	0.0	7.515
Q65ZB3_CAEEL	174826	vab-23	7.515	3	1	0	1.0	0.0	7.515
GSHR_CAEEL	175467	gsr-1	7.515	3	1	3	1.0	0.0	7.515
HM43_CAEEL	175581	ceh-43	7.515	3	1	0	1.0	0.0	7.515
TOCA2_CAEEL	176812	toca-2	7.515	3	1	3	1.0	0.0	7.515
VATC_CAEEL	177017	vha-11	7.515	3	1	0	1.0	0.0	7.515
DIF1_CAEEL	177530	dif-1	7.515	3	1	0	1.0	0.0	7.515
G5EEK9_CAEEL	177626	vha-5	7.515	3	1	2	1.0	0.0	7.515
G5ECB6_CAEEL	180821	bus-8	7.515	3	1	4	1.0	0.0	7.515
G5EG78_CAEEL	181288	pxn-2	7.515	3	1	3	1.0	0.0	7.515
HM16_CAEEL	191618	ceh-16	7.515	3	1	1	1.0	0.0	7.515
GLP1_CAEEL	176286	glp-1	7.509	166	2	0	1.301	0.0	5.772
Q9N5A0_CAEEL	172137	spe-5	7.39	4	1	1	1.0	0.0	7.39
KC1A_CAEEL	175524	kin-19	7.39	4	1	1	1.0	0.0	7.39
Q95XQ4_CAEEL	189770	zeel-1	7.39	4	1	5	1.0	0.0	7.39
MCM4_CAEEL	171793	mcm-4	7.293	5	1	1	1.0	0.0	7.293
P91871_CAEEL	172715	fasn-1	7.293	5	1	1	1.0	0.0	7.293
Q9NEZ5_CAEEL	173301	unc-95	7.293	5	1	0	1.0	0.0	7.293
G5EGP4_CAEEL	174743	vha-6	7.293	5	1	2	1.0	0.0	7.293
BAF1_CAEEL	176330	baf-1	7.293	5	1	2	1.0	0.0	7.293
ANI1_CAEEL	176672	ani-1	7.293	5	1	0	1.0	0.0	7.293
G5EEE7_CAEEL	177140	vab-2	7.293	5	1	2	1.0	0.0	7.293
G5ED66_CAEEL	185022	pax-3	7.293	5	1	0	1.0	0.0	7.293
DAPK_CAEEL	187322	dapk-1	7.293	5	1	5	1.0	0.0	7.293
TSN15_CAEEL	192065	tsp-15	7.293	5	1	2	1.0	0.0	7.293
SEM1A_CAEEL	173351	smp-1	7.214	6	1	1	1.0	0.0	7.214
NAS35_CAEEL	176014	dpy-31	7.214	6	1	1	1.0	0.0	7.214
G5ED30_CAEEL	188736	vab-9	7.214	6	1	1	1.0	0.0	7.214
HM18_CAEEL	180671	ceh-18	7.147	7	1	1	1.0	0.0	7.147
DPY19_CAEEL	191628	dpy-19	7.147	7	1	1	1.0	0.0	7.147
SEM2A_CAEEL	171727	mab-20	7.089	8	1	1	1.0	0.0	7.089
CADH3_CAEEL	176085	cdh-3	7.089	8	1	3	1.0	0.0	7.089
G5EC91_CAEEL	179040	dpy-11	7.089	8	1	0	1.0	0.0	7.089
LRP_CAEEL	172520	lrp-1	7.038	9	1	2	1.0	0.0	7.038
BLMP1_CAEEL	172917	blmp-1	7.038	9	1	3	1.0	0.0	7.038
G5EEC4_CAEEL	173058	vab-10	7.038	9	1	2	1.0	0.0	7.038
UNC83_CAEEL	179033	unc-83	7.038	9	1	0	1.0	0.0	7.038
Q94178_CAEEL	183539	ref-2	7.038	9	1	0	1.0	0.0	7.038
G5EDX1_CAEEL	173282	kal-1	6.992	10	1	1	1.0	0.0	6.992
AFF1_CAEEL	174123	aff-1	6.992	10	1	0	1.0	0.0	6.992
G5EDS1_CAEEL	181251	vab-3	6.992	10	1	0	1.0	0.0	6.992
ENO_CAEEL	174423	enol-1	6.95	11	1	0	1.0	0.0	6.95
TNNC2_CAEEL	174612	tnc-2	6.913	12	1	0	1.0	0.0	6.913
NLP29_CAEEL	178805	nlp-29	6.878	13	1	1	1.0	0.0	6.878
SMA6_CAEEL	174044	sma-6	6.816	15	1	1	1.0	0.0	6.816
SMA3_CAEEL	175955	sma-3	6.816	15	1	0	1.0	0.0	6.816
SMA2_CAEEL	176229	sma-2	6.816	15	1	0	1.0	0.0	6.816
ELT1_CAEEL	177794	elt-1	6.788	16	1	1	1.0	0.0	6.788
PK1_CAEEL	180873	pak-1	6.788	16	1	7	1.0	0.0	6.788
G5ECZ1_CAEEL	177366	unc-44	6.761	17	1	0	1.0	0.0	6.761
ROL6_CAEEL	174397	rol-6	6.737	18	1	0	1.0	0.0	6.737
FOXO_CAEEL	172981	daf-16	6.714	677	2	1	1.301	0.0	5.161
PER_CAEEL	173503	lin-42	6.713	19	1	5	1.0	0.0	6.713
HBL1_CAEEL	180848	hbl-1	6.713	19	1	0	1.0	0.0	6.713
O16720_CAEEL	173468	alg-2	6.691	20	1	2	1.0	0.0	6.691
G5EG83_CAEEL	177374	zen-4	6.63	23	1	0	1.0	0.0	6.63
Q53U87_CAEEL	177602	sax-7	6.63	23	1	0	1.0	0.0	6.63
G5EG53_CAEEL	190098	unc-34	6.63	23	1	2	1.0	0.0	6.63
G5EBY3_CAEEL	172562	nmy-2	6.612	24	1	1	1.0	0.0	6.612
CED12_CAEEL	172890	ced-12	6.612	24	1	0	1.0	0.0	6.612
ITPR_CAEEL	177546	itr-1	6.612	24	1	0	1.0	0.0	6.612
PAL1_CAEEL	175638	pal-1	6.56	27	1	0	1.0	0.0	6.56
LIN44_CAEEL	171994	lin-44	6.545	28	1	0	1.0	0.0	6.545
EGL4_CAEEL	176991	egl-4	6.473	33	1	1	1.0	0.0	6.473
CNG_CAEEL	176297	tax-4	6.46	34	1	0	1.0	0.0	6.46
G5EG05_CAEEL	177821	egl-20	6.448	35	1	1	1.0	0.0	6.448
G5EDV1_CAEEL	171832	lin-17	6.412	38	1	1	1.0	0.0	6.412
Q7KPP4_CAEEL	171988	unc-73	6.358	43	1	2	1.0	0.0	6.358
P91857_CAEEL	172755	rab-5	6.339	45	1	1	1.0	0.0	6.339
COX1_CAEEL	2565700	cox-1	6.302	49	1	0	1.0	0.0	6.302
TRA2_CAEEL	174137	tra-2	6.251	55	1	0	1.0	0.0	6.251
PAR6_CAEEL	173137	par-6	6.1	78	1	0	1.0	0.0	6.1
POP1_CAEEL	171849	pop-1	6.089	80	1	0	1.0	0.0	6.089
UNC6_CAEEL	180961	unc-6	5.905	122	1	6	1.0	0.0	5.905
LIN12_CAEEL	176282	lin-12	5.641	224	1	4	1.0	0.0	5.641
INSR_CAEEL	175410	daf-2	5.372	416	1	1	1.0	0.0	5.372
