Big_T	786872
Big_F	130843
UniProtKB_ID	GeneID	Gene_Name	PPS	Big_P	T+P	Citation	1+Log(T+P)	log10((Cit/yr+1)/10)	1+log10(F/T)+log10(F/P)
PKD2_CAEEL	178424	pkd-2	1.954	33	5	17	1.699	0.255	1.0
PKD1_CAEEL	174576	lov-1	1.892	18	6	12	1.778	0.114	1.0
DAF19_CAEEL	174577	daf-19	1.778	23	6	9	1.778	0.0	1.0
MYOD1_CAEEL	173788	hlh-1	1.699	34	5	6	1.699	0.0	1.0
PK3C3_CAEEL	172280	vps-34	1.623	14	1	41	1.0	0.623	1.0
ZYG1_CAEEL	173956	zyg-1	1.602	26	4	3	1.602	0.0	1.0
G5ECP0_CAEEL	179620	nphp-4	1.602	12	4	5	1.602	0.0	1.0
SID1_CAEEL	178900	sid-1	1.58	35	2	18	1.301	0.279	1.0
FOXO_CAEEL	172981	daf-16	1.477	677	3	5	1.477	0.0	1.0
G5EBV8_CAEEL	177117	osm-9	1.477	39	3	6	1.477	0.0	1.0
SYG1_CAEEL	180555	syg-1	1.477	10	3	5	1.477	0.0	1.0
FTM_CAEEL	174654	mks-5	1.362	3	1	22	1.0	0.362	1.0
Q9BLB5_CAEEL	171993	cyb-2.2	1.301	11	2	3	1.301	0.0	1.0
HM06_CAEEL	172640	ceh-6	1.301	7	2	0	1.301	0.0	1.0
TRPG_CAEEL	172646	gon-2	1.301	13	2	3	1.301	0.0	1.0
DKF1_CAEEL	173234	dkf-1	1.301	3	2	0	1.301	0.0	1.0
NPHP1_CAEEL	174643	nph-1	1.301	7	2	4	1.301	0.0	1.0
OGT1_CAEEL	176000	ogt-1	1.301	7	2	5	1.301	0.0	1.0
LET60_CAEEL	178104	let-60	1.301	96	2	3	1.301	0.0	1.0
PAR1_CAEEL	179912	par-1	1.301	67	2	5	1.301	0.0	1.0
MEC2_CAEEL	180826	mec-2	1.301	26	2	8	1.301	0.0	1.0
ODR10_CAEEL	180959	odr-10	1.301	22	2	0	1.301	0.0	1.0
ARL13_CAEEL	171765	arl-13	1.0	5	1	5	1.0	0.0	1.0
MEK2_CAEEL	171872	mek-2	1.0	15	1	1	1.0	0.0	1.0
O44754_CAEEL	172121	cil-7	1.0	1	1	2	1.0	0.0	1.0
P91305_CAEEL	172218	xrep-4	1.0	2	1	0	1.0	0.0	1.0
AIR2_CAEEL	172268	air-2	1.0	25	1	0	1.0	0.0	1.0
G5EC40_CAEEL	172371	tre-1	1.0	1	1	1	1.0	0.0	1.0
Q23095_CAEEL	172437	plin-1	1.0	3	1	0	1.0	0.0	1.0
G5ECM2_CAEEL	172507	dcp-66	1.0	1	1	1	1.0	0.0	1.0
GLD1_CAEEL	172532	gld-1	1.0	84	1	2	1.0	0.0	1.0
LIN10_CAEEL	172597	lin-10	1.0	30	1	0	1.0	0.0	1.0
Q18955_CAEEL	172636	unc-120	1.0	4	1	3	1.0	0.0	1.0
SPD2_CAEEL	172712	spd-2	1.0	25	1	6	1.0	0.0	1.0
A0A0K3AU50_CAEEL	172914	mgl-2	1.0	5	1	0	1.0	0.0	1.0
CED1_CAEEL	173064	ced-1	1.0	54	1	0	1.0	0.0	1.0
PAR6_CAEEL	173137	par-6	1.0	78	1	1	1.0	0.0	1.0
LGG1_CAEEL	174050	lgg-1	1.0	34	1	1	1.0	0.0	1.0
SQV7_CAEEL	174145	sqv-7	1.0	8	1	1	1.0	0.0	1.0
THILH_CAEEL	174161	kat-1	1.0	5	1	1	1.0	0.0	1.0
CLH3_CAEEL	174187	clh-3	1.0	13	1	0	1.0	0.0	1.0
UN105_CAEEL	174306	unc-105	1.0	6	1	1	1.0	0.0	1.0
CDC16_CAEEL	174314	emb-27	1.0	2	1	3	1.0	0.0	1.0
PMY13_CAEEL	174531	wee-1.3	1.0	10	1	0	1.0	0.0	1.0
Q18694_CAEEL	174721	unc-130	1.0	5	1	0	1.0	0.0	1.0
AGE1_CAEEL	174762	age-1	1.0	137	1	0	1.0	0.0	1.0
CCND_CAEEL	174941	cyd-1	1.0	9	1	1	1.0	0.0	1.0
Q9U245_CAEEL	175089	lin-7	1.0	26	1	0	1.0	0.0	1.0
DAF7_CAEEL	175237	daf-7	1.0	60	1	1	1.0	0.0	1.0
EXC6_CAEEL	175277	exc-6	1.0	2	1	3	1.0	0.0	1.0
INSR_CAEEL	175410	daf-2	1.0	416	1	1	1.0	0.0	1.0
Q21455_CAEEL	175458	hmit-1.3	1.0	1	1	0	1.0	0.0	1.0
CED4_CAEEL	175643	ced-4	1.0	159	1	0	1.0	0.0	1.0
G5EFQ4_CAEEL	175683	klp-6	1.0	6	1	2	1.0	0.0	1.0
2AAA_CAEEL	175750	paa-1	1.0	3	1	3	1.0	0.0	1.0
O45134_CAEEL	175776	xnd-1	1.0	6	1	0	1.0	0.0	1.0
LE767_CAEEL	175895	let-767	1.0	3	1	0	1.0	0.0	1.0
DIG1_CAEEL	175951	dig-1	1.0	7	1	0	1.0	0.0	1.0
MDT30_CAEEL	176130	mdt-30	1.0	1	1	0	1.0	0.0	1.0
PLK1_CAEEL	176143	plk-1	1.0	17	1	1	1.0	0.0	1.0
TRPL_CAEEL	176202	trp-1	1.0	4	1	2	1.0	0.0	1.0
RGS1_CAEEL	176415	rgs-1	1.0	9	1	0	1.0	0.0	1.0
SUCH1_CAEEL	176583	such-1	1.0	3	1	0	1.0	0.0	1.0
G5EG80_CAEEL	176767	trf-1	1.0	2	1	2	1.0	0.0	1.0
G5ECZ1_CAEEL	177366	unc-44	1.0	17	1	1	1.0	0.0	1.0
Q18758_CAEEL	177557	klo-1	1.0	2	1	0	1.0	0.0	1.0
NHR31_CAEEL	177601	nhr-31	1.0	2	1	1	1.0	0.0	1.0
PMK3_CAEEL	177610	pmk-3	1.0	11	1	1	1.0	0.0	1.0
G5ED03_CAEEL	177692	exc-5	1.0	4	1	0	1.0	0.0	1.0
G5ED14_CAEEL	177876	egl-38	1.0	16	1	0	1.0	0.0	1.0
PP2B_CAEEL	177943	tax-6	1.0	22	1	0	1.0	0.0	1.0
G5EEL5_CAEEL	179068	dbl-1	1.0	54	1	0	1.0	0.0	1.0
H2KYN5_CAEEL	179246	atg-18	1.0	7	1	7	1.0	0.0	1.0
P90757_CAEEL	179666	che-11	1.0	5	1	4	1.0	0.0	1.0
YH24_CAEEL	179790	lap-2	1.0	4	1	3	1.0	0.0	1.0
G5EDG8_CAEEL	179845	fmo-4	1.0	2	1	1	1.0	0.0	1.0
Q9XXT5_CAEEL	179853	lpin-1	1.0	2	1	5	1.0	0.0	1.0
Q9XUW8_CAEEL	179898	aip-1	1.0	6	1	1	1.0	0.0	1.0
UN112_CAEEL	179972	unc-112	1.0	17	1	1	1.0	0.0	1.0
G4RV72_CAEEL	180459	lim-6	1.0	8	1	1	1.0	0.0	1.0
RGS9_CAEEL	180506	rgs-9	1.0	4	1	0	1.0	0.0	1.0
DEG1_CAEEL	181035	deg-1	1.0	16	1	0	1.0	0.0	1.0
Q1WBU8_CAEEL	181164	oga-1	1.0	6	1	4	1.0	0.0	1.0
ACOC_CAEEL	181324	aco-1	1.0	2	1	1	1.0	0.0	1.0
NIPI3_CAEEL	181650	nipi-3	1.0	6	1	0	1.0	0.0	1.0
SER2_CAEEL	182110	ser-2	1.0	11	1	1	1.0	0.0	1.0
Q18859_CAEEL	183817	ifta-1	1.0	2	1	3	1.0	0.0	1.0
G5ED66_CAEEL	185022	pax-3	1.0	5	1	0	1.0	0.0	1.0
B6VQ88_CAEEL	185977	cwp-5	1.0	1	1	0	1.0	0.0	1.0
O17269_CAEEL	187903	mks-1	1.0	6	1	5	1.0	0.0	1.0
G5ED30_CAEEL	188736	vab-9	1.0	6	1	0	1.0	0.0	1.0
Q9GRV5_CAEEL	190574	trp-4	1.0	7	1	0	1.0	0.0	1.0
SPO11_CAEEL	191771	spo-11	1.0	26	1	1	1.0	0.0	1.0
TSP21_CAEEL	259720	tsp-21	1.0	1	1	1	1.0	0.0	1.0
FITM2_CAEEL	3565961	fitm-2	1.0	1	1	0	1.0	0.0	1.0
H2L2K0_CAEEL	13183089	tmem-107	1.0	1	1	9	1.0	0.0	1.0
