Big_T	271503
Big_F	130843
UniProtKB_ID	GeneID	Gene_Name	PPS	Big_P	T+P	Citation	1+Log(T+P)	log10((Cit/yr+1)/10)	1+log10(F/T)+log10(F/P)
PMK1_CAEEL	191743	pmk-1	1.982	60	4	23	1.602	0.38	1.0
FOXO_CAEEL	172981	daf-16	1.845	677	7	7	1.845	0.0	1.0
SARM1_CAEEL	175502	tir-1	1.681	20	4	11	1.602	0.079	1.0
CED1_CAEEL	173064	ced-1	1.556	54	3	11	1.477	0.079	1.0
Q18534_CAEEL	180752	npr-1	1.519	50	3	10	1.477	0.041	1.0
G5EDZ9_CAEEL	177372	cpi-1	1.477	19	3	4	1.477	0.0	1.0
ELT2_CAEEL	181250	elt-2	1.477	51	3	4	1.477	0.0	1.0
DUOX1_CAEEL	171608	bli-3	1.415	16	2	12	1.301	0.114	1.0
Q9N5Z3_CAEEL	171635	tol-1	1.301	12	2	0	1.301	0.0	1.0
POP1_CAEEL	171849	pop-1	1.301	80	2	1	1.301	0.0	1.0
O45246_CAEEL	172757	hsp-70	1.301	61	2	0	1.301	0.0	1.0
INSR_CAEEL	175410	daf-2	1.301	416	2	4	1.301	0.0	1.0
B3GWA6_CAEEL	175587	atf-7	1.301	8	2	7	1.301	0.0	1.0
PAC1_CAEEL	176201	pac-1	1.301	6	2	0	1.301	0.0	1.0
Q22291_CAEEL	176452	spp-1	1.301	9	2	3	1.301	0.0	1.0
PSA6_CAEEL	179941	pas-1	1.301	2	2	0	1.301	0.0	1.0
Q19223_CAEEL	184206	irg-4	1.301	4	2	1	1.301	0.0	1.0
G5EE07_CAEEL	175541	xbp-1	1.114	33	1	12	1.0	0.114	1.0
MPK1_CAEEL	175545	mpk-1	1.041	58	1	10	1.0	0.041	1.0
Q8IA95_CAEEL	171773	fpn-1.1	1.0	4	1	1	1.0	0.0	1.0
G4SR45_CAEEL	171900	zip-4	1.0	1	1	0	1.0	0.0	1.0
Q9TYS3_CAEEL	171934	ftn-2	1.0	19	1	0	1.0	0.0	1.0
O01577_CAEEL	171956	unc-108	1.0	8	1	3	1.0	0.0	1.0
Q9N588_CAEEL	172149	tyms-1	1.0	8	1	0	1.0	0.0	1.0
G5EFQ5_CAEEL	172243	rnt-1	1.0	14	1	0	1.0	0.0	1.0
Q8IG69_CAEEL	172319	cebp-2	1.0	3	1	0	1.0	0.0	1.0
BLI4_CAEEL	172333	bli-4	1.0	11	1	0	1.0	0.0	1.0
MYSP_CAEEL	172491	unc-15	1.0	35	1	0	1.0	0.0	1.0
GNAO_CAEEL	172505	goa-1	1.0	47	1	0	1.0	0.0	1.0
P91857_CAEEL	172755	rab-5	1.0	45	1	4	1.0	0.0	1.0
AHR_CAEEL	172788	ahr-1	1.0	14	1	0	1.0	0.0	1.0
CLC87_CAEEL	172885	clec-87	1.0	2	1	1	1.0	0.0	1.0
G5EFT5_CAEEL	173078	hsf-1	1.0	95	1	1	1.0	0.0	1.0
PAR6_CAEEL	173137	par-6	1.0	78	1	8	1.0	0.0	1.0
Q22355_CAEEL	173749	ast-1	1.0	6	1	0	1.0	0.0	1.0
VAB1_CAEEL	173794	vab-1	1.0	26	1	1	1.0	0.0	1.0
G5EDU3_CAEEL	173876	pld-1	1.0	6	1	4	1.0	0.0	1.0
IFB2_CAEEL	173973	ifb-2	1.0	8	1	0	1.0	0.0	1.0
IFB1_CAEEL	173976	ifb-1	1.0	3	1	3	1.0	0.0	1.0
EGL27_CAEEL	174121	egl-27	1.0	12	1	1	1.0	0.0	1.0
Q23406_CAEEL	174158	nos-2	1.0	15	1	0	1.0	0.0	1.0
SPI1_CAEEL	174219	spi-1	1.0	2	1	3	1.0	0.0	1.0
CDC42_CAEEL	174233	cdc-42	1.0	68	1	2	1.0	0.0	1.0
G5EBM0_CAEEL	174334	eff-1	1.0	32	1	5	1.0	0.0	1.0
MED13_CAEEL	174402	let-19	1.0	4	1	2	1.0	0.0	1.0
ENO_CAEEL	174423	enol-1	1.0	11	1	0	1.0	0.0	1.0
TNNC2_CAEEL	174612	tnc-2	1.0	12	1	0	1.0	0.0	1.0
Q58AA9_CAEEL	174728	rsf-1	1.0	4	1	6	1.0	0.0	1.0
CATA1_CAEEL	175085	ctl-2	1.0	9	1	1	1.0	0.0	1.0
U4PE16_CAEEL	175086	ctl-3	1.0	52	1	0	1.0	0.0	1.0
STIM1_CAEEL	175201	stim-1	1.0	7	1	1	1.0	0.0	1.0
Q21148_CAEEL	175240	zip-2	1.0	4	1	0	1.0	0.0	1.0
MMPB_CAEEL	175383	zmp-2	1.0	2	1	1	1.0	0.0	1.0
G5EFK6_CAEEL	175453	gly-14	1.0	8	1	0	1.0	0.0	1.0
CED4_CAEEL	175643	ced-4	1.0	159	1	2	1.0	0.0	1.0
MED15_CAEEL	175817	mdt-15	1.0	21	1	2	1.0	0.0	1.0
HS110_CAEEL	176195	hsp-110	1.0	18	1	0	1.0	0.0	1.0
CRN6_CAEEL	176316	crn-6	1.0	5	1	0	1.0	0.0	1.0
CED7_CAEEL	176352	ced-7	1.0	24	1	1	1.0	0.0	1.0
CLH_CAEEL	176434	chc-1	1.0	7	1	1	1.0	0.0	1.0
G5EDE2_CAEEL	176506	hpl-2	1.0	24	1	2	1.0	0.0	1.0
Q9U228_CAEEL	176615	mif-1	1.0	2	1	0	1.0	0.0	1.0
TCL2_CAEEL	176832	tcl-2	1.0	1	1	0	1.0	0.0	1.0
SPRC_CAEEL	176931	ost-1	1.0	8	1	0	1.0	0.0	1.0
NRAMC_CAEEL	177044	smf-3	1.0	4	1	1	1.0	0.0	1.0
Q9N3A9_CAEEL	177075	samt-1	1.0	1	1	2	1.0	0.0	1.0
Q8MXS0_CAEEL	177089	mca-3	1.0	2	1	0	1.0	0.0	1.0
Q86MJ3_CAEEL	177157	hlh-30	1.0	11	1	8	1.0	0.0	1.0
SKN1_CAEEL	177343	skn-1	1.0	208	1	1	1.0	0.0	1.0
VIT6_CAEEL	177619	vit-6	1.0	18	1	0	1.0	0.0	1.0
G5EE36_CAEEL	177778	hsp-12.6	1.0	7	1	0	1.0	0.0	1.0
G5EEN3_CAEEL	177942	ced-5	1.0	39	1	3	1.0	0.0	1.0
CED3_CAEEL	178272	ced-3	1.0	254	1	3	1.0	0.0	1.0
G5EGF8_CAEEL	178338	tlp-1	1.0	2	1	1	1.0	0.0	1.0
G5EFH4_CAEEL	179125	srp-6	1.0	3	1	1	1.0	0.0	1.0
Q6QUQ5_CAEEL	179195	srp-7	1.0	17	1	1	1.0	0.0	1.0
G5EG04_CAEEL	179381	fshr-1	1.0	4	1	3	1.0	0.0	1.0
LYS1_CAEEL	179428	lys-1	1.0	6	1	8	1.0	0.0	1.0
EGL9_CAEEL	179461	egl-9	1.0	28	1	2	1.0	0.0	1.0
MIF2_CAEEL	179638	mif-2	1.0	2	1	0	1.0	0.0	1.0
NRF5_CAEEL	179879	nrf-5	1.0	5	1	1	1.0	0.0	1.0
Q9XUL6_CAEEL	180298	clec-49	1.0	2	1	1	1.0	0.0	1.0
CDO1_CAEEL	180434	cdo-1	1.0	1	1	1	1.0	0.0	1.0
ARRB_CAEEL	180446	arr-1	1.0	5	1	1	1.0	0.0	1.0
Q18909_CAEEL	180481	cebp-1	1.0	7	1	0	1.0	0.0	1.0
FLP11_CAEEL	180741	flp-11	1.0	5	1	0	1.0	0.0	1.0
LMP1_CAEEL	180912	lmp-1	1.0	10	1	0	1.0	0.0	1.0
MEK1_CAEEL	181004	mek-1	1.0	21	1	3	1.0	0.0	1.0
DIM_CAEEL	181062	dim-1	1.0	10	1	0	1.0	0.0	1.0
O02357_CAEEL	185307	irg-5	1.0	1	1	1	1.0	0.0	1.0
Q9XVI5_CAEEL	188762	spp-12	1.0	1	1	1	1.0	0.0	1.0
Q965P2_CAEEL	189507	cht-4	1.0	35	1	0	1.0	0.0	1.0
Q9BL83_CAEEL	189590	vps-4	1.0	8	1	0	1.0	0.0	1.0
Q9TXY8_CAEEL	189905	trx-4	1.0	27	1	1	1.0	0.0	1.0
GPA9_CAEEL	191659	gpa-9	1.0	3	1	1	1.0	0.0	1.0
ILB4_CAEEL	191688	ins-7	1.0	13	1	3	1.0	0.0	1.0
FABP7_CAEEL	191701	lbp-7	1.0	1	1	1	1.0	0.0	1.0
Q27473_CAEEL	191716	nex-3	1.0	9	1	5	1.0	0.0	1.0
G5EDI0_CAEEL	259679	dcar-1	1.0	2	1	5	1.0	0.0	1.0
ABF2_CAEEL	266826	abf-2	1.0	5	1	2	1.0	0.0	1.0
STATB_CAEEL	3565291	sta-2	1.0	2	1	2	1.0	0.0	1.0
KAPC1_CAEEL	3565407	kin-1	1.0	10	1	2	1.0	0.0	1.0
