Big_T	1830
Big_F	130843
UniProtKB_ID	GeneID	Gene_Name	PPS	Big_P	T+P	Citation	1+Log(T+P)	log10((Cit/yr+1)/10)	1+log10(F/T)+log10(F/P)
Q23272_CAEEL	179922	atfs-1	16.696	16	6	48	1.778	0.69	6.764
FOXO_CAEEL	172981	daf-16	14.733	677	18	40	2.255	0.613	5.137
G5EDY8_CAEEL	177336	drp-1	14.489	18	6	23	1.778	0.38	6.713
NHR49_CAEEL	172839	nhr-49	14.382	32	6	27	1.778	0.447	6.463
COQ7_CAEEL	175729	clk-1	14.371	110	14	18	2.146	0.279	5.926
INSR_CAEEL	175410	daf-2	14.251	416	11	41	2.041	0.623	5.348
PINK1_CAEEL	173918	pink-1	13.996	15	5	22	1.699	0.362	6.792
Q23098_CAEEL	172438	nuo-6	13.386	9	3	26	1.477	0.431	7.014
SODM1_CAEEL	172632	sod-2	13.122	29	4	25	1.602	0.415	6.506
HIF1_CAEEL	180359	hif-1	12.951	79	4	33	1.602	0.531	6.07
NUCG_CAEEL	172045	cps-6	12.947	8	4	16	1.602	0.23	7.065
O44512_CAEEL	177609	isp-1	12.71	36	4	23	1.602	0.38	6.412
Q23463_CAEEL	175851	eftu-2	12.666	7	6	1	1.778	0.0	7.123
U4PE16_CAEEL	175086	ctl-3	12.504	52	5	19	1.699	0.301	6.252
NDUS2_CAEEL	181646	gas-1	12.503	25	8	8	1.903	0.0	6.57
RT05_CAEEL	179721	mrps-5	12.203	1	1	33	1.0	0.531	7.968
CYB_CAEEL	2565702	ctb-1	11.714	24	6	4	1.778	0.0	6.588
AAPK2_CAEEL	181727	aak-2	11.66	49	2	35	1.301	0.556	6.278
PHB1_CAEEL	171768	phb-1	11.065	3	3	3	1.477	0.0	7.491
CED4_CAEEL	175643	ced-4	10.973	159	8	9	1.903	0.0	5.766
O45278_CAEEL	178522	haf-1	10.941	5	2	15	1.301	0.204	7.269
C560_CAEEL	260040	mev-1	10.814	77	6	2	1.778	0.0	6.081
O01883_CAEEL	179315	ucp-4	10.62	6	3	2	1.477	0.0	7.19
HSP7D_CAEEL	174203	hsp-4	10.498	26	4	7	1.602	0.0	6.553
FZO1_CAEEL	173990	fzo-1	10.36	9	3	8	1.477	0.0	7.014
CEP1_CAEEL	172616	cep-1	10.336	88	4	12	1.602	0.114	6.023
Q18853_CAEEL	172582	cyc-1	10.092	21	3	10	1.477	0.041	6.646
P90992_CAEEL	173414	misc-1	9.975	2	2	1	1.301	0.0	7.667
Q9U208_CAEEL	174860	polg-1	9.975	2	2	4	1.301	0.0	7.667
Q9TYY7_CAEEL	177438	spd-3	9.975	2	2	2	1.301	0.0	7.667
P90849_CAEEL	172832	cco-1	9.751	8	2	11	1.301	0.079	7.065
TRXR2_CAEEL	176259	trxr-2	9.583	4	2	1	1.301	0.0	7.366
B7WNA0_CAEEL	172744	pyk-1	9.457	5	2	3	1.301	0.0	7.269
Q17880_CAEEL	174696	nuo-1	9.457	5	2	0	1.301	0.0	7.269
O45246_CAEEL	172757	hsp-70	9.388	61	3	10	1.477	0.041	6.182
FRDA_CAEEL	174002	frh-1	9.354	6	2	3	1.301	0.0	7.19
ATAD3_CAEEL	174590	atad-3	9.354	6	2	1	1.301	0.0	7.19
SKN1_CAEEL	177343	skn-1	9.051	208	2	19	1.301	0.301	5.65
CH60_CAEEL	175316	hsp-60	8.963	12	2	9	1.301	0.0	6.889
ANC1_CAEEL	172034	anc-1	8.836	15	2	7	1.301	0.0	6.792
CED9_CAEEL	3565776	ced-9	8.59	142	3	3	1.477	0.0	5.816
CSP2_CAEEL	177391	csp-2	8.311	38	2	4	1.301	0.0	6.388
CLPP1_CAEEL	174594	clpp-1	8.298	1	1	10	1.0	0.041	7.968
RL40_CAEEL	176718	ubq-2	8.282	40	2	6	1.301	0.0	6.366
NCOR1_CAEEL	176145	gei-8	7.984	2	1	10	1.0	0.041	7.667
G4SRS5_CAEEL	171807	abtm-1	7.968	1	1	0	1.0	0.0	7.968
G4SR45_CAEEL	171900	zip-4	7.968	1	1	0	1.0	0.0	7.968
Q9N3T5_CAEEL	171915	spg-7	7.968	1	1	1	1.0	0.0	7.968
H2FLJ1_CAEEL	172777	stl-1	7.968	1	1	1	1.0	0.0	7.968
Q9XWE1_CAEEL	173065	dnj-27	7.968	1	1	3	1.0	0.0	7.968
Q94055_CAEEL	174414	agxt-1	7.968	1	1	0	1.0	0.0	7.968
MOMA1_CAEEL	175243	moma-1	7.968	1	1	3	1.0	0.0	7.968
Q9TZ33_CAEEL	175248	ucr-2.3	7.968	1	1	0	1.0	0.0	7.968
ETFD_CAEEL	175916	let-721	7.968	1	1	0	1.0	0.0	7.968
FAHD1_CAEEL	176109	fahd-1	7.968	1	1	0	1.0	0.0	7.968
Q86CZ9_CAEEL	176773	ant-1.1	7.968	1	1	0	1.0	0.0	7.968
MCU_CAEEL	177362	mcu-1	7.968	1	1	8	1.0	0.0	7.968
GSTK2_CAEEL	177498	gstk-2	7.968	1	1	0	1.0	0.0	7.968
VDAC_CAEEL	177524	vdac-1	7.968	1	1	0	1.0	0.0	7.968
Q23248_CAEEL	177967	grl-21	7.968	1	1	0	1.0	0.0	7.968
HMCS_CAEEL	178956	hmgs-1	7.968	1	1	2	1.0	0.0	7.968
Q9XVM0_CAEEL	179854	letm-1	7.968	1	1	1	1.0	0.0	7.968
Q9U2G5_CAEEL	180289	mrp-7	7.968	1	1	0	1.0	0.0	7.968
Q19246_CAEEL	180486	dhs-25	7.968	1	1	0	1.0	0.0	7.968
Q18031_CAEEL	180884	nnt-1	7.968	1	1	1	1.0	0.0	7.968
CIA30_CAEEL	183640	nuaf-1	7.968	1	1	0	1.0	0.0	7.968
CRLS1_CAEEL	184910	crls-1	7.968	1	1	1	1.0	0.0	7.968
PPT1_CAEEL	191744	ppt-1	7.968	1	1	0	1.0	0.0	7.968
Q7JNG1_CAEEL	172195	atp-3	7.801	3	1	10	1.0	0.041	7.491
NHR64_CAEEL	171884	nhr-64	7.667	2	1	1	1.0	0.0	7.667
NDUS7_CAEEL	172734	nduf-7	7.667	2	1	1	1.0	0.0	7.667
G3MU68_CAEEL	173053	scrm-1	7.667	2	1	4	1.0	0.0	7.667
DJ11_CAEEL	173416	djr-1.1	7.667	2	1	0	1.0	0.0	7.667
Q86N72_CAEEL	173510	alh-6	7.667	2	1	6	1.0	0.0	7.667
TOM40_CAEEL	174431	tomm-40	7.667	2	1	0	1.0	0.0	7.667
Q09514_CAEEL	174655	glb-12	7.667	2	1	1	1.0	0.0	7.667
TDX1_CAEEL	175573	prdx-3	7.667	2	1	1	1.0	0.0	7.667
PISD_CAEEL	176027	psd-1	7.667	2	1	0	1.0	0.0	7.667
Q9TXZ9_CAEEL	176031	ykt-6	7.667	2	1	0	1.0	0.0	7.667
COQ5_CAEEL	176099	coq-5	7.667	2	1	0	1.0	0.0	7.667
TOM7_CAEEL	176101	tomm-7	7.667	2	1	0	1.0	0.0	7.667
H8ESE7_CAEEL	176609	gbf-1	7.667	2	1	2	1.0	0.0	7.667
Q94234_CAEEL	177543	hmg-5	7.667	2	1	0	1.0	0.0	7.667
Q5TKA3_CAEEL	179043	acs-1	7.667	2	1	2	1.0	0.0	7.667
PYC1_CAEEL	179616	pyc-1	7.667	2	1	0	1.0	0.0	7.667
Q1ZXS6_CAEEL	179894	ric-7	7.667	2	1	3	1.0	0.0	7.667
IMMT2_CAEEL	180122	immt-2	7.667	2	1	2	1.0	0.0	7.667
Q23163_CAEEL	181297	lpr-5	7.667	2	1	1	1.0	0.0	7.667
SIR41_CAEEL	181455	sir-2.2	7.667	2	1	1	1.0	0.0	7.667
G5ECR3_CAEEL	186633	slcf-1	7.667	2	1	2	1.0	0.0	7.667
FABP5_CAEEL	191700	lbp-5	7.667	2	1	0	1.0	0.0	7.667
H2KZC8_CAEEL	24104403	dic-1	7.667	2	1	0	1.0	0.0	7.667
E2AKB_CAEEL	174953	gcn-2	7.624	8	1	11	1.0	0.079	7.065
AGE1_CAEEL	174762	age-1	7.587	137	2	0	1.301	0.0	5.831
Q8IG69_CAEEL	172319	cebp-2	7.491	3	1	0	1.0	0.0	7.491
DIF1_CAEEL	177530	dif-1	7.491	3	1	0	1.0	0.0	7.491
O18235_CAEEL	178403	coq-3	7.491	3	1	0	1.0	0.0	7.491
O44782_CAEEL	172259	vpr-1	7.366	4	1	1	1.0	0.0	7.366
Q21148_CAEEL	175240	zip-2	7.366	4	1	0	1.0	0.0	7.366
GLOD4_CAEEL	175530	glod-4	7.366	4	1	5	1.0	0.0	7.366
COQ8_CAEEL	175647	coq-8	7.366	4	1	2	1.0	0.0	7.366
O61707_CAEEL	171630	taf-4	7.269	5	1	3	1.0	0.0	7.269
HM23_CAEEL	176096	ceh-23	7.269	5	1	5	1.0	0.0	7.269
CED3_CAEEL	178272	ced-3	7.238	254	2	0	1.301	0.0	5.563
LRK1_CAEEL	172995	lrk-1	7.19	6	1	6	1.0	0.0	7.19
G5EFK9_CAEEL	173176	pmr-1	7.19	6	1	0	1.0	0.0	7.19
G5EFQ4_CAEEL	175683	klp-6	7.19	6	1	2	1.0	0.0	7.19
H9G2T3_CAEEL	177775	idh-1	7.19	6	1	1	1.0	0.0	7.19
GELS1_CAEEL	179328	gsnl-1	7.19	6	1	1	1.0	0.0	7.19
NRAMA_CAEEL	180939	smf-1	7.19	6	1	3	1.0	0.0	7.19
BNIP3_CAEEL	181053	dct-1	7.19	6	1	2	1.0	0.0	7.19
RT4I1_CAEEL	3565366	rad-8	7.19	6	1	0	1.0	0.0	7.19
ATPB_CAEEL	175716	atp-2	7.123	7	1	0	1.0	0.0	7.123
A7WK39_CAEEL	176833	pnc-1	7.123	7	1	1	1.0	0.0	7.123
Q18909_CAEEL	180481	cebp-1	7.123	7	1	0	1.0	0.0	7.123
Q18965_CAEEL	174476	eat-3	7.065	8	1	4	1.0	0.0	7.065
ATAT1_CAEEL	177596	mec-17	7.065	8	1	3	1.0	0.0	7.065
ANM1_CAEEL	180326	prmt-1	7.065	8	1	0	1.0	0.0	7.065
Q8IG31_CAEEL	266858	prdx-2	7.065	8	1	7	1.0	0.0	7.065
Q27538_CAEEL	173776	sod-5	6.968	10	1	0	1.0	0.0	6.968
V6CLJ6_CAEEL	176816	pdr-1	6.968	10	1	2	1.0	0.0	6.968
G3P3_CAEEL	180601	gpd-3	6.968	10	1	0	1.0	0.0	6.968
E1B6V2_CAEEL	183932	him-5	6.968	10	1	0	1.0	0.0	6.968
DCA11_CAEEL	172518	wdr-23	6.927	11	1	3	1.0	0.0	6.927
H2KYG4_CAEEL	175778	bas-1	6.927	11	1	1	1.0	0.0	6.927
Q86MJ3_CAEEL	177157	hlh-30	6.927	11	1	0	1.0	0.0	6.927
TRXR1_CAEEL	177466	trxr-1	6.854	13	1	1	1.0	0.0	6.854
CALM_CAEEL	178614	cmd-1	6.854	13	1	0	1.0	0.0	6.854
GCY35_CAEEL	173202	gcy-35	6.822	14	1	0	1.0	0.0	6.822
G5EBS1_CAEEL	175725	gro-1	6.822	14	1	0	1.0	0.0	6.822
Q17740_CAEEL	181719	ain-1	6.792	15	1	3	1.0	0.0	6.792
Q9N5S2_CAEEL	172983	gpx-8	6.738	17	1	0	1.0	0.0	6.738
PKD1_CAEEL	174576	lov-1	6.713	18	1	1	1.0	0.0	6.713
CATA2_CAEEL	259738	ctl-1	6.689	19	1	0	1.0	0.0	6.689
MED15_CAEEL	175817	mdt-15	6.646	21	1	4	1.0	0.0	6.646
G5EFI9_CAEEL	171939	hus-1	6.606	23	1	0	1.0	0.0	6.606
MYO3_CAEEL	179676	myo-3	6.606	23	1	2	1.0	0.0	6.606
Q9TXY8_CAEEL	189905	trx-4	6.537	27	1	0	1.0	0.0	6.537
MIG10_CAEEL	176168	mig-10	6.521	28	1	2	1.0	0.0	6.521
DLK1_CAEEL	173128	dlk-1	6.477	31	1	1	1.0	0.0	6.477
G5EE07_CAEEL	175541	xbp-1	6.449	33	1	3	1.0	0.0	6.449
UNC52_CAEEL	175126	unc-52	6.436	34	1	2	1.0	0.0	6.436
SODC_CAEEL	174141	sod-1	6.355	41	1	1	1.0	0.0	6.355
PTEN_CAEEL	176869	daf-18	6.334	43	1	0	1.0	0.0	6.334
P91857_CAEEL	172755	rab-5	6.315	45	1	0	1.0	0.0	6.315
PSN_CAEEL	180441	sel-12	6.296	47	1	1	1.0	0.0	6.296
COX1_CAEEL	2565700	cox-1	6.278	49	1	1	1.0	0.0	6.278
PMK1_CAEEL	191743	pmk-1	6.19	60	1	1	1.0	0.0	6.19
LIN35_CAEEL	172249	lin-35	6.176	62	1	0	1.0	0.0	6.176
RAC1_CAEEL	177111	ced-10	6.162	64	1	0	1.0	0.0	6.162
GLD1_CAEEL	172532	gld-1	6.044	84	1	6	1.0	0.0	6.044
EGL1_CAEEL	179943	egl-1	5.968	100	1	0	1.0	0.0	5.968
SIR2_CAEEL	177924	sir-2.1	5.955	103	1	0	1.0	0.0	5.955
