Big_T	653
Big_F	130843
UniProtKB_ID	GeneID	Gene_Name	PPS	Big_P	T+P	Citation	1+Log(T+P)	log10((Cit/yr+1)/10)	1+log10(F/T)+log10(F/P)
DTN1_CAEEL	171715	dyb-1	12.039	8	4	1	1.602	0.0	7.515
G5EC16_CAEEL	172783	smn-1	12.039	8	4	5	1.602	0.0	7.515
UNC89_CAEEL	171990	unc-89	11.367	21	4	7	1.602	0.0	7.096
AEX1_CAEEL	172519	aex-1	10.56	2	2	1	1.301	0.0	8.117
Q19305_CAEEL	174169	spon-1	10.56	2	2	1	1.301	0.0	8.117
SYG1_CAEEL	180555	syg-1	10.496	10	2	12	1.301	0.114	7.418
Q7KPP4_CAEEL	171988	unc-73	10.021	43	3	4	1.477	0.0	6.784
EMR1_CAEEL	171752	emr-1	9.939	6	2	4	1.301	0.0	7.64
G5EGK1_CAEEL	171736	tln-1	9.777	8	2	2	1.301	0.0	7.515
DMD_CAEEL	173038	dys-1	9.385	16	2	1	1.301	0.0	7.214
UNC37_CAEEL	172394	unc-37	9.319	18	2	0	1.301	0.0	7.163
G5EG62_CAEEL	175206	unc-45	9.133	25	2	4	1.301	0.0	7.02
MYOD1_CAEEL	173788	hlh-1	8.959	34	2	9	1.301	0.0	6.886
EGL15_CAEEL	181291	egl-15	8.943	35	2	2	1.301	0.0	6.874
G5EF96_CAEEL	172233	unc-40	8.462	82	2	2	1.301	0.0	6.504
H2KYX3_CAEEL	175870	nfm-1	8.418	1	1	0	1.0	0.0	8.418
SUP1_CAEEL	189815	sup-1	8.418	1	1	0	1.0	0.0	8.418
Q9U379_CAEEL	172729	rsbp-1	8.117	2	1	1	1.0	0.0	8.117
AEX5_CAEEL	173358	aex-5	8.117	2	1	2	1.0	0.0	8.117
LPLT2_CAEEL	173771	lat-2	8.117	2	1	2	1.0	0.0	8.117
KCNSK_CAEEL	174536	shk-1	8.117	2	1	3	1.0	0.0	8.117
EMAL_CAEEL	180358	elp-1	8.117	2	1	1	1.0	0.0	8.117
G5EGE3_CAEEL	181244	pkn-1	8.117	2	1	0	1.0	0.0	8.117
CFI1_CAEEL	188793	cfi-1	8.117	2	1	0	1.0	0.0	8.117
SRA6_CAEEL	191777	sra-6	8.117	2	1	0	1.0	0.0	8.117
CSK2B_CAEEL	172610	kin-10	7.941	3	1	0	1.0	0.0	7.941
G5EDV5_CAEEL	172678	cle-1	7.941	3	1	2	1.0	0.0	7.941
H2KYF7_CAEEL	180625	clc-3	7.941	3	1	0	1.0	0.0	7.941
G5EG78_CAEEL	181288	pxn-2	7.941	3	1	3	1.0	0.0	7.941
G5EE18_CAEEL	191619	ceh-28	7.941	3	1	0	1.0	0.0	7.941
O44782_CAEEL	172259	vpr-1	7.816	4	1	1	1.0	0.0	7.816
G5ECC6_CAEEL	172600	ins-18	7.816	4	1	0	1.0	0.0	7.816
FEH1_CAEEL	175373	feh-1	7.816	4	1	1	1.0	0.0	7.816
COQ8_CAEEL	175647	coq-8	7.816	4	1	0	1.0	0.0	7.816
TRXR2_CAEEL	176259	trxr-2	7.816	4	1	0	1.0	0.0	7.816
ARP2_CAEEL	179440	arx-2	7.816	4	1	1	1.0	0.0	7.816
G5EER3_CAEEL	24105310	lev-10	7.816	4	1	2	1.0	0.0	7.816
G5ECY6_CAEEL	172303	chn-1	7.719	5	1	1	1.0	0.0	7.719
Q17880_CAEEL	174696	nuo-1	7.719	5	1	0	1.0	0.0	7.719
PDFR1_CAEEL	175942	pdfr-1	7.719	5	1	2	1.0	0.0	7.719
H2KZM4_CAEEL	180532	peb-1	7.719	5	1	0	1.0	0.0	7.719
Q22355_CAEEL	173749	ast-1	7.64	6	1	1	1.0	0.0	7.64
UN105_CAEEL	174306	unc-105	7.64	6	1	1	1.0	0.0	7.64
P90735_CAEEL	179796	eat-6	7.64	6	1	2	1.0	0.0	7.64
Q9XUW8_CAEEL	179898	aip-1	7.64	6	1	1	1.0	0.0	7.64
GBR1_CAEEL	186801	exp-1	7.64	6	1	0	1.0	0.0	7.64
Q9U325_CAEEL	172732	mef-2	7.573	7	1	0	1.0	0.0	7.573
NHX2_CAEEL	174242	nhx-2	7.573	7	1	2	1.0	0.0	7.573
DIG1_CAEEL	175951	dig-1	7.573	7	1	1	1.0	0.0	7.573
N1NSG8_CAEEL	192081	unc-42	7.573	7	1	4	1.0	0.0	7.573
SUMO_CAEEL	266820	smo-1	7.573	7	1	0	1.0	0.0	7.573
ILKH_CAEEL	175175	pat-4	7.515	8	1	6	1.0	0.0	7.515
LE756_CAEEL	175909	let-756	7.515	8	1	1	1.0	0.0	7.515
EAT5_CAEEL	172480	eat-5	7.464	9	1	7	1.0	0.0	7.464
G5EDB7_CAEEL	176713	unc-25	7.418	10	1	4	1.0	0.0	7.418
G5ECR9_CAEEL	192082	unc-55	7.418	10	1	0	1.0	0.0	7.418
PTPR_CAEEL	3565419	clr-1	7.418	10	1	1	1.0	0.0	7.418
TBX2_CAEEL	175698	tbx-2	7.376	11	1	0	1.0	0.0	7.376
UNC97_CAEEL	180827	unc-97	7.376	11	1	1	1.0	0.0	7.376
TNNC2_CAEEL	174612	tnc-2	7.339	12	1	1	1.0	0.0	7.339
FBSP1_CAEEL	175667	fsn-1	7.339	12	1	1	1.0	0.0	7.339
HSP7A_CAEEL	178507	hsp-1	7.339	12	1	0	1.0	0.0	7.339
G5EFF4_CAEEL	172435	sem-4	7.304	13	1	0	1.0	0.0	7.304
UNC9_CAEEL	181443	unc-9	7.304	13	1	1	1.0	0.0	7.304
FOXO_CAEEL	172981	daf-16	7.268	677	2	3	1.301	0.0	5.587
SRC1_CAEEL	171722	src-1	7.242	15	1	0	1.0	0.0	7.242
MEK2_CAEEL	171872	mek-2	7.242	15	1	1	1.0	0.0	7.242
G5EGH0_CAEEL	175322	ser-4	7.242	15	1	2	1.0	0.0	7.242
G5ECZ1_CAEEL	177366	unc-44	7.187	17	1	1	1.0	0.0	7.187
EAT4_CAEEL	176291	eat-4	7.163	18	1	2	1.0	0.0	7.163
EGL10_CAEEL	179707	egl-10	7.117	20	1	6	1.0	0.0	7.117
ACH5_CAEEL	172105	unc-38	7.096	21	1	0	1.0	0.0	7.096
FER1_CAEEL	172659	fer-1	7.096	21	1	0	1.0	0.0	7.096
UNC4_CAEEL	174544	unc-4	7.096	21	1	2	1.0	0.0	7.096
Q86G45_CAEEL	180570	unc-2	7.096	21	1	3	1.0	0.0	7.096
CAM1_CAEEL	174473	cam-1	7.075	22	1	4	1.0	0.0	7.075
CAPS_CAEEL	178233	unc-31	7.075	22	1	1	1.0	0.0	7.075
FBF1_CAEEL	174016	fbf-1	7.056	23	1	0	1.0	0.0	7.056
Q53U87_CAEEL	177602	sax-7	7.056	23	1	1	1.0	0.0	7.056
MYO3_CAEEL	179676	myo-3	7.056	23	1	0	1.0	0.0	7.056
UN119_CAEEL	176519	unc-119	7.038	24	1	0	1.0	0.0	7.038
ADF1_CAEEL	178640	unc-60	7.038	24	1	0	1.0	0.0	7.038
VAB1_CAEEL	173794	vab-1	7.003	26	1	3	1.0	0.0	7.003
G5EG02_CAEEL	177513	egl-19	7.003	26	1	2	1.0	0.0	7.003
G5EGU1_CAEEL	171751	egl-30	6.971	28	1	2	1.0	0.0	6.971
LIN44_CAEEL	171994	lin-44	6.971	28	1	4	1.0	0.0	6.971
G5EED8_CAEEL	174227	tph-1	6.971	28	1	1	1.0	0.0	6.971
G5EGB2_CAEEL	174830	lin-29	6.971	28	1	0	1.0	0.0	6.971
HSP90_CAEEL	179971	daf-21	6.955	29	1	2	1.0	0.0	6.955
EGL4_CAEEL	176991	egl-4	6.899	33	1	2	1.0	0.0	6.899
UNC52_CAEEL	175126	unc-52	6.886	34	1	1	1.0	0.0	6.886
MYSP_CAEEL	172491	unc-15	6.874	35	1	0	1.0	0.0	6.874
EGL5_CAEEL	176093	egl-5	6.805	41	1	0	1.0	0.0	6.805
Q18534_CAEEL	180752	npr-1	6.719	50	1	6	1.0	0.0	6.719
MAB5_CAEEL	176091	mab-5	6.647	59	1	0	1.0	0.0	6.647
UNC5_CAEEL	177334	unc-5	6.632	61	1	0	1.0	0.0	6.632
LIN35_CAEEL	172249	lin-35	6.625	62	1	1	1.0	0.0	6.625
MYO4_CAEEL	259839	unc-54	6.612	64	1	7	1.0	0.0	6.612
UNC22_CAEEL	178135	unc-22	6.605	65	1	1	1.0	0.0	6.605
UNC6_CAEEL	180961	unc-6	6.331	122	1	6	1.0	0.0	6.331
LIN12_CAEEL	176282	lin-12	6.067	224	1	0	1.0	0.0	6.067
INSR_CAEEL	175410	daf-2	6.038	416	1	10	1.0	0.041	5.798
