Big_T	2094942
Big_F	130843
UniProtKB_ID	GeneID	Gene_Name	PPS	Big_P	T+P	Citation	1+Log(T+P)	log10((Cit/yr+1)/10)	1+log10(F/T)+log10(F/P)
FOXO_CAEEL	172981	daf-16	3.035	677	19	56	2.279	0.756	1.0
UNC22_CAEEL	178135	unc-22	2.702	65	28	17	2.447	0.255	1.0
MYOD1_CAEEL	173788	hlh-1	2.653	34	15	29	2.176	0.477	1.0
MYO4_CAEEL	259839	unc-54	2.486	64	18	16	2.255	0.23	1.0
G5EG62_CAEEL	175206	unc-45	2.364	25	11	20	2.041	0.322	1.0
MYSP_CAEEL	172491	unc-15	2.342	35	22	5	2.342	0.0	1.0
UNC89_CAEEL	171990	unc-89	2.322	21	14	14	2.146	0.176	1.0
ADF1_CAEEL	178640	unc-60	2.225	24	12	13	2.079	0.146	1.0
INSR_CAEEL	175410	daf-2	2.193	416	6	25	1.778	0.415	1.0
ACH5_CAEEL	172105	unc-38	2.158	21	9	15	1.954	0.204	1.0
UNC52_CAEEL	175126	unc-52	2.083	34	11	10	2.041	0.041	1.0
SODC_CAEEL	174141	sod-1	2.041	41	5	21	1.699	0.342	1.0
G5EG02_CAEEL	177513	egl-19	2.041	26	10	10	2.0	0.041	1.0
O45815_CAEEL	176793	act-5	2.0	63	10	4	2.0	0.0	1.0
FER1_CAEEL	172659	fer-1	1.978	21	5	18	1.699	0.279	1.0
DMD_CAEEL	173038	dys-1	1.954	16	9	5	1.954	0.0	1.0
SLO1_CAEEL	180203	slo-1	1.954	47	9	8	1.954	0.0	1.0
G5EF96_CAEEL	172233	unc-40	1.903	82	8	9	1.903	0.0	1.0
I2HAA6_CAEEL	179080	unc-68	1.903	17	8	4	1.903	0.0	1.0
MYO3_CAEEL	179676	myo-3	1.903	23	8	9	1.903	0.0	1.0
G5EBY3_CAEEL	172562	nmy-2	1.886	24	7	10	1.845	0.041	1.0
DTN1_CAEEL	171715	dyb-1	1.845	8	7	2	1.845	0.0	1.0
ROCK_CAEEL	172088	let-502	1.845	17	7	7	1.845	0.0	1.0
UNC87_CAEEL	172397	unc-87	1.845	11	7	1	1.845	0.0	1.0
Q7KPP4_CAEEL	171988	unc-73	1.778	43	6	7	1.778	0.0	1.0
UNC37_CAEEL	172394	unc-37	1.778	18	6	4	1.778	0.0	1.0
UN103_CAEEL	175527	unc-103	1.778	13	6	8	1.778	0.0	1.0
G5EEY3_CAEEL	176472	unc-49	1.778	21	6	8	1.778	0.0	1.0
PHA4_CAEEL	180357	pha-4	1.778	68	4	14	1.602	0.176	1.0
MEC10_CAEEL	181101	mec-10	1.732	29	2	26	1.301	0.431	1.0
G5EGU1_CAEEL	171751	egl-30	1.699	28	5	6	1.699	0.0	1.0
UN105_CAEEL	174306	unc-105	1.699	6	5	2	1.699	0.0	1.0
PAL1_CAEEL	175638	pal-1	1.699	27	5	4	1.699	0.0	1.0
G5EEL5_CAEEL	179068	dbl-1	1.699	54	5	7	1.699	0.0	1.0
EGL15_CAEEL	181291	egl-15	1.699	35	5	4	1.699	0.0	1.0
G5EGK1_CAEEL	171736	tln-1	1.602	8	4	4	1.602	0.0	1.0
G5EF37_CAEEL	172127	pat-10	1.602	6	4	0	1.602	0.0	1.0
ACH6_CAEEL	172150	unc-63	1.602	13	4	7	1.602	0.0	1.0
Q8IFY7_CAEEL	172270	avr-14	1.602	13	4	2	1.602	0.0	1.0
G5EFT5_CAEEL	173078	hsf-1	1.602	95	4	6	1.602	0.0	1.0
SUP9_CAEEL	173613	sup-9	1.602	5	4	1	1.602	0.0	1.0
UNC4_CAEEL	174544	unc-4	1.602	21	4	3	1.602	0.0	1.0
TNNC2_CAEEL	174612	tnc-2	1.602	12	4	2	1.602	0.0	1.0
ILKH_CAEEL	175175	pat-4	1.602	8	4	7	1.602	0.0	1.0
UNC93_CAEEL	175466	unc-93	1.602	13	4	1	1.602	0.0	1.0
PAT3_CAEEL	175504	pat-3	1.602	23	4	6	1.602	0.0	1.0
LIN12_CAEEL	176282	lin-12	1.602	224	4	0	1.602	0.0	1.0
FAT1_CAEEL	178291	fat-1	1.602	29	4	6	1.602	0.0	1.0
CALR_CAEEL	178997	crt-1	1.602	30	4	1	1.602	0.0	1.0
ACH1_CAEEL	179235	acr-16	1.602	20	4	5	1.602	0.0	1.0
HM22_CAEEL	179485	ceh-22	1.602	12	4	3	1.602	0.0	1.0
MIG17_CAEEL	179575	mig-17	1.602	16	4	2	1.602	0.0	1.0
UNC97_CAEEL	180827	unc-97	1.602	11	4	7	1.602	0.0	1.0
TNNT_CAEEL	180914	mup-2	1.602	6	4	9	1.602	0.0	1.0
G5EDJ1_CAEEL	181332	slo-2	1.602	10	4	2	1.602	0.0	1.0
G5EDY8_CAEEL	177336	drp-1	1.556	18	3	11	1.477	0.079	1.0
G5EEC1_CAEEL	180312	lgc-55	1.519	9	3	10	1.477	0.041	1.0
V6CKQ3_CAEEL	171607	mex-3	1.477	22	3	9	1.477	0.0	1.0
SRC1_CAEEL	171722	src-1	1.477	15	3	1	1.477	0.0	1.0
O01970_CAEEL	171753	nlp-12	1.477	9	3	5	1.477	0.0	1.0
POP1_CAEEL	171849	pop-1	1.477	80	3	4	1.477	0.0	1.0
G5EDV9_CAEEL	171905	ace-2	1.477	26	3	0	1.477	0.0	1.0
G5EFZ9_CAEEL	172133	fhod-1	1.477	4	3	2	1.477	0.0	1.0
TMOD_CAEEL	172275	unc-94	1.477	3	3	2	1.477	0.0	1.0
MYO1_CAEEL	172471	myo-1	1.477	4	3	1	1.477	0.0	1.0
EAT5_CAEEL	172480	eat-5	1.477	9	3	7	1.477	0.0	1.0
GNAO_CAEEL	172505	goa-1	1.477	47	3	8	1.477	0.0	1.0
Q18955_CAEEL	172636	unc-120	1.477	4	3	4	1.477	0.0	1.0
ACH2_CAEEL	172703	unc-29	1.477	21	3	0	1.477	0.0	1.0
Q9U325_CAEEL	172732	mef-2	1.477	7	3	7	1.477	0.0	1.0
G5ECJ4_CAEEL	172771	mec-8	1.477	13	3	2	1.477	0.0	1.0
G5EEC4_CAEEL	173058	vab-10	1.477	9	3	3	1.477	0.0	1.0
Q9NEZ5_CAEEL	173301	unc-95	1.477	5	3	3	1.477	0.0	1.0
TPM1_CAEEL	173319	lev-11	1.477	10	3	1	1.477	0.0	1.0
G5EDN8_CAEEL	173599	vab-19	1.477	5	3	1	1.477	0.0	1.0
SMA6_CAEEL	174044	sma-6	1.477	15	3	2	1.477	0.0	1.0
UN104_CAEEL	174144	unc-104	1.477	38	3	8	1.477	0.0	1.0
LPLT1_CAEEL	174419	lat-1	1.477	13	3	2	1.477	0.0	1.0
CAM1_CAEEL	174473	cam-1	1.477	22	3	6	1.477	0.0	1.0
UNC53_CAEEL	174693	unc-53	1.477	20	3	3	1.477	0.0	1.0
G5ECB9_CAEEL	174836	mex-1	1.477	14	3	2	1.477	0.0	1.0
ACH8_CAEEL	175072	eat-2	1.477	38	3	7	1.477	0.0	1.0
STIM1_CAEEL	175201	stim-1	1.477	7	3	2	1.477	0.0	1.0
G5EGH0_CAEEL	175322	ser-4	1.477	15	3	5	1.477	0.0	1.0
TBX2_CAEEL	175698	tbx-2	1.477	11	3	1	1.477	0.0	1.0
GLP1_CAEEL	176286	glp-1	1.477	166	3	2	1.477	0.0	1.0
SPRC_CAEEL	176931	ost-1	1.477	8	3	3	1.477	0.0	1.0
G5ECZ1_CAEEL	177366	unc-44	1.477	17	3	2	1.477	0.0	1.0
RIC3_CAEEL	177570	ric-3	1.477	21	3	4	1.477	0.0	1.0
FLP01_CAEEL	177737	flp-1	1.477	20	3	0	1.477	0.0	1.0
FBLN1_CAEEL	177788	fbl-1	1.477	13	3	1	1.477	0.0	1.0
GON1_CAEEL	177850	gon-1	1.477	16	3	3	1.477	0.0	1.0
CAPS_CAEEL	178233	unc-31	1.477	22	3	3	1.477	0.0	1.0
A0A0K3AVF4_CAEEL	178624	egl-2	1.477	5	3	4	1.477	0.0	1.0
HM24_CAEEL	179877	ceh-24	1.477	3	3	3	1.477	0.0	1.0
DIM_CAEEL	181062	dim-1	1.477	10	3	1	1.477	0.0	1.0
G5ECV2_CAEEL	181716	ser-1	1.477	19	3	3	1.477	0.0	1.0
Q27526_CAEEL	188583	bgal-1	1.477	29	3	1	1.477	0.0	1.0
SYG1_CAEEL	180555	syg-1	1.415	10	2	12	1.301	0.114	1.0
IRE1_CAEEL	174305	ire-1	1.38	33	2	11	1.301	0.079	1.0
NCOR1_CAEEL	176145	gei-8	1.342	2	2	10	1.301	0.041	1.0
Q18534_CAEEL	180752	npr-1	1.342	50	2	10	1.301	0.041	1.0
Q7KPV0_CAEEL	171687	gsa-1	1.301	4	2	1	1.301	0.0	1.0
H2L012_CAEEL	171818	ctn-1	1.301	3	2	2	1.301	0.0	1.0
SEM2_CAEEL	172162	sem-2	1.301	3	2	0	1.301	0.0	1.0
G5ECY6_CAEEL	172303	chn-1	1.301	5	2	4	1.301	0.0	1.0
MPIP1_CAEEL	172353	cdc-25.1	1.301	16	2	4	1.301	0.0	1.0
MEC6_CAEEL	172389	mec-6	1.301	15	2	3	1.301	0.0	1.0
G5EFF4_CAEEL	172435	sem-4	1.301	13	2	0	1.301	0.0	1.0
GBB2_CAEEL	172483	gpb-2	1.301	10	2	8	1.301	0.0	1.0
UNC13_CAEEL	172497	unc-13	1.301	61	2	2	1.301	0.0	1.0
AEX1_CAEEL	172519	aex-1	1.301	2	2	1	1.301	0.0	1.0
LIN28_CAEEL	172626	lin-28	1.301	66	2	2	1.301	0.0	1.0
TRPG_CAEEL	172646	gon-2	1.301	13	2	0	1.301	0.0	1.0
LMN1_CAEEL	172687	lmn-1	1.301	6	2	8	1.301	0.0	1.0
Q8I4I1_CAEEL	172706	madd-4	1.301	7	2	3	1.301	0.0	1.0
O45246_CAEEL	172757	hsp-70	1.301	61	2	0	1.301	0.0	1.0
G5EC16_CAEEL	172783	smn-1	1.301	8	2	4	1.301	0.0	1.0
AHA1_CAEEL	172889	aha-1	1.301	10	2	3	1.301	0.0	1.0
A0A0K3AU50_CAEEL	172914	mgl-2	1.301	5	2	0	1.301	0.0	1.0
Q564S5_CAEEL	173293	eya-1	1.301	6	2	1	1.301	0.0	1.0
VAB1_CAEEL	173794	vab-1	1.301	26	2	4	1.301	0.0	1.0
KPC3_CAEEL	173914	pkc-3	1.301	41	2	0	1.301	0.0	1.0
IFB1_CAEEL	173976	ifb-1	1.301	3	2	4	1.301	0.0	1.0
FZO1_CAEEL	173990	fzo-1	1.301	9	2	7	1.301	0.0	1.0
LGG1_CAEEL	174050	lgg-1	1.301	34	2	2	1.301	0.0	1.0
Q19305_CAEEL	174169	spon-1	1.301	2	2	1	1.301	0.0	1.0
Q5H9N3_CAEEL	174225	nfi-1	1.301	4	2	0	1.301	0.0	1.0
G5EED8_CAEEL	174227	tph-1	1.301	28	2	4	1.301	0.0	1.0
CDC42_CAEEL	174233	cdc-42	1.301	68	2	1	1.301	0.0	1.0
G5EBM0_CAEEL	174334	eff-1	1.301	32	2	2	1.301	0.0	1.0
MEX6_CAEEL	174504	mex-6	1.301	13	2	6	1.301	0.0	1.0
KCNSK_CAEEL	174536	shk-1	1.301	2	2	4	1.301	0.0	1.0
Q18694_CAEEL	174721	unc-130	1.301	5	2	1	1.301	0.0	1.0
G5EGB2_CAEEL	174830	lin-29	1.301	28	2	0	1.301	0.0	1.0
LEM2_CAEEL	175058	lem-2	1.301	8	2	3	1.301	0.0	1.0
Q9U295_CAEEL	175076	ace-3	1.301	12	2	0	1.301	0.0	1.0
MTMR3_CAEEL	175490	mtm-3	1.301	3	2	0	1.301	0.0	1.0
G5EEW7_CAEEL	175542	asd-1	1.301	6	2	0	1.301	0.0	1.0
DAF4_CAEEL	175781	daf-4	1.301	31	2	4	1.301	0.0	1.0
LE756_CAEEL	175909	let-756	1.301	8	2	1	1.301	0.0	1.0
PDFR1_CAEEL	175942	pdfr-1	1.301	5	2	3	1.301	0.0	1.0
NAS35_CAEEL	176014	dpy-31	1.301	6	2	1	1.301	0.0	1.0
MUP4_CAEEL	176060	mup-4	1.301	3	2	0	1.301	0.0	1.0
MAB5_CAEEL	176091	mab-5	1.301	59	2	1	1.301	0.0	1.0
G5EEK8_CAEEL	176512	sca-1	1.301	4	2	2	1.301	0.0	1.0
FLP14_CAEEL	176708	flp-14	1.301	8	2	0	1.301	0.0	1.0
RL40_CAEEL	176718	ubq-2	1.301	40	2	0	1.301	0.0	1.0
RIC8_CAEEL	177048	ric-8	1.301	19	2	5	1.301	0.0	1.0
ZAG1_CAEEL	177144	zag-1	1.301	5	2	3	1.301	0.0	1.0
FEM1_CAEEL	177335	fem-1	1.301	44	2	0	1.301	0.0	1.0
G5EEF6_CAEEL	177701	alp-1	1.301	3	2	2	1.301	0.0	1.0
CAV1_CAEEL	177815	cav-1	1.301	12	2	3	1.301	0.0	1.0
SIR2_CAEEL	177924	sir-2.1	1.301	103	2	0	1.301	0.0	1.0
PP2B_CAEEL	177943	tax-6	1.301	22	2	4	1.301	0.0	1.0
FLP09_CAEEL	178232	flp-9	1.301	4	2	0	1.301	0.0	1.0
UNC30_CAEEL	178265	unc-30	1.301	14	2	3	1.301	0.0	1.0
G5EC35_CAEEL	179629	sma-1	1.301	9	2	0	1.301	0.0	1.0
P90735_CAEEL	179796	eat-6	1.301	6	2	2	1.301	0.0	1.0
Q23272_CAEEL	179922	atfs-1	1.301	16	2	9	1.301	0.0	1.0
HSP90_CAEEL	179971	daf-21	1.301	29	2	2	1.301	0.0	1.0
HIF1_CAEEL	180359	hif-1	1.301	79	2	1	1.301	0.0	1.0
G5EEF1_CAEEL	180402	egl-17	1.301	22	2	1	1.301	0.0	1.0
UNC1_CAEEL	180458	unc-1	1.301	11	2	3	1.301	0.0	1.0
NHR40_CAEEL	180560	nhr-40	1.301	3	2	0	1.301	0.0	1.0
Q86G45_CAEEL	180570	unc-2	1.301	21	2	4	1.301	0.0	1.0
Q20641_CAEEL	180581	nmy-1	1.301	12	2	1	1.301	0.0	1.0
WDR1_CAEEL	180631	unc-78	1.301	9	2	5	1.301	0.0	1.0
SAX3_CAEEL	180637	sax-3	1.301	32	2	3	1.301	0.0	1.0
H2L051_CAEEL	180674	sup-12	1.301	8	2	1	1.301	0.0	1.0
SEM5_CAEEL	181055	sem-5	1.301	44	2	7	1.301	0.0	1.0
TWIST_CAEEL	181069	hlh-8	1.301	7	2	1	1.301	0.0	1.0
LIPA_CAEEL	181255	syd-2	1.301	27	2	6	1.301	0.0	1.0
KCNAG_CAEEL	181269	egl-36	1.301	3	2	0	1.301	0.0	1.0
G5ED62_CAEEL	181271	sma-9	1.301	8	2	1	1.301	0.0	1.0
Q22629_CAEEL	181283	dgn-1	1.301	7	2	2	1.301	0.0	1.0
G5EG78_CAEEL	181288	pxn-2	1.301	3	2	4	1.301	0.0	1.0
MES1_CAEEL	181362	mes-1	1.301	15	2	2	1.301	0.0	1.0
UNC9_CAEEL	181443	unc-9	1.301	13	2	3	1.301	0.0	1.0
NAS34_CAEEL	181564	hch-1	1.301	2	2	0	1.301	0.0	1.0
UNC7_CAEEL	181608	unc-7	1.301	13	2	1	1.301	0.0	1.0
NDUS2_CAEEL	181646	gas-1	1.301	25	2	1	1.301	0.0	1.0
ACE1_CAEEL	181706	ace-1	1.301	27	2	0	1.301	0.0	1.0
Q95YA9_CAEEL	181729	cas-1	1.301	2	2	1	1.301	0.0	1.0
CLHM1_CAEEL	183429	clhm-1	1.301	3	2	3	1.301	0.0	1.0
GBR1_CAEEL	186801	exp-1	1.301	6	2	2	1.301	0.0	1.0
Q21578_CAEEL	187454	pha-2	1.301	3	2	0	1.301	0.0	1.0
ACH23_CAEEL	191606	acr-23	1.301	8	2	2	1.301	0.0	1.0
G5EF43_CAEEL	191770	snf-11	1.301	3	2	1	1.301	0.0	1.0
G5ECR9_CAEEL	192082	unc-55	1.301	10	2	0	1.301	0.0	1.0
AGE1_CAEEL	174762	age-1	1.146	137	1	13	1.0	0.146	1.0
SID1_CAEEL	178900	sid-1	1.114	35	1	12	1.0	0.114	1.0
TTC30_CAEEL	172122	dyf-1	1.041	8	1	10	1.0	0.041	1.0
NLP40_CAEEL	171591	nlp-40	1.0	1	1	1	1.0	0.0	1.0
SESN1_CAEEL	171593	sesn-1	1.0	1	1	2	1.0	0.0	1.0
DUOX1_CAEEL	171608	bli-3	1.0	16	1	0	1.0	0.0	1.0
EMR1_CAEEL	171752	emr-1	1.0	6	1	3	1.0	0.0	1.0
PHB1_CAEEL	171768	phb-1	1.0	3	1	3	1.0	0.0	1.0
CDK7_CAEEL	171784	cdk-7	1.0	4	1	0	1.0	0.0	1.0
G5EDV1_CAEEL	171832	lin-17	1.0	38	1	0	1.0	0.0	1.0
H2L0S2_CAEEL	171867	cogc-3	1.0	1	1	1	1.0	0.0	1.0
MEK2_CAEEL	171872	mek-2	1.0	15	1	1	1.0	0.0	1.0
CDK2_CAEEL	171911	cdk-2	1.0	10	1	1	1.0	0.0	1.0
O01661_CAEEL	171933	ccb-1	1.0	1	1	0	1.0	0.0	1.0
LIN44_CAEEL	171994	lin-44	1.0	28	1	0	1.0	0.0	1.0
INX16_CAEEL	172005	inx-16	1.0	3	1	2	1.0	0.0	1.0
ANC1_CAEEL	172034	anc-1	1.0	15	1	0	1.0	0.0	1.0
BET1_CAEEL	172054	bet-1	1.0	5	1	0	1.0	0.0	1.0
SH3GH_CAEEL	172078	unc-57	1.0	3	1	0	1.0	0.0	1.0
KIN32_CAEEL	172135	kin-32	1.0	2	1	2	1.0	0.0	1.0
Q9N588_CAEEL	172149	tyms-1	1.0	8	1	0	1.0	0.0	1.0
G5ECU8_CAEEL	172171	cln-3.2	1.0	2	1	0	1.0	0.0	1.0
Q7JNG1_CAEEL	172195	atp-3	1.0	3	1	0	1.0	0.0	1.0
DPY5_CAEEL	172197	dpy-5	1.0	11	1	0	1.0	0.0	1.0
LIN35_CAEEL	172249	lin-35	1.0	62	1	1	1.0	0.0	1.0
O44782_CAEEL	172259	vpr-1	1.0	4	1	1	1.0	0.0	1.0
H2KZ73_CAEEL	172261	noah-1	1.0	2	1	0	1.0	0.0	1.0
P91278_CAEEL	172331	let-381	1.0	1	1	1	1.0	0.0	1.0
GLY2_CAEEL	172360	gly-2	1.0	2	1	0	1.0	0.0	1.0
BAG1_CAEEL	172373	bag-1	1.0	3	1	0	1.0	0.0	1.0
G5EEB6_CAEEL	172410	dpy-14	1.0	5	1	0	1.0	0.0	1.0
GLH1_CAEEL	172414	glh-1	1.0	16	1	0	1.0	0.0	1.0
Q23098_CAEEL	172438	nuo-6	1.0	9	1	0	1.0	0.0	1.0
G5ECQ1_CAEEL	172450	unc-14	1.0	7	1	1	1.0	0.0	1.0
A5JYT2_CAEEL	172461	swsn-9	1.0	1	1	2	1.0	0.0	1.0
DHP1_CAEEL	172464	dhp-1	1.0	2	1	0	1.0	0.0	1.0
G5EEG4_CAEEL	172514	mce-1	1.0	2	1	0	1.0	0.0	1.0
G5ECM1_CAEEL	172523	rrf-1	1.0	13	1	5	1.0	0.0	1.0
GLD1_CAEEL	172532	gld-1	1.0	84	1	0	1.0	0.0	1.0
GLB26_CAEEL	172564	glb-26	1.0	3	1	0	1.0	0.0	1.0
Q18853_CAEEL	172582	cyc-1	1.0	21	1	1	1.0	0.0	1.0
APR1_CAEEL	172591	apr-1	1.0	12	1	1	1.0	0.0	1.0
G5ECC6_CAEEL	172600	ins-18	1.0	4	1	0	1.0	0.0	1.0
A5JYX4_CAEEL	172603	dhs-3	1.0	2	1	1	1.0	0.0	1.0
O02289_CAEEL	172604	gla-3	1.0	2	1	1	1.0	0.0	1.0
CSK2B_CAEEL	172610	kin-10	1.0	3	1	0	1.0	0.0	1.0
G5EC65_CAEEL	172613	abts-1	1.0	2	1	0	1.0	0.0	1.0
SODM1_CAEEL	172632	sod-2	1.0	29	1	0	1.0	0.0	1.0
Q93702_CAEEL	172665	flp-22	1.0	2	1	0	1.0	0.0	1.0
G5EDV5_CAEEL	172678	cle-1	1.0	3	1	2	1.0	0.0	1.0
SPD2_CAEEL	172712	spd-2	1.0	25	1	1	1.0	0.0	1.0
G5EEE2_CAEEL	172723	tax-2	1.0	33	1	2	1.0	0.0	1.0
Q9U379_CAEEL	172729	rsbp-1	1.0	2	1	1	1.0	0.0	1.0
GEI17_CAEEL	172733	gei-17	1.0	6	1	2	1.0	0.0	1.0
B7WNA0_CAEEL	172744	pyk-1	1.0	5	1	1	1.0	0.0	1.0
P91857_CAEEL	172755	rab-5	1.0	45	1	1	1.0	0.0	1.0
Q93233_CAEEL	172768	pabp-2	1.0	1	1	0	1.0	0.0	1.0
AHR_CAEEL	172788	ahr-1	1.0	14	1	2	1.0	0.0	1.0
O18033_CAEEL	172803	nra-2	1.0	2	1	1	1.0	0.0	1.0
O17589_CAEEL	172823	eat-16	1.0	15	1	1	1.0	0.0	1.0
MOM5_CAEEL	172856	mom-5	1.0	14	1	1	1.0	0.0	1.0
WARTS_CAEEL	172896	wts-1	1.0	2	1	0	1.0	0.0	1.0
Q7K797_CAEEL	172920	pab-1	1.0	18	1	5	1.0	0.0	1.0
Q93832_CAEEL	172932	nlp-4	1.0	1	1	1	1.0	0.0	1.0
UBC25_CAEEL	172941	ubc-25	1.0	2	1	0	1.0	0.0	1.0
HMR1_CAEEL	173007	hmr-1	1.0	18	1	2	1.0	0.0	1.0
CED1_CAEEL	173064	ced-1	1.0	54	1	0	1.0	0.0	1.0
PROF1_CAEEL	173161	pfn-1	1.0	4	1	1	1.0	0.0	1.0
G5EEG7_CAEEL	173175	smu-1	1.0	5	1	0	1.0	0.0	1.0
G5EFK9_CAEEL	173176	pmr-1	1.0	6	1	0	1.0	0.0	1.0
SYV_CAEEL	173224	vrs-2	1.0	17	1	0	1.0	0.0	1.0
UB2V1_CAEEL	173347	uev-1	1.0	3	1	0	1.0	0.0	1.0
AEX5_CAEEL	173358	aex-5	1.0	2	1	2	1.0	0.0	1.0
G5EGP1_CAEEL	173359	unc-122	1.0	2	1	2	1.0	0.0	1.0
O17072_CAEEL	173385	nfyc-1	1.0	2	1	0	1.0	0.0	1.0
WNT1_CAEEL	173399	cwn-1	1.0	13	1	1	1.0	0.0	1.0
G5EF03_CAEEL	173401	etr-1	1.0	3	1	0	1.0	0.0	1.0
O17286_CAEEL	173435	nfyb-1	1.0	4	1	0	1.0	0.0	1.0
TBX12_CAEEL	173441	mab-9	1.0	10	1	1	1.0	0.0	1.0
O16720_CAEEL	173468	alg-2	1.0	20	1	2	1.0	0.0	1.0
H2KYR1_CAEEL	173512	vig-1	1.0	5	1	0	1.0	0.0	1.0
Q22355_CAEEL	173749	ast-1	1.0	6	1	1	1.0	0.0	1.0
CPNA1_CAEEL	173753	cpna-1	1.0	1	1	2	1.0	0.0	1.0
LPLT2_CAEEL	173771	lat-2	1.0	2	1	2	1.0	0.0	1.0
G5EDU3_CAEEL	173876	pld-1	1.0	6	1	4	1.0	0.0	1.0
PINK1_CAEEL	173918	pink-1	1.0	15	1	0	1.0	0.0	1.0
RAB3_CAEEL	173971	rab-3	1.0	24	1	2	1.0	0.0	1.0
Q21241_CAEEL	173978	lect-2	1.0	1	1	0	1.0	0.0	1.0
FBF1_CAEEL	174016	fbf-1	1.0	23	1	0	1.0	0.0	1.0
RAPSN_CAEEL	174105	rpy-1	1.0	1	1	0	1.0	0.0	1.0
TRA2_CAEEL	174137	tra-2	1.0	55	1	0	1.0	0.0	1.0
CLH3_CAEEL	174187	clh-3	1.0	13	1	0	1.0	0.0	1.0
Q09487_CAEEL	174197	puf-8	1.0	15	1	1	1.0	0.0	1.0
NHX2_CAEEL	174242	nhx-2	1.0	7	1	2	1.0	0.0	1.0
ACR7_CAEEL	174262	acr-7	1.0	2	1	1	1.0	0.0	1.0
ZYG11_CAEEL	174284	zyg-11	1.0	11	1	0	1.0	0.0	1.0
NRF6_CAEEL	174287	nrf-6	1.0	3	1	1	1.0	0.0	1.0
G5EF51_CAEEL	174301	ltd-1	1.0	1	1	0	1.0	0.0	1.0
TERA2_CAEEL	174309	cdc-48.2	1.0	10	1	0	1.0	0.0	1.0
G5EE53_CAEEL	174315	rrf-3	1.0	17	1	0	1.0	0.0	1.0
TCPA_CAEEL	174318	cct-1	1.0	2	1	0	1.0	0.0	1.0
RL5_CAEEL	174371	rpl-5	1.0	1	1	0	1.0	0.0	1.0
Q19863_CAEEL	174376	aptf-4	1.0	1	1	0	1.0	0.0	1.0
G5ECE8_CAEEL	174383	chhy-1	1.0	6	1	0	1.0	0.0	1.0
PYR1_CAEEL	174385	pyr-1	1.0	2	1	1	1.0	0.0	1.0
MAK1_CAEEL	174398	mak-1	1.0	1	1	0	1.0	0.0	1.0
HLH3_CAEEL	174447	hlh-3	1.0	5	1	1	1.0	0.0	1.0
SYM2_CAEEL	174461	sym-2	1.0	3	1	1	1.0	0.0	1.0
PLOD_CAEEL	174564	let-268	1.0	3	1	0	1.0	0.0	1.0
G5EG31_CAEEL	174568	flp-4	1.0	3	1	6	1.0	0.0	1.0
A0A131MCL4_CAEEL	174569	die-1	1.0	7	1	1	1.0	0.0	1.0
PLCG_CAEEL	174586	plc-3	1.0	3	1	2	1.0	0.0	1.0
G3P1_CAEEL	174603	gpd-1	1.0	4	1	0	1.0	0.0	1.0
PDC10_CAEEL	174638	ccm-3	1.0	3	1	0	1.0	0.0	1.0
G5ECF9_CAEEL	174657	mpz-1	1.0	4	1	0	1.0	0.0	1.0
CAPZB_CAEEL	174673	cap-2	1.0	2	1	0	1.0	0.0	1.0
Q17880_CAEEL	174696	nuo-1	1.0	5	1	0	1.0	0.0	1.0
B2D6K9_CAEEL	174725	saps-1	1.0	3	1	1	1.0	0.0	1.0
Q58AA9_CAEEL	174728	rsf-1	1.0	4	1	0	1.0	0.0	1.0
Q09493_CAEEL	174739	shn-1	1.0	3	1	0	1.0	0.0	1.0
NEPL1_CAEEL	174787	nep-1	1.0	2	1	0	1.0	0.0	1.0
LDH_CAEEL	174798	ldh-1	1.0	2	1	0	1.0	0.0	1.0
GBB1_CAEEL	174803	gpb-1	1.0	10	1	1	1.0	0.0	1.0
Q23146_CAEEL	174834	rab-7	1.0	35	1	2	1.0	0.0	1.0
ZYX_CAEEL	174951	zyx-1	1.0	5	1	1	1.0	0.0	1.0
E2AKB_CAEEL	174953	gcn-2	1.0	8	1	0	1.0	0.0	1.0
G5EDM7_CAEEL	175054	daf-5	1.0	9	1	2	1.0	0.0	1.0
U4PE16_CAEEL	175086	ctl-3	1.0	52	1	0	1.0	0.0	1.0
PAT12_CAEEL	175227	pat-12	1.0	1	1	0	1.0	0.0	1.0
DAF7_CAEEL	175237	daf-7	1.0	60	1	1	1.0	0.0	1.0
MOMA1_CAEEL	175243	moma-1	1.0	1	1	3	1.0	0.0	1.0
U2AF2_CAEEL	175270	uaf-1	1.0	6	1	0	1.0	0.0	1.0
H1ZUX3_CAEEL	175275	par-2	1.0	65	1	0	1.0	0.0	1.0
Q1T6W7_CAEEL	175367	smg-6	1.0	8	1	1	1.0	0.0	1.0
FEH1_CAEEL	175373	feh-1	1.0	4	1	1	1.0	0.0	1.0
MMPB_CAEEL	175383	zmp-2	1.0	2	1	1	1.0	0.0	1.0
Q9N2Y1_CAEEL	175385	pbo-1	1.0	1	1	0	1.0	0.0	1.0
Q9TZ64_CAEEL	175404	klf-1	1.0	2	1	0	1.0	0.0	1.0
TBA3_CAEEL	175419	mec-12	1.0	10	1	0	1.0	0.0	1.0
Q09497_CAEEL	175451	rsu-1	1.0	1	1	0	1.0	0.0	1.0
RNF5_CAEEL	175532	rnf-5	1.0	6	1	1	1.0	0.0	1.0
G5EE07_CAEEL	175541	xbp-1	1.0	33	1	3	1.0	0.0	1.0
MAB21_CAEEL	175607	mab-21	1.0	14	1	0	1.0	0.0	1.0
Q19523_CAEEL	175622	acy-1	1.0	4	1	1	1.0	0.0	1.0
CED4_CAEEL	175643	ced-4	1.0	159	1	2	1.0	0.0	1.0
COQ8_CAEEL	175647	coq-8	1.0	4	1	0	1.0	0.0	1.0
FBSP1_CAEEL	175667	fsn-1	1.0	12	1	1	1.0	0.0	1.0
G5EDM1_CAEEL	175674	nca-2	1.0	7	1	0	1.0	0.0	1.0
ATPB_CAEEL	175716	atp-2	1.0	7	1	0	1.0	0.0	1.0
Q9N536_CAEEL	175739	paqr-2	1.0	6	1	2	1.0	0.0	1.0
OSG1_CAEEL	175756	osg-1	1.0	1	1	0	1.0	0.0	1.0
PAR3_CAEEL	175783	par-3	1.0	94	1	2	1.0	0.0	1.0
RCANL_CAEEL	175788	rcan-1	1.0	3	1	0	1.0	0.0	1.0
PXL1_CAEEL	175831	pxl-1	1.0	1	1	1	1.0	0.0	1.0
UBIQ1_CAEEL	175840	ubq-1	1.0	3	1	0	1.0	0.0	1.0
H2KYX3_CAEEL	175870	nfm-1	1.0	1	1	0	1.0	0.0	1.0
ETFD_CAEEL	175916	let-721	1.0	1	1	0	1.0	0.0	1.0
DIG1_CAEEL	175951	dig-1	1.0	7	1	1	1.0	0.0	1.0
TEN1_CAEEL	175953	ten-1	1.0	7	1	0	1.0	0.0	1.0
SMA3_CAEEL	175955	sma-3	1.0	15	1	0	1.0	0.0	1.0
HM13_CAEEL	176069	ceh-13	1.0	11	1	0	1.0	0.0	1.0
CADH3_CAEEL	176085	cdh-3	1.0	8	1	3	1.0	0.0	1.0
EGL5_CAEEL	176093	egl-5	1.0	41	1	0	1.0	0.0	1.0
G5EE41_CAEEL	176102	cuc-1	1.0	1	1	0	1.0	0.0	1.0
CAN_CAEEL	176122	clp-1	1.0	3	1	0	1.0	0.0	1.0
BAT42_CAEEL	176152	bath-42	1.0	1	1	0	1.0	0.0	1.0
UNC36_CAEEL	176155	unc-36	1.0	11	1	1	1.0	0.0	1.0
HS110_CAEEL	176195	hsp-110	1.0	18	1	0	1.0	0.0	1.0
GLR1_CAEEL	176204	glr-1	1.0	57	1	1	1.0	0.0	1.0
TPK1_CAEEL	176258	tpk-1	1.0	3	1	0	1.0	0.0	1.0
TRXR2_CAEEL	176259	trxr-2	1.0	4	1	0	1.0	0.0	1.0
PDE2_CAEEL	176270	pde-2	1.0	3	1	2	1.0	0.0	1.0
EAT4_CAEEL	176291	eat-4	1.0	18	1	2	1.0	0.0	1.0
NTDO_CAEEL	176304	dat-1	1.0	20	1	1	1.0	0.0	1.0
FOZI1_CAEEL	176308	fozi-1	1.0	3	1	1	1.0	0.0	1.0
CO4A1_CAEEL	176314	emb-9	1.0	7	1	1	1.0	0.0	1.0
BAF1_CAEEL	176330	baf-1	1.0	5	1	2	1.0	0.0	1.0
HLH11_CAEEL	176360	hlh-11	1.0	1	1	0	1.0	0.0	1.0
RIOK3_CAEEL	176387	riok-3	1.0	2	1	0	1.0	0.0	1.0
MUA3_CAEEL	176430	mua-3	1.0	2	1	0	1.0	0.0	1.0
UNC47_CAEEL	176431	unc-47	1.0	16	1	0	1.0	0.0	1.0
G5EBF5_CAEEL	176438	rde-4	1.0	26	1	0	1.0	0.0	1.0
UNC50_CAEEL	176443	unc-50	1.0	4	1	2	1.0	0.0	1.0
TBX9_CAEEL	176449	tbx-9	1.0	5	1	1	1.0	0.0	1.0
ATX2_CAEEL	176465	atx-2	1.0	8	1	0	1.0	0.0	1.0
SIP1_CAEEL	176471	sip-1	1.0	4	1	0	1.0	0.0	1.0
EXT2_CAEEL	176502	rib-2	1.0	6	1	1	1.0	0.0	1.0
UN119_CAEEL	176519	unc-119	1.0	24	1	0	1.0	0.0	1.0
VAB7_CAEEL	176521	vab-7	1.0	5	1	1	1.0	0.0	1.0
G5EGL5_CAEEL	176543	pha-1	1.0	11	1	0	1.0	0.0	1.0
P4HA1_CAEEL	176569	dpy-18	1.0	7	1	0	1.0	0.0	1.0
TAT1_CAEEL	176666	tat-1	1.0	8	1	4	1.0	0.0	1.0
G5EDB7_CAEEL	176713	unc-25	1.0	10	1	4	1.0	0.0	1.0
FRG1_CAEEL	176719	frg-1	1.0	4	1	2	1.0	0.0	1.0
STX1A_CAEEL	176743	unc-64	1.0	21	1	3	1.0	0.0	1.0
MTMR6_CAEEL	176757	mtm-6	1.0	4	1	2	1.0	0.0	1.0
NLK_CAEEL	176808	lit-1	1.0	21	1	2	1.0	0.0	1.0
KPC1_CAEEL	176825	tpa-1	1.0	15	1	0	1.0	0.0	1.0
PARV_CAEEL	176848	pat-6	1.0	3	1	2	1.0	0.0	1.0
SMA10_CAEEL	176849	sma-10	1.0	2	1	1	1.0	0.0	1.0
U4PB58_CAEEL	176855	fln-1	1.0	5	1	1	1.0	0.0	1.0
EFN4_CAEEL	176882	efn-4	1.0	7	1	1	1.0	0.0	1.0
EGL4_CAEEL	176991	egl-4	1.0	33	1	2	1.0	0.0	1.0
UNC33_CAEEL	177112	unc-33	1.0	28	1	1	1.0	0.0	1.0
OSM3_CAEEL	177141	osm-3	1.0	32	1	0	1.0	0.0	1.0
PCNA_CAEEL	177161	pcn-1	1.0	3	1	1	1.0	0.0	1.0
WRT5_CAEEL	177162	wrt-5	1.0	1	1	0	1.0	0.0	1.0
UNC5_CAEEL	177334	unc-5	1.0	61	1	0	1.0	0.0	1.0
CSN5_CAEEL	177342	csn-5	1.0	5	1	2	1.0	0.0	1.0
SKN1_CAEEL	177343	skn-1	1.0	208	1	4	1.0	0.0	1.0
G5EEC9_CAEEL	177370	kcc-2	1.0	2	1	2	1.0	0.0	1.0
Q95XD1_CAEEL	177400	shl-1	1.0	2	1	0	1.0	0.0	1.0
G5EDI8_CAEEL	177425	drh-1	1.0	6	1	0	1.0	0.0	1.0
VINC_CAEEL	177482	deb-1	1.0	16	1	3	1.0	0.0	1.0
GSTK2_CAEEL	177498	gstk-2	1.0	1	1	0	1.0	0.0	1.0
D1MN54_CAEEL	177514	unc-82	1.0	3	1	1	1.0	0.0	1.0
CEC4_CAEEL	177536	cec-4	1.0	2	1	7	1.0	0.0	1.0
ITPR_CAEEL	177546	itr-1	1.0	24	1	4	1.0	0.0	1.0
FLP13_CAEEL	177547	flp-13	1.0	9	1	0	1.0	0.0	1.0
Q7KPW6_CAEEL	177550	emc-6	1.0	1	1	2	1.0	0.0	1.0
HM19_CAEEL	177590	ceh-19	1.0	3	1	0	1.0	0.0	1.0
Q53U87_CAEEL	177602	sax-7	1.0	23	1	1	1.0	0.0	1.0
G5ED03_CAEEL	177692	exc-5	1.0	4	1	0	1.0	0.0	1.0
G5EBY8_CAEEL	177719	unc-129	1.0	12	1	2	1.0	0.0	1.0
H9G2T3_CAEEL	177775	idh-1	1.0	6	1	1	1.0	0.0	1.0
ELT1_CAEEL	177794	elt-1	1.0	16	1	1	1.0	0.0	1.0
FAT3_CAEEL	177820	fat-3	1.0	15	1	0	1.0	0.0	1.0
Q9U3C1_CAEEL	177836	npp-1	1.0	2	1	0	1.0	0.0	1.0
Q22501_CAEEL	177893	pps-1	1.0	2	1	0	1.0	0.0	1.0
KCC2D_CAEEL	177921	unc-43	1.0	30	1	1	1.0	0.0	1.0
CBPE_CAEEL	177940	egl-21	1.0	4	1	0	1.0	0.0	1.0
EPI1_CAEEL	177956	epi-1	1.0	4	1	0	1.0	0.0	1.0
Q20766_CAEEL	178036	gtl-2	1.0	9	1	0	1.0	0.0	1.0
MIG38_CAEEL	178082	mig-38	1.0	1	1	0	1.0	0.0	1.0
LET60_CAEEL	178104	let-60	1.0	96	1	0	1.0	0.0	1.0
DPY20_CAEEL	178105	dpy-20	1.0	4	1	0	1.0	0.0	1.0
14331_CAEEL	178113	par-5	1.0	20	1	2	1.0	0.0	1.0
BLM_CAEEL	178201	him-6	1.0	15	1	1	1.0	0.0	1.0
ACH7_CAEEL	178269	lev-1	1.0	9	1	1	1.0	0.0	1.0
CED3_CAEEL	178272	ced-3	1.0	254	1	3	1.0	0.0	1.0
SYNJ_CAEEL	178284	unc-26	1.0	4	1	0	1.0	0.0	1.0
CAN5_CAEEL	178385	tra-3	1.0	22	1	0	1.0	0.0	1.0
G5EBR1_CAEEL	178402	gdi-1	1.0	2	1	0	1.0	0.0	1.0
PKD2_CAEEL	178424	pkd-2	1.0	33	1	1	1.0	0.0	1.0
HSP7A_CAEEL	178507	hsp-1	1.0	12	1	0	1.0	0.0	1.0
STIP1_CAEEL	178587	sti-1	1.0	6	1	1	1.0	0.0	1.0
Q9UAQ3_CAEEL	178619	madd-2	1.0	7	1	0	1.0	0.0	1.0
A0A0K3ASJ8_CAEEL	178629	rga-4	1.0	5	1	1	1.0	0.0	1.0
EST1_CAEEL	178633	ges-1	1.0	18	1	1	1.0	0.0	1.0
HSP12_CAEEL	178659	hsp-16.2	1.0	76	1	0	1.0	0.0	1.0
HSP16_CAEEL	178660	hsp-16.41	1.0	6	1	3	1.0	0.0	1.0
G5ECY2_CAEEL	178672	srp-3	1.0	1	1	0	1.0	0.0	1.0
ELT7_CAEEL	178868	elt-7	1.0	10	1	0	1.0	0.0	1.0
G5ED20_CAEEL	178887	tam-1	1.0	3	1	2	1.0	0.0	1.0
G5EEZ3_CAEEL	178930	glc-3	1.0	24	1	0	1.0	0.0	1.0
PIMT_CAEEL	178981	pcm-1	1.0	11	1	0	1.0	0.0	1.0
GDPP1_CAEEL	178982	gdpgp1	1.0	2	1	0	1.0	0.0	1.0
H2KZQ7_CAEEL	179003	exp-2	1.0	5	1	0	1.0	0.0	1.0
UNC83_CAEEL	179033	unc-83	1.0	9	1	0	1.0	0.0	1.0
G5EG85_CAEEL	179077	unc-70	1.0	3	1	2	1.0	0.0	1.0
ASP6_CAEEL	179209	asp-6	1.0	1	1	0	1.0	0.0	1.0
Q8I7M7_CAEEL	179216	tmd-2	1.0	2	1	1	1.0	0.0	1.0
Q8MNV9_CAEEL	179257	sup-37	1.0	4	1	0	1.0	0.0	1.0
GELS1_CAEEL	179328	gsnl-1	1.0	6	1	1	1.0	0.0	1.0
RBX1_CAEEL	179358	rbx-1	1.0	12	1	1	1.0	0.0	1.0
HER1_CAEEL	179360	her-1	1.0	28	1	6	1.0	0.0	1.0
E1B6S3_CAEEL	179439	crm-1	1.0	7	1	0	1.0	0.0	1.0
EGL9_CAEEL	179461	egl-9	1.0	28	1	6	1.0	0.0	1.0
S6EZT1_CAEEL	179503	nrx-1	1.0	6	1	4	1.0	0.0	1.0
ACT2_CAEEL	179534	act-2	1.0	6	1	1	1.0	0.0	1.0
CANB_CAEEL	179572	cnb-1	1.0	9	1	2	1.0	0.0	1.0
DAF11_CAEEL	179605	daf-11	1.0	14	1	2	1.0	0.0	1.0
G5EDF6_CAEEL	179631	osm-6	1.0	8	1	5	1.0	0.0	1.0
MIF2_CAEEL	179638	mif-2	1.0	2	1	0	1.0	0.0	1.0
KPC1B_CAEEL	179649	pkc-1	1.0	10	1	7	1.0	0.0	1.0
Q21801_CAEEL	179660	gana-1	1.0	1	1	0	1.0	0.0	1.0
EGL10_CAEEL	179707	egl-10	1.0	20	1	6	1.0	0.0	1.0
Q23158_CAEEL	179709	atn-1	1.0	4	1	1	1.0	0.0	1.0
INX11_CAEEL	179710	inx-11	1.0	1	1	1	1.0	0.0	1.0
Q93791_CAEEL	179770	nid-1	1.0	8	1	1	1.0	0.0	1.0
D7SFP2_CAEEL	179834	avr-15	1.0	6	1	3	1.0	0.0	1.0
NRF5_CAEEL	179879	nrf-5	1.0	5	1	1	1.0	0.0	1.0
Q1ZXS6_CAEEL	179894	ric-7	1.0	2	1	1	1.0	0.0	1.0
Q9XUW8_CAEEL	179898	aip-1	1.0	6	1	1	1.0	0.0	1.0
PAR1_CAEEL	179912	par-1	1.0	67	1	0	1.0	0.0	1.0
EGL1_CAEEL	179943	egl-1	1.0	100	1	1	1.0	0.0	1.0
ACM3_CAEEL	179962	gar-3	1.0	12	1	1	1.0	0.0	1.0
UN112_CAEEL	179972	unc-112	1.0	17	1	3	1.0	0.0	1.0
FBRL_CAEEL	179999	fib-1	1.0	8	1	1	1.0	0.0	1.0
O17939_CAEEL	180022	aipl-1	1.0	3	1	1	1.0	0.0	1.0
TNNI3_CAEEL	180127	tni-3	1.0	2	1	0	1.0	0.0	1.0
PAR4_CAEEL	180185	par-4	1.0	30	1	3	1.0	0.0	1.0
Q9U1R1_CAEEL	180233	ceh-51	1.0	1	1	2	1.0	0.0	1.0
UNC51_CAEEL	180311	unc-51	1.0	37	1	1	1.0	0.0	1.0
EMAL_CAEEL	180358	elp-1	1.0	2	1	1	1.0	0.0	1.0
Q19779_CAEEL	180427	gtr-1	1.0	1	1	1	1.0	0.0	1.0
O17532_CAEEL	180431	daf-3	1.0	20	1	1	1.0	0.0	1.0
PSN_CAEEL	180441	sel-12	1.0	47	1	0	1.0	0.0	1.0
Q94241_CAEEL	180456	sec-22	1.0	1	1	1	1.0	0.0	1.0
G4RV72_CAEEL	180459	lim-6	1.0	8	1	1	1.0	0.0	1.0
IF4E4_CAEEL	180464	ife-4	1.0	3	1	2	1.0	0.0	1.0
H2KZM4_CAEEL	180532	peb-1	1.0	5	1	0	1.0	0.0	1.0
FOX1_CAEEL	180549	fox-1	1.0	13	1	3	1.0	0.0	1.0
G5EG65_CAEEL	180553	hid-1	1.0	5	1	0	1.0	0.0	1.0
Q8T3C1_CAEEL	180565	ser-7	1.0	17	1	5	1.0	0.0	1.0
G3P3_CAEEL	180601	gpd-3	1.0	10	1	0	1.0	0.0	1.0
G4S034_CAEEL	180603	spc-1	1.0	8	1	1	1.0	0.0	1.0
FABP3_CAEEL	180615	lbp-3	1.0	2	1	1	1.0	0.0	1.0
H2KYF7_CAEEL	180625	clc-3	1.0	3	1	0	1.0	0.0	1.0
G5EEA1_CAEEL	180672	lim-4	1.0	7	1	0	1.0	0.0	1.0
H2KYZ5_CAEEL	180700	coel-1	1.0	2	1	0	1.0	0.0	1.0
Q18530_CAEEL	180750	lon-2	1.0	12	1	3	1.0	0.0	1.0
ACT4_CAEEL	180767	act-4	1.0	6	1	0	1.0	0.0	1.0
G5EBH7_CAEEL	180769	calu-1	1.0	2	1	0	1.0	0.0	1.0
Q86GU1_CAEEL	180872	hsp-25	1.0	2	1	0	1.0	0.0	1.0
PK1_CAEEL	180873	pak-1	1.0	16	1	7	1.0	0.0	1.0
LITE1_CAEEL	180894	lite-1	1.0	4	1	9	1.0	0.0	1.0
H2KYS1_CAEEL	180895	hsp-43	1.0	2	1	0	1.0	0.0	1.0
ACM1_CAEEL	180922	gar-1	1.0	6	1	1	1.0	0.0	1.0
ACR2_CAEEL	180936	acr-2	1.0	10	1	4	1.0	0.0	1.0
RIG3_CAEEL	180958	rig-3	1.0	2	1	1	1.0	0.0	1.0
UNC6_CAEEL	180961	unc-6	1.0	122	1	6	1.0	0.0	1.0
H2KZG5_CAEEL	180985	syd-9	1.0	1	1	0	1.0	0.0	1.0
MEK1_CAEEL	181004	mek-1	1.0	21	1	1	1.0	0.0	1.0
DPY7_CAEEL	181013	dpy-7	1.0	12	1	0	1.0	0.0	1.0
Q5WRR6_CAEEL	181029	stn-2	1.0	3	1	0	1.0	0.0	1.0
Q7YZR6_CAEEL	181045	cca-1	1.0	10	1	1	1.0	0.0	1.0
H2KZN3_CAEEL	181098	kin-9	1.0	3	1	0	1.0	0.0	1.0
Q94185_CAEEL	181099	dpy-6	1.0	2	1	0	1.0	0.0	1.0
TNNI2_CAEEL	181124	unc-27	1.0	6	1	0	1.0	0.0	1.0
TWK18_CAEEL	181139	twk-18	1.0	2	1	0	1.0	0.0	1.0
GPA12_CAEEL	181157	gpa-12	1.0	4	1	0	1.0	0.0	1.0
KPC2_CAEEL	181166	pkc-2	1.0	4	1	0	1.0	0.0	1.0
G5EG33_CAEEL	181187	him-4	1.0	10	1	2	1.0	0.0	1.0
FLP03_CAEEL	181221	flp-3	1.0	2	1	1	1.0	0.0	1.0
G5EGE3_CAEEL	181244	pkn-1	1.0	2	1	0	1.0	0.0	1.0
DAF12_CAEEL	181263	daf-12	1.0	127	1	0	1.0	0.0	1.0
PBO4_CAEEL	181285	pbo-4	1.0	3	1	5	1.0	0.0	1.0
G5EEL0_CAEEL	181292	ldb-1	1.0	4	1	0	1.0	0.0	1.0
HST2_CAEEL	181309	hst-2	1.0	5	1	1	1.0	0.0	1.0
TNNI1_CAEEL	181329	tni-1	1.0	2	1	1	1.0	0.0	1.0
LIN14_CAEEL	181337	lin-14	1.0	64	1	3	1.0	0.0	1.0
SMA5_CAEEL	181373	sma-5	1.0	4	1	0	1.0	0.0	1.0
GBG_CAEEL	181424	gpc-1	1.0	6	1	6	1.0	0.0	1.0
G5EDF1_CAEEL	181475	acr-12	1.0	5	1	3	1.0	0.0	1.0
Q8WQD8_CAEEL	181478	cah-4	1.0	5	1	0	1.0	0.0	1.0
UNC84_CAEEL	181480	unc-84	1.0	22	1	3	1.0	0.0	1.0
NLGN1_CAEEL	181484	nlg-1	1.0	12	1	2	1.0	0.0	1.0
Q20203_CAEEL	181563	csq-1	1.0	7	1	0	1.0	0.0	1.0
UNC3_CAEEL	181573	unc-3	1.0	19	1	0	1.0	0.0	1.0
DFSC1_CAEEL	181599	dsc-1	1.0	1	1	0	1.0	0.0	1.0
FLR4_CAEEL	181604	flr-4	1.0	3	1	0	1.0	0.0	1.0
EAT20_CAEEL	181641	eat-20	1.0	1	1	0	1.0	0.0	1.0
Q564X8_CAEEL	181642	olrn-1	1.0	1	1	2	1.0	0.0	1.0
DYN1_CAEEL	181644	dyn-1	1.0	30	1	2	1.0	0.0	1.0
NIPI3_CAEEL	181650	nipi-3	1.0	6	1	0	1.0	0.0	1.0
IFA2_CAEEL	181698	ifa-2	1.0	2	1	0	1.0	0.0	1.0
Q22829_CAEEL	181714	pat-9	1.0	1	1	0	1.0	0.0	1.0
MLR2_CAEEL	181775	mlc-2	1.0	4	1	0	1.0	0.0	1.0
Q6LA91_CAEEL	182109	jud-4	1.0	1	1	0	1.0	0.0	1.0
NH154_CAEEL	182565	nhr-154	1.0	1	1	0	1.0	0.0	1.0
NDF1_CAEEL	183212	cnd-1	1.0	1	1	1	1.0	0.0	1.0
G5EDX4_CAEEL	183687	egl-47	1.0	2	1	1	1.0	0.0	1.0
O45323_CAEEL	183975	mfb-1	1.0	2	1	0	1.0	0.0	1.0
Q19280_CAEEL	184259	molo-1	1.0	1	1	1	1.0	0.0	1.0
O17807_CAEEL	184473	cyp-13a12	1.0	2	1	0	1.0	0.0	1.0
G5EBX8_CAEEL	184572	ser-5	1.0	9	1	0	1.0	0.0	1.0
CRLS1_CAEEL	184910	crls-1	1.0	1	1	1	1.0	0.0	1.0
G5ED66_CAEEL	185022	pax-3	1.0	5	1	0	1.0	0.0	1.0
COL99_CAEEL	185112	col-99	1.0	1	1	0	1.0	0.0	1.0
Q9N4K2_CAEEL	186197	cbs-2	1.0	5	1	0	1.0	0.0	1.0
TBX1_CAEEL	186741	mls-1	1.0	2	1	1	1.0	0.0	1.0
MBL_CAEEL	186912	mbl-1	1.0	2	1	1	1.0	0.0	1.0
TMC1_CAEEL	188483	tmc-1	1.0	2	1	1	1.0	0.0	1.0
CFI1_CAEEL	188793	cfi-1	1.0	2	1	0	1.0	0.0	1.0
Q22737_CAEEL	188855	nlp-22	1.0	2	1	0	1.0	0.0	1.0
Q22739_CAEEL	188857	nlp-2	1.0	2	1	0	1.0	0.0	1.0
Q9XXG5_CAEEL	189606	tor-2	1.0	1	1	2	1.0	0.0	1.0
A0A061AJL2_CAEEL	189769	nekl-1	1.0	1	1	1	1.0	0.0	1.0
Q95XQ4_CAEEL	189770	zeel-1	1.0	4	1	5	1.0	0.0	1.0
SUP1_CAEEL	189815	sup-1	1.0	1	1	0	1.0	0.0	1.0
B3VBI8_CAEEL	189837	gbb-1	1.0	3	1	1	1.0	0.0	1.0
Q8MPP4_CAEEL	189960	lgc-35	1.0	2	1	1	1.0	0.0	1.0
Q9NA91_CAEEL	190250	aat-9	1.0	1	1	0	1.0	0.0	1.0
RGMB_CAEEL	190602	drag-1	1.0	2	1	1	1.0	0.0	1.0
Q9N4P2_CAEEL	191230	glrx-21	1.0	2	1	2	1.0	0.0	1.0
TBX35_CAEEL	191239	tbx-35	1.0	3	1	1	1.0	0.0	1.0
NPR9_CAEEL	191320	npr-9	1.0	4	1	2	1.0	0.0	1.0
ACR5_CAEEL	191596	acr-5	1.0	2	1	1	1.0	0.0	1.0
Q93329_CAEEL	191600	lev-8	1.0	9	1	2	1.0	0.0	1.0
Q9U2S4_CAEEL	191608	arf-6	1.0	5	1	4	1.0	0.0	1.0
HM02_CAEEL	191615	ceh-2	1.0	5	1	1	1.0	0.0	1.0
G5EE18_CAEEL	191619	ceh-28	1.0	3	1	0	1.0	0.0	1.0
O17894_CAEEL	191623	unc-39	1.0	5	1	0	1.0	0.0	1.0
FRK1_CAEEL	191635	frk-1	1.0	2	1	0	1.0	0.0	1.0
KLP3_CAEEL	191697	klp-3	1.0	3	1	0	1.0	0.0	1.0
P91329_CAEEL	191713	klf-3	1.0	7	1	1	1.0	0.0	1.0
SNF6_CAEEL	191768	snf-6	1.0	1	1	1	1.0	0.0	1.0
SRA6_CAEEL	191777	sra-6	1.0	2	1	0	1.0	0.0	1.0
TWK7_CAEEL	192073	twk-7	1.0	2	1	0	1.0	0.0	1.0
N1NSG8_CAEEL	192081	unc-42	1.0	7	1	4	1.0	0.0	1.0
U4PC90_CAEEL	246019	plx-1	1.0	10	1	2	1.0	0.0	1.0
OIG4_CAEEL	259448	oig-4	1.0	1	1	1	1.0	0.0	1.0
TSP21_CAEEL	259720	tsp-21	1.0	1	1	1	1.0	0.0	1.0
C560_CAEEL	260040	mev-1	1.0	77	1	1	1.0	0.0	1.0
SYB1_CAEEL	266648	snb-1	1.0	12	1	3	1.0	0.0	1.0
Q22667_CAEEL	266843	jph-1	1.0	2	1	0	1.0	0.0	1.0
G5ECK3_CAEEL	266926	mab-23	1.0	6	1	1	1.0	0.0	1.0
TTN1_CAEEL	266969	ttn-1	1.0	3	1	0	1.0	0.0	1.0
COX2_CAEEL	2565697	ctc-2	1.0	18	1	0	1.0	0.0	1.0
COX1_CAEEL	2565700	cox-1	1.0	49	1	0	1.0	0.0	1.0
CYB_CAEEL	2565702	ctb-1	1.0	24	1	0	1.0	0.0	1.0
G5EBY6_CAEEL	3564851	phf-5	1.0	1	1	0	1.0	0.0	1.0
G5EG68_CAEEL	3565243	agr-1	1.0	1	1	0	1.0	0.0	1.0
HM20_CAEEL	3565545	ceh-20	1.0	15	1	1	1.0	0.0	1.0
CED9_CAEEL	3565776	ced-9	1.0	142	1	0	1.0	0.0	1.0
FITM2_CAEEL	3565961	fitm-2	1.0	1	1	0	1.0	0.0	1.0
G5EER3_CAEEL	24105310	lev-10	1.0	4	1	2	1.0	0.0	1.0
UNC17_CAEEL	24105312	unc-17	1.0	21	1	0	1.0	0.0	1.0
