Big_T	6640
Big_F	130843
UniProtKB_ID	GeneID	Gene_Name	PPS	Big_P	T+P	Citation	1+Log(T+P)	log10((Cit/yr+1)/10)	1+log10(F/T)+log10(F/P)
G5EF96_CAEEL	172233	unc-40	17.747	82	36	47	2.556	0.681	5.482
DLK1_CAEEL	173128	dlk-1	17.608	31	15	63	2.176	0.806	5.904
UNC13_CAEEL	172497	unc-13	17.225	61	21	55	2.322	0.748	5.61
FOXO_CAEEL	172981	daf-16	16.174	677	38	91	2.58	0.964	4.564
Q18534_CAEEL	180752	npr-1	15.655	50	10	55	2.0	0.748	5.696
DAF19_CAEEL	174577	daf-19	15.647	23	14	27	2.146	0.447	6.034
GLR1_CAEEL	176204	glr-1	15.643	57	18	32	2.255	0.519	5.64
G5EEE2_CAEEL	172723	tax-2	15.581	33	14	31	2.146	0.505	5.877
DAF7_CAEEL	175237	daf-7	15.437	60	14	39	2.146	0.602	5.617
G5EDV1_CAEEL	171832	lin-17	14.949	38	12	30	2.079	0.491	5.816
Q7KPP4_CAEEL	171988	unc-73	14.936	43	17	22	2.23	0.362	5.762
G5EBV8_CAEEL	177117	osm-9	14.92	39	12	30	2.079	0.491	5.804
UN104_CAEEL	174144	unc-104	14.895	38	14	25	2.146	0.415	5.816
G5EGU1_CAEEL	171751	egl-30	14.519	28	12	22	2.079	0.362	5.948
UNC6_CAEEL	180961	unc-6	14.472	122	14	37	2.146	0.58	5.309
SLO1_CAEEL	180203	slo-1	14.275	47	12	25	2.079	0.415	5.723
INSR_CAEEL	175410	daf-2	14.21	416	15	62	2.176	0.799	4.776
UNC86_CAEEL	176157	unc-86	14.133	49	15	19	2.176	0.301	5.705
RPM1_CAEEL	179259	rpm-1	14.029	27	9	24	1.954	0.398	5.964
EGL4_CAEEL	176991	egl-4	13.924	33	13	17	2.114	0.255	5.877
MEC6_CAEEL	172389	mec-6	13.348	15	7	19	1.845	0.301	6.219
PKD1_CAEEL	174576	lov-1	13.178	18	7	19	1.845	0.301	6.14
SYG1_CAEEL	180555	syg-1	13.155	10	6	18	1.778	0.279	6.395
TBA3_CAEEL	175419	mec-12	12.927	10	5	20	1.699	0.322	6.395
VAB1_CAEEL	173794	vab-1	12.908	26	9	15	1.954	0.204	5.98
G5EED8_CAEEL	174227	tph-1	12.672	28	9	14	1.954	0.176	5.948
NTDO_CAEEL	176304	dat-1	12.671	20	8	14	1.903	0.176	6.094
GCY35_CAEEL	173202	gcy-35	12.631	14	7	14	1.845	0.176	6.249
OSM3_CAEEL	177141	osm-3	12.567	32	8	16	1.903	0.23	5.89
HM10_CAEEL	175811	ceh-10	12.563	13	5	19	1.699	0.301	6.282
MEC10_CAEEL	181101	mec-10	12.502	29	4	31	1.602	0.505	5.933
UNC18_CAEEL	181030	unc-18	12.376	37	7	18	1.845	0.279	5.827
UNC3_CAEEL	181573	unc-3	12.363	19	7	14	1.845	0.176	6.117
G5EDX1_CAEEL	173282	kal-1	12.307	10	6	13	1.778	0.146	6.395
LITE1_CAEEL	180894	lite-1	12.224	4	3	20	1.477	0.322	6.793
UNC30_CAEEL	178265	unc-30	12.213	14	9	8	1.954	0.0	6.249
Q9GQ00_CAEEL	179269	mod-1	12.099	16	3	29	1.477	0.477	6.191
Q9GRV5_CAEEL	190574	trp-4	12.045	7	3	22	1.477	0.362	6.55
TY3H_CAEEL	173411	cat-2	11.999	18	9	6	1.954	0.0	6.14
CAM1_CAEEL	174473	cam-1	11.858	22	7	12	1.845	0.114	6.053
ODR10_CAEEL	180959	odr-10	11.858	22	7	12	1.845	0.114	6.053
LIPA_CAEEL	181255	syd-2	11.823	27	6	15	1.778	0.204	5.964
UNC4_CAEEL	174544	unc-4	11.809	21	8	10	1.903	0.041	6.073
DYHC2_CAEEL	172593	che-3	11.654	12	7	8	1.845	0.0	6.316
Q9U325_CAEEL	172732	mef-2	11.648	7	5	11	1.699	0.079	6.55
G5EG85_CAEEL	179077	unc-70	11.631	3	3	15	1.477	0.204	6.918
DEG1_CAEEL	181035	deg-1	11.609	16	5	14	1.699	0.176	6.191
UNC9_CAEEL	181443	unc-9	11.59	13	5	13	1.699	0.146	6.282
CDK5_CAEEL	176774	cdk-5	11.551	10	4	15	1.602	0.204	6.395
UNC47_CAEEL	176431	unc-47	11.424	16	5	13	1.699	0.146	6.191
Q53U87_CAEEL	177602	sax-7	11.383	23	7	10	1.845	0.041	6.034
RAB3_CAEEL	173971	rab-3	11.381	24	6	12	1.778	0.114	6.015
GNAO_CAEEL	172505	goa-1	11.345	47	8	11	1.903	0.079	5.723
G5EDF6_CAEEL	179631	osm-6	11.247	8	3	17	1.477	0.255	6.492
UNC5_CAEEL	177334	unc-5	11.171	61	7	13	1.845	0.146	5.61
G5ECQ1_CAEEL	172450	unc-14	11.129	7	5	7	1.699	0.0	6.55
P91493_CAEEL	172346	snt-4	11.059	15	6	7	1.778	0.0	6.219
G4RV72_CAEEL	180459	lim-6	11.03	8	5	9	1.699	0.0	6.492
SKN1_CAEEL	177343	skn-1	10.974	208	5	28	1.699	0.462	5.077
UNC37_CAEEL	172394	unc-37	10.918	18	6	9	1.778	0.0	6.14
G5EF44_CAEEL	171677	mig-1	10.866	10	5	7	1.699	0.0	6.395
Q9U2Z0_CAEEL	180313	ttx-1	10.866	10	5	4	1.699	0.0	6.395
UNC53_CAEEL	174693	unc-53	10.837	20	6	6	1.778	0.0	6.094
G5EFT5_CAEEL	173078	hsf-1	10.835	95	5	19	1.699	0.301	5.418
CED4_CAEEL	175643	ced-4	10.78	159	7	16	1.845	0.23	5.194
CHE1_CAEEL	183847	che-1	10.779	13	4	12	1.602	0.114	6.282
HBL1_CAEEL	180848	hbl-1	10.74	19	3	18	1.477	0.279	6.117
MEC3_CAEEL	177938	mec-3	10.731	38	7	5	1.845	0.0	5.816
A0A1C3NSI5_CAEEL	175590	cdh-4	10.728	5	4	5	1.602	0.0	6.697
UNC8_CAEEL	177494	unc-8	10.672	13	5	4	1.699	0.0	6.282
G5EE26_CAEEL	172209	tom-1	10.601	6	4	8	1.602	0.0	6.617
SODC_CAEEL	174141	sod-1	10.597	41	4	16	1.602	0.23	5.783
MIG10_CAEEL	176168	mig-10	10.577	28	4	14	1.602	0.176	5.948
UNC33_CAEEL	177112	unc-33	10.577	28	5	11	1.699	0.079	5.948
TRPA1_CAEEL	178118	trpa-1	10.505	11	3	14	1.477	0.176	6.354
Q9N3C7_CAEEL	171879	mod-5	10.494	7	4	5	1.602	0.0	6.55
Q8I4I1_CAEEL	172706	madd-4	10.494	7	4	9	1.602	0.0	6.55
G5EDM1_CAEEL	175674	nca-2	10.494	7	4	6	1.602	0.0	6.55
G5EBL5_CAEEL	176597	crh-1	10.474	17	5	6	1.699	0.0	6.165
O01970_CAEEL	171753	nlp-12	10.319	9	4	6	1.602	0.0	6.441
G5EGQ9_CAEEL	173929	nmr-1	10.319	9	4	6	1.602	0.0	6.441
G5EEC1_CAEEL	180312	lgc-55	10.319	9	4	5	1.602	0.0	6.441
G5EEG9_CAEEL	172458	hlh-2	10.318	21	5	5	1.699	0.0	6.073
G5EEY3_CAEEL	176472	unc-49	10.318	21	5	8	1.699	0.0	6.073
CAPS_CAEEL	178233	unc-31	10.284	22	5	6	1.699	0.0	6.053
G5ED76_CAEEL	177594	unc-24	10.246	10	4	2	1.602	0.0	6.395
KPC1B_CAEEL	179649	pkc-1	10.246	10	4	8	1.602	0.0	6.395
UN119_CAEEL	176519	unc-119	10.22	24	5	9	1.699	0.0	6.015
G5EG02_CAEEL	177513	egl-19	10.161	26	5	4	1.699	0.0	5.98
A4_CAEEL	180783	apl-1	10.161	26	5	4	1.699	0.0	5.98
ACM3_CAEEL	179962	gar-3	10.119	12	4	7	1.602	0.0	6.316
Q8IFY7_CAEEL	172270	avr-14	10.063	13	4	5	1.602	0.0	6.282
G5EFF4_CAEEL	172435	sem-4	10.063	13	4	5	1.602	0.0	6.282
GPA3_CAEEL	179319	gpa-3	10.063	13	4	3	1.602	0.0	6.282
G5EF54_CAEEL	179377	str-2	10.049	6	3	10	1.477	0.041	6.617
FKPC1_CAEEL	173051	kpc-1	10.035	4	3	4	1.477	0.0	6.793
Q19523_CAEEL	175622	acy-1	10.035	4	3	7	1.477	0.0	6.793
MAB21_CAEEL	175607	mab-21	10.012	14	4	4	1.602	0.0	6.249
O02592_CAEEL	175230	ptl-1	9.964	15	4	5	1.602	0.0	6.219
DAF12_CAEEL	181263	daf-12	9.952	127	4	18	1.602	0.279	5.292
AGE1_CAEEL	174762	age-1	9.95	137	6	12	1.778	0.114	5.259
Q18694_CAEEL	174721	unc-130	9.892	5	3	1	1.477	0.0	6.697
ZAG1_CAEEL	177144	zag-1	9.892	5	3	3	1.477	0.0	6.697
SC5A7_CAEEL	178274	cho-1	9.892	5	3	3	1.477	0.0	6.697
A0A0K3AVF4_CAEEL	178624	egl-2	9.892	5	3	3	1.477	0.0	6.697
Q21836_CAEEL	181302	alr-1	9.892	5	3	3	1.477	0.0	6.697
G5ECZ1_CAEEL	177366	unc-44	9.877	17	4	2	1.602	0.0	6.165
EAT4_CAEEL	176291	eat-4	9.837	18	4	2	1.602	0.0	6.14
SOL1_CAEEL	172493	sol-1	9.775	6	3	6	1.477	0.0	6.617
GRK2_CAEEL	175223	grk-2	9.775	6	3	4	1.477	0.0	6.617
G5EFQ4_CAEEL	175683	klp-6	9.775	6	3	7	1.477	0.0	6.617
Q18533_CAEEL	180751	mls-2	9.775	6	3	4	1.477	0.0	6.617
NRAMA_CAEEL	180939	smf-1	9.775	6	3	3	1.477	0.0	6.617
P91857_CAEEL	172755	rab-5	9.756	45	5	3	1.699	0.0	5.742
UNC17_CAEEL	24105312	unc-17	9.73	21	4	2	1.602	0.0	6.073
PP2B_CAEEL	177943	tax-6	9.697	22	4	3	1.602	0.0	6.053
HM06_CAEEL	172640	ceh-6	9.676	7	3	2	1.477	0.0	6.55
A0A131MCL4_CAEEL	174569	die-1	9.676	7	3	4	1.477	0.0	6.55
ODR4_CAEEL	175950	odr-4	9.676	7	3	8	1.477	0.0	6.55
EFN4_CAEEL	176882	efn-4	9.676	7	3	2	1.477	0.0	6.55
G5EEC5_CAEEL	178205	ham-1	9.676	7	3	1	1.477	0.0	6.55
G5EEA1_CAEEL	180672	lim-4	9.676	7	3	3	1.477	0.0	6.55
Q22629_CAEEL	181283	dgn-1	9.676	7	3	2	1.477	0.0	6.55
A0A131MB33_CAEEL	184979	che-7	9.666	23	4	6	1.602	0.0	6.034
CNG_CAEEL	176297	tax-4	9.637	34	4	10	1.602	0.041	5.864
LET60_CAEEL	178104	let-60	9.625	96	6	5	1.778	0.0	5.413
G5EEL5_CAEEL	179068	dbl-1	9.621	54	5	4	1.699	0.0	5.663
EGL1_CAEEL	179943	egl-1	9.594	100	5	11	1.699	0.079	5.395
O01577_CAEEL	171956	unc-108	9.59	8	3	9	1.477	0.0	6.492
G5EC16_CAEEL	172783	smn-1	9.59	8	3	3	1.477	0.0	6.492
KI26L_CAEEL	179675	vab-8	9.59	8	3	3	1.477	0.0	6.492
LIN39_CAEEL	176068	lin-39	9.581	57	5	1	1.699	0.0	5.64
SYD1_CAEEL	174230	syd-1	9.515	9	3	6	1.477	0.0	6.441
JIP_CAEEL	176349	unc-16	9.515	9	3	7	1.477	0.0	6.441
HM36_CAEEL	181529	ceh-36	9.515	9	3	5	1.477	0.0	6.441
THIO1_CAEEL	181863	trx-1	9.515	9	3	3	1.477	0.0	6.441
G5EGE2_CAEEL	175149	cog-1	9.49	14	3	10	1.477	0.041	6.249
DYN1_CAEEL	181644	dyn-1	9.482	30	4	4	1.602	0.0	5.918
GBB2_CAEEL	172483	gpb-2	9.447	10	3	5	1.477	0.0	6.395
AP1M_CAEEL	173121	unc-101	9.447	10	3	5	1.477	0.0	6.395
GLR2_CAEEL	175999	glr-2	9.447	10	3	4	1.477	0.0	6.395
GCY10_CAEEL	181479	odr-1	9.447	10	3	8	1.477	0.0	6.395
G5ECR9_CAEEL	192082	unc-55	9.447	10	3	0	1.477	0.0	6.395
SAX3_CAEEL	180637	sax-3	9.437	32	4	6	1.602	0.0	5.89
PKD2_CAEEL	178424	pkd-2	9.415	33	4	6	1.602	0.0	5.877
DCA11_CAEEL	172518	wdr-23	9.386	11	3	7	1.477	0.0	6.354
UNC36_CAEEL	176155	unc-36	9.386	11	3	2	1.477	0.0	6.354
LIN32_CAEEL	191703	lin-32	9.386	11	3	1	1.477	0.0	6.354
CST1_CAEEL	180708	cst-1	9.38	2	1	20	1.0	0.322	7.094
LRK1_CAEEL	172995	lrk-1	9.363	6	2	12	1.301	0.114	6.617
NHR67_CAEEL	178024	nhr-67	9.33	12	3	1	1.477	0.0	6.316
G5EGF0_CAEEL	180401	che-2	9.33	12	3	2	1.477	0.0	6.316
Q19945_CAEEL	181584	daf-6	9.33	12	3	2	1.477	0.0	6.316
ACH6_CAEEL	172150	unc-63	9.279	13	3	4	1.477	0.0	6.282
UN103_CAEEL	175527	unc-103	9.279	13	3	5	1.477	0.0	6.282
Q95QM5_CAEEL	181227	unc-115	9.279	13	3	5	1.477	0.0	6.282
AHR_CAEEL	172788	ahr-1	9.231	14	3	5	1.477	0.0	6.249
MOM5_CAEEL	172856	mom-5	9.231	14	3	2	1.477	0.0	6.249
KS6B_CAEEL	176554	rsks-1	9.231	14	3	2	1.477	0.0	6.249
Q86ME4_CAEEL	180714	dop-1	9.231	14	3	8	1.477	0.0	6.249
SDC_CAEEL	181259	sdn-1	9.231	14	3	5	1.477	0.0	6.249
GCY28_CAEEL	172051	gcy-28	9.23	2	2	8	1.301	0.0	7.094
G5EC89_CAEEL	172059	ceh-17	9.23	2	2	3	1.301	0.0	7.094
AEX1_CAEEL	172519	aex-1	9.23	2	2	1	1.301	0.0	7.094
G5EC65_CAEEL	172613	abts-1	9.23	2	2	2	1.301	0.0	7.094
Q9U379_CAEEL	172729	rsbp-1	9.23	2	2	2	1.301	0.0	7.094
IRX_CAEEL	172789	irx-1	9.23	2	2	3	1.301	0.0	7.094
O18033_CAEEL	172803	nra-2	9.23	2	2	1	1.301	0.0	7.094
Q9U252_CAEEL	173015	rsy-1	9.23	2	2	2	1.301	0.0	7.094
GCY12_CAEEL	173902	gcy-12	9.23	2	2	2	1.301	0.0	7.094
Q19305_CAEEL	174169	spon-1	9.23	2	2	1	1.301	0.0	7.094
KCNSK_CAEEL	174536	shk-1	9.23	2	2	4	1.301	0.0	7.094
Q9U2B9_CAEEL	176570	nlp-21	9.23	2	2	0	1.301	0.0	7.094
A0A0K3ARM8_CAEEL	177401	sfrp-1	9.23	2	2	3	1.301	0.0	7.094
G5EF22_CAEEL	177574	flp-10	9.23	2	2	6	1.301	0.0	7.094
G5ED22_CAEEL	177790	npr-2	9.23	2	2	1	1.301	0.0	7.094
Q1ZXS6_CAEEL	179894	ric-7	9.23	2	2	4	1.301	0.0	7.094
Q22737_CAEEL	188855	nlp-22	9.23	2	2	3	1.301	0.0	7.094
Q9N4P2_CAEEL	191230	glrx-21	9.23	2	2	3	1.301	0.0	7.094
WLS_CAEEL	175020	mig-14	9.187	15	3	8	1.477	0.0	6.219
G5EE07_CAEEL	175541	xbp-1	9.146	33	2	17	1.301	0.255	5.877
Q23013_CAEEL	187427	tyra-3	9.133	6	2	11	1.301	0.079	6.617
G5EE53_CAEEL	174315	rrf-3	9.106	17	2	14	1.301	0.176	6.165
I2HAA6_CAEEL	179080	unc-68	9.106	17	3	4	1.477	0.0	6.165
Q8T3C1_CAEEL	180565	ser-7	9.106	17	3	9	1.477	0.0	6.165
TBB1_CAEEL	181036	mec-7	9.106	17	3	4	1.477	0.0	6.165
MEC2_CAEEL	180826	mec-2	9.081	26	3	10	1.477	0.041	5.98
Q7K797_CAEEL	172920	pab-1	9.07	18	3	5	1.477	0.0	6.14
SARM1_CAEEL	175502	tir-1	9.002	20	3	7	1.477	0.0	6.094
FLP01_CAEEL	177737	flp-1	9.002	20	3	5	1.477	0.0	6.094
Q95Q64_CAEEL	172021	nab-1	9.001	3	2	5	1.301	0.0	6.918
SH3GH_CAEEL	172078	unc-57	9.001	3	2	5	1.301	0.0	6.918
IMPA1_CAEEL	172477	ttx-7	9.001	3	2	2	1.301	0.0	6.918
G5EDV5_CAEEL	172678	cle-1	9.001	3	2	4	1.301	0.0	6.918
GPA11_CAEEL	173759	gpa-11	9.001	3	2	6	1.301	0.0	6.918
G5ED46_CAEEL	174006	casy-1	9.001	3	2	5	1.301	0.0	6.918
Q20084_CAEEL	174506	exc-7	9.001	3	2	4	1.301	0.0	6.918
G5EG31_CAEEL	174568	flp-4	9.001	3	2	6	1.301	0.0	6.918
G5EFS2_CAEEL	175514	msi-1	9.001	3	2	3	1.301	0.0	6.918
PQE1_CAEEL	175731	pqe-1	9.001	3	2	2	1.301	0.0	6.918
PROS1_CAEEL	176137	pros-1	9.001	3	2	0	1.301	0.0	6.918
H2KYG1_CAEEL	179118	hyls-1	9.001	3	2	5	1.301	0.0	6.918
GCY7_CAEEL	179222	gcy-7	9.001	3	2	5	1.301	0.0	6.918
CREC_CAEEL	179433	che-12	9.001	3	2	3	1.301	0.0	6.918
A8WI01_CAEEL	180004	cng-1	9.001	3	2	0	1.301	0.0	6.918
Q8MPV0_CAEEL	181093	wrk-1	9.001	3	2	0	1.301	0.0	6.918
G5EG78_CAEEL	181288	pxn-2	9.001	3	2	4	1.301	0.0	6.918
P91193_CAEEL	183963	maco-1	9.001	3	2	1	1.301	0.0	6.918
G5EF43_CAEEL	191770	snf-11	9.001	3	2	1	1.301	0.0	6.918
H2KYW5_CAEEL	3896760	nsy-7	9.001	3	2	2	1.301	0.0	6.918
Q86G45_CAEEL	180570	unc-2	8.971	21	3	5	1.477	0.0	6.073
O61220_CAEEL	188314	ocr-2	8.971	21	3	3	1.477	0.0	6.073
SID1_CAEEL	178900	sid-1	8.961	35	2	16	1.301	0.23	5.851
G4S034_CAEEL	180603	spc-1	8.961	8	2	11	1.301	0.079	6.492
ITPR_CAEEL	177546	itr-1	8.885	24	3	4	1.477	0.0	6.015
O44782_CAEEL	172259	vpr-1	8.838	4	2	2	1.301	0.0	6.793
G5ECC6_CAEEL	172600	ins-18	8.838	4	2	5	1.301	0.0	6.793
O76556_CAEEL	173446	lips-7	8.838	4	2	0	1.301	0.0	6.793
Q9BIF4_CAEEL	173985	ehs-1	8.838	4	2	2	1.301	0.0	6.793
H2KYA1_CAEEL	177463	prkl-1	8.838	4	2	0	1.301	0.0	6.793
STNB_CAEEL	179387	unc-41	8.838	4	2	2	1.301	0.0	6.793
Q95QP2_CAEEL	181165	flp-20	8.838	4	2	2	1.301	0.0	6.793
Q22622_CAEEL	191740	osm-10	8.838	4	2	5	1.301	0.0	6.793
ACH8_CAEEL	175072	eat-2	8.831	38	3	10	1.477	0.041	5.816
MAB3_CAEEL	174533	mab-3	8.786	28	3	4	1.477	0.0	5.948
LIN10_CAEEL	172597	lin-10	8.742	30	3	1	1.477	0.0	5.918
KCC2D_CAEEL	177921	unc-43	8.742	30	3	5	1.477	0.0	5.918
SIR2_CAEEL	177924	sir-2.1	8.737	103	3	13	1.477	0.146	5.383
O01759_CAEEL	172184	ppk-1	8.712	5	2	1	1.301	0.0	6.697
SCC4_CAEEL	172598	mau-2	8.712	5	2	0	1.301	0.0	6.697
A0A0K3AU50_CAEEL	172914	mgl-2	8.712	5	2	0	1.301	0.0	6.697
Q9U334_CAEEL	173233	unc-59	8.712	5	2	1	1.301	0.0	6.697
THILH_CAEEL	174161	kat-1	8.712	5	2	7	1.301	0.0	6.697
HLH3_CAEEL	174447	hlh-3	8.712	5	2	1	1.301	0.0	6.697
PDFR1_CAEEL	175942	pdfr-1	8.712	5	2	5	1.301	0.0	6.697
G5EEE7_CAEEL	177140	vab-2	8.712	5	2	2	1.301	0.0	6.697
ARRB_CAEEL	180446	arr-1	8.712	5	2	2	1.301	0.0	6.697
P91096_CAEEL	180706	dop-6	8.712	5	2	1	1.301	0.0	6.697
ETS5_CAEEL	180778	ets-5	8.712	5	2	4	1.301	0.0	6.697
G5EDF1_CAEEL	181475	acr-12	8.712	5	2	3	1.301	0.0	6.697
O45489_CAEEL	185460	hlh-17	8.712	5	2	1	1.301	0.0	6.697
GCY9_CAEEL	191645	gcy-9	8.712	5	2	7	1.301	0.0	6.697
LIN11_CAEEL	172893	lin-11	8.701	32	3	2	1.477	0.0	5.89
UNC52_CAEEL	175126	unc-52	8.662	34	3	3	1.477	0.0	5.864
G5EFY8_CAEEL	177936	ins-1	8.647	9	2	10	1.301	0.041	6.441
EVA1_CAEEL	173355	eva-1	8.609	6	2	4	1.301	0.0	6.617
Q22355_CAEEL	173749	ast-1	8.609	6	2	1	1.301	0.0	6.617
EXT2_CAEEL	176502	rib-2	8.609	6	2	2	1.301	0.0	6.617
S6EZT1_CAEEL	179503	nrx-1	8.609	6	2	4	1.301	0.0	6.617
GBG_CAEEL	181424	gpc-1	8.609	6	2	6	1.301	0.0	6.617
G5EDE1_CAEEL	181588	pag-3	8.609	6	2	0	1.301	0.0	6.617
Q27GU3_CAEEL	183012	mps-1	8.609	6	2	1	1.301	0.0	6.617
GBR1_CAEEL	186801	exp-1	8.609	6	2	2	1.301	0.0	6.617
PICAL_CAEEL	171952	unc-11	8.585	10	2	10	1.301	0.041	6.395
B1Q240_CAEEL	173894	dsh-1	8.522	7	2	5	1.301	0.0	6.55
SYT1_CAEEL	174120	snt-1	8.522	7	2	5	1.301	0.0	6.55
G5EGJ5_CAEEL	175807	ida-1	8.522	7	2	2	1.301	0.0	6.55
DIG1_CAEEL	175951	dig-1	8.522	7	2	1	1.301	0.0	6.55
TEN1_CAEEL	175953	ten-1	8.522	7	2	2	1.301	0.0	6.55
VAV_CAEEL	181153	vav-1	8.522	7	2	2	1.301	0.0	6.55
O62387_CAEEL	172663	syx-17	8.496	44	3	0	1.477	0.0	5.752
DTN1_CAEEL	171715	dyb-1	8.447	8	2	2	1.301	0.0	6.492
TTC30_CAEEL	172122	dyf-1	8.447	8	2	3	1.301	0.0	6.492
SOP2_CAEEL	174874	sop-2	8.447	8	2	2	1.301	0.0	6.492
TAT1_CAEEL	176666	tat-1	8.447	8	2	6	1.301	0.0	6.492
FLP14_CAEEL	176708	flp-14	8.447	8	2	1	1.301	0.0	6.492
ATAT1_CAEEL	177596	mec-17	8.447	8	2	7	1.301	0.0	6.492
G5EFY4_CAEEL	179058	egl-46	8.447	8	2	2	1.301	0.0	6.492
Q58AU4_CAEEL	180452	dgk-1	8.447	8	2	7	1.301	0.0	6.492
ODR7_CAEEL	181403	odr-7	8.447	8	2	1	1.301	0.0	6.492
DOPR4_CAEEL	183715	dop-4	8.447	8	2	8	1.301	0.0	6.492
EAT5_CAEEL	172480	eat-5	8.38	9	2	7	1.301	0.0	6.441
G5EDM7_CAEEL	175054	daf-5	8.38	9	2	5	1.301	0.0	6.441
NCS1_CAEEL	180448	ncs-1	8.38	9	2	3	1.301	0.0	6.441
RIM_CAEEL	180990	unc-10	8.38	9	2	9	1.301	0.0	6.441
G5EBX8_CAEEL	184572	ser-5	8.38	9	2	3	1.301	0.0	6.441
Q93329_CAEEL	191600	lev-8	8.38	9	2	2	1.301	0.0	6.441
H2L2E8_CAEEL	172831	tba-1	8.321	10	2	1	1.301	0.0	6.395
PRY1_CAEEL	173287	pry-1	8.321	10	2	6	1.301	0.0	6.395
AFF1_CAEEL	174123	aff-1	8.321	10	2	0	1.301	0.0	6.395
LIS1_CAEEL	176758	lis-1	8.321	10	2	1	1.301	0.0	6.395
ACR2_CAEEL	180936	acr-2	8.321	10	2	5	1.301	0.0	6.395
Q7YZR6_CAEEL	181045	cca-1	8.321	10	2	1	1.301	0.0	6.395
E2AKA_CAEEL	181334	pek-1	8.321	10	2	1	1.301	0.0	6.395
LIN35_CAEEL	172249	lin-35	8.276	62	3	7	1.477	0.0	5.603
BLI4_CAEEL	172333	bli-4	8.267	11	2	5	1.301	0.0	6.354
Q22024_CAEEL	174552	egl-43	8.267	11	2	0	1.301	0.0	6.354
TBX2_CAEEL	175698	tbx-2	8.267	11	2	0	1.301	0.0	6.354
H2KYG4_CAEEL	175778	bas-1	8.267	11	2	1	1.301	0.0	6.354
HM14_CAEEL	181012	ceh-14	8.267	11	2	0	1.301	0.0	6.354
M1ZMJ2_CAEEL	182776	glb-5	8.267	11	2	6	1.301	0.0	6.354
RAC1_CAEEL	177111	ced-10	8.256	64	3	7	1.477	0.0	5.589
TUB1_CAEEL	174312	tub-1	8.218	12	2	3	1.301	0.0	6.316
FBSP1_CAEEL	175667	fsn-1	8.218	12	2	6	1.301	0.0	6.316
G5ECP0_CAEEL	179620	nphp-4	8.218	12	2	4	1.301	0.0	6.316
NLGN1_CAEEL	181484	nlg-1	8.218	12	2	2	1.301	0.0	6.316
CDC42_CAEEL	174233	cdc-42	8.217	68	3	4	1.477	0.0	5.563
TRA1_CAEEL	176548	tra-1	8.199	70	3	3	1.477	0.0	5.55
SKR1_CAEEL	172775	skr-1	8.172	13	2	4	1.301	0.0	6.282
WNT1_CAEEL	173399	cwn-1	8.172	13	2	3	1.301	0.0	6.282
DAF11_CAEEL	179605	daf-11	8.131	14	2	8	1.301	0.0	6.249
HIF1_CAEEL	180359	hif-1	8.121	79	3	7	1.477	0.0	5.498
SRC1_CAEEL	171722	src-1	8.092	15	2	0	1.301	0.0	6.219
MEK2_CAEEL	171872	mek-2	8.092	15	2	1	1.301	0.0	6.219
SMA6_CAEEL	174044	sma-6	8.092	15	2	1	1.301	0.0	6.219
G5EGH0_CAEEL	175322	ser-4	8.092	15	2	2	1.301	0.0	6.219
KPC1_CAEEL	176825	tpa-1	8.092	15	2	3	1.301	0.0	6.219
LIN12_CAEEL	176282	lin-12	8.083	224	4	5	1.602	0.0	5.045
DMD_CAEEL	173038	dys-1	8.055	16	2	1	1.301	0.0	6.191
CES2_CAEEL	173365	ces-2	8.055	16	2	2	1.301	0.0	6.191
ELT1_CAEEL	177794	elt-1	8.055	16	2	1	1.301	0.0	6.191
SAD1_CAEEL	181471	sad-1	8.055	16	2	3	1.301	0.0	6.191
Q9N5S2_CAEEL	172983	gpx-8	8.021	17	2	0	1.301	0.0	6.165
DOPR3_CAEEL	188499	dop-3	8.021	17	2	2	1.301	0.0	6.165
CED3_CAEEL	178272	ced-3	7.995	254	4	6	1.602	0.0	4.991
E0AHC3_CAEEL	180014	unc-76	7.958	19	2	4	1.301	0.0	6.117
LIN26_CAEEL	3565051	lin-26	7.958	19	2	1	1.301	0.0	6.117
KINH_CAEEL	176179	unc-116	7.929	20	2	5	1.301	0.0	6.094
ACH1_CAEEL	179235	acr-16	7.929	20	2	4	1.301	0.0	6.094
G5EBM0_CAEEL	174334	eff-1	7.907	32	2	10	1.301	0.041	5.89
ACH5_CAEEL	172105	unc-38	7.901	21	2	7	1.301	0.0	6.073
RIC3_CAEEL	177570	ric-3	7.901	21	2	5	1.301	0.0	6.073
IRE1_CAEEL	174305	ire-1	7.889	33	2	10	1.301	0.041	5.877
G5EEZ3_CAEEL	178930	glc-3	7.826	24	2	1	1.301	0.0	6.015
Q9U245_CAEEL	175089	lin-7	7.781	26	2	5	1.301	0.0	5.98
PAL1_CAEEL	175638	pal-1	7.76	27	2	0	1.301	0.0	5.964
ACE1_CAEEL	181706	ace-1	7.76	27	2	0	1.301	0.0	5.964
LIN44_CAEEL	171994	lin-44	7.739	28	2	4	1.301	0.0	5.948
Q27526_CAEEL	188583	bgal-1	7.719	29	2	0	1.301	0.0	5.933
DAF4_CAEEL	175781	daf-4	7.681	31	2	2	1.301	0.0	5.904
NHR49_CAEEL	172839	nhr-49	7.663	32	2	8	1.301	0.0	5.89
LGG1_CAEEL	174050	lgg-1	7.629	34	2	4	1.301	0.0	5.864
MYSP_CAEEL	172491	unc-15	7.613	35	2	0	1.301	0.0	5.851
G5EG05_CAEEL	177821	egl-20	7.613	35	2	7	1.301	0.0	5.851
KRAF1_CAEEL	177436	lin-45	7.581	37	2	1	1.301	0.0	5.827
PTEN_CAEEL	176869	daf-18	7.496	43	2	9	1.301	0.0	5.762
Q9N2Z3_CAEEL	171649	grl-16	7.396	1	1	1	1.0	0.0	7.396
Q9TYT0_CAEEL	171679	hmbx-1	7.396	1	1	1	1.0	0.0	7.396
Q8T874_CAEEL	171691	aps-3	7.396	1	1	0	1.0	0.0	7.396
INX19_CAEEL	171805	inx-19	7.396	1	1	0	1.0	0.0	7.396
A0A078BS63_CAEEL	171846	itx-1	7.396	1	1	1	1.0	0.0	7.396
Q95XT1_CAEEL	171869	supr-1	7.396	1	1	2	1.0	0.0	7.396
UBA5_CAEEL	171968	uba-5	7.396	1	1	0	1.0	0.0	7.396
O01493_CAEEL	172260	cdc-7	7.396	1	1	3	1.0	0.0	7.396
P91027_CAEEL	172326	chdp-1	7.396	1	1	0	1.0	0.0	7.396
Q21221_CAEEL	172585	aho-3	7.396	1	1	0	1.0	0.0	7.396
K7STE9_CAEEL	172602	kcnl-2	7.396	1	1	0	1.0	0.0	7.396
G5EF14_CAEEL	172758	uggt-2	7.396	1	1	0	1.0	0.0	7.396
H2FLJ1_CAEEL	172777	stl-1	7.396	1	1	1	1.0	0.0	7.396
Q93727_CAEEL	172909	sptf-1	7.396	1	1	0	1.0	0.0	7.396
EXOC4_CAEEL	172924	sec-8	7.396	1	1	2	1.0	0.0	7.396
PDE1_CAEEL	173200	pde-1	7.396	1	1	1	1.0	0.0	7.396
ERO1_CAEEL	173325	ero-1	7.396	1	1	1	1.0	0.0	7.396
Q56VR9_CAEEL	173419	mps-2	7.396	1	1	0	1.0	0.0	7.396
SNF3_CAEEL	173493	snf-3	7.396	1	1	2	1.0	0.0	7.396
RIG6_CAEEL	173828	rig-6	7.396	1	1	0	1.0	0.0	7.396
O01902_CAEEL	173955	sam-4	7.396	1	1	1	1.0	0.0	7.396
Q8IG15_CAEEL	173998	rfip-1	7.396	1	1	2	1.0	0.0	7.396
Q9TZK1_CAEEL	174026	fkh-8	7.396	1	1	1	1.0	0.0	7.396
Q18106_CAEEL	174102	ift-74	7.396	1	1	1	1.0	0.0	7.396
HM38_CAEEL	174136	ceh-38	7.396	1	1	0	1.0	0.0	7.396
TDC1_CAEEL	174327	tdc-1	7.396	1	1	7	1.0	0.0	7.396
Q19461_CAEEL	174343	acp-2	7.396	1	1	0	1.0	0.0	7.396
MYRF1_CAEEL	174614	myrf-1	7.396	1	1	0	1.0	0.0	7.396
SAM10_CAEEL	174975	sam-10	7.396	1	1	0	1.0	0.0	7.396
U4PN22_CAEEL	175092	pfs-2	7.396	1	1	1	1.0	0.0	7.396
Q86GT3_CAEEL	175238	dac-1	7.396	1	1	3	1.0	0.0	7.396
G5EEJ0_CAEEL	175438	hecw-1	7.396	1	1	3	1.0	0.0	7.396
Q09497_CAEEL	175451	rsu-1	7.396	1	1	0	1.0	0.0	7.396
G5EED9_CAEEL	175459	pitp-1	7.396	1	1	0	1.0	0.0	7.396
OSG1_CAEEL	175756	osg-1	7.396	1	1	0	1.0	0.0	7.396
DEX1_CAEEL	175761	dex-1	7.396	1	1	4	1.0	0.0	7.396
H2KYX3_CAEEL	175870	nfm-1	7.396	1	1	0	1.0	0.0	7.396
Q18033_CAEEL	175900	thoc-2	7.396	1	1	1	1.0	0.0	7.396
ZIG5_CAEEL	176527	zig-5	7.396	1	1	0	1.0	0.0	7.396
VDAC_CAEEL	177524	vdac-1	7.396	1	1	0	1.0	0.0	7.396
IPYR_CAEEL	177856	pyp-1	7.396	1	1	0	1.0	0.0	7.396
Q21875_CAEEL	177915	ebax-1	7.396	1	1	1	1.0	0.0	7.396
Q19336_CAEEL	178150	mig-32	7.396	1	1	0	1.0	0.0	7.396
D3YT92_CAEEL	178348	rga-5	7.396	1	1	0	1.0	0.0	7.396
DAF38_CAEEL	178443	daf-38	7.396	1	1	4	1.0	0.0	7.396
A0A0K3AVE6_CAEEL	178627	glb-33	7.396	1	1	0	1.0	0.0	7.396
H2KZL2_CAEEL	178825	nlp-9	7.396	1	1	2	1.0	0.0	7.396
PFKA2_CAEEL	179335	pfk-1.2	7.396	1	1	0	1.0	0.0	7.396
Q22316_CAEEL	179766	bus-19	7.396	1	1	2	1.0	0.0	7.396
CNI1_CAEEL	179801	cni-1	7.396	1	1	2	1.0	0.0	7.396
Q9U2G5_CAEEL	180289	mrp-7	7.396	1	1	0	1.0	0.0	7.396
Q19779_CAEEL	180427	gtr-1	7.396	1	1	1	1.0	0.0	7.396
Q20700_CAEEL	180526	swip-10	7.396	1	1	1	1.0	0.0	7.396
LNP1_CAEEL	180731	lnp-1	7.396	1	1	0	1.0	0.0	7.396
IRK1_CAEEL	180944	irk-1	7.396	1	1	1	1.0	0.0	7.396
H2KZG5_CAEEL	180985	syd-9	7.396	1	1	0	1.0	0.0	7.396
Q22336_CAEEL	180993	spp-3	7.396	1	1	1	1.0	0.0	7.396
ZIG4_CAEEL	181051	zig-4	7.396	1	1	1	1.0	0.0	7.396
VEM1_CAEEL	181066	vem-1	7.396	1	1	0	1.0	0.0	7.396
Q564X8_CAEEL	181642	olrn-1	7.396	1	1	2	1.0	0.0	7.396
SNET1_CAEEL	182125	snet-1	7.396	1	1	3	1.0	0.0	7.396
TXND9_CAEEL	182257	txdc-9	7.396	1	1	0	1.0	0.0	7.396
NDF1_CAEEL	183212	cnd-1	7.396	1	1	1	1.0	0.0	7.396
Q18602_CAEEL	183433	vps-50	7.396	1	1	0	1.0	0.0	7.396
DIRA_CAEEL	183765	drn-1	7.396	1	1	0	1.0	0.0	7.396
O45320_CAEEL	183973	hlh-16	7.396	1	1	0	1.0	0.0	7.396
Q19280_CAEEL	184259	molo-1	7.396	1	1	1	1.0	0.0	7.396
B6VQ88_CAEEL	185977	cwp-5	7.396	1	1	0	1.0	0.0	7.396
SRA13_CAEEL	186058	sra-13	7.396	1	1	0	1.0	0.0	7.396
Q21013_CAEEL	186548	flr-2	7.396	1	1	0	1.0	0.0	7.396
Q9XVI5_CAEEL	188762	spp-12	7.396	1	1	1	1.0	0.0	7.396
O61938_CAEEL	188824	srbc-66	7.396	1	1	7	1.0	0.0	7.396
O45824_CAEEL	188900	clec-38	7.396	1	1	0	1.0	0.0	7.396
SUP1_CAEEL	189815	sup-1	7.396	1	1	0	1.0	0.0	7.396
Q9NA91_CAEEL	190250	aat-9	7.396	1	1	0	1.0	0.0	7.396
PPT1_CAEEL	191744	ppt-1	7.396	1	1	0	1.0	0.0	7.396
SNF6_CAEEL	191768	snf-6	7.396	1	1	1	1.0	0.0	7.396
O76437_CAEEL	191974	str-33	7.396	1	1	0	1.0	0.0	7.396
OIG4_CAEEL	259448	oig-4	7.396	1	1	1	1.0	0.0	7.396
Q8MPX7_CAEEL	259714	spp-2	7.396	1	1	0	1.0	0.0	7.396
G5EG68_CAEEL	3565243	agr-1	7.396	1	1	0	1.0	0.0	7.396
H2L2K0_CAEEL	13183089	tmem-107	7.396	1	1	9	1.0	0.0	7.396
O44130_CAEEL	24104589	cima-1	7.396	1	1	3	1.0	0.0	7.396
A7DT45_CAEEL	24104659	oxy-5	7.396	1	1	0	1.0	0.0	7.396
TTC8_CAEEL	188904	bbs-8	7.371	6	1	12	1.0	0.114	6.617
MEC4_CAEEL	181728	mec-4	7.347	56	2	4	1.301	0.0	5.647
MPK1_CAEEL	175545	mpk-1	7.327	58	2	2	1.301	0.0	5.632
LIN14_CAEEL	181337	lin-14	7.272	64	2	5	1.301	0.0	5.589
MYO4_CAEEL	259839	unc-54	7.272	64	2	3	1.301	0.0	5.589
HSP12_CAEEL	178659	hsp-16.2	7.175	76	2	0	1.301	0.0	5.515
POP1_CAEEL	171849	pop-1	7.146	80	2	5	1.301	0.0	5.492
DAF25_CAEEL	171623	daf-25	7.094	2	1	1	1.0	0.0	7.094
G5ECL4_CAEEL	171868	bam-2	7.094	2	1	0	1.0	0.0	7.094
G5ECU8_CAEEL	172171	cln-3.2	7.094	2	1	0	1.0	0.0	7.094
Q93702_CAEEL	172665	flp-22	7.094	2	1	2	1.0	0.0	7.094
P91873_CAEEL	172717	tba-6	7.094	2	1	1	1.0	0.0	7.094
RAE1_CAEEL	172864	rae-1	7.094	2	1	0	1.0	0.0	7.094
UBC25_CAEEL	172941	ubc-25	7.094	2	1	0	1.0	0.0	7.094
G5ECH0_CAEEL	173074	hda-3	7.094	2	1	4	1.0	0.0	7.094
AEX5_CAEEL	173358	aex-5	7.094	2	1	2	1.0	0.0	7.094
G5EGP1_CAEEL	173359	unc-122	7.094	2	1	2	1.0	0.0	7.094
I1W6S5_CAEEL	173748	rhgf-2	7.094	2	1	0	1.0	0.0	7.094
LPLT2_CAEEL	173771	lat-2	7.094	2	1	2	1.0	0.0	7.094
Q65ZJ1_CAEEL	174076	toe-2	7.094	2	1	0	1.0	0.0	7.094
PDE4_CAEEL	174235	pde-4	7.094	2	1	1	1.0	0.0	7.094
CHST_CAEEL	174304	chst-1	7.094	2	1	0	1.0	0.0	7.094
NEPL1_CAEEL	174787	nep-1	7.094	2	1	0	1.0	0.0	7.094
G5EFW1_CAEEL	175062	bkip-1	7.094	2	1	1	1.0	0.0	7.094
Q5DX48_CAEEL	175697	sax-2	7.094	2	1	2	1.0	0.0	7.094
S35B3_CAEEL	175787	pst-2	7.094	2	1	1	1.0	0.0	7.094
PISD_CAEEL	176027	psd-1	7.094	2	1	0	1.0	0.0	7.094
NCOR1_CAEEL	176145	gei-8	7.094	2	1	0	1.0	0.0	7.094
SLAP2_CAEEL	176224	hipr-1	7.094	2	1	1	1.0	0.0	7.094
I2HAA0_CAEEL	176454	tbc-8	7.094	2	1	1	1.0	0.0	7.094
C0P286_CAEEL	176739	anoh-1	7.094	2	1	1	1.0	0.0	7.094
G5EG80_CAEEL	176767	trf-1	7.094	2	1	2	1.0	0.0	7.094
Q9N419_CAEEL	177019	nsy-4	7.094	2	1	2	1.0	0.0	7.094
G5ECX2_CAEEL	177078	lad-2	7.094	2	1	2	1.0	0.0	7.094
Q965X7_CAEEL	177137	nape-1	7.094	2	1	1	1.0	0.0	7.094
ELO5_CAEEL	177320	elo-5	7.094	2	1	3	1.0	0.0	7.094
G5EEC9_CAEEL	177370	kcc-2	7.094	2	1	2	1.0	0.0	7.094
A9D2P7_CAEEL	177394	seu-1	7.094	2	1	0	1.0	0.0	7.094
Q9U3C1_CAEEL	177836	npp-1	7.094	2	1	0	1.0	0.0	7.094
EAA3_CAEEL	177882	glt-3	7.094	2	1	0	1.0	0.0	7.094
Q22501_CAEEL	177893	pps-1	7.094	2	1	0	1.0	0.0	7.094
PP2A_CAEEL	178117	let-92	7.094	2	1	1	1.0	0.0	7.094
I2HAI7_CAEEL	178326	qui-1	7.094	2	1	3	1.0	0.0	7.094
O44611_CAEEL	178637	cnc-2	7.094	2	1	6	1.0	0.0	7.094
G5EEH5_CAEEL	179557	mxl-1	7.094	2	1	0	1.0	0.0	7.094
G5EC75_CAEEL	179655	clh-6	7.094	2	1	0	1.0	0.0	7.094
G5ED24_CAEEL	179794	max-1	7.094	2	1	2	1.0	0.0	7.094
EMAL_CAEEL	180358	elp-1	7.094	2	1	1	1.0	0.0	7.094
DDRB_CAEEL	180622	ddr-2	7.094	2	1	1	1.0	0.0	7.094
Q22510_CAEEL	180663	fkh-2	7.094	2	1	4	1.0	0.0	7.094
H2KYZ5_CAEEL	180700	coel-1	7.094	2	1	0	1.0	0.0	7.094
RIG3_CAEEL	180958	rig-3	7.094	2	1	1	1.0	0.0	7.094
OAR2_CAEEL	180970	tyra-2	7.094	2	1	1	1.0	0.0	7.094
SNG1_CAEEL	180995	sng-1	7.094	2	1	0	1.0	0.0	7.094
DYF7_CAEEL	181183	dyf-7	7.094	2	1	1	1.0	0.0	7.094
VAB15_CAEEL	181197	vab-15	7.094	2	1	0	1.0	0.0	7.094
G5EGE3_CAEEL	181244	pkn-1	7.094	2	1	0	1.0	0.0	7.094
A0A131MDA8_CAEEL	181499	hlb-1	7.094	2	1	0	1.0	0.0	7.094
GLOB6_CAEEL	182780	glb-6	7.094	2	1	1	1.0	0.0	7.094
G5EDX4_CAEEL	183687	egl-47	7.094	2	1	1	1.0	0.0	7.094
O45323_CAEEL	183975	mfb-1	7.094	2	1	0	1.0	0.0	7.094
CAH1_CAEEL	186231	cah-1	7.094	2	1	0	1.0	0.0	7.094
DGK3_CAEEL	186262	dgk-3	7.094	2	1	2	1.0	0.0	7.094
MBL_CAEEL	186912	mbl-1	7.094	2	1	1	1.0	0.0	7.094
Q21731_CAEEL	187592	hpo-30	7.094	2	1	5	1.0	0.0	7.094
SRX43_CAEEL	188374	srx-43	7.094	2	1	5	1.0	0.0	7.094
TMC1_CAEEL	188483	tmc-1	7.094	2	1	1	1.0	0.0	7.094
CFI1_CAEEL	188793	cfi-1	7.094	2	1	0	1.0	0.0	7.094
Q8MPP4_CAEEL	189960	lgc-35	7.094	2	1	1	1.0	0.0	7.094
RGMB_CAEEL	190602	drag-1	7.094	2	1	1	1.0	0.0	7.094
CPLX1_CAEEL	190666	cpx-1	7.094	2	1	7	1.0	0.0	7.094
ACR5_CAEEL	191596	acr-5	7.094	2	1	1	1.0	0.0	7.094
O16880_CAEEL	191607	acy-2	7.094	2	1	0	1.0	0.0	7.094
GCY14_CAEEL	191647	gcy-14	7.094	2	1	2	1.0	0.0	7.094
GCY31_CAEEL	191655	gcy-31	7.094	2	1	0	1.0	0.0	7.094
SRA6_CAEEL	191777	sra-6	7.094	2	1	0	1.0	0.0	7.094
SRA11_CAEEL	191782	sra-11	7.094	2	1	1	1.0	0.0	7.094
TWK7_CAEEL	192073	twk-7	7.094	2	1	0	1.0	0.0	7.094
G5EDI0_CAEEL	259679	dcar-1	7.094	2	1	0	1.0	0.0	7.094
CEP1_CAEEL	172616	cep-1	7.092	88	2	1	1.301	0.0	5.451
ERI1_CAEEL	176868	eri-1	7.014	27	1	14	1.0	0.176	5.964
H2L012_CAEEL	171818	ctn-1	6.918	3	1	1	1.0	0.0	6.918
RIOK1_CAEEL	171883	riok-1	6.918	3	1	0	1.0	0.0	6.918
SEM2_CAEEL	172162	sem-2	6.918	3	1	1	1.0	0.0	6.918
GPA14_CAEEL	172269	gpa-14	6.918	3	1	1	1.0	0.0	6.918
CSK2B_CAEEL	172610	kin-10	6.918	3	1	0	1.0	0.0	6.918
NGLY1_CAEEL	173028	png-1	6.918	3	1	1	1.0	0.0	6.918
SRC2_CAEEL	173296	src-2	6.918	3	1	1	1.0	0.0	6.918
UB2V1_CAEEL	173347	uev-1	6.918	3	1	1	1.0	0.0	6.918
ASF1_CAEEL	173809	asf-1	6.918	3	1	0	1.0	0.0	6.918
Q21053_CAEEL	174000	vps-35	6.918	3	1	5	1.0	0.0	6.918
PH4H_CAEEL	174401	pah-1	6.918	3	1	1	1.0	0.0	6.918
PLCG_CAEEL	174586	plc-3	6.918	3	1	0	1.0	0.0	6.918
Q22071_CAEEL	174587	mec-15	6.918	3	1	0	1.0	0.0	6.918
VER1_CAEEL	175182	ver-1	6.918	3	1	0	1.0	0.0	6.918
HM43_CAEEL	175581	ceh-43	6.918	3	1	0	1.0	0.0	6.918
ITPA_CAEEL	175724	hap-1	6.918	3	1	0	1.0	0.0	6.918
RCANL_CAEEL	175788	rcan-1	6.918	3	1	0	1.0	0.0	6.918
EF2K_CAEEL	175871	efk-1	6.918	3	1	1	1.0	0.0	6.918
CAN_CAEEL	176122	clp-1	6.918	3	1	4	1.0	0.0	6.918
NPC2_CAEEL	176165	ncr-2	6.918	3	1	1	1.0	0.0	6.918
PDE2_CAEEL	176270	pde-2	6.918	3	1	2	1.0	0.0	6.918
FOZI1_CAEEL	176308	fozi-1	6.918	3	1	2	1.0	0.0	6.918
CYFIP_CAEEL	176885	gex-2	6.918	3	1	2	1.0	0.0	6.918
CLUA1_CAEEL	177107	dyf-3	6.918	3	1	1	1.0	0.0	6.918
HM19_CAEEL	177590	ceh-19	6.918	3	1	0	1.0	0.0	6.918
O44511_CAEEL	177608	sph-1	6.918	3	1	5	1.0	0.0	6.918
PMK2_CAEEL	177611	pmk-2	6.918	3	1	2	1.0	0.0	6.918
H2KZC9_CAEEL	177667	dgk-4	6.918	3	1	0	1.0	0.0	6.918
Q23601_CAEEL	178094	prx-2	6.918	3	1	1	1.0	0.0	6.918
STAT1_CAEEL	178465	sta-1	6.918	3	1	0	1.0	0.0	6.918
FRIZ2_CAEEL	178768	cfz-2	6.918	3	1	1	1.0	0.0	6.918
HM32_CAEEL	179603	ceh-32	6.918	3	1	0	1.0	0.0	6.918
Q93758_CAEEL	179876	swan-1	6.918	3	1	1	1.0	0.0	6.918
HM24_CAEEL	179877	ceh-24	6.918	3	1	1	1.0	0.0	6.918
O17939_CAEEL	180022	aipl-1	6.918	3	1	1	1.0	0.0	6.918
IF4E4_CAEEL	180464	ife-4	6.918	3	1	2	1.0	0.0	6.918
H2KYF7_CAEEL	180625	clc-3	6.918	3	1	0	1.0	0.0	6.918
SVH2_CAEEL	180929	svh-2	6.918	3	1	2	1.0	0.0	6.918
FLR4_CAEEL	181604	flr-4	6.918	3	1	0	1.0	0.0	6.918
OSM1_CAEEL	181715	osm-1	6.918	3	1	2	1.0	0.0	6.918
CLHM1_CAEEL	183429	clhm-1	6.918	3	1	1	1.0	0.0	6.918
Q19123_CAEEL	184091	aps-2	6.918	3	1	0	1.0	0.0	6.918
APTF1_CAEEL	187043	aptf-1	6.918	3	1	4	1.0	0.0	6.918
DYF5_CAEEL	187442	dyf-5	6.918	3	1	3	1.0	0.0	6.918
Q21656_CAEEL	187533	flp-32	6.918	3	1	1	1.0	0.0	6.918
MBR1_CAEEL	187937	mbr-1	6.918	3	1	1	1.0	0.0	6.918
B3VBI8_CAEEL	189837	gbb-1	6.918	3	1	1	1.0	0.0	6.918
G5EE18_CAEEL	191619	ceh-28	6.918	3	1	0	1.0	0.0	6.918
GPA9_CAEEL	191659	gpa-9	6.918	3	1	1	1.0	0.0	6.918
Q7KPV0_CAEEL	171687	gsa-1	6.793	4	1	1	1.0	0.0	6.793
Q95YD5_CAEEL	172134	vha-16	6.793	4	1	2	1.0	0.0	6.793
O17286_CAEEL	173435	nfyb-1	6.793	4	1	0	1.0	0.0	6.793
RGS3_CAEEL	174020	rgs-3	6.793	4	1	2	1.0	0.0	6.793
Q5H9N3_CAEEL	174225	nfi-1	6.793	4	1	0	1.0	0.0	6.793
TADBP_CAEEL	174436	tdp-1	6.793	4	1	3	1.0	0.0	6.793
G5ECF9_CAEEL	174657	mpz-1	6.793	4	1	0	1.0	0.0	6.793
NU301_CAEEL	175098	nurf-1	6.793	4	1	0	1.0	0.0	6.793
COQ8_CAEEL	175647	coq-8	6.793	4	1	0	1.0	0.0	6.793
MTMR6_CAEEL	176757	mtm-6	6.793	4	1	0	1.0	0.0	6.793
CBPE_CAEEL	177940	egl-21	6.793	4	1	3	1.0	0.0	6.793
EPI1_CAEEL	177956	epi-1	6.793	4	1	0	1.0	0.0	6.793
UBC2_CAEEL	178006	let-70	6.793	4	1	0	1.0	0.0	6.793
SYNJ_CAEEL	178284	unc-26	6.793	4	1	4	1.0	0.0	6.793
Q9BMH9_CAEEL	179098	odr-2	6.793	4	1	1	1.0	0.0	6.793
Q18761_CAEEL	179382	mec-9	6.793	4	1	1	1.0	0.0	6.793
O45879_CAEEL	180350	mnr-1	6.793	4	1	6	1.0	0.0	6.793
Q9GYJ9_CAEEL	180468	snx-1	6.793	4	1	0	1.0	0.0	6.793
Q9N5S3_CAEEL	180522	lsy-2	6.793	4	1	1	1.0	0.0	6.793
SAX1_CAEEL	180655	sax-1	6.793	4	1	2	1.0	0.0	6.793
AP2M_CAEEL	180713	dpy-23	6.793	4	1	2	1.0	0.0	6.793
G5EEL0_CAEEL	181292	ldb-1	6.793	4	1	0	1.0	0.0	6.793
Q09961_CAEEL	182758	hlh-14	6.793	4	1	2	1.0	0.0	6.793
CHE13_CAEEL	186607	che-13	6.793	4	1	2	1.0	0.0	6.793
MAX2_CAEEL	3565400	max-2	6.793	4	1	2	1.0	0.0	6.793
G5EER3_CAEEL	24105310	lev-10	6.793	4	1	2	1.0	0.0	6.793
GLP1_CAEEL	176286	glp-1	6.733	166	2	0	1.301	0.0	5.175
ARL13_CAEEL	171765	arl-13	6.697	5	1	5	1.0	0.0	6.697
G5ECY6_CAEEL	172303	chn-1	6.697	5	1	1	1.0	0.0	6.697
CDK8_CAEEL	172677	cdk-8	6.697	5	1	0	1.0	0.0	6.697
H2KYR1_CAEEL	173512	vig-1	6.697	5	1	0	1.0	0.0	6.697
Q8I4G9_CAEEL	174323	dab-1	6.697	5	1	2	1.0	0.0	6.697
TORS_CAEEL	174433	ooc-5	6.697	5	1	0	1.0	0.0	6.697
Q17880_CAEEL	174696	nuo-1	6.697	5	1	0	1.0	0.0	6.697
G5EGP4_CAEEL	174743	vha-6	6.697	5	1	2	1.0	0.0	6.697
ZYX_CAEEL	174951	zyx-1	6.697	5	1	0	1.0	0.0	6.697
HM23_CAEEL	176096	ceh-23	6.697	5	1	5	1.0	0.0	6.697
CUP4_CAEEL	176104	cup-4	6.697	5	1	1	1.0	0.0	6.697
VPP1_CAEEL	176257	unc-32	6.697	5	1	2	1.0	0.0	6.697
VAB7_CAEEL	176521	vab-7	6.697	5	1	1	1.0	0.0	6.697
HYL1_CAEEL	177660	hyl-1	6.697	5	1	1	1.0	0.0	6.697
C1P634_CAEEL	178107	magi-1	6.697	5	1	2	1.0	0.0	6.697
GCY18_CAEEL	178237	gcy-18	6.697	5	1	2	1.0	0.0	6.697
O45278_CAEEL	178522	haf-1	6.697	5	1	0	1.0	0.0	6.697
P90757_CAEEL	179666	che-11	6.697	5	1	4	1.0	0.0	6.697
G5EDK5_CAEEL	179788	fmi-1	6.697	5	1	2	1.0	0.0	6.697
H2KZM4_CAEEL	180532	peb-1	6.697	5	1	0	1.0	0.0	6.697
G5EG65_CAEEL	180553	hid-1	6.697	5	1	0	1.0	0.0	6.697
FLP11_CAEEL	180741	flp-11	6.697	5	1	0	1.0	0.0	6.697
Q19955_CAEEL	180801	ags-3	6.697	5	1	0	1.0	0.0	6.697
HM02_CAEEL	191615	ceh-2	6.697	5	1	1	1.0	0.0	6.697
O17894_CAEEL	191623	unc-39	6.697	5	1	0	1.0	0.0	6.697
Q8MXS7_CAEEL	259560	ser-6	6.697	5	1	0	1.0	0.0	6.697
EMR1_CAEEL	171752	emr-1	6.617	6	1	3	1.0	0.0	6.617
LIN61_CAEEL	172467	lin-61	6.617	6	1	0	1.0	0.0	6.617
G5EG30_CAEEL	172542	adr-1	6.617	6	1	4	1.0	0.0	6.617
O62011_CAEEL	172873	mut-16	6.617	6	1	0	1.0	0.0	6.617
G5EFK9_CAEEL	173176	pmr-1	6.617	6	1	0	1.0	0.0	6.617
SEM1A_CAEEL	173351	smp-1	6.617	6	1	1	1.0	0.0	6.617
EGL44_CAEEL	174005	egl-44	6.617	6	1	1	1.0	0.0	6.617
UN105_CAEEL	174306	unc-105	6.617	6	1	0	1.0	0.0	6.617
G5ECE8_CAEEL	174383	chhy-1	6.617	6	1	0	1.0	0.0	6.617
U2AF2_CAEEL	175270	uaf-1	6.617	6	1	1	1.0	0.0	6.617
Q7Z204_CAEEL	175551	sup-26	6.617	6	1	0	1.0	0.0	6.617
G5ED75_CAEEL	176511	klp-7	6.617	6	1	7	1.0	0.0	6.617
STRD1_CAEEL	176526	strd-1	6.617	6	1	1	1.0	0.0	6.617
DCLK_CAEEL	176639	zyg-8	6.617	6	1	1	1.0	0.0	6.617
UNC71_CAEEL	176706	unc-71	6.617	6	1	1	1.0	0.0	6.617
PSA_CAEEL	177528	pam-1	6.617	6	1	0	1.0	0.0	6.617
GCY8_CAEEL	177584	gcy-8	6.617	6	1	4	1.0	0.0	6.617
L8EC32_CAEEL	177987	dnc-1	6.617	6	1	4	1.0	0.0	6.617
STIP1_CAEEL	178587	sti-1	6.617	6	1	1	1.0	0.0	6.617
O01883_CAEEL	179315	ucp-4	6.617	6	1	0	1.0	0.0	6.617
GELS1_CAEEL	179328	gsnl-1	6.617	6	1	1	1.0	0.0	6.617
GCY33_CAEEL	179644	gcy-33	6.617	6	1	8	1.0	0.0	6.617
LIN25_CAEEL	179732	lin-25	6.617	6	1	0	1.0	0.0	6.617
P90735_CAEEL	179796	eat-6	6.617	6	1	2	1.0	0.0	6.617
CAV2_CAEEL	179838	cav-2	6.617	6	1	3	1.0	0.0	6.617
KAPR_CAEEL	180864	kin-2	6.617	6	1	0	1.0	0.0	6.617
ACM1_CAEEL	180922	gar-1	6.617	6	1	1	1.0	0.0	6.617
G5EFQ9_CAEEL	181678	mec-5	6.617	6	1	2	1.0	0.0	6.617
O17269_CAEEL	187903	mks-1	6.617	6	1	5	1.0	0.0	6.617
GCY36_CAEEL	191657	gcy-36	6.617	6	1	3	1.0	0.0	6.617
G5ECK3_CAEEL	266926	mab-23	6.617	6	1	1	1.0	0.0	6.617
NPHP1_CAEEL	174643	nph-1	6.55	7	1	3	1.0	0.0	6.55
ACM2_CAEEL	175893	gar-2	6.55	7	1	2	1.0	0.0	6.55
PLPL2_CAEEL	175910	atgl-1	6.55	7	1	4	1.0	0.0	6.55
CO4A1_CAEEL	176314	emb-9	6.55	7	1	0	1.0	0.0	6.55
P4HA1_CAEEL	176569	dpy-18	6.55	7	1	0	1.0	0.0	6.55
CMK1_CAEEL	176989	cmk-1	6.55	7	1	2	1.0	0.0	6.55
GBLP_CAEEL	177895	rack-1	6.55	7	1	2	1.0	0.0	6.55
Q9UAQ3_CAEEL	178619	madd-2	6.55	7	1	0	1.0	0.0	6.55
Q9GZD5_CAEEL	178897	unc-46	6.55	7	1	1	1.0	0.0	6.55
ACH4_CAEEL	179574	des-2	6.55	7	1	1	1.0	0.0	6.55
Q17595_CAEEL	180421	dyf-11	6.55	7	1	2	1.0	0.0	6.55
G5EDJ0_CAEEL	180609	fax-1	6.55	7	1	1	1.0	0.0	6.55
F5GUF0_CAEEL	187639	wve-1	6.55	7	1	3	1.0	0.0	6.55
DPY19_CAEEL	191628	dpy-19	6.55	7	1	1	1.0	0.0	6.55
N1NSG8_CAEEL	192081	unc-42	6.55	7	1	4	1.0	0.0	6.55
SEM2A_CAEEL	171727	mab-20	6.492	8	1	2	1.0	0.0	6.492
G5EGK1_CAEEL	171736	tln-1	6.492	8	1	2	1.0	0.0	6.492
G5EEW0_CAEEL	172240	che-14	6.492	8	1	1	1.0	0.0	6.492
MIG5_CAEEL	174317	mig-5	6.492	8	1	0	1.0	0.0	6.492
LE756_CAEEL	175909	let-756	6.492	8	1	1	1.0	0.0	6.492
CADH3_CAEEL	176085	cdh-3	6.492	8	1	0	1.0	0.0	6.492
ATX2_CAEEL	176465	atx-2	6.492	8	1	0	1.0	0.0	6.492
SPRC_CAEEL	176931	ost-1	6.492	8	1	2	1.0	0.0	6.492
G5EGF4_CAEEL	176992	egl-18	6.492	8	1	1	1.0	0.0	6.492
G5EF76_CAEEL	177082	lin-22	6.492	8	1	0	1.0	0.0	6.492
FBRL_CAEEL	179999	fib-1	6.492	8	1	0	1.0	0.0	6.492
MADD_CAEEL	180420	aex-3	6.492	8	1	2	1.0	0.0	6.492
KIN29_CAEEL	180574	kin-29	6.492	8	1	1	1.0	0.0	6.492
MIG13_CAEEL	180755	mig-13	6.492	8	1	0	1.0	0.0	6.492
EGL13_CAEEL	180833	egl-13	6.492	8	1	1	1.0	0.0	6.492
MIG15_CAEEL	181248	mig-15	6.492	8	1	1	1.0	0.0	6.492
Q7JPF0_CAEEL	183753	kvs-1	6.492	8	1	2	1.0	0.0	6.492
DYHC_CAEEL	172041	dhc-1	6.441	9	1	2	1.0	0.0	6.441
LRP_CAEEL	172520	lrp-1	6.441	9	1	0	1.0	0.0	6.441
G5EEC4_CAEEL	173058	vab-10	6.441	9	1	2	1.0	0.0	6.441
LON1_CAEEL	175753	lon-1	6.441	9	1	0	1.0	0.0	6.441
Q8T3F7_CAEEL	175857	mapk-15	6.441	9	1	1	1.0	0.0	6.441
G5EEV3_CAEEL	175963	pdf-1	6.441	9	1	0	1.0	0.0	6.441
RGS1_CAEEL	176415	rgs-1	6.441	9	1	1	1.0	0.0	6.441
FLP13_CAEEL	177547	flp-13	6.441	9	1	0	1.0	0.0	6.441
Q20766_CAEEL	178036	gtl-2	6.441	9	1	0	1.0	0.0	6.441
UNC80_CAEEL	180374	unc-80	6.441	9	1	3	1.0	0.0	6.441
Q94178_CAEEL	183539	ref-2	6.441	9	1	3	1.0	0.0	6.441
G5ECA8_CAEEL	191666	hen-1	6.441	9	1	2	1.0	0.0	6.441
SPE8_CAEEL	171606	spe-8	6.395	10	1	1	1.0	0.0	6.395
G5EDF9_CAEEL	172262	pgp-2	6.395	10	1	0	1.0	0.0	6.395
BUB1_CAEEL	172468	bub-1	6.395	10	1	0	1.0	0.0	6.395
AHA1_CAEEL	172889	aha-1	6.395	10	1	2	1.0	0.0	6.395
G5EEQ5_CAEEL	174585	ref-1	6.395	10	1	0	1.0	0.0	6.395
LAR_CAEEL	174685	ptp-3	6.395	10	1	2	1.0	0.0	6.395
GBB1_CAEEL	174803	gpb-1	6.395	10	1	5	1.0	0.0	6.395
TACC1_CAEEL	175133	tac-1	6.395	10	1	2	1.0	0.0	6.395
G5EDB7_CAEEL	176713	unc-25	6.395	10	1	4	1.0	0.0	6.395
Q8MQE6_CAEEL	177616	wsp-1	6.395	10	1	0	1.0	0.0	6.395
RYK_CAEEL	180679	lin-18	6.395	10	1	3	1.0	0.0	6.395
Q9GNP0_CAEEL	180837	cat-1	6.395	10	1	3	1.0	0.0	6.395
G5EDJ1_CAEEL	181332	slo-2	6.395	10	1	1	1.0	0.0	6.395
Q22075_CAEEL	187968	dma-1	6.395	10	1	3	1.0	0.0	6.395
U4PC90_CAEEL	246019	plx-1	6.395	10	1	2	1.0	0.0	6.395
KAPC1_CAEEL	3565407	kin-1	6.395	10	1	2	1.0	0.0	6.395
G5EES2_CAEEL	172174	erm-1	6.354	11	1	0	1.0	0.0	6.354
NLTP2_CAEEL	174881	daf-22	6.354	11	1	0	1.0	0.0	6.354
HM13_CAEEL	176069	ceh-13	6.354	11	1	1	1.0	0.0	6.354
G8JYB8_CAEEL	176237	zfp-1	6.354	11	1	0	1.0	0.0	6.354
PMK3_CAEEL	177610	pmk-3	6.354	11	1	1	1.0	0.0	6.354
G5EDL3_CAEEL	179202	air-1	6.354	11	1	0	1.0	0.0	6.354
HDA1_CAEEL	179959	hda-1	6.354	11	1	0	1.0	0.0	6.354
UNC1_CAEEL	180458	unc-1	6.354	11	1	2	1.0	0.0	6.354
UNC97_CAEEL	180827	unc-97	6.354	11	1	3	1.0	0.0	6.354
Q9N5Z3_CAEEL	171635	tol-1	6.316	12	1	2	1.0	0.0	6.316
G5EBY8_CAEEL	177719	unc-129	6.316	12	1	2	1.0	0.0	6.316
CAV1_CAEEL	177815	cav-1	6.316	12	1	0	1.0	0.0	6.316
O45734_CAEEL	180111	cpl-1	6.316	12	1	0	1.0	0.0	6.316
Q20641_CAEEL	180581	nmy-1	6.316	12	1	1	1.0	0.0	6.316
Q18530_CAEEL	180750	lon-2	6.316	12	1	1	1.0	0.0	6.316
SYB1_CAEEL	266648	snb-1	6.316	12	1	3	1.0	0.0	6.316
G5ECJ4_CAEEL	172771	mec-8	6.282	13	1	0	1.0	0.0	6.282
LSD1_CAEEL	173214	spr-5	6.282	13	1	2	1.0	0.0	6.282
LIN31_CAEEL	173740	lin-31	6.282	13	1	1	1.0	0.0	6.282
CLH3_CAEEL	174187	clh-3	6.282	13	1	1	1.0	0.0	6.282
LPLT1_CAEEL	174419	lat-1	6.282	13	1	1	1.0	0.0	6.282
A5JYS1_CAEEL	174775	pcs-1	6.282	13	1	1	1.0	0.0	6.282
UNC93_CAEEL	175466	unc-93	6.282	13	1	1	1.0	0.0	6.282
Q8T666_CAEEL	176074	cup-5	6.282	13	1	0	1.0	0.0	6.282
G5EDU4_CAEEL	177249	eor-1	6.282	13	1	0	1.0	0.0	6.282
NEC2_CAEEL	179412	egl-3	6.282	13	1	3	1.0	0.0	6.282
FLP18_CAEEL	180587	flp-18	6.282	13	1	3	1.0	0.0	6.282
UNC7_CAEEL	181608	unc-7	6.282	13	1	1	1.0	0.0	6.282
ILB4_CAEEL	191688	ins-7	6.282	13	1	3	1.0	0.0	6.282
CLAT_CAEEL	24105307	cha-1	6.282	13	1	0	1.0	0.0	6.282
SET1_CAEEL	175918	set-1	6.249	14	1	2	1.0	0.0	6.249
O17589_CAEEL	172823	eat-16	6.219	15	1	1	1.0	0.0	6.219
PINK1_CAEEL	173918	pink-1	6.219	15	1	1	1.0	0.0	6.219
LIN23_CAEEL	174058	lin-23	6.219	15	1	0	1.0	0.0	6.219
KGB1_CAEEL	176866	kgb-1	6.219	15	1	1	1.0	0.0	6.219
FAT3_CAEEL	177820	fat-3	6.219	15	1	1	1.0	0.0	6.219
DUOX1_CAEEL	171608	bli-3	6.191	16	1	5	1.0	0.0	6.191
GPA17_CAEEL	179806	odr-3	6.191	16	1	4	1.0	0.0	6.191
Q23272_CAEEL	179922	atfs-1	6.191	16	1	0	1.0	0.0	6.191
PK1_CAEEL	180873	pak-1	6.191	16	1	0	1.0	0.0	6.191
ROCK_CAEEL	172088	let-502	6.165	17	1	1	1.0	0.0	6.165
CBP1_CAEEL	176380	cbp-1	6.165	17	1	1	1.0	0.0	6.165
SAS5_CAEEL	179592	sas-5	6.165	17	1	0	1.0	0.0	6.165
HMR1_CAEEL	173007	hmr-1	6.14	18	1	1	1.0	0.0	6.14
ROL6_CAEEL	174397	rol-6	6.14	18	1	0	1.0	0.0	6.14
INA1_CAEEL	176296	ina-1	6.14	18	1	1	1.0	0.0	6.14
G5EDY8_CAEEL	177336	drp-1	6.14	18	1	1	1.0	0.0	6.14
JNK1_CAEEL	177460	jnk-1	6.14	18	1	1	1.0	0.0	6.14
EST1_CAEEL	178633	ges-1	6.14	18	1	0	1.0	0.0	6.14
A0A1C3NSM8_CAEEL	181148	ajm-1	6.14	18	1	1	1.0	0.0	6.14
RIC8_CAEEL	177048	ric-8	6.117	19	1	1	1.0	0.0	6.117
O16720_CAEEL	173468	alg-2	6.094	20	1	0	1.0	0.0	6.094
EGL10_CAEEL	179707	egl-10	6.094	20	1	6	1.0	0.0	6.094
GPA16_CAEEL	171675	gpa-16	6.073	21	1	3	1.0	0.0	6.073
ACH2_CAEEL	172703	unc-29	6.073	21	1	0	1.0	0.0	6.073
STX1A_CAEEL	176743	unc-64	6.073	21	1	2	1.0	0.0	6.073
NLK_CAEEL	176808	lit-1	6.073	21	1	0	1.0	0.0	6.073
V6CKQ3_CAEEL	171607	mex-3	6.053	22	1	4	1.0	0.0	6.053
CAN5_CAEEL	178385	tra-3	6.053	22	1	1	1.0	0.0	6.053
G5EEF1_CAEEL	180402	egl-17	6.053	22	1	0	1.0	0.0	6.053
Q9XVI2_CAEEL	172859	sys-1	6.034	23	1	1	1.0	0.0	6.034
FBF1_CAEEL	174016	fbf-1	6.034	23	1	4	1.0	0.0	6.034
PAT3_CAEEL	175504	pat-3	6.034	23	1	1	1.0	0.0	6.034
MBK2_CAEEL	178250	mbk-2	6.034	23	1	0	1.0	0.0	6.034
MYO3_CAEEL	179676	myo-3	6.034	23	1	3	1.0	0.0	6.034
G5EG53_CAEEL	190098	unc-34	6.034	23	1	1	1.0	0.0	6.034
G5EBY3_CAEEL	172562	nmy-2	6.015	24	1	1	1.0	0.0	6.015
CED12_CAEEL	172890	ced-12	6.015	24	1	0	1.0	0.0	6.015
CED7_CAEEL	176352	ced-7	6.015	24	1	3	1.0	0.0	6.015
G5EDE2_CAEEL	176506	hpl-2	6.015	24	1	1	1.0	0.0	6.015
NDUS2_CAEEL	181646	gas-1	5.998	25	1	2	1.0	0.0	5.998
RHO1_CAEEL	178458	rho-1	5.98	26	1	1	1.0	0.0	5.98
BAR1_CAEEL	180982	bar-1	5.98	26	1	0	1.0	0.0	5.98
EGL9_CAEEL	179461	egl-9	5.948	28	1	3	1.0	0.0	5.948
Q93700_CAEEL	185412	gst-18	5.948	28	1	0	1.0	0.0	5.948
FAT1_CAEEL	178291	fat-1	5.933	29	1	0	1.0	0.0	5.933
CUL3_CAEEL	178547	cul-3	5.918	30	1	3	1.0	0.0	5.918
MYOD1_CAEEL	173788	hlh-1	5.864	34	1	3	1.0	0.0	5.864
DAF9_CAEEL	180889	daf-9	5.864	34	1	5	1.0	0.0	5.864
UNC51_CAEEL	180311	unc-51	5.827	37	1	2	1.0	0.0	5.827
G5EBV3_CAEEL	181344	mig-2	5.804	39	1	3	1.0	0.0	5.804
RL40_CAEEL	176718	ubq-2	5.793	40	1	0	1.0	0.0	5.793
AKT1_CAEEL	179424	akt-1	5.752	44	1	9	1.0	0.0	5.752
SEM5_CAEEL	181055	sem-5	5.752	44	1	8	1.0	0.0	5.752
PSN_CAEEL	180441	sel-12	5.723	47	1	0	1.0	0.0	5.723
AAPK2_CAEEL	181727	aak-2	5.705	49	1	4	1.0	0.0	5.705
U4PE16_CAEEL	175086	ctl-3	5.679	52	1	1	1.0	0.0	5.679
CED1_CAEEL	173064	ced-1	5.663	54	1	4	1.0	0.0	5.663
MAB5_CAEEL	176091	mab-5	5.625	59	1	1	1.0	0.0	5.625
O45246_CAEEL	172757	hsp-70	5.61	61	1	1	1.0	0.0	5.61
O45815_CAEEL	176793	act-5	5.596	63	1	3	1.0	0.0	5.596
PAR6_CAEEL	173137	par-6	5.503	78	1	0	1.0	0.0	5.503
LET23_CAEEL	174462	let-23	5.498	79	1	6	1.0	0.0	5.498
COQ7_CAEEL	175729	clk-1	5.354	110	1	1	1.0	0.0	5.354
CED9_CAEEL	3565776	ced-9	5.243	142	1	0	1.0	0.0	5.243
