Big_T	12921
Big_F	130843
UniProtKB_ID	GeneID	Gene_Name	PPS	Big_P	T+P	Citation	1+Log(T+P)	log10((Cit/yr+1)/10)	1+log10(F/T)+log10(F/P)
FOXO_CAEEL	172981	daf-16	13.743	677	23	69	2.362	0.845	4.286
SKN1_CAEEL	177343	skn-1	13.275	208	8	72	1.903	0.863	4.799
HIF1_CAEEL	180359	hif-1	11.795	79	7	25	1.845	0.415	5.219
UNC89_CAEEL	171990	unc-89	11.688	21	8	12	1.903	0.114	5.794
ADF1_CAEEL	178640	unc-60	11.154	24	8	10	1.903	0.041	5.736
PINK1_CAEEL	173918	pink-1	10.809	15	3	21	1.477	0.342	5.941
G5EF96_CAEEL	172233	unc-40	10.406	82	10	7	2.0	0.0	5.203
TTC8_CAEEL	188904	bbs-8	10.289	6	2	20	1.301	0.322	6.339
GELS1_CAEEL	179328	gsnl-1	10.155	6	4	2	1.602	0.0	6.339
CBP1_CAEEL	176380	cbp-1	10.001	17	5	3	1.699	0.0	5.886
CAN_CAEEL	176122	clp-1	9.808	3	3	5	1.477	0.0	6.64
Q23272_CAEEL	179922	atfs-1	9.717	16	4	10	1.602	0.041	5.913
WDR1_CAEEL	180631	unc-78	9.103	9	3	7	1.477	0.0	6.163
FTM_CAEEL	174654	mks-5	9.041	3	1	22	1.0	0.362	6.64
CST1_CAEEL	180708	cst-1	9.012	2	1	20	1.0	0.322	6.816
G5EFT5_CAEEL	173078	hsf-1	8.984	95	4	13	1.602	0.146	5.139
LGG1_CAEEL	174050	lgg-1	8.948	34	4	9	1.602	0.0	5.585
BLI1_CAEEL	174653	bli-1	8.867	2	2	0	1.301	0.0	6.816
Q95YA9_CAEEL	181729	cas-1	8.867	2	2	1	1.301	0.0	6.816
CED4_CAEEL	175643	ced-4	8.739	159	6	8	1.778	0.0	4.915
COX1_CAEEL	2565700	cox-1	8.694	49	4	3	1.602	0.0	5.427
MTMR3_CAEEL	175490	mtm-3	8.638	3	2	0	1.301	0.0	6.64
STAT1_CAEEL	178465	sta-1	8.638	3	2	1	1.301	0.0	6.64
O17939_CAEEL	180022	aipl-1	8.638	3	2	3	1.301	0.0	6.64
MYO4_CAEEL	259839	unc-54	8.508	64	4	5	1.602	0.0	5.31
UNC22_CAEEL	178135	unc-22	8.497	65	4	3	1.602	0.0	5.304
A0A0K3AST9_CAEEL	181273	vap-2	8.476	4	2	0	1.301	0.0	6.515
Q22622_CAEEL	191740	osm-10	8.476	4	2	5	1.301	0.0	6.515
P91096_CAEEL	180706	dop-6	8.35	5	2	1	1.301	0.0	6.418
IRE1_CAEEL	174305	ire-1	8.269	33	3	8	1.477	0.0	5.598
G5EFK9_CAEEL	173176	pmr-1	8.247	6	2	3	1.301	0.0	6.339
G5EDI8_CAEEL	177425	drh-1	8.247	6	2	4	1.301	0.0	6.339
DPY10_CAEEL	174106	dpy-10	8.207	5	1	18	1.0	0.279	6.418
DTN1_CAEEL	171715	dyb-1	8.084	8	2	0	1.301	0.0	6.214
ILKH_CAEEL	175175	pat-4	8.084	8	2	1	1.301	0.0	6.214
G5EEC4_CAEEL	173058	vab-10	8.018	9	2	3	1.301	0.0	6.163
INSR_CAEEL	175410	daf-2	7.996	416	6	6	1.778	0.0	4.497
BUB1_CAEEL	172468	bub-1	7.958	10	2	1	1.301	0.0	6.117
TERA2_CAEEL	174309	cdc-48.2	7.958	10	2	0	1.301	0.0	6.117
LIS1_CAEEL	176758	lis-1	7.958	10	2	0	1.301	0.0	6.117
G5EES2_CAEEL	172174	erm-1	7.904	11	2	3	1.301	0.0	6.075
UNC87_CAEEL	172397	unc-87	7.904	11	2	1	1.301	0.0	6.075
UNC36_CAEEL	176155	unc-36	7.904	11	2	1	1.301	0.0	6.075
FAR1_CAEEL	176283	far-1	7.904	11	2	1	1.301	0.0	6.075
UNC97_CAEEL	180827	unc-97	7.904	11	2	3	1.301	0.0	6.075
TNNC2_CAEEL	174612	tnc-2	7.855	12	2	2	1.301	0.0	6.038
CDC42_CAEEL	174233	cdc-42	7.805	68	3	6	1.477	0.0	5.284
O02592_CAEEL	175230	ptl-1	7.729	15	2	3	1.301	0.0	5.941
G5EG83_CAEEL	177374	zen-4	7.726	23	2	10	1.301	0.041	5.755
POP1_CAEEL	171849	pop-1	7.701	80	3	2	1.477	0.0	5.214
DMD_CAEEL	173038	dys-1	7.692	16	2	2	1.301	0.0	5.913
CEP1_CAEEL	172616	cep-1	7.64	88	3	5	1.477	0.0	5.172
TY3H_CAEEL	173411	cat-2	7.626	18	2	0	1.301	0.0	5.861
CGH1_CAEEL	176061	cgh-1	7.595	19	2	8	1.301	0.0	5.838
G5EDZ9_CAEEL	177372	cpi-1	7.595	19	2	2	1.301	0.0	5.838
EGL1_CAEEL	179943	egl-1	7.558	100	3	5	1.477	0.0	5.117
Q18853_CAEEL	172582	cyc-1	7.539	21	2	6	1.301	0.0	5.794
MED15_CAEEL	175817	mdt-15	7.539	21	2	2	1.301	0.0	5.794
SEP1_CAEEL	171912	sep-1	7.463	24	2	6	1.301	0.0	5.736
CYB_CAEEL	2565702	ctb-1	7.463	24	2	0	1.301	0.0	5.736
G5EG62_CAEEL	175206	unc-45	7.44	25	2	6	1.301	0.0	5.719
UNC6_CAEEL	180961	unc-6	7.43	122	3	3	1.477	0.0	5.03
A4_CAEEL	180783	apl-1	7.418	26	2	1	1.301	0.0	5.702
MIG10_CAEEL	176168	mig-10	7.376	28	2	5	1.301	0.0	5.67
D3YT99_CAEEL	178418	fcd-2	7.265	6	1	13	1.0	0.146	6.339
MYSP_CAEEL	172491	unc-15	7.25	35	2	2	1.301	0.0	5.573
MEC3_CAEEL	177938	mec-3	7.204	38	2	0	1.301	0.0	5.537
PIE1_CAEEL	176667	pie-1	7.189	39	2	3	1.301	0.0	5.526
SODC_CAEEL	174141	sod-1	7.161	41	2	1	1.301	0.0	5.504
O62387_CAEEL	172663	syx-17	7.121	44	2	2	1.301	0.0	5.473
UBA5_CAEEL	171968	uba-5	7.117	1	1	0	1.0	0.0	7.117
O01493_CAEEL	172260	cdc-7	7.117	1	1	3	1.0	0.0	7.117
G5EFB5_CAEEL	172660	cpn-1	7.117	1	1	1	1.0	0.0	7.117
Q95QG8_CAEEL	172719	fcp-1	7.117	1	1	1	1.0	0.0	7.117
ERO1_CAEEL	173325	ero-1	7.117	1	1	1	1.0	0.0	7.117
A0A0K3AWU9_CAEEL	173424	cpn-2	7.117	1	1	0	1.0	0.0	7.117
Q9TYL9_CAEEL	173656	copb-1	7.117	1	1	1	1.0	0.0	7.117
Q9N5L9_CAEEL	173769	athp-2	7.117	1	1	3	1.0	0.0	7.117
Q19461_CAEEL	174343	acp-2	7.117	1	1	0	1.0	0.0	7.117
RL5_CAEEL	174371	rpl-5	7.117	1	1	0	1.0	0.0	7.117
Q19863_CAEEL	174376	aptf-4	7.117	1	1	0	1.0	0.0	7.117
MAK1_CAEEL	174398	mak-1	7.117	1	1	0	1.0	0.0	7.117
LIR3_CAEEL	174707	lir-3	7.117	1	1	0	1.0	0.0	7.117
MOMA1_CAEEL	175243	moma-1	7.117	1	1	3	1.0	0.0	7.117
G5EDU8_CAEEL	175853	cyk-3	7.117	1	1	0	1.0	0.0	7.117
AMPL_CAEEL	176185	lap-1	7.117	1	1	0	1.0	0.0	7.117
MED14_CAEEL	176320	rgr-1	7.117	1	1	0	1.0	0.0	7.117
UMPS_CAEEL	176453	umps-1	7.117	1	1	0	1.0	0.0	7.117
Q9XTZ5_CAEEL	176612	maa-1	7.117	1	1	0	1.0	0.0	7.117
TCL2_CAEEL	176832	tcl-2	7.117	1	1	0	1.0	0.0	7.117
RNZ_CAEEL	177241	hoe-1	7.117	1	1	1	1.0	0.0	7.117
G5EBX4_CAEEL	178993	jamp-1	7.117	1	1	0	1.0	0.0	7.117
G5EF32_CAEEL	179095	npa-1	7.117	1	1	0	1.0	0.0	7.117
Q9XXN0_CAEEL	180123	pus-1	7.117	1	1	0	1.0	0.0	7.117
Q9U2G5_CAEEL	180289	mrp-7	7.117	1	1	0	1.0	0.0	7.117
CDO1_CAEEL	180434	cdo-1	7.117	1	1	1	1.0	0.0	7.117
Q93703_CAEEL	181574	tatn-1	7.117	1	1	2	1.0	0.0	7.117
GOB1_CAEEL	181637	gob-1	7.117	1	1	1	1.0	0.0	7.117
Q6LA91_CAEEL	182109	jud-4	7.117	1	1	0	1.0	0.0	7.117
G5EBT7_CAEEL	183582	cof-2	7.117	1	1	0	1.0	0.0	7.117
O02357_CAEEL	185307	irg-5	7.117	1	1	1	1.0	0.0	7.117
O45824_CAEEL	188900	clec-38	7.117	1	1	0	1.0	0.0	7.117
A0A061AJL2_CAEEL	189769	nekl-1	7.117	1	1	1	1.0	0.0	7.117
PPT1_CAEEL	191744	ppt-1	7.117	1	1	0	1.0	0.0	7.117
Q18534_CAEEL	180752	npr-1	7.049	50	2	0	1.301	0.0	5.418
CED1_CAEEL	173064	ced-1	7.005	54	2	2	1.301	0.0	5.384
MPK1_CAEEL	175545	mpk-1	6.965	58	2	0	1.301	0.0	5.353
DAF7_CAEEL	175237	daf-7	6.945	60	2	0	1.301	0.0	5.338
LIN35_CAEEL	172249	lin-35	6.927	62	2	1	1.301	0.0	5.324
O45815_CAEEL	176793	act-5	6.918	63	2	3	1.301	0.0	5.317
G5ECU8_CAEEL	172171	cln-3.2	6.816	2	1	0	1.0	0.0	6.816
G5ECH0_CAEEL	173074	hda-3	6.816	2	1	4	1.0	0.0	6.816
DJ11_CAEEL	173416	djr-1.1	6.816	2	1	3	1.0	0.0	6.816
PDE4_CAEEL	174235	pde-4	6.816	2	1	0	1.0	0.0	6.816
MAC1_CAEEL	174974	mac-1	6.816	2	1	0	1.0	0.0	6.816
EXC6_CAEEL	175277	exc-6	6.816	2	1	3	1.0	0.0	6.816
Q20778_CAEEL	175696	dpy-17	6.816	2	1	0	1.0	0.0	6.816
Q20937_CAEEL	175971	let-711	6.816	2	1	0	1.0	0.0	6.816
PISD_CAEEL	176027	psd-1	6.816	2	1	0	1.0	0.0	6.816
NCOR1_CAEEL	176145	gei-8	6.816	2	1	0	1.0	0.0	6.816
SLAP2_CAEEL	176224	hipr-1	6.816	2	1	1	1.0	0.0	6.816
H8ESE7_CAEEL	176609	gbf-1	6.816	2	1	2	1.0	0.0	6.816
NHR31_CAEEL	177601	nhr-31	6.816	2	1	0	1.0	0.0	6.816
G5EBR1_CAEEL	178402	gdi-1	6.816	2	1	0	1.0	0.0	6.816
GDPP1_CAEEL	178982	gdpgp1	6.816	2	1	0	1.0	0.0	6.816
Q8I7M7_CAEEL	179216	tmd-2	6.816	2	1	1	1.0	0.0	6.816
Q9XUV3_CAEEL	180334	ins-35	6.816	2	1	0	1.0	0.0	6.816
Q94272_CAEEL	180918	fah-1	6.816	2	1	1	1.0	0.0	6.816
TMC1_CAEEL	188483	tmc-1	6.816	2	1	1	1.0	0.0	6.816
Q9XWF5_CAEEL	190181	spe-38	6.816	2	1	1	1.0	0.0	6.816
Q9N4P2_CAEEL	191230	glrx-21	6.816	2	1	2	1.0	0.0	6.816
O16880_CAEEL	191607	acy-2	6.816	2	1	0	1.0	0.0	6.816
A0A061ACX4_CAEEL	266829	cas-2	6.816	2	1	0	1.0	0.0	6.816
STATB_CAEEL	3565291	sta-2	6.816	2	1	2	1.0	0.0	6.816
HSP12_CAEEL	178659	hsp-16.2	6.812	76	2	0	1.301	0.0	5.236
C560_CAEEL	260040	mev-1	6.805	77	2	0	1.301	0.0	5.23
G5EBL5_CAEEL	176597	crh-1	6.746	17	1	13	1.0	0.146	5.886
E2AKB_CAEEL	174953	gcn-2	6.706	8	1	11	1.0	0.079	6.214
LIN28_CAEEL	172626	lin-28	6.649	66	1	17	1.0	0.255	5.297
W6RY57_CAEEL	171712	spe-15	6.64	3	1	0	1.0	0.0	6.64
Q9TXQ9_CAEEL	172065	eaf-1	6.64	3	1	1	1.0	0.0	6.64
TMOD_CAEEL	172275	unc-94	6.64	3	1	1	1.0	0.0	6.64
G5EDV5_CAEEL	172678	cle-1	6.64	3	1	0	1.0	0.0	6.64
G5EEN6_CAEEL	172728	rad-54	6.64	3	1	0	1.0	0.0	6.64
ANI2_CAEEL	174055	ani-2	6.64	3	1	2	1.0	0.0	6.64
PTC1_CAEEL	174274	ptc-1	6.64	3	1	3	1.0	0.0	6.64
ITPA_CAEEL	175724	hap-1	6.64	3	1	0	1.0	0.0	6.64
RCANL_CAEEL	175788	rcan-1	6.64	3	1	0	1.0	0.0	6.64
EF2K_CAEEL	175871	efk-1	6.64	3	1	1	1.0	0.0	6.64
ATG13_CAEEL	176150	atg-13	6.64	3	1	2	1.0	0.0	6.64
NPC2_CAEEL	176165	ncr-2	6.64	3	1	1	1.0	0.0	6.64
FLII_CAEEL	176215	fli-1	6.64	3	1	0	1.0	0.0	6.64
SPK1_CAEEL	176328	spk-1	6.64	3	1	1	1.0	0.0	6.64
PCNA_CAEEL	177161	pcn-1	6.64	3	1	1	1.0	0.0	6.64
H2KZC9_CAEEL	177667	dgk-4	6.64	3	1	0	1.0	0.0	6.64
SIR2_CAEEL	177924	sir-2.1	6.64	103	2	4	1.301	0.0	5.104
NHR40_CAEEL	180560	nhr-40	6.64	3	1	0	1.0	0.0	6.64
Q8MPV0_CAEEL	181093	wrk-1	6.64	3	1	0	1.0	0.0	6.64
CLHM1_CAEEL	183429	clhm-1	6.64	3	1	1	1.0	0.0	6.64
Q21578_CAEEL	187454	pha-2	6.64	3	1	0	1.0	0.0	6.64
Q21172_CAEEL	3564983	taf-10	6.64	3	1	0	1.0	0.0	6.64
Q95Q60_CAEEL	171974	fkb-5	6.515	4	1	0	1.0	0.0	6.515
TADBP_CAEEL	174436	tdp-1	6.515	4	1	3	1.0	0.0	6.515
DYL1_CAEEL	175922	dlc-1	6.515	4	1	0	1.0	0.0	6.515
FRG1_CAEEL	176719	frg-1	6.515	4	1	2	1.0	0.0	6.515
EPI1_CAEEL	177956	epi-1	6.515	4	1	0	1.0	0.0	6.515
GPA5_CAEEL	180527	gpa-5	6.515	4	1	0	1.0	0.0	6.515
CTBP1_CAEEL	180853	ctbp-1	6.515	4	1	2	1.0	0.0	6.515
Q17645_CAEEL	181276	pgp-5	6.515	4	1	1	1.0	0.0	6.515
Q09961_CAEEL	182758	hlh-14	6.515	4	1	2	1.0	0.0	6.515
Q19223_CAEEL	184206	irg-4	6.515	4	1	0	1.0	0.0	6.515
Q21191_CAEEL	186954	mksr-1	6.515	4	1	3	1.0	0.0	6.515
O61707_CAEEL	171630	taf-4	6.418	5	1	0	1.0	0.0	6.418
ARL13_CAEEL	171765	arl-13	6.418	5	1	5	1.0	0.0	6.418
G5EE37_CAEEL	171788	icp-1	6.418	5	1	2	1.0	0.0	6.418
O01759_CAEEL	172184	ppk-1	6.418	5	1	0	1.0	0.0	6.418
G5ECY6_CAEEL	172303	chn-1	6.418	5	1	1	1.0	0.0	6.418
KS6A1_CAEEL	172647	rskn-1	6.418	5	1	1	1.0	0.0	6.418
SEPA1_CAEEL	173196	sepa-1	6.418	5	1	0	1.0	0.0	6.418
Q9NEZ5_CAEEL	173301	unc-95	6.418	5	1	2	1.0	0.0	6.418
GPDH2_CAEEL	176399	gpdh-2	6.418	5	1	0	1.0	0.0	6.418
ANI1_CAEEL	176672	ani-1	6.418	5	1	2	1.0	0.0	6.418
O45278_CAEEL	178522	haf-1	6.418	5	1	0	1.0	0.0	6.418
Q8WQD8_CAEEL	181478	cah-4	6.418	5	1	0	1.0	0.0	6.418
A4F310_CAEEL	185434	clec-167	6.418	5	1	0	1.0	0.0	6.418
Q22541_CAEEL	188574	cdf-2	6.418	5	1	4	1.0	0.0	6.418
O17894_CAEEL	191623	unc-39	6.418	5	1	0	1.0	0.0	6.418
EMR1_CAEEL	171752	emr-1	6.339	6	1	3	1.0	0.0	6.339
G5EF37_CAEEL	172127	pat-10	6.339	6	1	0	1.0	0.0	6.339
K8ESD4_CAEEL	176635	wah-1	6.339	6	1	0	1.0	0.0	6.339
L8EC32_CAEEL	177987	dnc-1	6.339	6	1	4	1.0	0.0	6.339
O01883_CAEEL	179315	ucp-4	6.339	6	1	0	1.0	0.0	6.339
Q9XUW8_CAEEL	179898	aip-1	6.339	6	1	1	1.0	0.0	6.339
NRAMA_CAEEL	180939	smf-1	6.339	6	1	0	1.0	0.0	6.339
G5EG44_CAEEL	180942	mdl-1	6.339	6	1	2	1.0	0.0	6.339
TNNI2_CAEEL	181124	unc-27	6.339	6	1	0	1.0	0.0	6.339
Q9XWK6_CAEEL	190015	sup-35	6.339	6	1	4	1.0	0.0	6.339
Q93576_CAEEL	172939	ndk-1	6.272	7	1	0	1.0	0.0	6.272
NPHP1_CAEEL	174643	nph-1	6.272	7	1	5	1.0	0.0	6.272
Q10929_CAEEL	175789	abi-1	6.272	7	1	3	1.0	0.0	6.272
DIG1_CAEEL	175951	dig-1	6.272	7	1	0	1.0	0.0	6.272
OGT1_CAEEL	176000	ogt-1	6.272	7	1	0	1.0	0.0	6.272
CO4A1_CAEEL	176314	emb-9	6.272	7	1	1	1.0	0.0	6.272
BIR1_CAEEL	179597	bir-1	6.272	7	1	0	1.0	0.0	6.272
Q22629_CAEEL	181283	dgn-1	6.272	7	1	1	1.0	0.0	6.272
G5EE07_CAEEL	175541	xbp-1	6.236	33	1	12	1.0	0.114	5.598
G5ECF1_CAEEL	172391	smg-5	6.214	8	1	0	1.0	0.0	6.214
G5EC16_CAEEL	172783	smn-1	6.214	8	1	0	1.0	0.0	6.214
P90849_CAEEL	172832	cco-1	6.214	8	1	9	1.0	0.0	6.214
FUTA_CAEEL	174400	fut-1	6.214	8	1	1	1.0	0.0	6.214
Q18965_CAEEL	174476	eat-3	6.214	8	1	4	1.0	0.0	6.214
PRO1_CAEEL	174622	pro-1	6.214	8	1	0	1.0	0.0	6.214
ATAT1_CAEEL	177596	mec-17	6.214	8	1	3	1.0	0.0	6.214
G4S034_CAEEL	180603	spc-1	6.214	8	1	5	1.0	0.0	6.214
H2L051_CAEEL	180674	sup-12	6.214	8	1	1	1.0	0.0	6.214
LIN12_CAEEL	176282	lin-12	6.201	224	2	4	1.301	0.0	4.766
O01970_CAEEL	171753	nlp-12	6.163	9	1	1	1.0	0.0	6.163
NHR23_CAEEL	172460	nhr-23	6.163	9	1	0	1.0	0.0	6.163
LIN53_CAEEL	172802	lin-53	6.163	9	1	1	1.0	0.0	6.163
BLMP1_CAEEL	172917	blmp-1	6.163	9	1	3	1.0	0.0	6.163
G5EC35_CAEEL	179629	sma-1	6.163	9	1	0	1.0	0.0	6.163
THIO1_CAEEL	181863	trx-1	6.163	9	1	1	1.0	0.0	6.163
G5EF44_CAEEL	171677	mig-1	6.117	10	1	0	1.0	0.0	6.117
G5EDX1_CAEEL	173282	kal-1	6.117	10	1	2	1.0	0.0	6.117
AFF1_CAEEL	174123	aff-1	6.117	10	1	0	1.0	0.0	6.117
TBA3_CAEEL	175419	mec-12	6.117	10	1	0	1.0	0.0	6.117
GLR2_CAEEL	175999	glr-2	6.117	10	1	0	1.0	0.0	6.117
G3P3_CAEEL	180601	gpd-3	6.117	10	1	2	1.0	0.0	6.117
RYK_CAEEL	180679	lin-18	6.117	10	1	3	1.0	0.0	6.117
ACR2_CAEEL	180936	acr-2	6.117	10	1	1	1.0	0.0	6.117
KAPC1_CAEEL	3565407	kin-1	6.117	10	1	2	1.0	0.0	6.117
Q9BLB5_CAEEL	171993	cyb-2.2	6.075	11	1	1	1.0	0.0	6.075
DCA11_CAEEL	172518	wdr-23	6.075	11	1	1	1.0	0.0	6.075
Q9XW17_CAEEL	173158	car-1	6.075	11	1	4	1.0	0.0	6.075
NCL1_CAEEL	176084	ncl-1	6.075	11	1	1	1.0	0.0	6.075
IF4E1_CAEEL	176755	ife-1	6.075	11	1	2	1.0	0.0	6.075
Q8MXT1_CAEEL	176837	prdx-6	6.075	11	1	3	1.0	0.0	6.075
Q86MJ3_CAEEL	177157	hlh-30	6.075	11	1	0	1.0	0.0	6.075
HDA1_CAEEL	179959	hda-1	6.075	11	1	1	1.0	0.0	6.075
V6CIV8_CAEEL	191704	lip-1	6.075	11	1	4	1.0	0.0	6.075
APR1_CAEEL	172591	apr-1	6.038	12	1	1	1.0	0.0	6.038
CUL4_CAEEL	174198	cul-4	6.038	12	1	2	1.0	0.0	6.038
Q9U295_CAEEL	175076	ace-3	6.038	12	1	0	1.0	0.0	6.038
CH60_CAEEL	175316	hsp-60	6.038	12	1	2	1.0	0.0	6.038
MEP1_CAEEL	178074	mep-1	6.038	12	1	0	1.0	0.0	6.038
TRPG_CAEEL	172646	gon-2	6.003	13	1	0	1.0	0.0	6.003
G5ECJ4_CAEEL	172771	mec-8	6.003	13	1	3	1.0	0.0	6.003
MED23_CAEEL	173345	sur-2	6.003	13	1	1	1.0	0.0	6.003
A5JYS1_CAEEL	174775	pcs-1	6.003	13	1	1	1.0	0.0	6.003
Q8T666_CAEEL	176074	cup-5	6.003	13	1	1	1.0	0.0	6.003
TRXR1_CAEEL	177466	trxr-1	6.003	13	1	2	1.0	0.0	6.003
NLP29_CAEEL	178805	nlp-29	6.003	13	1	0	1.0	0.0	6.003
ATR_CAEEL	179352	atl-1	6.003	13	1	0	1.0	0.0	6.003
Q95QM5_CAEEL	181227	unc-115	6.003	13	1	2	1.0	0.0	6.003
CHE1_CAEEL	183847	che-1	6.003	13	1	0	1.0	0.0	6.003
G5EDX7_CAEEL	172863	fog-3	5.971	14	1	1	1.0	0.0	5.971
KS6B_CAEEL	176554	rsks-1	5.971	14	1	5	1.0	0.0	5.971
Q9XUS9_CAEEL	176815	cyk-4	5.971	14	1	6	1.0	0.0	5.971
MEK2_CAEEL	171872	mek-2	5.941	15	1	0	1.0	0.0	5.941
MEC6_CAEEL	172389	mec-6	5.941	15	1	1	1.0	0.0	5.941
Q09487_CAEEL	174197	puf-8	5.941	15	1	2	1.0	0.0	5.941
SEL10_CAEEL	179878	sel-10	5.941	15	1	0	1.0	0.0	5.941
DUOX1_CAEEL	171608	bli-3	5.913	16	1	5	1.0	0.0	5.913
MPIP1_CAEEL	172353	cdc-25.1	5.913	16	1	0	1.0	0.0	5.913
GLH1_CAEEL	172414	glh-1	5.913	16	1	0	1.0	0.0	5.913
GON1_CAEEL	177850	gon-1	5.913	16	1	0	1.0	0.0	5.913
ROCK_CAEEL	172088	let-502	5.886	17	1	1	1.0	0.0	5.886
Q9N5S2_CAEEL	172983	gpx-8	5.886	17	1	0	1.0	0.0	5.886
SYV_CAEEL	173224	vrs-2	5.886	17	1	0	1.0	0.0	5.886
G5EEH0_CAEEL	179393	rde-1	5.873	30	1	10	1.0	0.041	5.64
G5EDY8_CAEEL	177336	drp-1	5.861	18	1	8	1.0	0.0	5.861
VIT6_CAEEL	177619	vit-6	5.861	18	1	0	1.0	0.0	5.861
COX2_CAEEL	2565697	ctc-2	5.861	18	1	2	1.0	0.0	5.861
LIN26_CAEEL	3565051	lin-26	5.838	19	1	0	1.0	0.0	5.838
O16720_CAEEL	173468	alg-2	5.816	20	1	0	1.0	0.0	5.816
SARM1_CAEEL	175502	tir-1	5.816	20	1	4	1.0	0.0	5.816
ACH1_CAEEL	179235	acr-16	5.816	20	1	0	1.0	0.0	5.816
ACH5_CAEEL	172105	unc-38	5.794	21	1	0	1.0	0.0	5.794
UNC4_CAEEL	174544	unc-4	5.794	21	1	2	1.0	0.0	5.794
CAN5_CAEEL	178385	tra-3	5.774	22	1	1	1.0	0.0	5.774
CKI1_CAEEL	174260	cki-1	5.755	23	1	4	1.0	0.0	5.755
MBK2_CAEEL	178250	mbk-2	5.755	23	1	0	1.0	0.0	5.755
MYO3_CAEEL	179676	myo-3	5.755	23	1	0	1.0	0.0	5.755
G5EBY3_CAEEL	172562	nmy-2	5.736	24	1	1	1.0	0.0	5.736
CED12_CAEEL	172890	ced-12	5.736	24	1	0	1.0	0.0	5.736
RAB3_CAEEL	173971	rab-3	5.736	24	1	4	1.0	0.0	5.736
MOE1_CAEEL	177703	oma-1	5.736	24	1	3	1.0	0.0	5.736
LET60_CAEEL	178104	let-60	5.719	96	1	12	1.0	0.114	5.134
NDUS2_CAEEL	181646	gas-1	5.719	25	1	1	1.0	0.0	5.719
VAB1_CAEEL	173794	vab-1	5.702	26	1	0	1.0	0.0	5.702
ZYG1_CAEEL	173956	zyg-1	5.702	26	1	0	1.0	0.0	5.702
G5EBF5_CAEEL	176438	rde-4	5.702	26	1	1	1.0	0.0	5.702
RHO1_CAEEL	178458	rho-1	5.702	26	1	1	1.0	0.0	5.702
Q19019_CAEEL	180419	sli-1	5.702	26	1	0	1.0	0.0	5.702
MEC2_CAEEL	180826	mec-2	5.702	26	1	1	1.0	0.0	5.702
RPM1_CAEEL	179259	rpm-1	5.685	27	1	2	1.0	0.0	5.685
G5EED8_CAEEL	174227	tph-1	5.67	28	1	5	1.0	0.0	5.67
UNC33_CAEEL	177112	unc-33	5.67	28	1	1	1.0	0.0	5.67
FAT1_CAEEL	178291	fat-1	5.654	29	1	0	1.0	0.0	5.654
HSP90_CAEEL	179971	daf-21	5.654	29	1	2	1.0	0.0	5.654
CALR_CAEEL	178997	crt-1	5.64	30	1	1	1.0	0.0	5.64
DYN1_CAEEL	181644	dyn-1	5.64	30	1	1	1.0	0.0	5.64
G5EBM0_CAEEL	174334	eff-1	5.612	32	1	5	1.0	0.0	5.612
SAX3_CAEEL	180637	sax-3	5.612	32	1	0	1.0	0.0	5.612
EGL4_CAEEL	176991	egl-4	5.598	33	1	5	1.0	0.0	5.598
PKD2_CAEEL	178424	pkd-2	5.598	33	1	1	1.0	0.0	5.598
UNC52_CAEEL	175126	unc-52	5.585	34	1	0	1.0	0.0	5.585
Q23146_CAEEL	174834	rab-7	5.573	35	1	4	1.0	0.0	5.573
O44512_CAEEL	177609	isp-1	5.56	36	1	0	1.0	0.0	5.56
KRAF1_CAEEL	177436	lin-45	5.549	37	1	0	1.0	0.0	5.549
GST4_CAEEL	177886	gst-4	5.549	37	1	0	1.0	0.0	5.549
G5EDV1_CAEEL	171832	lin-17	5.537	38	1	2	1.0	0.0	5.537
RL40_CAEEL	176718	ubq-2	5.515	40	1	0	1.0	0.0	5.515
KPC3_CAEEL	173914	pkc-3	5.504	41	1	3	1.0	0.0	5.504
PTEN_CAEEL	176869	daf-18	5.483	43	1	0	1.0	0.0	5.483
SLO1_CAEEL	180203	slo-1	5.445	47	1	1	1.0	0.0	5.445
UNC86_CAEEL	176157	unc-86	5.427	49	1	0	1.0	0.0	5.427
AAPK2_CAEEL	181727	aak-2	5.427	49	1	2	1.0	0.0	5.427
ELT2_CAEEL	181250	elt-2	5.409	51	1	4	1.0	0.0	5.409
U4PE16_CAEEL	175086	ctl-3	5.401	52	1	0	1.0	0.0	5.401
UNC13_CAEEL	172497	unc-13	5.331	61	1	0	1.0	0.0	5.331
O45246_CAEEL	172757	hsp-70	5.331	61	1	1	1.0	0.0	5.331
LIN14_CAEEL	181337	lin-14	5.31	64	1	3	1.0	0.0	5.31
H1ZUX3_CAEEL	175275	par-2	5.304	65	1	1	1.0	0.0	5.304
PAR1_CAEEL	179912	par-1	5.29	67	1	2	1.0	0.0	5.29
PAR6_CAEEL	173137	par-6	5.225	78	1	0	1.0	0.0	5.225
GLD1_CAEEL	172532	gld-1	5.192	84	1	6	1.0	0.0	5.192
DAF12_CAEEL	181263	daf-12	5.013	127	1	2	1.0	0.0	5.013
AGE1_CAEEL	174762	age-1	4.98	137	1	0	1.0	0.0	4.98
CED3_CAEEL	178272	ced-3	4.712	254	1	4	1.0	0.0	4.712
