Big_T	2833694
Big_F	130843
UniProtKB_ID	GeneID	Gene_Name	PPS	Big_P	T+P	Citation	1+Log(T+P)	log10((Cit/yr+1)/10)	1+log10(F/T)+log10(F/P)
LSD1_CAEEL	173214	spr-5	1.892	13	3	25	1.477	0.415	1.0
FOXO_CAEEL	172981	daf-16	1.82	677	6	10	1.778	0.041	1.0
NHR49_CAEEL	172839	nhr-49	1.477	32	3	6	1.477	0.0	1.0
SKN1_CAEEL	177343	skn-1	1.477	208	3	5	1.477	0.0	1.0
Q6QUQ5_CAEEL	179195	srp-7	1.477	17	3	0	1.477	0.0	1.0
CST1_CAEEL	180708	cst-1	1.322	2	1	20	1.0	0.322	1.0
G5EES2_CAEEL	172174	erm-1	1.301	11	2	8	1.301	0.0	1.0
CDC42_CAEEL	174233	cdc-42	1.301	68	2	3	1.301	0.0	1.0
ATAD3_CAEEL	174590	atad-3	1.301	6	2	1	1.301	0.0	1.0
INSR_CAEEL	175410	daf-2	1.301	416	2	5	1.301	0.0	1.0
O17365_CAEEL	178586	srp-2	1.301	3	2	0	1.301	0.0	1.0
COX1_CAEEL	2565700	cox-1	1.301	49	2	4	1.301	0.0	1.0
DUOX1_CAEEL	171608	bli-3	1.0	16	1	5	1.0	0.0	1.0
G5EFI9_CAEEL	171939	hus-1	1.0	23	1	0	1.0	0.0	1.0
UBA5_CAEEL	171968	uba-5	1.0	1	1	0	1.0	0.0	1.0
G5ECU8_CAEEL	172171	cln-3.2	1.0	2	1	0	1.0	0.0	1.0
G5EC36_CAEEL	172236	lim-7	1.0	4	1	0	1.0	0.0	1.0
FER1_CAEEL	172659	fer-1	1.0	21	1	7	1.0	0.0	1.0
CDK8_CAEEL	172677	cdk-8	1.0	5	1	1	1.0	0.0	1.0
G5EC16_CAEEL	172783	smn-1	1.0	8	1	3	1.0	0.0	1.0
CLC87_CAEEL	172885	clec-87	1.0	2	1	1	1.0	0.0	1.0
Q93576_CAEEL	172939	ndk-1	1.0	7	1	0	1.0	0.0	1.0
PSMD4_CAEEL	172977	rpn-10	1.0	4	1	1	1.0	0.0	1.0
PAR6_CAEEL	173137	par-6	1.0	78	1	2	1.0	0.0	1.0
SYV_CAEEL	173224	vrs-2	1.0	17	1	1	1.0	0.0	1.0
Q9TZ51_CAEEL	173421	far-7	1.0	4	1	0	1.0	0.0	1.0
SODC_CAEEL	174141	sod-1	1.0	41	1	0	1.0	0.0	1.0
Q09487_CAEEL	174197	puf-8	1.0	15	1	1	1.0	0.0	1.0
Q09633_CAEEL	174222	rnh-1.1	1.0	1	1	0	1.0	0.0	1.0
PCH2_CAEEL	174313	pch-2	1.0	7	1	1	1.0	0.0	1.0
G5EBM0_CAEEL	174334	eff-1	1.0	32	1	1	1.0	0.0	1.0
G5ECE8_CAEEL	174383	chhy-1	1.0	6	1	0	1.0	0.0	1.0
LPLT1_CAEEL	174419	lat-1	1.0	13	1	0	1.0	0.0	1.0
ENO_CAEEL	174423	enol-1	1.0	11	1	0	1.0	0.0	1.0
LET23_CAEEL	174462	let-23	1.0	79	1	0	1.0	0.0	1.0
PLOD_CAEEL	174564	let-268	1.0	3	1	0	1.0	0.0	1.0
NPHP1_CAEEL	174643	nph-1	1.0	7	1	1	1.0	0.0	1.0
A5JYS1_CAEEL	174775	pcs-1	1.0	13	1	0	1.0	0.0	1.0
Q23451_CAEEL	174785	rad-23	1.0	2	1	0	1.0	0.0	1.0
U4PE16_CAEEL	175086	ctl-3	1.0	52	1	0	1.0	0.0	1.0
A0A1C3NSI5_CAEEL	175590	cdh-4	1.0	5	1	2	1.0	0.0	1.0
MAB21_CAEEL	175607	mab-21	1.0	14	1	0	1.0	0.0	1.0
CED4_CAEEL	175643	ced-4	1.0	159	1	0	1.0	0.0	1.0
O45134_CAEEL	175776	xnd-1	1.0	6	1	0	1.0	0.0	1.0
MED15_CAEEL	175817	mdt-15	1.0	21	1	3	1.0	0.0	1.0
EF2K_CAEEL	175871	efk-1	1.0	3	1	1	1.0	0.0	1.0
LE767_CAEEL	175895	let-767	1.0	3	1	0	1.0	0.0	1.0
Q18033_CAEEL	175900	thoc-2	1.0	1	1	1	1.0	0.0	1.0
MAB5_CAEEL	176091	mab-5	1.0	59	1	2	1.0	0.0	1.0
PLK1_CAEEL	176143	plk-1	1.0	17	1	1	1.0	0.0	1.0
TRPL_CAEEL	176202	trp-1	1.0	4	1	1	1.0	0.0	1.0
TRA1_CAEEL	176548	tra-1	1.0	70	1	0	1.0	0.0	1.0
Q9XX00_CAEEL	176574	sbp-1	1.0	20	1	0	1.0	0.0	1.0
MTMR6_CAEEL	176757	mtm-6	1.0	4	1	2	1.0	0.0	1.0
G5EGI1_CAEEL	176802	set-16	1.0	5	1	3	1.0	0.0	1.0
Q9XUS9_CAEEL	176815	cyk-4	1.0	14	1	6	1.0	0.0	1.0
V6CLJ6_CAEEL	176816	pdr-1	1.0	10	1	1	1.0	0.0	1.0
NRAMC_CAEEL	177044	smf-3	1.0	4	1	3	1.0	0.0	1.0
DIF1_CAEEL	177530	dif-1	1.0	3	1	0	1.0	0.0	1.0
NHR8_CAEEL	177551	nhr-8	1.0	12	1	0	1.0	0.0	1.0
O44511_CAEEL	177608	sph-1	1.0	3	1	5	1.0	0.0	1.0
O44512_CAEEL	177609	isp-1	1.0	36	1	0	1.0	0.0	1.0
G5ED03_CAEEL	177692	exc-5	1.0	4	1	0	1.0	0.0	1.0
Q19336_CAEEL	178150	mig-32	1.0	1	1	0	1.0	0.0	1.0
FAT1_CAEEL	178291	fat-1	1.0	29	1	1	1.0	0.0	1.0
G5ECY2_CAEEL	178672	srp-3	1.0	1	1	0	1.0	0.0	1.0
UNC62_CAEEL	178845	unc-62	1.0	10	1	2	1.0	0.0	1.0
HMCS_CAEEL	178956	hmgs-1	1.0	1	1	2	1.0	0.0	1.0
MT1_CAEEL	179060	mtl-1	1.0	21	1	0	1.0	0.0	1.0
G5EFH4_CAEEL	179125	srp-6	1.0	3	1	4	1.0	0.0	1.0
O01883_CAEEL	179315	ucp-4	1.0	6	1	0	1.0	0.0	1.0
EGL9_CAEEL	179461	egl-9	1.0	28	1	1	1.0	0.0	1.0
G5EC35_CAEEL	179629	sma-1	1.0	9	1	0	1.0	0.0	1.0
HSP90_CAEEL	179971	daf-21	1.0	29	1	0	1.0	0.0	1.0
PHA4_CAEEL	180357	pha-4	1.0	68	1	0	1.0	0.0	1.0
Q22343_CAEEL	181369	lsd-1	1.0	7	1	1	1.0	0.0	1.0
A0A131MDA8_CAEEL	181499	hlb-1	1.0	2	1	0	1.0	0.0	1.0
AAPK2_CAEEL	181727	aak-2	1.0	49	1	4	1.0	0.0	1.0
CIA30_CAEEL	183640	nuaf-1	1.0	1	1	0	1.0	0.0	1.0
A0A061AJL2_CAEEL	189769	nekl-1	1.0	1	1	1	1.0	0.0	1.0
GCY31_CAEEL	191655	gcy-31	1.0	2	1	0	1.0	0.0	1.0
PPT1_CAEEL	191744	ppt-1	1.0	1	1	0	1.0	0.0	1.0
PME1_CAEEL	266823	pme-1	1.0	9	1	0	1.0	0.0	1.0
A0A061AE46_CAEEL	3565074	miz-1	1.0	1	1	0	1.0	0.0	1.0
CED9_CAEEL	3565776	ced-9	1.0	142	1	0	1.0	0.0	1.0
