Big_T	840814
Big_F	130843
UniProtKB_ID	GeneID	Gene_Name	PPS	Big_P	T+P	Citation	1+Log(T+P)	log10((Cit/yr+1)/10)	1+log10(F/T)+log10(F/P)
FOXO_CAEEL	172981	daf-16	2.561	677	13	27	2.114	0.447	1.0
NTDO_CAEEL	176304	dat-1	2.279	20	10	18	2.0	0.279	1.0
P91857_CAEEL	172755	rab-5	2.079	45	6	19	1.778	0.301	1.0
UNC13_CAEEL	172497	unc-13	2.0	61	5	19	1.699	0.301	1.0
UNC47_CAEEL	176431	unc-47	1.875	16	5	14	1.699	0.176	1.0
CED8_CAEEL	184190	ced-8	1.839	7	3	22	1.477	0.362	1.0
WLS_CAEEL	175020	mig-14	1.74	15	5	10	1.699	0.041	1.0
G5EBM0_CAEEL	174334	eff-1	1.699	32	5	9	1.699	0.0	1.0
TRPG_CAEEL	172646	gon-2	1.602	13	4	2	1.602	0.0	1.0
FER1_CAEEL	172659	fer-1	1.602	21	4	9	1.602	0.0	1.0
CNT1_CAEEL	174848	cnt-1	1.602	4	4	3	1.602	0.0	1.0
ODR10_CAEEL	180959	odr-10	1.602	22	4	0	1.602	0.0	1.0
CED1_CAEEL	173064	ced-1	1.556	54	3	11	1.477	0.079	1.0
AKT1_CAEEL	179424	akt-1	1.531	44	2	16	1.301	0.23	1.0
STIM1_CAEEL	175201	stim-1	1.519	7	3	10	1.477	0.041	1.0
Q9N3C7_CAEEL	171879	mod-5	1.477	7	3	5	1.477	0.0	1.0
O01577_CAEEL	171956	unc-108	1.477	8	3	7	1.477	0.0	1.0
G5EF96_CAEEL	172233	unc-40	1.477	82	3	9	1.477	0.0	1.0
AP1M_CAEEL	173121	unc-101	1.477	10	3	5	1.477	0.0	1.0
KPC3_CAEEL	173914	pkc-3	1.477	41	3	0	1.477	0.0	1.0
INSR_CAEEL	175410	daf-2	1.477	416	3	7	1.477	0.0	1.0
COQ7_CAEEL	175729	clk-1	1.477	110	3	6	1.477	0.0	1.0
CAV1_CAEEL	177815	cav-1	1.477	12	3	6	1.477	0.0	1.0
DYN1_CAEEL	181644	dyn-1	1.477	30	3	4	1.477	0.0	1.0
DUOX1_CAEEL	171608	bli-3	1.301	16	2	5	1.301	0.0	1.0
SEP1_CAEEL	171912	sep-1	1.301	24	2	1	1.301	0.0	1.0
Q9TYS3_CAEEL	171934	ftn-2	1.301	19	2	1	1.301	0.0	1.0
G5EFC1_CAEEL	171935	rab-8	1.301	5	2	6	1.301	0.0	1.0
Q7KPP4_CAEEL	171988	unc-73	1.301	43	2	4	1.301	0.0	1.0
ACH5_CAEEL	172105	unc-38	1.301	21	2	1	1.301	0.0	1.0
XPP_CAEEL	172118	app-1	1.301	3	2	0	1.301	0.0	1.0
MTMR1_CAEEL	172148	mtm-1	1.301	6	2	4	1.301	0.0	1.0
G5EES2_CAEEL	172174	erm-1	1.301	11	2	2	1.301	0.0	1.0
G5EE26_CAEEL	172209	tom-1	1.301	6	2	6	1.301	0.0	1.0
P91493_CAEEL	172346	snt-4	1.301	15	2	5	1.301	0.0	1.0
LIN10_CAEEL	172597	lin-10	1.301	30	2	2	1.301	0.0	1.0
SODM1_CAEEL	172632	sod-2	1.301	29	2	0	1.301	0.0	1.0
O62387_CAEEL	172663	syx-17	1.301	44	2	2	1.301	0.0	1.0
G5EBH1_CAEEL	172748	tat-5	1.301	2	2	6	1.301	0.0	1.0
CED12_CAEEL	172890	ced-12	1.301	24	2	5	1.301	0.0	1.0
SPE9_CAEEL	173042	spe-9	1.301	8	2	0	1.301	0.0	1.0
PAR6_CAEEL	173137	par-6	1.301	78	2	3	1.301	0.0	1.0
H2KYR2_CAEEL	173511	fcho-1	1.301	2	2	2	1.301	0.0	1.0
FUTA_CAEEL	174400	fut-1	1.301	8	2	2	1.301	0.0	1.0
CUT1_CAEEL	174720	cut-1	1.301	12	2	0	1.301	0.0	1.0
DAF7_CAEEL	175237	daf-7	1.301	60	2	1	1.301	0.0	1.0
H1ZUX3_CAEEL	175275	par-2	1.301	65	2	0	1.301	0.0	1.0
ODR4_CAEEL	175950	odr-4	1.301	7	2	4	1.301	0.0	1.0
GLR1_CAEEL	176204	glr-1	1.301	57	2	1	1.301	0.0	1.0
CED7_CAEEL	176352	ced-7	1.301	24	2	5	1.301	0.0	1.0
TAT1_CAEEL	176666	tat-1	1.301	8	2	6	1.301	0.0	1.0
V6CIR8_CAEEL	177329	rme-2	1.301	17	2	1	1.301	0.0	1.0
SKN1_CAEEL	177343	skn-1	1.301	208	2	4	1.301	0.0	1.0
G5EEK9_CAEEL	177626	vha-5	1.301	3	2	9	1.301	0.0	1.0
CAPS_CAEEL	178233	unc-31	1.301	22	2	2	1.301	0.0	1.0
G5EEC1_CAEEL	180312	lgc-55	1.301	9	2	0	1.301	0.0	1.0
HRG1_CAEEL	180684	hrg-1	1.301	5	2	4	1.301	0.0	1.0
MEC2_CAEEL	180826	mec-2	1.301	26	2	8	1.301	0.0	1.0
UNC18_CAEEL	181030	unc-18	1.301	37	2	3	1.301	0.0	1.0
DIM_CAEEL	181062	dim-1	1.301	10	2	0	1.301	0.0	1.0
Q95QM5_CAEEL	181227	unc-115	1.301	13	2	3	1.301	0.0	1.0
CLHM1_CAEEL	183429	clhm-1	1.301	3	2	3	1.301	0.0	1.0
G5EF43_CAEEL	191770	snf-11	1.301	3	2	1	1.301	0.0	1.0
G5EE07_CAEEL	175541	xbp-1	1.114	33	1	12	1.0	0.114	1.0
CDC42_CAEEL	174233	cdc-42	1.079	68	1	11	1.0	0.079	1.0
SPE8_CAEEL	171606	spe-8	1.0	10	1	0	1.0	0.0	1.0
Q9BL60_CAEEL	171654	vps-20	1.0	2	1	2	1.0	0.0	1.0
G5EGK1_CAEEL	171736	tln-1	1.0	8	1	1	1.0	0.0	1.0
Q8IA95_CAEEL	171773	fpn-1.1	1.0	4	1	1	1.0	0.0	1.0
SSP19_CAEEL	171813	ssp-19	1.0	1	1	0	1.0	0.0	1.0
G5EFI9_CAEEL	171939	hus-1	1.0	23	1	1	1.0	0.0	1.0
HOP1_CAEEL	172017	hop-1	1.0	16	1	0	1.0	0.0	1.0
P91149_CAEEL	172023	exoc-7	1.0	2	1	1	1.0	0.0	1.0
ROCK_CAEEL	172088	let-502	1.0	17	1	1	1.0	0.0	1.0
G5EGT1_CAEEL	172120	paf-1	1.0	3	1	0	1.0	0.0	1.0
Q9N5A0_CAEEL	172137	spe-5	1.0	4	1	0	1.0	0.0	1.0
O01759_CAEEL	172184	ppk-1	1.0	5	1	1	1.0	0.0	1.0
O44782_CAEEL	172259	vpr-1	1.0	4	1	1	1.0	0.0	1.0
G5EDF9_CAEEL	172262	pgp-2	1.0	10	1	1	1.0	0.0	1.0
P91027_CAEEL	172326	chdp-1	1.0	1	1	0	1.0	0.0	1.0
MEI2_CAEEL	172374	mei-2	1.0	9	1	3	1.0	0.0	1.0
MEC6_CAEEL	172389	mec-6	1.0	15	1	1	1.0	0.0	1.0
EAT5_CAEEL	172480	eat-5	1.0	9	1	0	1.0	0.0	1.0
SPE4_CAEEL	172498	spe-4	1.0	8	1	1	1.0	0.0	1.0
GNAO_CAEEL	172505	goa-1	1.0	47	1	0	1.0	0.0	1.0
G5ECD6_CAEEL	172508	chs-1	1.0	6	1	1	1.0	0.0	1.0
DCA11_CAEEL	172518	wdr-23	1.0	11	1	1	1.0	0.0	1.0
LRP_CAEEL	172520	lrp-1	1.0	9	1	2	1.0	0.0	1.0
Q9U379_CAEEL	172729	rsbp-1	1.0	2	1	1	1.0	0.0	1.0
Q9U325_CAEEL	172732	mef-2	1.0	7	1	0	1.0	0.0	1.0
O45246_CAEEL	172757	hsp-70	1.0	61	1	0	1.0	0.0	1.0
2AB1_CAEEL	172826	sur-6	1.0	7	1	1	1.0	0.0	1.0
H2L2E8_CAEEL	172831	tba-1	1.0	10	1	0	1.0	0.0	1.0
NHR49_CAEEL	172839	nhr-49	1.0	32	1	0	1.0	0.0	1.0
OCT1_CAEEL	172841	oct-1	1.0	7	1	1	1.0	0.0	1.0
EXOC4_CAEEL	172924	sec-8	1.0	1	1	2	1.0	0.0	1.0
G3MU68_CAEEL	173053	scrm-1	1.0	2	1	4	1.0	0.0	1.0
G5EFK9_CAEEL	173176	pmr-1	1.0	6	1	3	1.0	0.0	1.0
DKF1_CAEEL	173234	dkf-1	1.0	3	1	0	1.0	0.0	1.0
G5EEG8_CAEEL	173360	frm-1	1.0	2	1	0	1.0	0.0	1.0
G5EE13_CAEEL	173362	ptr-23	1.0	2	1	1	1.0	0.0	1.0
I1W6S5_CAEEL	173748	rhgf-2	1.0	2	1	0	1.0	0.0	1.0
VAB1_CAEEL	173794	vab-1	1.0	26	1	1	1.0	0.0	1.0
A16L2_CAEEL	174067	atg-16.2	1.0	3	1	1	1.0	0.0	1.0
Q65ZJ1_CAEEL	174076	toe-2	1.0	2	1	0	1.0	0.0	1.0
AFF1_CAEEL	174123	aff-1	1.0	10	1	0	1.0	0.0	1.0
SODC_CAEEL	174141	sod-1	1.0	41	1	0	1.0	0.0	1.0
SQV7_CAEEL	174145	sqv-7	1.0	8	1	1	1.0	0.0	1.0
Q8IG23_CAEEL	174190	aqp-1	1.0	3	1	0	1.0	0.0	1.0
G5EED8_CAEEL	174227	tph-1	1.0	28	1	2	1.0	0.0	1.0
LPLT1_CAEEL	174419	lat-1	1.0	13	1	1	1.0	0.0	1.0
ENO_CAEEL	174423	enol-1	1.0	11	1	0	1.0	0.0	1.0
DEP1_CAEEL	174437	dep-1	1.0	2	1	0	1.0	0.0	1.0
GSH1_CAEEL	174438	gcs-1	1.0	13	1	1	1.0	0.0	1.0
O62486_CAEEL	174535	nos-3	1.0	10	1	2	1.0	0.0	1.0
B3GWB2_CAEEL	174543	vgln-1	1.0	3	1	0	1.0	0.0	1.0
PKD1_CAEEL	174576	lov-1	1.0	18	1	8	1.0	0.0	1.0
PLCG_CAEEL	174586	plc-3	1.0	3	1	2	1.0	0.0	1.0
Q09514_CAEEL	174655	glb-12	1.0	2	1	0	1.0	0.0	1.0
Q58AA9_CAEEL	174728	rsf-1	1.0	4	1	6	1.0	0.0	1.0
G5EGP4_CAEEL	174743	vha-6	1.0	5	1	1	1.0	0.0	1.0
G5ECB9_CAEEL	174836	mex-1	1.0	14	1	0	1.0	0.0	1.0
LEC1_CAEEL	174964	lec-1	1.0	13	1	0	1.0	0.0	1.0
Q9N3F8_CAEEL	175433	ral-1	1.0	8	1	4	1.0	0.0	1.0
G5EF09_CAEEL	175446	spe-41	1.0	1	1	1	1.0	0.0	1.0
PAT3_CAEEL	175504	pat-3	1.0	23	1	4	1.0	0.0	1.0
CED4_CAEEL	175643	ced-4	1.0	159	1	5	1.0	0.0	1.0
G5EEA8_CAEEL	175714	nex-1	1.0	10	1	0	1.0	0.0	1.0
ALF2_CAEEL	175827	aldo-2	1.0	3	1	1	1.0	0.0	1.0
LE756_CAEEL	175909	let-756	1.0	8	1	0	1.0	0.0	1.0
CUP4_CAEEL	176104	cup-4	1.0	5	1	1	1.0	0.0	1.0
GRP1_CAEEL	176140	grp-1	1.0	3	1	1	1.0	0.0	1.0
MIG10_CAEEL	176168	mig-10	1.0	28	1	2	1.0	0.0	1.0
FLII_CAEEL	176215	fli-1	1.0	3	1	0	1.0	0.0	1.0
SNA29_CAEEL	176233	snap-29	1.0	4	1	2	1.0	0.0	1.0
TPK1_CAEEL	176258	tpk-1	1.0	3	1	0	1.0	0.0	1.0
FAR1_CAEEL	176283	far-1	1.0	11	1	0	1.0	0.0	1.0
INA1_CAEEL	176296	ina-1	1.0	18	1	5	1.0	0.0	1.0
ALXA_CAEEL	176410	alx-1	1.0	4	1	3	1.0	0.0	1.0
UNC50_CAEEL	176443	unc-50	1.0	4	1	2	1.0	0.0	1.0
Q21540_CAEEL	176520	cut-6	1.0	1	1	0	1.0	0.0	1.0
KS6B_CAEEL	176554	rsks-1	1.0	14	1	0	1.0	0.0	1.0
Q9U2C5_CAEEL	176558	mib-1	1.0	1	1	4	1.0	0.0	1.0
Q9U2C3_CAEEL	176560	rab-35	1.0	2	1	5	1.0	0.0	1.0
O45923_CAEEL	176715	ttm-1	1.0	3	1	1	1.0	0.0	1.0
IF4E1_CAEEL	176755	ife-1	1.0	11	1	1	1.0	0.0	1.0
O45815_CAEEL	176793	act-5	1.0	63	1	0	1.0	0.0	1.0
SID2_CAEEL	176805	sid-2	1.0	8	1	3	1.0	0.0	1.0
Q9XUS9_CAEEL	176815	cyk-4	1.0	14	1	4	1.0	0.0	1.0
V6CLJ6_CAEEL	176816	pdr-1	1.0	10	1	1	1.0	0.0	1.0
DAF1_CAEEL	176829	daf-1	1.0	23	1	0	1.0	0.0	1.0
SPRC_CAEEL	176931	ost-1	1.0	8	1	3	1.0	0.0	1.0
Q8MXS0_CAEEL	177089	mca-3	1.0	2	1	0	1.0	0.0	1.0
Q9TYW1_CAEEL	177103	vha-19	1.0	2	1	0	1.0	0.0	1.0
Q17569_CAEEL	177413	ddi-1	1.0	1	1	1	1.0	0.0	1.0
KRAF1_CAEEL	177436	lin-45	1.0	37	1	1	1.0	0.0	1.0
Q95X44_CAEEL	177442	vha-8	1.0	3	1	0	1.0	0.0	1.0
H2KYA1_CAEEL	177463	prkl-1	1.0	4	1	0	1.0	0.0	1.0
G5EG02_CAEEL	177513	egl-19	1.0	26	1	3	1.0	0.0	1.0
Q7KPW6_CAEEL	177550	emc-6	1.0	1	1	2	1.0	0.0	1.0
G5ED76_CAEEL	177594	unc-24	1.0	10	1	0	1.0	0.0	1.0
Q53U87_CAEEL	177602	sax-7	1.0	23	1	2	1.0	0.0	1.0
B3GWB6_CAEEL	177685	klp-11	1.0	6	1	2	1.0	0.0	1.0
X5MBG4_CAEEL	177736	nrfl-1	1.0	1	1	0	1.0	0.0	1.0
G5EC39_CAEEL	177795	mca-1	1.0	1	1	0	1.0	0.0	1.0
Q21004_CAEEL	177797	amph-1	1.0	2	1	7	1.0	0.0	1.0
FAT3_CAEEL	177820	fat-3	1.0	15	1	0	1.0	0.0	1.0
F5GUA7_CAEEL	177822	catp-6	1.0	1	1	0	1.0	0.0	1.0
Q21216_CAEEL	177899	gon-4	1.0	3	1	0	1.0	0.0	1.0
SIR2_CAEEL	177924	sir-2.1	1.0	103	1	2	1.0	0.0	1.0
G5EFY8_CAEEL	177936	ins-1	1.0	9	1	0	1.0	0.0	1.0
G5EEN3_CAEEL	177942	ced-5	1.0	39	1	1	1.0	0.0	1.0
PP2B_CAEEL	177943	tax-6	1.0	22	1	4	1.0	0.0	1.0
C1P634_CAEEL	178107	magi-1	1.0	5	1	0	1.0	0.0	1.0
UNC30_CAEEL	178265	unc-30	1.0	14	1	1	1.0	0.0	1.0
CED3_CAEEL	178272	ced-3	1.0	254	1	0	1.0	0.0	1.0
SC5A7_CAEEL	178274	cho-1	1.0	5	1	0	1.0	0.0	1.0
SYNJ_CAEEL	178284	unc-26	1.0	4	1	4	1.0	0.0	1.0
G5EDC6_CAEEL	178405	arl-8	1.0	3	1	2	1.0	0.0	1.0
G5EFE0_CAEEL	178411	eps-8	1.0	5	1	0	1.0	0.0	1.0
A0A0K3ASJ8_CAEEL	178629	rga-4	1.0	5	1	1	1.0	0.0	1.0
MMPC_CAEEL	178748	zmp-3	1.0	1	1	0	1.0	0.0	1.0
Q22947_CAEEL	178927	rhr-1	1.0	3	1	0	1.0	0.0	1.0
CALR_CAEEL	178997	crt-1	1.0	30	1	0	1.0	0.0	1.0
G5EG85_CAEEL	179077	unc-70	1.0	3	1	2	1.0	0.0	1.0
I2HAA6_CAEEL	179080	unc-68	1.0	17	1	1	1.0	0.0	1.0
H2KYG1_CAEEL	179118	hyls-1	1.0	3	1	3	1.0	0.0	1.0
TMED2_CAEEL	179213	sel-9	1.0	3	1	1	1.0	0.0	1.0
SPAST_CAEEL	179300	spas-1	1.0	4	1	0	1.0	0.0	1.0
Q20983_CAEEL	179369	hrg-3	1.0	3	1	1	1.0	0.0	1.0
HMP1_CAEEL	179624	hmp-1	1.0	16	1	1	1.0	0.0	1.0
G5EC35_CAEEL	179629	sma-1	1.0	9	1	1	1.0	0.0	1.0
DCXR_CAEEL	179741	dhs-21	1.0	2	1	0	1.0	0.0	1.0
P90735_CAEEL	179796	eat-6	1.0	6	1	0	1.0	0.0	1.0
CAV2_CAEEL	179838	cav-2	1.0	6	1	1	1.0	0.0	1.0
NRF5_CAEEL	179879	nrf-5	1.0	5	1	1	1.0	0.0	1.0
PAR1_CAEEL	179912	par-1	1.0	67	1	6	1.0	0.0	1.0
UN112_CAEEL	179972	unc-112	1.0	17	1	1	1.0	0.0	1.0
E0AHC3_CAEEL	180014	unc-76	1.0	19	1	2	1.0	0.0	1.0
O45734_CAEEL	180111	cpl-1	1.0	12	1	0	1.0	0.0	1.0
NUMB1_CAEEL	180367	num-1	1.0	1	1	1	1.0	0.0	1.0
PSN_CAEEL	180441	sel-12	1.0	47	1	1	1.0	0.0	1.0
Q20700_CAEEL	180526	swip-10	1.0	1	1	1	1.0	0.0	1.0
H2KYF7_CAEEL	180625	clc-3	1.0	3	1	0	1.0	0.0	1.0
SAX3_CAEEL	180637	sax-3	1.0	32	1	0	1.0	0.0	1.0
RYK_CAEEL	180679	lin-18	1.0	10	1	3	1.0	0.0	1.0
AP2M_CAEEL	180713	dpy-23	1.0	4	1	2	1.0	0.0	1.0
FLP11_CAEEL	180741	flp-11	1.0	5	1	0	1.0	0.0	1.0
A4_CAEEL	180783	apl-1	1.0	26	1	2	1.0	0.0	1.0
G5ECY0_CAEEL	180819	dlg-1	1.0	20	1	1	1.0	0.0	1.0
TNNT_CAEEL	180914	mup-2	1.0	6	1	8	1.0	0.0	1.0
RIM_CAEEL	180990	unc-10	1.0	9	1	4	1.0	0.0	1.0
SNG1_CAEEL	180995	sng-1	1.0	2	1	0	1.0	0.0	1.0
APY1_CAEEL	181019	apy-1	1.0	3	1	1	1.0	0.0	1.0
CATP5_CAEEL	181067	catp-5	1.0	1	1	1	1.0	0.0	1.0
H2L0H7_CAEEL	181125	chup-1	1.0	1	1	1	1.0	0.0	1.0
O45813_CAEEL	181143	snf-12	1.0	2	1	4	1.0	0.0	1.0
A0A1C3NSM8_CAEEL	181148	ajm-1	1.0	18	1	1	1.0	0.0	1.0
PLCE1_CAEEL	181274	plc-1	1.0	12	1	1	1.0	0.0	1.0
G5EGI5_CAEEL	181468	flr-1	1.0	5	1	0	1.0	0.0	1.0
UNC7_CAEEL	181608	unc-7	1.0	13	1	1	1.0	0.0	1.0
NDUS2_CAEEL	181646	gas-1	1.0	25	1	0	1.0	0.0	1.0
SGK1_CAEEL	181697	sgk-1	1.0	28	1	7	1.0	0.0	1.0
SODM2_CAEEL	181748	sod-3	1.0	105	1	0	1.0	0.0	1.0
SPHK1_CAEEL	183197	sphk-1	1.0	4	1	3	1.0	0.0	1.0
Q19123_CAEEL	184091	aps-2	1.0	3	1	0	1.0	0.0	1.0
EAK6_CAEEL	184324	eak-6	1.0	1	1	2	1.0	0.0	1.0
A0A131MB33_CAEEL	184979	che-7	1.0	23	1	0	1.0	0.0	1.0
G5ED66_CAEEL	185022	pax-3	1.0	5	1	0	1.0	0.0	1.0
COL99_CAEEL	185112	col-99	1.0	1	1	0	1.0	0.0	1.0
HRG4_CAEEL	185380	hrg-4	1.0	7	1	4	1.0	0.0	1.0
G5ECR3_CAEEL	186633	slcf-1	1.0	2	1	2	1.0	0.0	1.0
Q27526_CAEEL	188583	bgal-1	1.0	29	1	1	1.0	0.0	1.0
Q965P2_CAEEL	189507	cht-4	1.0	35	1	0	1.0	0.0	1.0
B3VBI8_CAEEL	189837	gbb-1	1.0	3	1	1	1.0	0.0	1.0
Q9U2Y6_CAEEL	190958	spe-19	1.0	2	1	1	1.0	0.0	1.0
Q9U2S4_CAEEL	191608	arf-6	1.0	5	1	4	1.0	0.0	1.0
ARL2_CAEEL	191632	evl-20	1.0	1	1	1	1.0	0.0	1.0
FRK1_CAEEL	191635	frk-1	1.0	2	1	0	1.0	0.0	1.0
Q27473_CAEEL	191716	nex-3	1.0	9	1	5	1.0	0.0	1.0
NRAMB_CAEEL	191766	smf-2	1.0	6	1	0	1.0	0.0	1.0
SNF6_CAEEL	191768	snf-6	1.0	1	1	1	1.0	0.0	1.0
O45915_CAEEL	191769	snf-10	1.0	2	1	0	1.0	0.0	1.0
TSP21_CAEEL	259720	tsp-21	1.0	1	1	1	1.0	0.0	1.0
CATA2_CAEEL	259738	ctl-1	1.0	19	1	0	1.0	0.0	1.0
C560_CAEEL	260040	mev-1	1.0	77	1	1	1.0	0.0	1.0
Q22667_CAEEL	266843	jph-1	1.0	2	1	0	1.0	0.0	1.0
ZDHCS_CAEEL	3565514	spe-10	1.0	5	1	0	1.0	0.0	1.0
CED9_CAEEL	3565776	ced-9	1.0	142	1	0	1.0	0.0	1.0
S6F527_CAEEL	3565805	eat-17	1.0	1	1	0	1.0	0.0	1.0
