Big_T	385
Big_F	130843
UniProtKB_ID	GeneID	Gene_Name	PPS	Big_P	T+P	Citation	1+Log(T+P)	log10((Cit/yr+1)/10)	1+log10(F/T)+log10(F/P)
FOXO_CAEEL	172981	daf-16	17.096	677	10	86	2.0	0.94	5.816
Q18534_CAEEL	180752	npr-1	15.351	50	6	26	1.778	0.431	6.948
G5EFT5_CAEEL	173078	hsf-1	14.551	95	8	18	1.903	0.279	6.669
SODC_CAEEL	174141	sod-1	13.944	41	4	23	1.602	0.38	7.034
O45246_CAEEL	172757	hsp-70	10.135	61	2	14	1.301	0.176	6.861
MYO4_CAEEL	259839	unc-54	10.105	64	3	5	1.477	0.0	6.841
TERA2_CAEEL	174309	cdc-48.2	9.949	10	2	1	1.301	0.0	7.647
GCY35_CAEEL	173202	gcy-35	9.759	14	2	3	1.301	0.0	7.501
TY3H_CAEEL	173411	cat-2	9.617	18	2	0	1.301	0.0	7.392
ACH1_CAEEL	179235	acr-16	9.557	20	2	0	1.301	0.0	7.346
LGG1_CAEEL	174050	lgg-1	9.257	34	2	2	1.301	0.0	7.115
PINK1_CAEEL	173918	pink-1	8.996	15	1	15	1.0	0.204	7.471
HSP12_CAEEL	178659	hsp-16.2	8.803	76	2	3	1.301	0.0	6.766
Q9XWE1_CAEEL	173065	dnj-27	8.647	1	1	3	1.0	0.0	8.647
LIR3_CAEEL	174707	lir-3	8.647	1	1	0	1.0	0.0	8.647
Q9XXG5_CAEEL	189606	tor-2	8.647	1	1	2	1.0	0.0	8.647
A9D649_CAEEL	173496	sut-1	8.346	2	1	1	1.0	0.0	8.346
T23O_CAEEL	175836	tdo-2	8.346	2	1	4	1.0	0.0	8.346
Q22501_CAEEL	177893	pps-1	8.346	2	1	1	1.0	0.0	8.346
UB2V1_CAEEL	173347	uev-1	8.17	3	1	0	1.0	0.0	8.17
Q18606_CAEEL	176518	com-1	8.17	3	1	3	1.0	0.0	8.17
O17365_CAEEL	178586	srp-2	8.17	3	1	0	1.0	0.0	8.17
ZC3HE_CAEEL	178847	sut-2	8.17	3	1	3	1.0	0.0	8.17
O17939_CAEEL	180022	aipl-1	8.17	3	1	2	1.0	0.0	8.17
Q21162_CAEEL	180746	dnj-14	8.17	3	1	1	1.0	0.0	8.17
TPS1_CAEEL	181778	tps-1	8.17	3	1	3	1.0	0.0	8.17
P91193_CAEEL	183963	maco-1	8.17	3	1	1	1.0	0.0	8.17
PSMD4_CAEEL	172977	rpn-10	8.045	4	1	1	1.0	0.0	8.045
SIP1_CAEEL	176471	sip-1	8.045	4	1	1	1.0	0.0	8.045
G5EE74_CAEEL	176754	nud-1	8.045	4	1	1	1.0	0.0	8.045
ADH1_CAEEL	179627	sodh-1	8.045	4	1	0	1.0	0.0	8.045
G5EEE2_CAEEL	172723	tax-2	7.941	33	1	12	1.0	0.114	7.128
G5EEJ4_CAEEL	172161	osr-1	7.869	6	1	0	1.0	0.0	7.869
Q9XWK6_CAEEL	190015	sup-35	7.869	6	1	4	1.0	0.0	7.869
GCY36_CAEEL	191657	gcy-36	7.869	6	1	3	1.0	0.0	7.869
UBE4_CAEEL	174295	ufd-2	7.802	7	1	0	1.0	0.0	7.802
STIM1_CAEEL	175201	stim-1	7.802	7	1	0	1.0	0.0	7.802
G5EGJ5_CAEEL	175807	ida-1	7.802	7	1	0	1.0	0.0	7.802
ODR4_CAEEL	175950	odr-4	7.802	7	1	4	1.0	0.0	7.802
TEN1_CAEEL	175953	ten-1	7.802	7	1	0	1.0	0.0	7.802
G5EE36_CAEEL	177778	hsp-12.6	7.802	7	1	0	1.0	0.0	7.802
Q9XTS4_CAEEL	173272	gpdh-1	7.744	8	1	4	1.0	0.0	7.744
E2AKB_CAEEL	174953	gcn-2	7.744	8	1	0	1.0	0.0	7.744
G5ED62_CAEEL	181271	sma-9	7.744	8	1	0	1.0	0.0	7.744
ACH7_CAEEL	178269	lev-1	7.693	9	1	1	1.0	0.0	7.693
G5EEA8_CAEEL	175714	nex-1	7.647	10	1	0	1.0	0.0	7.647
MRE11_CAEEL	179488	mre-11	7.606	11	1	1	1.0	0.0	7.606
O45734_CAEEL	180111	cpl-1	7.568	12	1	1	1.0	0.0	7.568
GSH1_CAEEL	174438	gcs-1	7.533	13	1	0	1.0	0.0	7.533
G5EDU4_CAEEL	177249	eor-1	7.533	13	1	4	1.0	0.0	7.533
CALM_CAEEL	178614	cmd-1	7.533	13	1	0	1.0	0.0	7.533
FLP18_CAEEL	180587	flp-18	7.533	13	1	0	1.0	0.0	7.533
AHR_CAEEL	172788	ahr-1	7.501	14	1	1	1.0	0.0	7.501
UNC30_CAEEL	178265	unc-30	7.501	14	1	3	1.0	0.0	7.501
LAP1_CAEEL	179171	let-413	7.501	14	1	2	1.0	0.0	7.501
AGE1_CAEEL	174762	age-1	7.462	137	1	13	1.0	0.146	6.51
DMD_CAEEL	173038	dys-1	7.443	16	1	0	1.0	0.0	7.443
CGH1_CAEEL	176061	cgh-1	7.368	19	1	2	1.0	0.0	7.368
CAN5_CAEEL	178385	tra-3	7.304	22	1	1	1.0	0.0	7.304
Q53U87_CAEEL	177602	sax-7	7.285	23	1	2	1.0	0.0	7.285
A4_CAEEL	180783	apl-1	7.232	26	1	1	1.0	0.0	7.232
G5EE07_CAEEL	175541	xbp-1	7.128	33	1	3	1.0	0.0	7.128
PKD2_CAEEL	178424	pkd-2	7.128	33	1	1	1.0	0.0	7.128
UN104_CAEEL	174144	unc-104	7.067	38	1	1	1.0	0.0	7.067
G5EEL5_CAEEL	179068	dbl-1	6.915	54	1	1	1.0	0.0	6.915
DAF7_CAEEL	175237	daf-7	6.869	60	1	1	1.0	0.0	6.869
HIF1_CAEEL	180359	hif-1	6.749	79	1	2	1.0	0.0	6.749
INSR_CAEEL	175410	daf-2	6.027	416	1	1	1.0	0.0	6.027
