Big_T	1670314
Big_F	130843
UniProtKB_ID	GeneID	Gene_Name	PPS	Big_P	T+P	Citation	1+Log(T+P)	log10((Cit/yr+1)/10)	1+log10(F/T)+log10(F/P)
FOXO_CAEEL	172981	daf-16	3.636	677	33	130	2.519	1.117	1.0
UNC13_CAEEL	172497	unc-13	2.283	61	6	31	1.778	0.505	1.0
CED3_CAEEL	178272	ced-3	2.13	254	9	14	1.954	0.176	1.0
HIF1_CAEEL	180359	hif-1	2.093	79	4	30	1.602	0.491	1.0
EGL9_CAEEL	179461	egl-9	1.954	28	2	44	1.301	0.653	1.0
Q86MJ3_CAEEL	177157	hlh-30	1.839	11	3	22	1.477	0.362	1.0
UNC47_CAEEL	176431	unc-47	1.778	16	4	14	1.602	0.176	1.0
U4PE16_CAEEL	175086	ctl-3	1.756	52	3	18	1.477	0.279	1.0
CDC42_CAEEL	174233	cdc-42	1.699	68	5	0	1.699	0.0	1.0
INSR_CAEEL	175410	daf-2	1.699	416	5	4	1.699	0.0	1.0
CED4_CAEEL	175643	ced-4	1.699	159	5	7	1.699	0.0	1.0
COQ7_CAEEL	175729	clk-1	1.699	110	5	2	1.699	0.0	1.0
PK3C3_CAEEL	172280	vps-34	1.623	14	1	41	1.0	0.623	1.0
O45246_CAEEL	172757	hsp-70	1.602	61	4	0	1.602	0.0	1.0
NHR49_CAEEL	172839	nhr-49	1.602	32	4	4	1.602	0.0	1.0
SODC_CAEEL	174141	sod-1	1.602	41	4	9	1.602	0.0	1.0
LIN12_CAEEL	176282	lin-12	1.602	224	4	3	1.602	0.0	1.0
G5EDZ9_CAEEL	177372	cpi-1	1.602	19	4	2	1.602	0.0	1.0
SC5A7_CAEEL	178274	cho-1	1.602	5	4	4	1.602	0.0	1.0
CYB_CAEEL	2565702	ctb-1	1.602	24	4	1	1.602	0.0	1.0
RT05_CAEEL	179721	mrps-5	1.531	1	1	33	1.0	0.531	1.0
SODM1_CAEEL	172632	sod-2	1.505	29	2	15	1.301	0.204	1.0
CED1_CAEEL	173064	ced-1	1.505	54	2	15	1.301	0.204	1.0
PINK1_CAEEL	173918	pink-1	1.505	15	2	15	1.301	0.204	1.0
Q7KPP4_CAEEL	171988	unc-73	1.477	43	3	3	1.477	0.0	1.0
G5EF96_CAEEL	172233	unc-40	1.477	82	3	4	1.477	0.0	1.0
GLD1_CAEEL	172532	gld-1	1.477	84	3	5	1.477	0.0	1.0
P90849_CAEEL	172832	cco-1	1.477	8	3	2	1.477	0.0	1.0
AGE1_CAEEL	174762	age-1	1.477	137	3	8	1.477	0.0	1.0
Q9U245_CAEEL	175089	lin-7	1.477	26	3	5	1.477	0.0	1.0
G5EFK6_CAEEL	175453	gly-14	1.477	8	3	0	1.477	0.0	1.0
PAT3_CAEEL	175504	pat-3	1.477	23	3	6	1.477	0.0	1.0
EF2K_CAEEL	175871	efk-1	1.477	3	3	3	1.477	0.0	1.0
GLR2_CAEEL	175999	glr-2	1.477	10	3	3	1.477	0.0	1.0
KRAF1_CAEEL	177436	lin-45	1.477	37	3	3	1.477	0.0	1.0
SIR2_CAEEL	177924	sir-2.1	1.477	103	3	7	1.477	0.0	1.0
FAT1_CAEEL	178291	fat-1	1.477	29	3	1	1.477	0.0	1.0
A4_CAEEL	180783	apl-1	1.477	26	3	1	1.477	0.0	1.0
ODR10_CAEEL	180959	odr-10	1.477	22	3	0	1.477	0.0	1.0
UNC18_CAEEL	181030	unc-18	1.477	37	3	8	1.477	0.0	1.0
DYN1_CAEEL	181644	dyn-1	1.477	30	3	5	1.477	0.0	1.0
CED12_CAEEL	172890	ced-12	1.415	24	2	12	1.301	0.114	1.0
FTM_CAEEL	174654	mks-5	1.362	3	1	22	1.0	0.362	1.0
IRE1_CAEEL	174305	ire-1	1.342	33	2	10	1.301	0.041	1.0
DYF2_CAEEL	191342	dyf-2	1.342	4	2	10	1.301	0.041	1.0
CST1_CAEEL	180708	cst-1	1.322	2	1	20	1.0	0.322	1.0
DTN1_CAEEL	171715	dyb-1	1.301	8	2	1	1.301	0.0	1.0
G5EBS6_CAEEL	171895	fog-1	1.301	20	2	3	1.301	0.0	1.0
MES3_CAEEL	172123	mes-3	1.301	20	2	1	1.301	0.0	1.0
P91493_CAEEL	172346	snt-4	1.301	15	2	3	1.301	0.0	1.0
MYSP_CAEEL	172491	unc-15	1.301	35	2	0	1.301	0.0	1.0
SOL1_CAEEL	172493	sol-1	1.301	6	2	6	1.301	0.0	1.0
LIN10_CAEEL	172597	lin-10	1.301	30	2	1	1.301	0.0	1.0
H2L2E8_CAEEL	172831	tba-1	1.301	10	2	0	1.301	0.0	1.0
LIN11_CAEEL	172893	lin-11	1.301	32	2	8	1.301	0.0	1.0
A0A0K3AU50_CAEEL	172914	mgl-2	1.301	5	2	0	1.301	0.0	1.0
Q9N5S2_CAEEL	172983	gpx-8	1.301	17	2	0	1.301	0.0	1.0
G5EFT5_CAEEL	173078	hsf-1	1.301	95	2	5	1.301	0.0	1.0
KPC3_CAEEL	173914	pkc-3	1.301	41	2	2	1.301	0.0	1.0
RAB3_CAEEL	173971	rab-3	1.301	24	2	7	1.301	0.0	1.0
FRDA_CAEEL	174002	frh-1	1.301	6	2	3	1.301	0.0	1.0
Q23406_CAEEL	174158	nos-2	1.301	15	2	0	1.301	0.0	1.0
THILH_CAEEL	174161	kat-1	1.301	5	2	7	1.301	0.0	1.0
Q5H9N3_CAEEL	174225	nfi-1	1.301	4	2	1	1.301	0.0	1.0
PCH2_CAEEL	174313	pch-2	1.301	7	2	8	1.301	0.0	1.0
ENO_CAEEL	174423	enol-1	1.301	11	2	1	1.301	0.0	1.0
TORS_CAEEL	174433	ooc-5	1.301	5	2	5	1.301	0.0	1.0
UNC4_CAEEL	174544	unc-4	1.301	21	2	0	1.301	0.0	1.0
G5EFQ4_CAEEL	175683	klp-6	1.301	6	2	4	1.301	0.0	1.0
PAR3_CAEEL	175783	par-3	1.301	94	2	0	1.301	0.0	1.0
G5EGJ5_CAEEL	175807	ida-1	1.301	7	2	2	1.301	0.0	1.0
ODR4_CAEEL	175950	odr-4	1.301	7	2	2	1.301	0.0	1.0
GLR1_CAEEL	176204	glr-1	1.301	57	2	7	1.301	0.0	1.0
UN119_CAEEL	176519	unc-119	1.301	24	2	0	1.301	0.0	1.0
RL40_CAEEL	176718	ubq-2	1.301	40	2	0	1.301	0.0	1.0
SPRC_CAEEL	176931	ost-1	1.301	8	2	0	1.301	0.0	1.0
UNC33_CAEEL	177112	unc-33	1.301	28	2	3	1.301	0.0	1.0
UNC5_CAEEL	177334	unc-5	1.301	61	2	5	1.301	0.0	1.0
SKN1_CAEEL	177343	skn-1	1.301	208	2	0	1.301	0.0	1.0
CSP2_CAEEL	177391	csp-2	1.301	38	2	3	1.301	0.0	1.0
PSA_CAEEL	177528	pam-1	1.301	6	2	0	1.301	0.0	1.0
RIC3_CAEEL	177570	ric-3	1.301	21	2	5	1.301	0.0	1.0
CAV1_CAEEL	177815	cav-1	1.301	12	2	3	1.301	0.0	1.0
FAT3_CAEEL	177820	fat-3	1.301	15	2	0	1.301	0.0	1.0
KCC2D_CAEEL	177921	unc-43	1.301	30	2	2	1.301	0.0	1.0
TRPA1_CAEEL	178118	trpa-1	1.301	11	2	6	1.301	0.0	1.0
FAT6_CAEEL	178122	fat-6	1.301	18	2	3	1.301	0.0	1.0
HSP12_CAEEL	178659	hsp-16.2	1.301	76	2	0	1.301	0.0	1.0
CALR_CAEEL	178997	crt-1	1.301	30	2	1	1.301	0.0	1.0
NEC2_CAEEL	179412	egl-3	1.301	13	2	3	1.301	0.0	1.0
S6EZT1_CAEEL	179503	nrx-1	1.301	6	2	4	1.301	0.0	1.0
Q23272_CAEEL	179922	atfs-1	1.301	16	2	7	1.301	0.0	1.0
HSP90_CAEEL	179971	daf-21	1.301	29	2	0	1.301	0.0	1.0
O45734_CAEEL	180111	cpl-1	1.301	12	2	1	1.301	0.0	1.0
Q19019_CAEEL	180419	sli-1	1.301	26	2	0	1.301	0.0	1.0
G5EG65_CAEEL	180553	hid-1	1.301	5	2	0	1.301	0.0	1.0
MEC2_CAEEL	180826	mec-2	1.301	26	2	8	1.301	0.0	1.0
DEG1_CAEEL	181035	deg-1	1.301	16	2	1	1.301	0.0	1.0
SEM5_CAEEL	181055	sem-5	1.301	44	2	2	1.301	0.0	1.0
G5EFH8_CAEEL	181215	cbs-1	1.301	9	2	0	1.301	0.0	1.0
HM36_CAEEL	181529	ceh-36	1.301	9	2	4	1.301	0.0	1.0
NDUS2_CAEEL	181646	gas-1	1.301	25	2	0	1.301	0.0	1.0
Q93700_CAEEL	185412	gst-18	1.301	28	2	0	1.301	0.0	1.0
KAPC1_CAEEL	3565407	kin-1	1.301	10	2	2	1.301	0.0	1.0
KDM5_CAEEL	177985	rbr-2	1.204	7	1	15	1.0	0.204	1.0
DCR1_CAEEL	176138	dcr-1	1.114	24	1	12	1.0	0.114	1.0
PLPL2_CAEEL	175910	atgl-1	1.041	7	1	10	1.0	0.041	1.0
NCOR1_CAEEL	176145	gei-8	1.041	2	1	10	1.0	0.041	1.0
SUN1_CAEEL	179802	sun-1	1.041	22	1	10	1.0	0.041	1.0
DAF25_CAEEL	171623	daf-25	1.0	2	1	0	1.0	0.0	1.0
Q9N5Z3_CAEEL	171635	tol-1	1.0	12	1	0	1.0	0.0	1.0
Q7KPV0_CAEEL	171687	gsa-1	1.0	4	1	0	1.0	0.0	1.0
SRC1_CAEEL	171722	src-1	1.0	15	1	0	1.0	0.0	1.0
G5EGK1_CAEEL	171736	tln-1	1.0	8	1	1	1.0	0.0	1.0
G5EGU1_CAEEL	171751	egl-30	1.0	28	1	2	1.0	0.0	1.0
O01970_CAEEL	171753	nlp-12	1.0	9	1	0	1.0	0.0	1.0
Q8IA95_CAEEL	171773	fpn-1.1	1.0	4	1	1	1.0	0.0	1.0
G5EE37_CAEEL	171788	icp-1	1.0	5	1	2	1.0	0.0	1.0
G4SRS5_CAEEL	171807	abtm-1	1.0	1	1	0	1.0	0.0	1.0
G5EDV9_CAEEL	171905	ace-2	1.0	26	1	0	1.0	0.0	1.0
G5EFI9_CAEEL	171939	hus-1	1.0	23	1	5	1.0	0.0	1.0
GLC7D_CAEEL	171960	gsp-4	1.0	5	1	1	1.0	0.0	1.0
G5EDA3_CAEEL	171964	hcp-4	1.0	2	1	2	1.0	0.0	1.0
O01768_CAEEL	171981	lrp-2	1.0	3	1	1	1.0	0.0	1.0
LIN44_CAEEL	171994	lin-44	1.0	28	1	2	1.0	0.0	1.0
HOP1_CAEEL	172017	hop-1	1.0	16	1	1	1.0	0.0	1.0
P91153_CAEEL	172027	mus-81	1.0	5	1	5	1.0	0.0	1.0
NUCG_CAEEL	172045	cps-6	1.0	8	1	4	1.0	0.0	1.0
O01804_CAEEL	172072	got-2.1	1.0	3	1	0	1.0	0.0	1.0
ATRX_CAEEL	172077	xnp-1	1.0	3	1	1	1.0	0.0	1.0
KIN32_CAEEL	172135	kin-32	1.0	2	1	0	1.0	0.0	1.0
Q9N588_CAEEL	172149	tyms-1	1.0	8	1	0	1.0	0.0	1.0
TOR_CAEEL	172167	let-363	1.0	5	1	2	1.0	0.0	1.0
G5ECU8_CAEEL	172171	cln-3.2	1.0	2	1	0	1.0	0.0	1.0
G5EES2_CAEEL	172174	erm-1	1.0	11	1	0	1.0	0.0	1.0
LIN35_CAEEL	172249	lin-35	1.0	62	1	3	1.0	0.0	1.0
G5EDF9_CAEEL	172262	pgp-2	1.0	10	1	1	1.0	0.0	1.0
GLD2_CAEEL	172338	gld-2	1.0	30	1	3	1.0	0.0	1.0
E9P851_CAEEL	172382	mctp-1	1.0	1	1	1	1.0	0.0	1.0
MEC6_CAEEL	172389	mec-6	1.0	15	1	3	1.0	0.0	1.0
UNC37_CAEEL	172394	unc-37	1.0	18	1	2	1.0	0.0	1.0
UNC87_CAEEL	172397	unc-87	1.0	11	1	0	1.0	0.0	1.0
SMG1_CAEEL	172418	smg-1	1.0	14	1	4	1.0	0.0	1.0
CPG3_CAEEL	172465	cpg-3	1.0	2	1	0	1.0	0.0	1.0
GBB2_CAEEL	172483	gpb-2	1.0	10	1	2	1.0	0.0	1.0
SPE4_CAEEL	172498	spe-4	1.0	8	1	0	1.0	0.0	1.0
GNAO_CAEEL	172505	goa-1	1.0	47	1	0	1.0	0.0	1.0
G5EEG4_CAEEL	172514	mce-1	1.0	2	1	0	1.0	0.0	1.0
P90786_CAEEL	172515	prg-1	1.0	15	1	7	1.0	0.0	1.0
LRP_CAEEL	172520	lrp-1	1.0	9	1	2	1.0	0.0	1.0
Q18853_CAEEL	172582	cyc-1	1.0	21	1	4	1.0	0.0	1.0
K7STE9_CAEEL	172602	kcnl-2	1.0	1	1	0	1.0	0.0	1.0
CEP1_CAEEL	172616	cep-1	1.0	88	1	4	1.0	0.0	1.0
LIN28_CAEEL	172626	lin-28	1.0	66	1	6	1.0	0.0	1.0
HM06_CAEEL	172640	ceh-6	1.0	7	1	0	1.0	0.0	1.0
O62387_CAEEL	172663	syx-17	1.0	44	1	0	1.0	0.0	1.0
PSA7_CAEEL	172679	pas-4	1.0	1	1	0	1.0	0.0	1.0
P91857_CAEEL	172755	rab-5	1.0	45	1	0	1.0	0.0	1.0
LIN41_CAEEL	172760	lin-41	1.0	39	1	0	1.0	0.0	1.0
AHR_CAEEL	172788	ahr-1	1.0	14	1	1	1.0	0.0	1.0
MCE1_CAEEL	172814	cel-1	1.0	3	1	0	1.0	0.0	1.0
G5EFS1_CAEEL	172817	ikb-1	1.0	1	1	0	1.0	0.0	1.0
G5EDX7_CAEEL	172863	fog-3	1.0	14	1	1	1.0	0.0	1.0
Q7K797_CAEEL	172920	pab-1	1.0	18	1	1	1.0	0.0	1.0
HMR1_CAEEL	173007	hmr-1	1.0	18	1	3	1.0	0.0	1.0
NGLY1_CAEEL	173028	png-1	1.0	3	1	0	1.0	0.0	1.0
DMD_CAEEL	173038	dys-1	1.0	16	1	1	1.0	0.0	1.0
SPE9_CAEEL	173042	spe-9	1.0	8	1	1	1.0	0.0	1.0
AP1M_CAEEL	173121	unc-101	1.0	10	1	1	1.0	0.0	1.0
DLK1_CAEEL	173128	dlk-1	1.0	31	1	1	1.0	0.0	1.0
PAR6_CAEEL	173137	par-6	1.0	78	1	4	1.0	0.0	1.0
PAD1_CAEEL	173156	pad-1	1.0	4	1	1	1.0	0.0	1.0
LSD1_CAEEL	173214	spr-5	1.0	13	1	1	1.0	0.0	1.0
Q9XTS4_CAEEL	173272	gpdh-1	1.0	8	1	0	1.0	0.0	1.0
G5EDX1_CAEEL	173282	kal-1	1.0	10	1	1	1.0	0.0	1.0
EXC4_CAEEL	173314	exc-4	1.0	3	1	4	1.0	0.0	1.0
TY3H_CAEEL	173411	cat-2	1.0	18	1	0	1.0	0.0	1.0
P90992_CAEEL	173414	misc-1	1.0	2	1	0	1.0	0.0	1.0
A0A0K3AWU9_CAEEL	173424	cpn-2	1.0	1	1	0	1.0	0.0	1.0
TBX12_CAEEL	173441	mab-9	1.0	10	1	0	1.0	0.0	1.0
A0A0S4XRR5_CAEEL	173497	eri-3	1.0	3	1	5	1.0	0.0	1.0
PER_CAEEL	173503	lin-42	1.0	19	1	3	1.0	0.0	1.0
LIN31_CAEEL	173740	lin-31	1.0	13	1	3	1.0	0.0	1.0
MYOD1_CAEEL	173788	hlh-1	1.0	34	1	1	1.0	0.0	1.0
G5EEM9_CAEEL	173795	ipla-1	1.0	4	1	1	1.0	0.0	1.0
CROCC_CAEEL	173801	che-10	1.0	2	1	2	1.0	0.0	1.0
G5EDU3_CAEEL	173876	pld-1	1.0	6	1	4	1.0	0.0	1.0
CGT3_CAEEL	174001	cgt-3	1.0	2	1	1	1.0	0.0	1.0
EGL44_CAEEL	174005	egl-44	1.0	6	1	1	1.0	0.0	1.0
FBF1_CAEEL	174016	fbf-1	1.0	23	1	2	1.0	0.0	1.0
RGS3_CAEEL	174020	rgs-3	1.0	4	1	2	1.0	0.0	1.0
SMA6_CAEEL	174044	sma-6	1.0	15	1	0	1.0	0.0	1.0
LGG1_CAEEL	174050	lgg-1	1.0	34	1	4	1.0	0.0	1.0
WRN_CAEEL	174081	wrn-1	1.0	10	1	0	1.0	0.0	1.0
SYT1_CAEEL	174120	snt-1	1.0	7	1	0	1.0	0.0	1.0
EGL27_CAEEL	174121	egl-27	1.0	12	1	1	1.0	0.0	1.0
UN104_CAEEL	174144	unc-104	1.0	38	1	1	1.0	0.0	1.0
SPI1_CAEEL	174219	spi-1	1.0	2	1	3	1.0	0.0	1.0
G5EED8_CAEEL	174227	tph-1	1.0	28	1	5	1.0	0.0	1.0
G5EF51_CAEEL	174301	ltd-1	1.0	1	1	0	1.0	0.0	1.0
CHST_CAEEL	174304	chst-1	1.0	2	1	0	1.0	0.0	1.0
UN105_CAEEL	174306	unc-105	1.0	6	1	1	1.0	0.0	1.0
GNL3_CAEEL	174329	nst-1	1.0	1	1	1	1.0	0.0	1.0
Q19461_CAEEL	174343	acp-2	1.0	1	1	0	1.0	0.0	1.0
G5ECE8_CAEEL	174383	chhy-1	1.0	6	1	0	1.0	0.0	1.0
FUTA_CAEEL	174400	fut-1	1.0	8	1	1	1.0	0.0	1.0
LPLT1_CAEEL	174419	lat-1	1.0	13	1	1	1.0	0.0	1.0
MAB3_CAEEL	174533	mab-3	1.0	28	1	0	1.0	0.0	1.0
KCNSK_CAEEL	174536	shk-1	1.0	2	1	1	1.0	0.0	1.0
Q22024_CAEEL	174552	egl-43	1.0	11	1	0	1.0	0.0	1.0
DAF19_CAEEL	174577	daf-19	1.0	23	1	3	1.0	0.0	1.0
NPHP1_CAEEL	174643	nph-1	1.0	7	1	4	1.0	0.0	1.0
Q9U364_CAEEL	174658	ect-2	1.0	9	1	1	1.0	0.0	1.0
Q18694_CAEEL	174721	unc-130	1.0	5	1	1	1.0	0.0	1.0
Q58AA9_CAEEL	174728	rsf-1	1.0	4	1	6	1.0	0.0	1.0
Q09493_CAEEL	174739	shn-1	1.0	3	1	0	1.0	0.0	1.0
Q23451_CAEEL	174785	rad-23	1.0	2	1	0	1.0	0.0	1.0
G5EGB2_CAEEL	174830	lin-29	1.0	28	1	1	1.0	0.0	1.0
IF4E5_CAEEL	174871	ife-5	1.0	6	1	1	1.0	0.0	1.0
ACH8_CAEEL	175072	eat-2	1.0	38	1	3	1.0	0.0	1.0
CATA1_CAEEL	175085	ctl-2	1.0	9	1	1	1.0	0.0	1.0
UNC52_CAEEL	175126	unc-52	1.0	34	1	0	1.0	0.0	1.0
STIM1_CAEEL	175201	stim-1	1.0	7	1	1	1.0	0.0	1.0
Q9N384_CAEEL	175212	lec-6	1.0	12	1	0	1.0	0.0	1.0
DAF7_CAEEL	175237	daf-7	1.0	60	1	2	1.0	0.0	1.0
UNC93_CAEEL	175466	unc-93	1.0	13	1	1	1.0	0.0	1.0
Q19046_CAEEL	175522	rcq-5	1.0	2	1	0	1.0	0.0	1.0
RNF5_CAEEL	175532	rnf-5	1.0	6	1	2	1.0	0.0	1.0
GLCE_CAEEL	175562	hse-5	1.0	3	1	1	1.0	0.0	1.0
HM43_CAEEL	175581	ceh-43	1.0	3	1	0	1.0	0.0	1.0
PAL1_CAEEL	175638	pal-1	1.0	27	1	0	1.0	0.0	1.0
G5EDM1_CAEEL	175674	nca-2	1.0	7	1	4	1.0	0.0	1.0
Q5DX48_CAEEL	175697	sax-2	1.0	2	1	2	1.0	0.0	1.0
ITPA_CAEEL	175724	hap-1	1.0	3	1	0	1.0	0.0	1.0
PQE1_CAEEL	175731	pqe-1	1.0	3	1	0	1.0	0.0	1.0
HM10_CAEEL	175811	ceh-10	1.0	13	1	0	1.0	0.0	1.0
ALF2_CAEEL	175827	aldo-2	1.0	3	1	1	1.0	0.0	1.0
LE767_CAEEL	175895	let-767	1.0	3	1	0	1.0	0.0	1.0
Q18033_CAEEL	175900	thoc-2	1.0	1	1	1	1.0	0.0	1.0
SET1_CAEEL	175918	set-1	1.0	14	1	2	1.0	0.0	1.0
H2KYI3_CAEEL	175983	cyk-1	1.0	8	1	3	1.0	0.0	1.0
Q9TXZ9_CAEEL	176031	ykt-6	1.0	2	1	0	1.0	0.0	1.0
LIN39_CAEEL	176068	lin-39	1.0	57	1	0	1.0	0.0	1.0
HS110_CAEEL	176195	hsp-110	1.0	18	1	0	1.0	0.0	1.0
PAC1_CAEEL	176201	pac-1	1.0	6	1	0	1.0	0.0	1.0
TRPL_CAEEL	176202	trp-1	1.0	4	1	1	1.0	0.0	1.0
SLAP2_CAEEL	176224	hipr-1	1.0	2	1	1	1.0	0.0	1.0
AAPK1_CAEEL	176230	aak-1	1.0	6	1	0	1.0	0.0	1.0
ASNA_CAEEL	176254	asna-1	1.0	5	1	4	1.0	0.0	1.0
ZIF1_CAEEL	176274	zif-1	1.0	6	1	0	1.0	0.0	1.0
GLP1_CAEEL	176286	glp-1	1.0	166	1	0	1.0	0.0	1.0
CNG_CAEEL	176297	tax-4	1.0	34	1	5	1.0	0.0	1.0
JIP_CAEEL	176349	unc-16	1.0	9	1	3	1.0	0.0	1.0
CED7_CAEEL	176352	ced-7	1.0	24	1	1	1.0	0.0	1.0
CDK1_CAEEL	176374	cdk-1	1.0	30	1	2	1.0	0.0	1.0
RMD1_CAEEL	176379	rmd-1	1.0	1	1	0	1.0	0.0	1.0
VATL1_CAEEL	176383	vha-1	1.0	3	1	0	1.0	0.0	1.0
RGS1_CAEEL	176415	rgs-1	1.0	9	1	0	1.0	0.0	1.0
TTLL4_CAEEL	176427	ttll-4	1.0	2	1	4	1.0	0.0	1.0
Q22291_CAEEL	176452	spp-1	1.0	9	1	1	1.0	0.0	1.0
Q21484_CAEEL	176458	hat-1	1.0	3	1	0	1.0	0.0	1.0
G5EEY3_CAEEL	176472	unc-49	1.0	21	1	0	1.0	0.0	1.0
EXT2_CAEEL	176502	rib-2	1.0	6	1	1	1.0	0.0	1.0
VAB7_CAEEL	176521	vab-7	1.0	5	1	1	1.0	0.0	1.0
TRA1_CAEEL	176548	tra-1	1.0	70	1	1	1.0	0.0	1.0
KS6B_CAEEL	176554	rsks-1	1.0	14	1	0	1.0	0.0	1.0
Q9U2C5_CAEEL	176558	mib-1	1.0	1	1	4	1.0	0.0	1.0
SMC3_CAEEL	176559	smc-3	1.0	3	1	1	1.0	0.0	1.0
P4HA1_CAEEL	176569	dpy-18	1.0	7	1	1	1.0	0.0	1.0
G5EEM1_CAEEL	176651	gmn-1	1.0	1	1	1	1.0	0.0	1.0
TIM_CAEEL	176652	tim-1	1.0	3	1	4	1.0	0.0	1.0
ANI1_CAEEL	176672	ani-1	1.0	5	1	2	1.0	0.0	1.0
O45815_CAEEL	176793	act-5	1.0	63	1	0	1.0	0.0	1.0
NLK_CAEEL	176808	lit-1	1.0	21	1	1	1.0	0.0	1.0
Q8MXT1_CAEEL	176837	prdx-6	1.0	11	1	3	1.0	0.0	1.0
U4PB58_CAEEL	176855	fln-1	1.0	5	1	1	1.0	0.0	1.0
PTEN_CAEEL	176869	daf-18	1.0	43	1	0	1.0	0.0	1.0
G5EDL0_CAEEL	177016	lin-1	1.0	31	1	0	1.0	0.0	1.0
RAC1_CAEEL	177111	ced-10	1.0	64	1	3	1.0	0.0	1.0
OSM3_CAEEL	177141	osm-3	1.0	32	1	1	1.0	0.0	1.0
H2AV_CAEEL	177212	htz-1	1.0	8	1	2	1.0	0.0	1.0
Q7JMT8_CAEEL	177267	pes-1	1.0	5	1	0	1.0	0.0	1.0
G5EEH6_CAEEL	177281	ivd-1	1.0	1	1	0	1.0	0.0	1.0
FEM1_CAEEL	177335	fem-1	1.0	44	1	0	1.0	0.0	1.0
BECN_CAEEL	177345	bec-1	1.0	27	1	1	1.0	0.0	1.0
G5ECZ1_CAEEL	177366	unc-44	1.0	17	1	0	1.0	0.0	1.0
G5EDU7_CAEEL	177373	lag-1	1.0	22	1	0	1.0	0.0	1.0
VINC_CAEEL	177482	deb-1	1.0	16	1	0	1.0	0.0	1.0
NHR31_CAEEL	177601	nhr-31	1.0	2	1	1	1.0	0.0	1.0
O44511_CAEEL	177608	sph-1	1.0	3	1	5	1.0	0.0	1.0
G5ED14_CAEEL	177876	egl-38	1.0	16	1	0	1.0	0.0	1.0
Q21875_CAEEL	177915	ebax-1	1.0	1	1	1	1.0	0.0	1.0
SPE26_CAEEL	177929	spe-26	1.0	7	1	0	1.0	0.0	1.0
G5EFY8_CAEEL	177936	ins-1	1.0	9	1	0	1.0	0.0	1.0
MEC3_CAEEL	177938	mec-3	1.0	38	1	0	1.0	0.0	1.0
CBPE_CAEEL	177940	egl-21	1.0	4	1	3	1.0	0.0	1.0
D3YT36_CAEEL	177984	pyk-2	1.0	2	1	1	1.0	0.0	1.0
14331_CAEEL	178113	par-5	1.0	20	1	3	1.0	0.0	1.0
UNC22_CAEEL	178135	unc-22	1.0	65	1	0	1.0	0.0	1.0
Q19878_CAEEL	178190	acs-20	1.0	1	1	2	1.0	0.0	1.0
UNC30_CAEEL	178265	unc-30	1.0	14	1	0	1.0	0.0	1.0
RL12_CAEEL	178279	rpl-12	1.0	3	1	2	1.0	0.0	1.0
SYNJ_CAEEL	178284	unc-26	1.0	4	1	4	1.0	0.0	1.0
LST4_CAEEL	178361	lst-4	1.0	5	1	1	1.0	0.0	1.0
G5EFE0_CAEEL	178411	eps-8	1.0	5	1	2	1.0	0.0	1.0
O45278_CAEEL	178522	haf-1	1.0	5	1	0	1.0	0.0	1.0
IF4E3_CAEEL	178536	ife-3	1.0	8	1	0	1.0	0.0	1.0
A0A0K3AVF4_CAEEL	178624	egl-2	1.0	5	1	1	1.0	0.0	1.0
MMPC_CAEEL	178748	zmp-3	1.0	1	1	0	1.0	0.0	1.0
LAG2_CAEEL	178755	lag-2	1.0	37	1	0	1.0	0.0	1.0
SID1_CAEEL	178900	sid-1	1.0	35	1	0	1.0	0.0	1.0
PIMT_CAEEL	178981	pcm-1	1.0	11	1	0	1.0	0.0	1.0
GDPP1_CAEEL	178982	gdpgp1	1.0	2	1	0	1.0	0.0	1.0
G5EBX4_CAEEL	178993	jamp-1	1.0	1	1	0	1.0	0.0	1.0
O76447_CAEEL	179049	hcp-1	1.0	11	1	1	1.0	0.0	1.0
SPE39_CAEEL	179071	spe-39	1.0	2	1	2	1.0	0.0	1.0
Q18231_CAEEL	179154	rps-30	1.0	1	1	0	1.0	0.0	1.0
PPN1_CAEEL	179162	mig-6	1.0	5	1	0	1.0	0.0	1.0
H2KYN5_CAEEL	179246	atg-18	1.0	7	1	7	1.0	0.0	1.0
RPM1_CAEEL	179259	rpm-1	1.0	27	1	2	1.0	0.0	1.0
G5EBI6_CAEEL	179347	dop-2	1.0	9	1	3	1.0	0.0	1.0
RBX1_CAEEL	179358	rbx-1	1.0	12	1	0	1.0	0.0	1.0
CREC_CAEEL	179433	che-12	1.0	3	1	2	1.0	0.0	1.0
HM22_CAEEL	179485	ceh-22	1.0	12	1	0	1.0	0.0	1.0
FOLT1_CAEEL	179544	folt-1	1.0	2	1	1	1.0	0.0	1.0
G5EEH5_CAEEL	179557	mxl-1	1.0	2	1	0	1.0	0.0	1.0
G5EDF6_CAEEL	179631	osm-6	1.0	8	1	2	1.0	0.0	1.0
MIF2_CAEEL	179638	mif-2	1.0	2	1	0	1.0	0.0	1.0
GCY33_CAEEL	179644	gcy-33	1.0	6	1	0	1.0	0.0	1.0
P90757_CAEEL	179666	che-11	1.0	5	1	4	1.0	0.0	1.0
EGL10_CAEEL	179707	egl-10	1.0	20	1	6	1.0	0.0	1.0
G5EFA5_CAEEL	179743	cky-1	1.0	1	1	2	1.0	0.0	1.0
YH24_CAEEL	179790	lap-2	1.0	4	1	3	1.0	0.0	1.0
SEL10_CAEEL	179878	sel-10	1.0	15	1	2	1.0	0.0	1.0
Q9XUW8_CAEEL	179898	aip-1	1.0	6	1	1	1.0	0.0	1.0
PAR1_CAEEL	179912	par-1	1.0	67	1	0	1.0	0.0	1.0
Q9XXN0_CAEEL	180123	pus-1	1.0	1	1	0	1.0	0.0	1.0
Q9XUW0_CAEEL	180160	dgat-2	1.0	5	1	0	1.0	0.0	1.0
SLO1_CAEEL	180203	slo-1	1.0	47	1	3	1.0	0.0	1.0
Q9XWN2_CAEEL	180283	dyf-19	1.0	1	1	4	1.0	0.0	1.0
Q9U2Z0_CAEEL	180313	ttx-1	1.0	10	1	2	1.0	0.0	1.0
UNC80_CAEEL	180374	unc-80	1.0	9	1	3	1.0	0.0	1.0
IF4E4_CAEEL	180464	ife-4	1.0	3	1	2	1.0	0.0	1.0
SYG1_CAEEL	180555	syg-1	1.0	10	1	2	1.0	0.0	1.0
Q86G45_CAEEL	180570	unc-2	1.0	21	1	1	1.0	0.0	1.0
G4S034_CAEEL	180603	spc-1	1.0	8	1	6	1.0	0.0	1.0
FABP1_CAEEL	180616	lbp-1	1.0	2	1	0	1.0	0.0	1.0
WDR1_CAEEL	180631	unc-78	1.0	9	1	2	1.0	0.0	1.0
RYK_CAEEL	180679	lin-18	1.0	10	1	3	1.0	0.0	1.0
HRG1_CAEEL	180684	hrg-1	1.0	5	1	2	1.0	0.0	1.0
Q21162_CAEEL	180746	dnj-14	1.0	3	1	1	1.0	0.0	1.0
Q18534_CAEEL	180752	npr-1	1.0	50	1	6	1.0	0.0	1.0
UNC97_CAEEL	180827	unc-97	1.0	11	1	3	1.0	0.0	1.0
UNC6_CAEEL	180961	unc-6	1.0	122	1	2	1.0	0.0	1.0
RIM_CAEEL	180990	unc-10	1.0	9	1	5	1.0	0.0	1.0
SNG1_CAEEL	180995	sng-1	1.0	2	1	0	1.0	0.0	1.0
MEK1_CAEEL	181004	mek-1	1.0	21	1	0	1.0	0.0	1.0
DIM_CAEEL	181062	dim-1	1.0	10	1	0	1.0	0.0	1.0
Q95QM5_CAEEL	181227	unc-115	1.0	13	1	1	1.0	0.0	1.0
G5EDS1_CAEEL	181251	vab-3	1.0	10	1	0	1.0	0.0	1.0
MBOA7_CAEEL	181252	mboa-7	1.0	4	1	2	1.0	0.0	1.0
DAF12_CAEEL	181263	daf-12	1.0	127	1	1	1.0	0.0	1.0
G5ED62_CAEEL	181271	sma-9	1.0	8	1	0	1.0	0.0	1.0
Q21836_CAEEL	181302	alr-1	1.0	5	1	1	1.0	0.0	1.0
14332_CAEEL	181348	ftt-2	1.0	15	1	4	1.0	0.0	1.0
ADT1_CAEEL	181412	adt-1	1.0	2	1	0	1.0	0.0	1.0
NHR25_CAEEL	181432	nhr-25	1.0	19	1	1	1.0	0.0	1.0
Q8WQD8_CAEEL	181478	cah-4	1.0	5	1	0	1.0	0.0	1.0
NLGN1_CAEEL	181484	nlg-1	1.0	12	1	1	1.0	0.0	1.0
G5EDE1_CAEEL	181588	pag-3	1.0	6	1	0	1.0	0.0	1.0
UNC7_CAEEL	181608	unc-7	1.0	13	1	1	1.0	0.0	1.0
AAPK2_CAEEL	181727	aak-2	1.0	49	1	4	1.0	0.0	1.0
MEC4_CAEEL	181728	mec-4	1.0	56	1	2	1.0	0.0	1.0
SPHK1_CAEEL	183197	sphk-1	1.0	4	1	3	1.0	0.0	1.0
Q18602_CAEEL	183433	vps-50	1.0	1	1	0	1.0	0.0	1.0
TBX11_CAEEL	185575	tbx-11	1.0	1	1	0	1.0	0.0	1.0
Q7JP52_CAEEL	186113	hsp-17	1.0	3	1	0	1.0	0.0	1.0
Q20736_CAEEL	186194	apm-3	1.0	1	1	0	1.0	0.0	1.0
CHE13_CAEEL	186607	che-13	1.0	4	1	2	1.0	0.0	1.0
SRF3_CAEEL	187393	srf-3	1.0	10	1	0	1.0	0.0	1.0
O61220_CAEEL	188314	ocr-2	1.0	21	1	0	1.0	0.0	1.0
Q27526_CAEEL	188583	bgal-1	1.0	29	1	0	1.0	0.0	1.0
Q965P2_CAEEL	189507	cht-4	1.0	35	1	0	1.0	0.0	1.0
Q9BL83_CAEEL	189590	vps-4	1.0	8	1	0	1.0	0.0	1.0
Q9U2E4_CAEEL	189959	bcmo-1	1.0	1	1	0	1.0	0.0	1.0
FRK1_CAEEL	191635	frk-1	1.0	2	1	0	1.0	0.0	1.0
PMK1_CAEEL	191743	pmk-1	1.0	60	1	1	1.0	0.0	1.0
SRA6_CAEEL	191777	sra-6	1.0	2	1	0	1.0	0.0	1.0
MYO4_CAEEL	259839	unc-54	1.0	64	1	0	1.0	0.0	1.0
C560_CAEEL	260040	mev-1	1.0	77	1	0	1.0	0.0	1.0
G4XR16_CAEEL	2565698	ND1	1.0	4	1	0	1.0	0.0	1.0
COX1_CAEEL	2565700	cox-1	1.0	49	1	0	1.0	0.0	1.0
ATP6_CAEEL	2565704	atp-6	1.0	3	1	0	1.0	0.0	1.0
G5EBY6_CAEEL	3564851	phf-5	1.0	1	1	0	1.0	0.0	1.0
ACH3_CAEEL	3565200	deg-3	1.0	12	1	1	1.0	0.0	1.0
CED9_CAEEL	3565776	ced-9	1.0	142	1	0	1.0	0.0	1.0
CHK1_CAEEL	3565921	chk-1	1.0	14	1	1	1.0	0.0	1.0
B0M0M9_CAEEL	6418592	maf-1	1.0	1	1	0	1.0	0.0	1.0
H2L2K0_CAEEL	13183089	tmem-107	1.0	1	1	9	1.0	0.0	1.0
CLAT_CAEEL	24105307	cha-1	1.0	13	1	0	1.0	0.0	1.0
UNC17_CAEEL	24105312	unc-17	1.0	21	1	0	1.0	0.0	1.0
