Big_T	1275
Big_F	130843
UniProtKB_ID	GeneID	Gene_Name	PPS	Big_P	T+P	Citation	1+Log(T+P)	log10((Cit/yr+1)/10)	1+log10(F/T)+log10(F/P)
DAF9_CAEEL	180889	daf-9	15.968	34	8	32	1.903	0.519	6.594
FOXO_CAEEL	172981	daf-16	13.937	677	11	38	2.041	0.591	5.294
LIN12_CAEEL	176282	lin-12	11.944	224	9	12	1.954	0.114	5.775
INSR_CAEEL	175410	daf-2	11.601	416	4	31	1.602	0.505	5.506
LARP1_CAEEL	175680	larp-1	10.18	2	2	2	1.301	0.0	7.824
HM10_CAEEL	175811	ceh-10	10.147	13	2	13	1.301	0.146	7.011
SEM2_CAEEL	172162	sem-2	9.951	3	2	1	1.301	0.0	7.648
LIN11_CAEEL	172893	lin-11	9.779	32	3	2	1.477	0.0	6.62
PDFR1_CAEEL	175942	pdfr-1	9.662	5	2	6	1.301	0.0	7.426
UNC86_CAEEL	176157	unc-86	9.505	49	3	6	1.477	0.0	6.435
JUN_CAEEL	174452	jun-1	9.472	7	2	1	1.301	0.0	7.28
DIG1_CAEEL	175951	dig-1	9.472	7	2	1	1.301	0.0	7.28
EFN4_CAEEL	176882	efn-4	9.472	7	2	1	1.301	0.0	7.28
NEDD8_CAEEL	172910	ned-8	9.33	9	2	4	1.301	0.0	7.171
G5EED8_CAEEL	174227	tph-1	9.217	28	2	11	1.301	0.079	6.678
LET23_CAEEL	174462	let-23	9.199	79	3	2	1.477	0.0	6.228
PK1_CAEEL	180873	pak-1	9.005	16	2	0	1.301	0.0	6.921
UNC3_CAEEL	181573	unc-3	8.908	19	2	2	1.301	0.0	6.847
DAF12_CAEEL	181263	daf-12	8.894	127	3	4	1.477	0.0	6.021
UNC4_CAEEL	174544	unc-4	8.851	21	2	2	1.301	0.0	6.803
CAM1_CAEEL	174473	cam-1	8.825	22	2	4	1.301	0.0	6.783
PP2B_CAEEL	177943	tax-6	8.825	22	2	0	1.301	0.0	6.783
G5EFI9_CAEEL	171939	hus-1	8.8	23	2	3	1.301	0.0	6.764
G5EGU1_CAEEL	171751	egl-30	8.688	28	2	4	1.301	0.0	6.678
G5EDL0_CAEEL	177016	lin-1	8.631	31	2	1	1.301	0.0	6.634
G5EDV1_CAEEL	171832	lin-17	8.516	38	2	1	1.301	0.0	6.546
Q7KPP4_CAEEL	171988	unc-73	8.446	43	2	2	1.301	0.0	6.492
GLD1_CAEEL	172532	gld-1	8.324	84	2	10	1.301	0.041	6.201
O45246_CAEEL	172757	hsp-70	8.248	61	2	0	1.301	0.0	6.34
K7STE9_CAEEL	172602	kcnl-2	8.125	1	1	0	1.0	0.0	8.125
G5EFB5_CAEEL	172660	cpn-1	8.125	1	1	1	1.0	0.0	8.125
G5EC38_CAEEL	173307	catp-1	8.125	1	1	0	1.0	0.0	8.125
Q9TYL9_CAEEL	173656	copb-1	8.125	1	1	1	1.0	0.0	8.125
STRM1_CAEEL	175358	strm-1	8.125	1	1	1	1.0	0.0	8.125
H2KYX3_CAEEL	175870	nfm-1	8.125	1	1	0	1.0	0.0	8.125
WRT5_CAEEL	177162	wrt-5	8.125	1	1	0	1.0	0.0	8.125
Q21875_CAEEL	177915	ebax-1	8.125	1	1	1	1.0	0.0	8.125
A0A0K3AW68_CAEEL	178563	lipl-5	8.125	1	1	0	1.0	0.0	8.125
Q18171_CAEEL	182915	spe-44	8.125	1	1	1	1.0	0.0	8.125
NDF1_CAEEL	183212	cnd-1	8.125	1	1	1	1.0	0.0	8.125
NTR1_CAEEL	188227	ntr-1	8.125	1	1	5	1.0	0.0	8.125
A0A0K3AR66_CAEEL	190188	plep-1	8.125	1	1	1	1.0	0.0	8.125
PPT1_CAEEL	191744	ppt-1	8.125	1	1	0	1.0	0.0	8.125
LET60_CAEEL	178104	let-60	7.992	96	2	2	1.301	0.0	6.143
ARP3_CAEEL	171857	arx-1	7.824	2	1	2	1.0	0.0	7.824
Q93702_CAEEL	172665	flp-22	7.824	2	1	2	1.0	0.0	7.824
Q9U379_CAEEL	172729	rsbp-1	7.824	2	1	1	1.0	0.0	7.824
G5EBH1_CAEEL	172748	tat-5	7.824	2	1	0	1.0	0.0	7.824
VP33B_CAEEL	174095	vps-33.2	7.824	2	1	0	1.0	0.0	7.824
Q19305_CAEEL	174169	spon-1	7.824	2	1	0	1.0	0.0	7.824
DEP1_CAEEL	174437	dep-1	7.824	2	1	2	1.0	0.0	7.824
G5EF22_CAEEL	177574	flp-10	7.824	2	1	4	1.0	0.0	7.824
SPE39_CAEEL	179071	spe-39	7.824	2	1	2	1.0	0.0	7.824
TNNI1_CAEEL	181329	tni-1	7.824	2	1	1	1.0	0.0	7.824
O02627_CAEEL	182176	cyp-35a1	7.824	2	1	1	1.0	0.0	7.824
E6N0V1_CAEEL	186242	rog-1	7.824	2	1	0	1.0	0.0	7.824
Q17461_CAEEL	353452	spe-42	7.824	2	1	0	1.0	0.0	7.824
AGE1_CAEEL	174762	age-1	7.791	137	2	2	1.301	0.0	5.989
O01768_CAEEL	171981	lrp-2	7.648	3	1	1	1.0	0.0	7.648
Q565A2_CAEEL	172504	pbrm-1	7.648	3	1	0	1.0	0.0	7.648
NGLY1_CAEEL	173028	png-1	7.648	3	1	1	1.0	0.0	7.648
FOZI1_CAEEL	176308	fozi-1	7.648	3	1	2	1.0	0.0	7.648
FAT4_CAEEL	177819	fat-4	7.648	3	1	0	1.0	0.0	7.648
Q9U2G4_CAEEL	178320	puf-3	7.648	3	1	0	1.0	0.0	7.648
Q22947_CAEEL	178927	rhr-1	7.648	3	1	0	1.0	0.0	7.648
DHS16_CAEEL	178983	dhs-16	7.648	3	1	4	1.0	0.0	7.648
G5EG78_CAEEL	181288	pxn-2	7.648	3	1	3	1.0	0.0	7.648
SKN1_CAEEL	177343	skn-1	7.555	208	2	6	1.301	0.0	5.807
Q9N5A0_CAEEL	172137	spe-5	7.523	4	1	0	1.0	0.0	7.523
O44782_CAEEL	172259	vpr-1	7.523	4	1	1	1.0	0.0	7.523
G5ECC6_CAEEL	172600	ins-18	7.523	4	1	4	1.0	0.0	7.523
PSMD4_CAEEL	172977	rpn-10	7.523	4	1	0	1.0	0.0	7.523
FKPC1_CAEEL	173051	kpc-1	7.523	4	1	2	1.0	0.0	7.523
DYL1_CAEEL	175922	dlc-1	7.523	4	1	0	1.0	0.0	7.523
Q9XWF0_CAEEL	189371	hsd-1	7.523	4	1	1	1.0	0.0	7.523
TOR_CAEEL	172167	let-363	7.426	5	1	3	1.0	0.0	7.426
CDK8_CAEEL	172677	cdk-8	7.426	5	1	1	1.0	0.0	7.426
H2KYR1_CAEEL	173512	vig-1	7.426	5	1	0	1.0	0.0	7.426
HLH3_CAEEL	174447	hlh-3	7.426	5	1	0	1.0	0.0	7.426
A0A1C3NSI5_CAEEL	175590	cdh-4	7.426	5	1	1	1.0	0.0	7.426
G5EEE7_CAEEL	177140	vab-2	7.426	5	1	0	1.0	0.0	7.426
G5EFE0_CAEEL	178411	eps-8	7.426	5	1	0	1.0	0.0	7.426
Q21836_CAEEL	181302	alr-1	7.426	5	1	1	1.0	0.0	7.426
O45489_CAEEL	185460	hlh-17	7.426	5	1	0	1.0	0.0	7.426
Q22355_CAEEL	173749	ast-1	7.347	6	1	1	1.0	0.0	7.347
PUF5_CAEEL	174373	puf-5	7.347	6	1	2	1.0	0.0	7.347
EXT2_CAEEL	176502	rib-2	7.347	6	1	1	1.0	0.0	7.347
PSA_CAEEL	177528	pam-1	7.347	6	1	0	1.0	0.0	7.347
P90735_CAEEL	179796	eat-6	7.347	6	1	2	1.0	0.0	7.347
Q9N3C7_CAEEL	171879	mod-5	7.28	7	1	0	1.0	0.0	7.28
Q8I4I1_CAEEL	172706	madd-4	7.28	7	1	3	1.0	0.0	7.28
Q93576_CAEEL	172939	ndk-1	7.28	7	1	0	1.0	0.0	7.28
NHX2_CAEEL	174242	nhx-2	7.28	7	1	1	1.0	0.0	7.28
H332_CAEEL	176660	his-72	7.28	7	1	3	1.0	0.0	7.28
A7WK39_CAEEL	176833	pnc-1	7.28	7	1	2	1.0	0.0	7.28
ARK1_CAEEL	178218	ark-1	7.28	7	1	1	1.0	0.0	7.28
P91329_CAEEL	191713	klf-3	7.28	7	1	0	1.0	0.0	7.28
SUMO_CAEEL	266820	smo-1	7.28	7	1	0	1.0	0.0	7.28
Q18239_CAEEL	266854	dsh-2	7.28	7	1	0	1.0	0.0	7.28
Q9N588_CAEEL	172149	tyms-1	7.222	8	1	0	1.0	0.0	7.222
B3GWA6_CAEEL	175587	atf-7	7.222	8	1	4	1.0	0.0	7.222
DCOR_CAEEL	179079	odc-1	7.222	8	1	0	1.0	0.0	7.222
G5EDM7_CAEEL	175054	daf-5	7.171	9	1	2	1.0	0.0	7.171
AFF1_CAEEL	174123	aff-1	7.125	10	1	0	1.0	0.0	7.125
G5EEQ5_CAEEL	174585	ref-1	7.125	10	1	0	1.0	0.0	7.125
UNC62_CAEEL	178845	unc-62	7.125	10	1	1	1.0	0.0	7.125
ELT7_CAEEL	178868	elt-7	7.125	10	1	2	1.0	0.0	7.125
LE418_CAEEL	178970	let-418	7.125	10	1	1	1.0	0.0	7.125
G5EDS1_CAEEL	181251	vab-3	7.125	10	1	0	1.0	0.0	7.125
E2AKA_CAEEL	181334	pek-1	7.125	10	1	0	1.0	0.0	7.125
G5EES2_CAEEL	172174	erm-1	7.084	11	1	0	1.0	0.0	7.084
Q9XW17_CAEEL	173158	car-1	7.084	11	1	4	1.0	0.0	7.084
Q95PX8_CAEEL	174150	tcer-1	7.084	11	1	4	1.0	0.0	7.084
ENO_CAEEL	174423	enol-1	7.084	11	1	0	1.0	0.0	7.084
TBX2_CAEEL	175698	tbx-2	7.084	11	1	2	1.0	0.0	7.084
HDA1_CAEEL	179959	hda-1	7.084	11	1	0	1.0	0.0	7.084
V6CIV8_CAEEL	191704	lip-1	7.084	11	1	1	1.0	0.0	7.084
Q9N5Z3_CAEEL	171635	tol-1	7.046	12	1	0	1.0	0.0	7.046
TFDP1_CAEEL	174458	dpl-1	7.046	12	1	2	1.0	0.0	7.046
TNNC2_CAEEL	174612	tnc-2	7.046	12	1	1	1.0	0.0	7.046
NHR67_CAEEL	178024	nhr-67	7.046	12	1	1	1.0	0.0	7.046
G5EFF4_CAEEL	172435	sem-4	7.011	13	1	0	1.0	0.0	7.011
SKR1_CAEEL	172775	skr-1	7.011	13	1	4	1.0	0.0	7.011
WNT1_CAEEL	173399	cwn-1	7.011	13	1	1	1.0	0.0	7.011
CHE1_CAEEL	183847	che-1	7.011	13	1	3	1.0	0.0	7.011
G5EFQ5_CAEEL	172243	rnt-1	6.979	14	1	1	1.0	0.0	6.979
G5EGE2_CAEEL	175149	cog-1	6.979	14	1	1	1.0	0.0	6.979
MAB21_CAEEL	175607	mab-21	6.979	14	1	1	1.0	0.0	6.979
MEK2_CAEEL	171872	mek-2	6.949	15	1	0	1.0	0.0	6.949
Q09487_CAEEL	174197	puf-8	6.949	15	1	1	1.0	0.0	6.949
KGB1_CAEEL	176866	kgb-1	6.949	15	1	1	1.0	0.0	6.949
MES1_CAEEL	181362	mes-1	6.949	15	1	1	1.0	0.0	6.949
G5ED14_CAEEL	177876	egl-38	6.921	16	1	0	1.0	0.0	6.921
ROCK_CAEEL	172088	let-502	6.895	17	1	1	1.0	0.0	6.895
I2HAA6_CAEEL	179080	unc-68	6.895	17	1	0	1.0	0.0	6.895
G5EF15_CAEEL	179224	pos-1	6.895	17	1	0	1.0	0.0	6.895
UNC37_CAEEL	172394	unc-37	6.87	18	1	1	1.0	0.0	6.87
Q7K797_CAEEL	172920	pab-1	6.87	18	1	4	1.0	0.0	6.87
VIT6_CAEEL	177619	vit-6	6.87	18	1	0	1.0	0.0	6.87
FAT6_CAEEL	178122	fat-6	6.87	18	1	1	1.0	0.0	6.87
HBL1_CAEEL	180848	hbl-1	6.847	19	1	8	1.0	0.0	6.847
UNC89_CAEEL	171990	unc-89	6.803	21	1	2	1.0	0.0	6.803
G5EEG9_CAEEL	172458	hlh-2	6.803	21	1	1	1.0	0.0	6.803
ACH2_CAEEL	172703	unc-29	6.803	21	1	0	1.0	0.0	6.803
Q86G45_CAEEL	180570	unc-2	6.803	21	1	3	1.0	0.0	6.803
CAPS_CAEEL	178233	unc-31	6.783	22	1	1	1.0	0.0	6.783
G5EG83_CAEEL	177374	zen-4	6.764	23	1	3	1.0	0.0	6.764
UN119_CAEEL	176519	unc-119	6.745	24	1	7	1.0	0.0	6.745
ITPR_CAEEL	177546	itr-1	6.745	24	1	0	1.0	0.0	6.745
G5EDN4_CAEEL	179893	end-1	6.745	24	1	1	1.0	0.0	6.745
NDUS2_CAEEL	181646	gas-1	6.727	25	1	2	1.0	0.0	6.727
PAL1_CAEEL	175638	pal-1	6.694	27	1	0	1.0	0.0	6.694
LIN44_CAEEL	171994	lin-44	6.678	28	1	4	1.0	0.0	6.678
MAB3_CAEEL	174533	mab-3	6.678	28	1	1	1.0	0.0	6.678
G5EGB2_CAEEL	174830	lin-29	6.678	28	1	0	1.0	0.0	6.678
DLK1_CAEEL	173128	dlk-1	6.634	31	1	0	1.0	0.0	6.634
EGL4_CAEEL	176991	egl-4	6.607	33	1	0	1.0	0.0	6.607
MYOD1_CAEEL	173788	hlh-1	6.594	34	1	4	1.0	0.0	6.594
G5EG05_CAEEL	177821	egl-20	6.581	35	1	2	1.0	0.0	6.581
SODC_CAEEL	174141	sod-1	6.513	41	1	1	1.0	0.0	6.513
EGL5_CAEEL	176093	egl-5	6.513	41	1	0	1.0	0.0	6.513
PTEN_CAEEL	176869	daf-18	6.492	43	1	2	1.0	0.0	6.492
PSN_CAEEL	180441	sel-12	6.453	47	1	0	1.0	0.0	6.453
G5EGG8_CAEEL	177914	rad-51	6.418	51	1	0	1.0	0.0	6.418
LIN3_CAEEL	178001	lin-3	6.418	51	1	2	1.0	0.0	6.418
ELT2_CAEEL	181250	elt-2	6.418	51	1	4	1.0	0.0	6.418
U4PE16_CAEEL	175086	ctl-3	6.409	52	1	1	1.0	0.0	6.409
TRA2_CAEEL	174137	tra-2	6.385	55	1	0	1.0	0.0	6.385
MPK1_CAEEL	175545	mpk-1	6.362	58	1	3	1.0	0.0	6.362
MAB5_CAEEL	176091	mab-5	6.354	59	1	0	1.0	0.0	6.354
DAF7_CAEEL	175237	daf-7	6.347	60	1	3	1.0	0.0	6.347
LIN35_CAEEL	172249	lin-35	6.333	62	1	2	1.0	0.0	6.333
H1ZUX3_CAEEL	175275	par-2	6.312	65	1	0	1.0	0.0	6.312
CDC42_CAEEL	174233	cdc-42	6.293	68	1	0	1.0	0.0	6.293
PHA4_CAEEL	180357	pha-4	6.293	68	1	2	1.0	0.0	6.293
G5EF96_CAEEL	172233	unc-40	6.211	82	1	1	1.0	0.0	6.211
CEP1_CAEEL	172616	cep-1	6.181	88	1	0	1.0	0.0	6.181
G5EFT5_CAEEL	173078	hsf-1	6.148	95	1	1	1.0	0.0	6.148
UNC6_CAEEL	180961	unc-6	6.039	122	1	0	1.0	0.0	6.039
CED4_CAEEL	175643	ced-4	5.923	159	1	1	1.0	0.0	5.923
