Big_T	3626
Big_F	130843
UniProtKB_ID	GeneID	Gene_Name	PPS	Big_P	T+P	Citation	1+Log(T+P)	log10((Cit/yr+1)/10)	1+log10(F/T)+log10(F/P)
PHA4_CAEEL	180357	pha-4	13.794	68	10	22	2.0	0.362	5.841
ODR10_CAEEL	180959	odr-10	11.018	22	5	10	1.699	0.041	6.331
FOXO_CAEEL	172981	daf-16	10.361	677	6	22	1.778	0.362	4.842
HLH6_CAEEL	188539	hlh-6	10.302	5	3	1	1.477	0.0	6.974
LIN35_CAEEL	172249	lin-35	9.991	62	5	5	1.699	0.0	5.881
G5EC35_CAEEL	179629	sma-1	9.924	9	3	1	1.477	0.0	6.719
G5EEE2_CAEEL	172723	tax-2	9.792	33	3	12	1.477	0.114	6.154
HM22_CAEEL	179485	ceh-22	9.74	12	3	3	1.477	0.0	6.594
Q8T3C1_CAEEL	180565	ser-7	9.516	17	3	9	1.477	0.0	6.443
Q21578_CAEEL	187454	pha-2	9.362	3	2	0	1.301	0.0	7.196
ITPR_CAEEL	177546	itr-1	9.295	24	3	2	1.477	0.0	6.293
G5EG02_CAEEL	177513	egl-19	9.244	26	3	1	1.477	0.0	6.258
EGL4_CAEEL	176991	egl-4	9.091	33	3	3	1.477	0.0	6.154
G5EFK9_CAEEL	173176	pmr-1	8.97	6	2	3	1.301	0.0	6.895
Q7KPP4_CAEEL	171988	unc-73	8.921	43	3	3	1.477	0.0	6.039
ODR4_CAEEL	175950	odr-4	8.883	7	2	4	1.301	0.0	6.828
TEN1_CAEEL	175953	ten-1	8.883	7	2	2	1.301	0.0	6.828
EAT5_CAEEL	172480	eat-5	8.741	9	2	7	1.301	0.0	6.719
TPM1_CAEEL	173319	lev-11	8.682	10	2	0	1.301	0.0	6.673
TBX2_CAEEL	175698	tbx-2	8.628	11	2	2	1.301	0.0	6.632
SER2_CAEEL	182110	ser-2	8.628	11	2	2	1.301	0.0	6.632
Q8IFY7_CAEEL	172270	avr-14	8.534	13	2	5	1.301	0.0	6.559
FBLN1_CAEEL	177788	fbl-1	8.534	13	2	1	1.301	0.0	6.559
GCY35_CAEEL	173202	gcy-35	8.492	14	2	6	1.301	0.0	6.527
G5ECB9_CAEEL	174836	mex-1	8.492	14	2	1	1.301	0.0	6.527
SRC1_CAEEL	171722	src-1	8.453	15	2	0	1.301	0.0	6.497
EAT4_CAEEL	176291	eat-4	8.35	18	2	2	1.301	0.0	6.418
EST1_CAEEL	178633	ges-1	8.35	18	2	0	1.301	0.0	6.418
V6CKQ3_CAEEL	171607	mex-3	8.236	22	2	1	1.301	0.0	6.331
FBF1_CAEEL	174016	fbf-1	8.211	23	2	4	1.301	0.0	6.311
NDUS2_CAEEL	181646	gas-1	8.164	25	2	1	1.301	0.0	6.275
O44512_CAEEL	177609	isp-1	8.088	36	1	20	1.0	0.322	6.117
GLP1_CAEEL	176286	glp-1	8.054	166	3	1	1.477	0.0	5.453
ACH8_CAEEL	175072	eat-2	7.927	38	2	7	1.301	0.0	6.093
SLO1_CAEEL	180203	slo-1	7.807	47	2	2	1.301	0.0	6.001
G5EEL5_CAEEL	179068	dbl-1	7.729	54	2	0	1.301	0.0	5.941
G5EGP8_CAEEL	171829	cpz-1	7.673	1	1	1	1.0	0.0	7.673
DAD1_CAEEL	172370	dad-1	7.673	1	1	0	1.0	0.0	7.673
G5EGS4_CAEEL	174791	kel-1	7.673	1	1	0	1.0	0.0	7.673
PXL1_CAEEL	175831	pxl-1	7.673	1	1	1	1.0	0.0	7.673
G5EE41_CAEEL	176102	cuc-1	7.673	1	1	0	1.0	0.0	7.673
BAT42_CAEEL	176152	bath-42	7.673	1	1	0	1.0	0.0	7.673
WRT5_CAEEL	177162	wrt-5	7.673	1	1	0	1.0	0.0	7.673
VDAC_CAEEL	177524	vdac-1	7.673	1	1	0	1.0	0.0	7.673
H2KZL2_CAEEL	178825	nlp-9	7.673	1	1	2	1.0	0.0	7.673
H2KZ94_CAEEL	180825	lgx-1	7.673	1	1	0	1.0	0.0	7.673
Q9XVI5_CAEEL	188762	spp-12	7.673	1	1	1	1.0	0.0	7.673
FABP7_CAEEL	191701	lbp-7	7.673	1	1	1	1.0	0.0	7.673
S6F527_CAEEL	3565805	eat-17	7.673	1	1	0	1.0	0.0	7.673
HIF1_CAEEL	180359	hif-1	7.514	79	2	6	1.301	0.0	5.775
POP1_CAEEL	171849	pop-1	7.507	80	2	4	1.301	0.0	5.77
P91093_CAEEL	172190	coq-1	7.372	2	1	0	1.0	0.0	7.372
O17072_CAEEL	173385	nfyc-1	7.372	2	1	0	1.0	0.0	7.372
LPLT2_CAEEL	173771	lat-2	7.372	2	1	2	1.0	0.0	7.372
PYR1_CAEEL	174385	pyr-1	7.372	2	1	1	1.0	0.0	7.372
NEPL1_CAEEL	174787	nep-1	7.372	2	1	0	1.0	0.0	7.372
Q9N419_CAEEL	177019	nsy-4	7.372	2	1	2	1.0	0.0	7.372
TNNI3_CAEEL	180127	tni-3	7.372	2	1	0	1.0	0.0	7.372
Q22510_CAEEL	180663	fkh-2	7.372	2	1	4	1.0	0.0	7.372
OAR2_CAEEL	180970	tyra-2	7.372	2	1	1	1.0	0.0	7.372
FLP03_CAEEL	181221	flp-3	7.372	2	1	1	1.0	0.0	7.372
TMC1_CAEEL	188483	tmc-1	7.372	2	1	1	1.0	0.0	7.372
Q22739_CAEEL	188857	nlp-2	7.372	2	1	0	1.0	0.0	7.372
COQ7_CAEEL	175729	clk-1	7.327	110	2	1	1.301	0.0	5.631
AGE1_CAEEL	174762	age-1	7.203	137	2	2	1.301	0.0	5.536
PHB1_CAEEL	171768	phb-1	7.196	3	1	3	1.0	0.0	7.196
G5EDV5_CAEEL	172678	cle-1	7.196	3	1	0	1.0	0.0	7.196
NRF6_CAEEL	174287	nrf-6	7.196	3	1	1	1.0	0.0	7.196
SDHB_CAEEL	174482	sdhb-1	7.196	3	1	1	1.0	0.0	7.196
PLCG_CAEEL	174586	plc-3	7.196	3	1	0	1.0	0.0	7.196
Q09493_CAEEL	174739	shn-1	7.196	3	1	0	1.0	0.0	7.196
HM19_CAEEL	177590	ceh-19	7.196	3	1	0	1.0	0.0	7.196
G5ED20_CAEEL	178887	tam-1	7.196	3	1	1	1.0	0.0	7.196
HM24_CAEEL	179877	ceh-24	7.196	3	1	1	1.0	0.0	7.196
A8WI01_CAEEL	180004	cng-1	7.196	3	1	0	1.0	0.0	7.196
FLR4_CAEEL	181604	flr-4	7.196	3	1	0	1.0	0.0	7.196
TPS1_CAEEL	181778	tps-1	7.196	3	1	3	1.0	0.0	7.196
TBX35_CAEEL	191239	tbx-35	7.196	3	1	1	1.0	0.0	7.196
G5EE18_CAEEL	191619	ceh-28	7.196	3	1	0	1.0	0.0	7.196
H2KYW5_CAEEL	3896760	nsy-7	7.196	3	1	2	1.0	0.0	7.196
PER_CAEEL	173503	lin-42	7.123	19	1	12	1.0	0.114	6.394
MYO1_CAEEL	172471	myo-1	7.071	4	1	0	1.0	0.0	7.071
G5ECC6_CAEEL	172600	ins-18	7.071	4	1	0	1.0	0.0	7.071
Q5H9N3_CAEEL	174225	nfi-1	7.071	4	1	0	1.0	0.0	7.071
FEH1_CAEEL	175373	feh-1	7.071	4	1	1	1.0	0.0	7.071
SULU_CAEEL	175862	kin-18	7.071	4	1	0	1.0	0.0	7.071
CBPE_CAEEL	177940	egl-21	7.071	4	1	0	1.0	0.0	7.071
Q9BMH9_CAEEL	179098	odr-2	7.071	4	1	1	1.0	0.0	7.071
Q8MNV9_CAEEL	179257	sup-37	7.071	4	1	0	1.0	0.0	7.071
LITE1_CAEEL	180894	lite-1	7.071	4	1	5	1.0	0.0	7.071
GPA12_CAEEL	181157	gpa-12	7.071	4	1	0	1.0	0.0	7.071
B7WNA0_CAEEL	172744	pyk-1	6.974	5	1	0	1.0	0.0	6.974
Q17880_CAEEL	174696	nuo-1	6.974	5	1	0	1.0	0.0	6.974
A0A1C3NSI5_CAEEL	175590	cdh-4	6.974	5	1	1	1.0	0.0	6.974
H2KZM4_CAEEL	180532	peb-1	6.974	5	1	0	1.0	0.0	6.974
Q21836_CAEEL	181302	alr-1	6.974	5	1	1	1.0	0.0	6.974
HM02_CAEEL	191615	ceh-2	6.974	5	1	1	1.0	0.0	6.974
O17894_CAEEL	191623	unc-39	6.974	5	1	0	1.0	0.0	6.974
G5ECD6_CAEEL	172508	chs-1	6.895	6	1	2	1.0	0.0	6.895
GEI17_CAEEL	172733	gei-17	6.895	6	1	2	1.0	0.0	6.895
Q564S5_CAEEL	173293	eya-1	6.895	6	1	1	1.0	0.0	6.895
Q22355_CAEEL	173749	ast-1	6.895	6	1	0	1.0	0.0	6.895
G5EF54_CAEEL	179377	str-2	6.895	6	1	4	1.0	0.0	6.895
GCY33_CAEEL	179644	gcy-33	6.895	6	1	0	1.0	0.0	6.895
P90735_CAEEL	179796	eat-6	6.895	6	1	2	1.0	0.0	6.895
D7SFP2_CAEEL	179834	avr-15	6.895	6	1	3	1.0	0.0	6.895
DIG1_CAEEL	175951	dig-1	6.828	7	1	0	1.0	0.0	6.828
G5EEA1_CAEEL	180672	lim-4	6.828	7	1	2	1.0	0.0	6.828
CADH3_CAEEL	176085	cdh-3	6.77	8	1	3	1.0	0.0	6.77
FLP14_CAEEL	176708	flp-14	6.77	8	1	0	1.0	0.0	6.77
H2AV_CAEEL	177212	htz-1	6.77	8	1	2	1.0	0.0	6.77
GCH1_CAEEL	179472	cat-4	6.77	8	1	3	1.0	0.0	6.77
ANM1_CAEEL	180326	prmt-1	6.77	8	1	0	1.0	0.0	6.77
MADD_CAEEL	180420	aex-3	6.77	8	1	2	1.0	0.0	6.77
PDI2_CAEEL	180724	pdi-2	6.77	8	1	0	1.0	0.0	6.77
Q23098_CAEEL	172438	nuo-6	6.719	9	1	1	1.0	0.0	6.719
G5EDM7_CAEEL	175054	daf-5	6.719	9	1	2	1.0	0.0	6.719
Q20766_CAEEL	178036	gtl-2	6.719	9	1	0	1.0	0.0	6.719
Q93329_CAEEL	191600	lev-8	6.719	9	1	2	1.0	0.0	6.719
GBB2_CAEEL	172483	gpb-2	6.673	10	1	1	1.0	0.0	6.673
AP1M_CAEEL	173121	unc-101	6.673	10	1	3	1.0	0.0	6.673
ELT7_CAEEL	178868	elt-7	6.673	10	1	0	1.0	0.0	6.673
GCY10_CAEEL	181479	odr-1	6.673	10	1	4	1.0	0.0	6.673
KAPC1_CAEEL	3565407	kin-1	6.673	10	1	2	1.0	0.0	6.673
ENO_CAEEL	174423	enol-1	6.632	11	1	1	1.0	0.0	6.632
Q22024_CAEEL	174552	egl-43	6.632	11	1	1	1.0	0.0	6.632
G5EGL5_CAEEL	176543	pha-1	6.632	11	1	0	1.0	0.0	6.632
G5ECN8_CAEEL	185718	ces-1	6.632	11	1	1	1.0	0.0	6.632
Q9N5Z3_CAEEL	171635	tol-1	6.594	12	1	5	1.0	0.0	6.594
TNNC2_CAEEL	174612	tnc-2	6.594	12	1	0	1.0	0.0	6.594
ACM3_CAEEL	179962	gar-3	6.594	12	1	0	1.0	0.0	6.594
SYB1_CAEEL	266648	snb-1	6.594	12	1	3	1.0	0.0	6.594
INSR_CAEEL	175410	daf-2	6.574	416	2	2	1.301	0.0	5.053
G5ECJ4_CAEEL	172771	mec-8	6.559	13	1	3	1.0	0.0	6.559
APX1_CAEEL	178759	apx-1	6.559	13	1	1	1.0	0.0	6.559
UNC7_CAEEL	181608	unc-7	6.559	13	1	1	1.0	0.0	6.559
DAF11_CAEEL	179605	daf-11	6.527	14	1	2	1.0	0.0	6.527
SMA3_CAEEL	175955	sma-3	6.497	15	1	0	1.0	0.0	6.497
CES2_CAEEL	173365	ces-2	6.469	16	1	1	1.0	0.0	6.469
Q9N5S2_CAEEL	172983	gpx-8	6.443	17	1	0	1.0	0.0	6.443
V6CIR8_CAEEL	177329	rme-2	6.443	17	1	2	1.0	0.0	6.443
I2HAA6_CAEEL	179080	unc-68	6.443	17	1	1	1.0	0.0	6.443
G5EDY8_CAEEL	177336	drp-1	6.418	18	1	4	1.0	0.0	6.418
G5EDZ9_CAEEL	177372	cpi-1	6.394	19	1	0	1.0	0.0	6.394
CATA2_CAEEL	259738	ctl-1	6.394	19	1	0	1.0	0.0	6.394
O16720_CAEEL	173468	alg-2	6.372	20	1	0	1.0	0.0	6.372
SARM1_CAEEL	175502	tir-1	6.372	20	1	2	1.0	0.0	6.372
O17532_CAEEL	180431	daf-3	6.372	20	1	1	1.0	0.0	6.372
UNC4_CAEEL	174544	unc-4	6.351	21	1	0	1.0	0.0	6.351
MED15_CAEEL	175817	mdt-15	6.351	21	1	0	1.0	0.0	6.351
UNC17_CAEEL	24105312	unc-17	6.351	21	1	0	1.0	0.0	6.351
G5EDU7_CAEEL	177373	lag-1	6.331	22	1	0	1.0	0.0	6.331
CAPS_CAEEL	178233	unc-31	6.331	22	1	1	1.0	0.0	6.331
MYO3_CAEEL	179676	myo-3	6.311	23	1	0	1.0	0.0	6.311
RAB3_CAEEL	173971	rab-3	6.293	24	1	2	1.0	0.0	6.293
UN119_CAEEL	176519	unc-119	6.293	24	1	1	1.0	0.0	6.293
RHO1_CAEEL	178458	rho-1	6.258	26	1	1	1.0	0.0	6.258
PAL1_CAEEL	175638	pal-1	6.242	27	1	2	1.0	0.0	6.242
G5EGU1_CAEEL	171751	egl-30	6.226	28	1	0	1.0	0.0	6.226
G5EED8_CAEEL	174227	tph-1	6.226	28	1	3	1.0	0.0	6.226
EGL9_CAEEL	179461	egl-9	6.226	28	1	2	1.0	0.0	6.226
SODM1_CAEEL	172632	sod-2	6.211	29	1	1	1.0	0.0	6.211
CALR_CAEEL	178997	crt-1	6.196	30	1	1	1.0	0.0	6.196
DYN1_CAEEL	181644	dyn-1	6.196	30	1	2	1.0	0.0	6.196
IRE1_CAEEL	174305	ire-1	6.154	33	1	1	1.0	0.0	6.154
MYSP_CAEEL	172491	unc-15	6.129	35	1	0	1.0	0.0	6.129
SEK1_CAEEL	181043	sek-1	6.117	36	1	1	1.0	0.0	6.117
KPC3_CAEEL	173914	pkc-3	6.06	41	1	0	1.0	0.0	6.06
COX1_CAEEL	2565700	cox-1	5.983	49	1	0	1.0	0.0	5.983
Q18534_CAEEL	180752	npr-1	5.974	50	1	4	1.0	0.0	5.974
U4PE16_CAEEL	175086	ctl-3	5.957	52	1	0	1.0	0.0	5.957
GLR1_CAEEL	176204	glr-1	5.917	57	1	0	1.0	0.0	5.917
UNC13_CAEEL	172497	unc-13	5.888	61	1	0	1.0	0.0	5.888
MYO4_CAEEL	259839	unc-54	5.867	64	1	0	1.0	0.0	5.867
HSP12_CAEEL	178659	hsp-16.2	5.792	76	1	1	1.0	0.0	5.792
PAR3_CAEEL	175783	par-3	5.7	94	1	3	1.0	0.0	5.7
LET60_CAEEL	178104	let-60	5.69	96	1	0	1.0	0.0	5.69
UNC6_CAEEL	180961	unc-6	5.586	122	1	3	1.0	0.0	5.586
DAF12_CAEEL	181263	daf-12	5.569	127	1	0	1.0	0.0	5.569
SKN1_CAEEL	177343	skn-1	5.355	208	1	4	1.0	0.0	5.355
