Big_T	1161
Big_F	130843
UniProtKB_ID	GeneID	Gene_Name	PPS	Big_P	T+P	Citation	1+Log(T+P)	log10((Cit/yr+1)/10)	1+log10(F/T)+log10(F/P)
GLP1_CAEEL	176286	glp-1	15.141	166	16	21	2.204	0.342	5.946
POP1_CAEEL	171849	pop-1	14.907	80	10	23	2.0	0.38	6.263
GLD2_CAEEL	172338	gld-2	14.206	30	7	18	1.845	0.279	6.689
FOXO_CAEEL	172981	daf-16	14.044	677	11	38	2.041	0.591	5.335
LIN28_CAEEL	172626	lin-28	13.195	66	5	23	1.699	0.38	6.346
LIN12_CAEEL	176282	lin-12	13.059	224	11	15	2.041	0.204	5.816
V6CKQ3_CAEEL	171607	mex-3	12.133	22	6	8	1.778	0.0	6.824
PIE1_CAEEL	176667	pie-1	12.131	39	5	13	1.699	0.146	6.575
H1ZUX3_CAEEL	175275	par-2	12.09	65	5	15	1.699	0.204	6.353
G5EFQ5_CAEEL	172243	rnt-1	11.926	14	5	3	1.699	0.0	7.02
GLD1_CAEEL	172532	gld-1	11.273	84	4	15	1.602	0.204	6.242
G5ECB9_CAEEL	174836	mex-1	11.246	14	4	3	1.602	0.0	7.02
Q09487_CAEEL	174197	puf-8	11.198	15	4	3	1.602	0.0	6.99
ASH2_CAEEL	174838	ash-2	11.12	6	2	15	1.301	0.204	7.388
MAB5_CAEEL	176091	mab-5	10.865	59	5	1	1.699	0.0	6.395
G5EBM0_CAEEL	174334	eff-1	10.671	32	4	4	1.602	0.0	6.661
Q95ZL9_CAEEL	172158	bro-1	10.653	9	3	3	1.477	0.0	7.212
EGL15_CAEEL	181291	egl-15	10.609	35	4	2	1.602	0.0	6.622
LIN39_CAEEL	176068	lin-39	10.269	57	4	2	1.602	0.0	6.41
G5EBS6_CAEEL	171895	fog-1	10.14	20	2	14	1.301	0.176	6.865
G5EDN4_CAEEL	179893	end-1	10.023	24	3	3	1.477	0.0	6.786
PAL1_CAEEL	175638	pal-1	9.948	27	3	5	1.477	0.0	6.735
G5EEM9_CAEEL	173795	ipla-1	9.841	4	2	2	1.301	0.0	7.564
KC1A_CAEEL	175524	kin-19	9.841	4	2	4	1.301	0.0	7.564
MYOD1_CAEEL	173788	hlh-1	9.8	34	3	6	1.477	0.0	6.634
G5EDV1_CAEEL	171832	lin-17	9.729	38	3	1	1.477	0.0	6.586
HLH3_CAEEL	174447	hlh-3	9.715	5	2	1	1.301	0.0	7.467
O02053_CAEEL	172342	san-1	9.449	8	2	2	1.301	0.0	7.263
G5EGF4_CAEEL	176992	egl-18	9.449	8	2	2	1.301	0.0	7.263
CDK2_CAEEL	171911	cdk-2	9.323	10	2	9	1.301	0.0	7.166
V6CIV8_CAEEL	191704	lip-1	9.269	11	2	6	1.301	0.0	7.125
G5EFF4_CAEEL	172435	sem-4	9.175	13	2	2	1.301	0.0	7.052
WNT1_CAEEL	173399	cwn-1	9.175	13	2	2	1.301	0.0	7.052
MOM2_CAEEL	179217	mom-2	9.175	13	2	6	1.301	0.0	7.052
SET1_CAEEL	175918	set-1	9.133	14	2	6	1.301	0.0	7.02
P90786_CAEEL	172515	prg-1	9.094	15	2	8	1.301	0.0	6.99
MES1_CAEEL	181362	mes-1	9.094	15	2	2	1.301	0.0	6.99
SYV_CAEEL	173224	vrs-2	9.023	17	2	5	1.301	0.0	6.935
HMR1_CAEEL	173007	hmr-1	8.991	18	2	2	1.301	0.0	6.911
PER_CAEEL	173503	lin-42	8.96	19	2	7	1.301	0.0	6.887
G5EEG9_CAEEL	172458	hlh-2	8.904	21	2	3	1.301	0.0	6.844
NLK_CAEEL	176808	lit-1	8.904	21	2	4	1.301	0.0	6.844
FBF1_CAEEL	174016	fbf-1	8.852	23	2	2	1.301	0.0	6.804
KDM5_CAEEL	177985	rbr-2	8.815	7	1	15	1.0	0.204	7.321
LIN3_CAEEL	178001	lin-3	8.402	51	2	3	1.301	0.0	6.458
CED1_CAEEL	173064	ced-1	8.37	54	2	1	1.301	0.0	6.434
A0A0K3AUZ3_CAEEL	179046	lipl-4	8.318	5	1	12	1.0	0.114	7.467
G5EFT5_CAEEL	173078	hsf-1	8.307	95	2	10	1.301	0.041	6.188
Q9N3R5_CAEEL	171929	inx-22	8.166	1	1	2	1.0	0.0	8.166
A5HU98_CAEEL	171963	guk-1	8.166	1	1	1	1.0	0.0	8.166
O44985_CAEEL	172406	teg-4	8.166	1	1	1	1.0	0.0	8.166
Q93233_CAEEL	172768	pabp-2	8.166	1	1	0	1.0	0.0	8.166
G5ECZ9_CAEEL	174039	bpl-1	8.166	1	1	2	1.0	0.0	8.166
Q19300_CAEEL	174165	farl-11	8.166	1	1	0	1.0	0.0	8.166
GNL3_CAEEL	174329	nst-1	8.166	1	1	1	1.0	0.0	8.166
Q19863_CAEEL	174376	aptf-4	8.166	1	1	0	1.0	0.0	8.166
MO25M_CAEEL	174527	mop-25.2	8.166	1	1	2	1.0	0.0	8.166
MOE3_CAEEL	174960	moe-3	8.166	1	1	1	1.0	0.0	8.166
BCL7_CAEEL	175838	bcl-7	8.166	1	1	1	1.0	0.0	8.166
H2KYX3_CAEEL	175870	nfm-1	8.166	1	1	0	1.0	0.0	8.166
Q18033_CAEEL	175900	thoc-2	8.166	1	1	1	1.0	0.0	8.166
ROA1_CAEEL	177101	hrp-1	8.166	1	1	1	1.0	0.0	8.166
G5EEM0_CAEEL	178821	nhr-114	8.166	1	1	3	1.0	0.0	8.166
Q9U1R1_CAEEL	180233	ceh-51	8.166	1	1	2	1.0	0.0	8.166
Q93239_CAEEL	182740	folr-1	8.166	1	1	0	1.0	0.0	8.166
Q18171_CAEEL	182915	spe-44	8.166	1	1	1	1.0	0.0	8.166
NDF1_CAEEL	183212	cnd-1	8.166	1	1	1	1.0	0.0	8.166
G5EF96_CAEEL	172233	unc-40	8.134	82	2	8	1.301	0.0	6.252
Q20449_CAEEL	185840	lipl-2	8.011	15	1	13	1.0	0.146	6.99
UBR1_CAEEL	171953	ubr-1	7.865	2	1	0	1.0	0.0	7.865
O02289_CAEEL	172604	gla-3	7.865	2	1	2	1.0	0.0	7.865
O44729_CAEEL	172999	prp-17	7.865	2	1	2	1.0	0.0	7.865
P90992_CAEEL	173414	misc-1	7.865	2	1	0	1.0	0.0	7.865
Q19305_CAEEL	174169	spon-1	7.865	2	1	0	1.0	0.0	7.865
Q18993_CAEEL	174386	piga-1	7.865	2	1	1	1.0	0.0	7.865
CAPZB_CAEEL	174673	cap-2	7.865	2	1	0	1.0	0.0	7.865
Q9TXZ9_CAEEL	176031	ykt-6	7.865	2	1	0	1.0	0.0	7.865
MET16_CAEEL	191526	mett-10	7.865	2	1	1	1.0	0.0	7.865
RIOK1_CAEEL	171883	riok-1	7.689	3	1	0	1.0	0.0	7.689
CSK2B_CAEEL	172610	kin-10	7.689	3	1	0	1.0	0.0	7.689
CHSSA_CAEEL	172851	sqv-5	7.689	3	1	1	1.0	0.0	7.689
IFB1_CAEEL	173976	ifb-1	7.689	3	1	3	1.0	0.0	7.689
Q8I132_CAEEL	174759	ooc-3	7.689	3	1	0	1.0	0.0	7.689
GLCE_CAEEL	175562	hse-5	7.689	3	1	1	1.0	0.0	7.689
NBEA_CAEEL	175606	sel-2	7.689	3	1	1	1.0	0.0	7.689
GRP1_CAEEL	176140	grp-1	7.689	3	1	1	1.0	0.0	7.689
KDM7_CAEEL	177232	jmjd-1.2	7.689	3	1	2	1.0	0.0	7.689
G5ED20_CAEEL	178887	tam-1	7.689	3	1	1	1.0	0.0	7.689
TMED2_CAEEL	179213	sel-9	7.689	3	1	1	1.0	0.0	7.689
HM32_CAEEL	179603	ceh-32	7.689	3	1	0	1.0	0.0	7.689
2A51_CAEEL	180100	pptr-1	7.689	3	1	4	1.0	0.0	7.689
TBX35_CAEEL	191239	tbx-35	7.689	3	1	1	1.0	0.0	7.689
HM16_CAEEL	191618	ceh-16	7.689	3	1	1	1.0	0.0	7.689
SKN1_CAEEL	177343	skn-1	7.608	208	2	7	1.301	0.0	5.848
O44782_CAEEL	172259	vpr-1	7.564	4	1	1	1.0	0.0	7.564
Q18955_CAEEL	172636	unc-120	7.564	4	1	3	1.0	0.0	7.564
FKPC1_CAEEL	173051	kpc-1	7.564	4	1	1	1.0	0.0	7.564
DPY2_CAEEL	174107	dpy-2	7.564	4	1	1	1.0	0.0	7.564
SLBP_CAEEL	174659	cdl-1	7.564	4	1	1	1.0	0.0	7.564
DYL1_CAEEL	175922	dlc-1	7.564	4	1	0	1.0	0.0	7.564
G5EG04_CAEEL	179381	fshr-1	7.564	4	1	1	1.0	0.0	7.564
HIPK_CAEEL	180695	hpk-1	7.564	4	1	0	1.0	0.0	7.564
CHD3_CAEEL	181421	chd-3	7.564	4	1	2	1.0	0.0	7.564
O61707_CAEEL	171630	taf-4	7.467	5	1	3	1.0	0.0	7.467
A4LBC3_CAEEL	172026	met-1	7.467	5	1	0	1.0	0.0	7.467
KS6A1_CAEEL	172647	rskn-1	7.467	5	1	1	1.0	0.0	7.467
G5EEJ2_CAEEL	174261	cki-2	7.467	5	1	1	1.0	0.0	7.467
TORS_CAEEL	174433	ooc-5	7.467	5	1	1	1.0	0.0	7.467
A0A1C3NSI5_CAEEL	175590	cdh-4	7.467	5	1	1	1.0	0.0	7.467
ANI1_CAEEL	176672	ani-1	7.467	5	1	0	1.0	0.0	7.467
U4PBX5_CAEEL	177084	eel-1	7.467	5	1	1	1.0	0.0	7.467
G5EEE7_CAEEL	177140	vab-2	7.467	5	1	0	1.0	0.0	7.467
LIN61_CAEEL	172467	lin-61	7.388	6	1	0	1.0	0.0	7.388
GEI17_CAEEL	172733	gei-17	7.388	6	1	2	1.0	0.0	7.388
SEM1A_CAEEL	173351	smp-1	7.388	6	1	0	1.0	0.0	7.388
U2AF2_CAEEL	175270	uaf-1	7.388	6	1	1	1.0	0.0	7.388
ZIF1_CAEEL	176274	zif-1	7.388	6	1	1	1.0	0.0	7.388
STRD1_CAEEL	176526	strd-1	7.388	6	1	1	1.0	0.0	7.388
UNC71_CAEEL	176706	unc-71	7.388	6	1	1	1.0	0.0	7.388
G5EDE1_CAEEL	181588	pag-3	7.388	6	1	0	1.0	0.0	7.388
PTRN1_CAEEL	181743	ptrn-1	7.388	6	1	4	1.0	0.0	7.388
NICA_CAEEL	172905	aph-2	7.321	7	1	1	1.0	0.0	7.321
Q19988_CAEEL	173869	lrr-1	7.321	7	1	0	1.0	0.0	7.321
CO4A1_CAEEL	176314	emb-9	7.321	7	1	1	1.0	0.0	7.321
G5EEC5_CAEEL	178205	ham-1	7.321	7	1	0	1.0	0.0	7.321
G5EEA1_CAEEL	180672	lim-4	7.321	7	1	2	1.0	0.0	7.321
A0A131MCP7_CAEEL	181110	utx-1	7.321	7	1	8	1.0	0.0	7.321
APN1_CAEEL	174291	apn-1	7.263	8	1	0	1.0	0.0	7.263
Q9N3F8_CAEEL	175433	ral-1	7.263	8	1	4	1.0	0.0	7.263
G5EF76_CAEEL	177082	lin-22	7.263	8	1	0	1.0	0.0	7.263
Q86S28_CAEEL	178788	lin-40	7.263	8	1	0	1.0	0.0	7.263
BLMP1_CAEEL	172917	blmp-1	7.212	9	1	3	1.0	0.0	7.212
G5EEC4_CAEEL	173058	vab-10	7.212	9	1	0	1.0	0.0	7.212
O76668_CAEEL	175167	nhr-80	7.212	9	1	8	1.0	0.0	7.212
G5EDH0_CAEEL	191275	kri-1	7.212	9	1	1	1.0	0.0	7.212
TBX12_CAEEL	173441	mab-9	7.166	10	1	0	1.0	0.0	7.166
TACC1_CAEEL	175133	tac-1	7.166	10	1	2	1.0	0.0	7.166
A7DTF0_CAEEL	176702	mrg-1	7.166	10	1	0	1.0	0.0	7.166
LE418_CAEEL	178970	let-418	7.166	10	1	1	1.0	0.0	7.166
RYK_CAEEL	180679	lin-18	7.166	10	1	3	1.0	0.0	7.166
G5ECR9_CAEEL	192082	unc-55	7.166	10	1	0	1.0	0.0	7.166
DPY5_CAEEL	172197	dpy-5	7.125	11	1	0	1.0	0.0	7.125
Q95PX8_CAEEL	174150	tcer-1	7.125	11	1	4	1.0	0.0	7.125
Q22024_CAEEL	174552	egl-43	7.125	11	1	1	1.0	0.0	7.125
TTX3_CAEEL	181357	ttx-3	7.087	12	1	2	1.0	0.0	7.087
G5ECM1_CAEEL	172523	rrf-1	7.052	13	1	5	1.0	0.0	7.052
G5ECJ4_CAEEL	172771	mec-8	7.052	13	1	3	1.0	0.0	7.052
SKR1_CAEEL	172775	skr-1	7.052	13	1	2	1.0	0.0	7.052
LSD1_CAEEL	173214	spr-5	7.052	13	1	2	1.0	0.0	7.052
LIN31_CAEEL	173740	lin-31	7.052	13	1	3	1.0	0.0	7.052
APX1_CAEEL	178759	apx-1	7.052	13	1	1	1.0	0.0	7.052
ATR_CAEEL	179352	atl-1	7.052	13	1	4	1.0	0.0	7.052
KS6B_CAEEL	176554	rsks-1	7.02	14	1	5	1.0	0.0	7.02
UNC30_CAEEL	178265	unc-30	7.02	14	1	2	1.0	0.0	7.02
SRC1_CAEEL	171722	src-1	6.99	15	1	0	1.0	0.0	6.99
CCNE_CAEEL	172399	cye-1	6.99	15	1	2	1.0	0.0	6.99
Q23406_CAEEL	174158	nos-2	6.99	15	1	3	1.0	0.0	6.99
WLS_CAEEL	175020	mig-14	6.99	15	1	2	1.0	0.0	6.99
GSK3_CAEEL	173149	gsk-3	6.962	16	1	2	1.0	0.0	6.962
ELT1_CAEEL	177794	elt-1	6.962	16	1	1	1.0	0.0	6.962
MIG17_CAEEL	179575	mig-17	6.962	16	1	1	1.0	0.0	6.962
PK1_CAEEL	180873	pak-1	6.962	16	1	7	1.0	0.0	6.962
NHR49_CAEEL	172839	nhr-49	6.936	32	1	10	1.0	0.041	6.661
G5EF15_CAEEL	179224	pos-1	6.935	17	1	3	1.0	0.0	6.935
Q7K797_CAEEL	172920	pab-1	6.911	18	1	3	1.0	0.0	6.911
ROL6_CAEEL	174397	rol-6	6.911	18	1	0	1.0	0.0	6.911
EST1_CAEEL	178633	ges-1	6.911	18	1	0	1.0	0.0	6.911
FBF2_CAEEL	174017	fbf-2	6.887	19	1	2	1.0	0.0	6.887
CGH1_CAEEL	176061	cgh-1	6.887	19	1	5	1.0	0.0	6.887
HBL1_CAEEL	180848	hbl-1	6.887	19	1	2	1.0	0.0	6.887
NHR25_CAEEL	181432	nhr-25	6.887	19	1	0	1.0	0.0	6.887
UNC3_CAEEL	181573	unc-3	6.887	19	1	2	1.0	0.0	6.887
LIN26_CAEEL	3565051	lin-26	6.887	19	1	0	1.0	0.0	6.887
GPA16_CAEEL	171675	gpa-16	6.844	21	1	3	1.0	0.0	6.844
G5EEF1_CAEEL	180402	egl-17	6.824	22	1	0	1.0	0.0	6.824
G5EFI9_CAEEL	171939	hus-1	6.804	23	1	3	1.0	0.0	6.804
MBK2_CAEEL	178250	mbk-2	6.804	23	1	9	1.0	0.0	6.804
G5EBY3_CAEEL	172562	nmy-2	6.786	24	1	1	1.0	0.0	6.786
G5EDE2_CAEEL	176506	hpl-2	6.786	24	1	0	1.0	0.0	6.786
SPO11_CAEEL	191771	spo-11	6.751	26	1	1	1.0	0.0	6.751
LIN44_CAEEL	171994	lin-44	6.719	28	1	3	1.0	0.0	6.719
MAB3_CAEEL	174533	mab-3	6.719	28	1	1	1.0	0.0	6.719
HSP90_CAEEL	179971	daf-21	6.703	29	1	0	1.0	0.0	6.703
LIN11_CAEEL	172893	lin-11	6.661	32	1	4	1.0	0.0	6.661
IRE1_CAEEL	174305	ire-1	6.647	33	1	0	1.0	0.0	6.647
MEC3_CAEEL	177938	mec-3	6.586	38	1	0	1.0	0.0	6.586
Q7KPP4_CAEEL	171988	unc-73	6.532	43	1	0	1.0	0.0	6.532
PTEN_CAEEL	176869	daf-18	6.532	43	1	0	1.0	0.0	6.532
UNC86_CAEEL	176157	unc-86	6.476	49	1	1	1.0	0.0	6.476
AAPK2_CAEEL	181727	aak-2	6.476	49	1	5	1.0	0.0	6.476
ELT2_CAEEL	181250	elt-2	6.458	51	1	5	1.0	0.0	6.458
TRA2_CAEEL	174137	tra-2	6.425	55	1	0	1.0	0.0	6.425
MPK1_CAEEL	175545	mpk-1	6.402	58	1	0	1.0	0.0	6.402
DAF7_CAEEL	175237	daf-7	6.388	60	1	0	1.0	0.0	6.388
LIN35_CAEEL	172249	lin-35	6.374	62	1	2	1.0	0.0	6.374
O45815_CAEEL	176793	act-5	6.366	63	1	1	1.0	0.0	6.366
PAR1_CAEEL	179912	par-1	6.34	67	1	2	1.0	0.0	6.34
PHA4_CAEEL	180357	pha-4	6.333	68	1	2	1.0	0.0	6.333
LET23_CAEEL	174462	let-23	6.268	79	1	0	1.0	0.0	6.268
HIF1_CAEEL	180359	hif-1	6.268	79	1	3	1.0	0.0	6.268
CEP1_CAEEL	172616	cep-1	6.221	88	1	1	1.0	0.0	6.221
PAR3_CAEEL	175783	par-3	6.193	94	1	4	1.0	0.0	6.193
LET60_CAEEL	178104	let-60	6.183	96	1	0	1.0	0.0	6.183
UNC6_CAEEL	180961	unc-6	6.079	122	1	2	1.0	0.0	6.079
DAF12_CAEEL	181263	daf-12	6.062	127	1	6	1.0	0.0	6.062
INSR_CAEEL	175410	daf-2	5.546	416	1	2	1.0	0.0	5.546
