Big_T	374894
Big_F	130843
UniProtKB_ID	GeneID	Gene_Name	PPS	Big_P	T+P	Citation	1+Log(T+P)	log10((Cit/yr+1)/10)	1+log10(F/T)+log10(F/P)
FOXO_CAEEL	172981	daf-16	3.383	677	31	77	2.491	0.892	1.0
SKN1_CAEEL	177343	skn-1	2.158	208	8	17	1.903	0.255	1.0
SODC_CAEEL	174141	sod-1	1.929	41	5	16	1.699	0.23	1.0
O45246_CAEEL	172757	hsp-70	1.778	61	6	3	1.778	0.0	1.0
U4PE16_CAEEL	175086	ctl-3	1.778	52	6	3	1.778	0.0	1.0
CEP1_CAEEL	172616	cep-1	1.699	88	5	0	1.699	0.0	1.0
HSP7D_CAEEL	174203	hsp-4	1.699	26	5	3	1.699	0.0	1.0
G5EEY3_CAEEL	176472	unc-49	1.699	21	5	3	1.699	0.0	1.0
HSP12_CAEEL	178659	hsp-16.2	1.699	76	5	5	1.699	0.0	1.0
HIF1_CAEEL	180359	hif-1	1.681	79	4	11	1.602	0.079	1.0
DUOX1_CAEEL	171608	bli-3	1.602	16	4	6	1.602	0.0	1.0
G5EFI9_CAEEL	171939	hus-1	1.602	23	4	0	1.602	0.0	1.0
SODM1_CAEEL	172632	sod-2	1.602	29	4	6	1.602	0.0	1.0
G5EED8_CAEEL	174227	tph-1	1.602	28	4	2	1.602	0.0	1.0
DCA11_CAEEL	172518	wdr-23	1.477	11	3	7	1.477	0.0	1.0
AHR_CAEEL	172788	ahr-1	1.477	14	3	3	1.477	0.0	1.0
G5EFT5_CAEEL	173078	hsf-1	1.477	95	3	3	1.477	0.0	1.0
A5JYS1_CAEEL	174775	pcs-1	1.477	13	3	3	1.477	0.0	1.0
INSR_CAEEL	175410	daf-2	1.477	416	3	7	1.477	0.0	1.0
MED15_CAEEL	175817	mdt-15	1.477	21	3	5	1.477	0.0	1.0
NTDO_CAEEL	176304	dat-1	1.477	20	3	1	1.477	0.0	1.0
RPB1_CAEEL	177190	ama-1	1.477	14	3	0	1.477	0.0	1.0
G5EDZ9_CAEEL	177372	cpi-1	1.477	19	3	3	1.477	0.0	1.0
GST4_CAEEL	177886	gst-4	1.477	37	3	1	1.477	0.0	1.0
MEC4_CAEEL	181728	mec-4	1.477	56	3	5	1.477	0.0	1.0
Q27526_CAEEL	188583	bgal-1	1.477	29	3	1	1.477	0.0	1.0
Q965P2_CAEEL	189507	cht-4	1.477	35	3	0	1.477	0.0	1.0
CED9_CAEEL	3565776	ced-9	1.477	142	3	2	1.477	0.0	1.0
O44512_CAEEL	177609	isp-1	1.322	36	1	20	1.0	0.322	1.0
POP1_CAEEL	171849	pop-1	1.301	80	2	1	1.301	0.0	1.0
MEK2_CAEEL	171872	mek-2	1.301	15	2	0	1.301	0.0	1.0
GNAO_CAEEL	172505	goa-1	1.301	47	2	0	1.301	0.0	1.0
H2L2E8_CAEEL	172831	tba-1	1.301	10	2	0	1.301	0.0	1.0
Q9N5S2_CAEEL	172983	gpx-8	1.301	17	2	0	1.301	0.0	1.0
SUP9_CAEEL	173613	sup-9	1.301	5	2	3	1.301	0.0	1.0
PINK1_CAEEL	173918	pink-1	1.301	15	2	2	1.301	0.0	1.0
LPLT1_CAEEL	174419	lat-1	1.301	13	2	1	1.301	0.0	1.0
GSH1_CAEEL	174438	gcs-1	1.301	13	2	0	1.301	0.0	1.0
SARM1_CAEEL	175502	tir-1	1.301	20	2	4	1.301	0.0	1.0
HS110_CAEEL	176195	hsp-110	1.301	18	2	1	1.301	0.0	1.0
O45815_CAEEL	176793	act-5	1.301	63	2	0	1.301	0.0	1.0
NHR8_CAEEL	177551	nhr-8	1.301	12	2	3	1.301	0.0	1.0
LET60_CAEEL	178104	let-60	1.301	96	2	1	1.301	0.0	1.0
BRE5_CAEEL	178142	bre-5	1.301	5	2	3	1.301	0.0	1.0
GSTPA_CAEEL	178725	gst-10	1.301	6	2	3	1.301	0.0	1.0
MT1_CAEEL	179060	mtl-1	1.301	21	2	2	1.301	0.0	1.0
EGL9_CAEEL	179461	egl-9	1.301	28	2	9	1.301	0.0	1.0
GCH1_CAEEL	179472	cat-4	1.301	8	2	7	1.301	0.0	1.0
Q86ME4_CAEEL	180714	dop-1	1.301	14	2	1	1.301	0.0	1.0
DEG1_CAEEL	181035	deg-1	1.301	16	2	4	1.301	0.0	1.0
Q9N4P2_CAEEL	191230	glrx-21	1.301	2	2	3	1.301	0.0	1.0
PMK1_CAEEL	191743	pmk-1	1.301	60	2	5	1.301	0.0	1.0
MYO4_CAEEL	259839	unc-54	1.301	64	2	9	1.301	0.0	1.0
Q9N5Z3_CAEEL	171635	tol-1	1.0	12	1	0	1.0	0.0	1.0
Q9N2Z7_CAEEL	171647	wwp-1	1.0	8	1	3	1.0	0.0	1.0
Q9BL53_CAEEL	171758	tub-2	1.0	1	1	0	1.0	0.0	1.0
G4SR45_CAEEL	171900	zip-4	1.0	1	1	0	1.0	0.0	1.0
G5EDV9_CAEEL	171905	ace-2	1.0	26	1	1	1.0	0.0	1.0
Q9N3T5_CAEEL	171915	spg-7	1.0	1	1	1	1.0	0.0	1.0
G5EES2_CAEEL	172174	erm-1	1.0	11	1	1	1.0	0.0	1.0
G5EDF9_CAEEL	172262	pgp-2	1.0	10	1	3	1.0	0.0	1.0
PK3C3_CAEEL	172280	vps-34	1.0	14	1	0	1.0	0.0	1.0
G5ECY6_CAEEL	172303	chn-1	1.0	5	1	1	1.0	0.0	1.0
MEC6_CAEEL	172389	mec-6	1.0	15	1	1	1.0	0.0	1.0
A5JYT2_CAEEL	172461	swsn-9	1.0	1	1	2	1.0	0.0	1.0
CPG3_CAEEL	172465	cpg-3	1.0	2	1	0	1.0	0.0	1.0
GBB2_CAEEL	172483	gpb-2	1.0	10	1	1	1.0	0.0	1.0
Q18853_CAEEL	172582	cyc-1	1.0	21	1	0	1.0	0.0	1.0
G5ED36_CAEEL	172594	rme-8	1.0	9	1	0	1.0	0.0	1.0
G5ECC6_CAEEL	172600	ins-18	1.0	4	1	0	1.0	0.0	1.0
LIN28_CAEEL	172626	lin-28	1.0	66	1	1	1.0	0.0	1.0
TRPG_CAEEL	172646	gon-2	1.0	13	1	0	1.0	0.0	1.0
GEI17_CAEEL	172733	gei-17	1.0	6	1	2	1.0	0.0	1.0
EF2_CAEEL	172743	eef-2	1.0	3	1	0	1.0	0.0	1.0
P91857_CAEEL	172755	rab-5	1.0	45	1	5	1.0	0.0	1.0
O18033_CAEEL	172803	nra-2	1.0	2	1	0	1.0	0.0	1.0
LRK1_CAEEL	172995	lrk-1	1.0	6	1	1	1.0	0.0	1.0
DMD_CAEEL	173038	dys-1	1.0	16	1	1	1.0	0.0	1.0
CED1_CAEEL	173064	ced-1	1.0	54	1	0	1.0	0.0	1.0
G5EFK9_CAEEL	173176	pmr-1	1.0	6	1	3	1.0	0.0	1.0
LSD1_CAEEL	173214	spr-5	1.0	13	1	0	1.0	0.0	1.0
SYV_CAEEL	173224	vrs-2	1.0	17	1	1	1.0	0.0	1.0
DKF1_CAEEL	173234	dkf-1	1.0	3	1	0	1.0	0.0	1.0
EXC4_CAEEL	173314	exc-4	1.0	3	1	4	1.0	0.0	1.0
TY3H_CAEEL	173411	cat-2	1.0	18	1	0	1.0	0.0	1.0
DJ11_CAEEL	173416	djr-1.1	1.0	2	1	0	1.0	0.0	1.0
O76556_CAEEL	173446	lips-7	1.0	4	1	3	1.0	0.0	1.0
Q7KQ29_CAEEL	173500	pod-2	1.0	7	1	0	1.0	0.0	1.0
Q86N72_CAEEL	173510	alh-6	1.0	2	1	2	1.0	0.0	1.0
LPLT2_CAEEL	173771	lat-2	1.0	2	1	0	1.0	0.0	1.0
Q27538_CAEEL	173776	sod-5	1.0	10	1	0	1.0	0.0	1.0
RAB3_CAEEL	173971	rab-3	1.0	24	1	0	1.0	0.0	1.0
SPI1_CAEEL	174219	spi-1	1.0	2	1	3	1.0	0.0	1.0
ACR7_CAEEL	174262	acr-7	1.0	2	1	1	1.0	0.0	1.0
IRE1_CAEEL	174305	ire-1	1.0	33	1	2	1.0	0.0	1.0
FUTA_CAEEL	174400	fut-1	1.0	8	1	1	1.0	0.0	1.0
Q94055_CAEEL	174414	agxt-1	1.0	1	1	0	1.0	0.0	1.0
TADBP_CAEEL	174436	tdp-1	1.0	4	1	3	1.0	0.0	1.0
MAB3_CAEEL	174533	mab-3	1.0	28	1	0	1.0	0.0	1.0
PKD1_CAEEL	174576	lov-1	1.0	18	1	1	1.0	0.0	1.0
AGE1_CAEEL	174762	age-1	1.0	137	1	7	1.0	0.0	1.0
Q23451_CAEEL	174785	rad-23	1.0	2	1	0	1.0	0.0	1.0
E2AKB_CAEEL	174953	gcn-2	1.0	8	1	1	1.0	0.0	1.0
Q93701_CAEEL	175010	gst-19	1.0	1	1	1	1.0	0.0	1.0
ACH8_CAEEL	175072	eat-2	1.0	38	1	3	1.0	0.0	1.0
Q9U295_CAEEL	175076	ace-3	1.0	12	1	0	1.0	0.0	1.0
O02592_CAEEL	175230	ptl-1	1.0	15	1	2	1.0	0.0	1.0
Q21148_CAEEL	175240	zip-2	1.0	4	1	9	1.0	0.0	1.0
PQN41_CAEEL	175335	pqn-41	1.0	2	1	3	1.0	0.0	1.0
G5EE07_CAEEL	175541	xbp-1	1.0	33	1	3	1.0	0.0	1.0
MAB21_CAEEL	175607	mab-21	1.0	14	1	1	1.0	0.0	1.0
CED4_CAEEL	175643	ced-4	1.0	159	1	0	1.0	0.0	1.0
G5EDM1_CAEEL	175674	nca-2	1.0	7	1	0	1.0	0.0	1.0
Q09590_CAEEL	175710	emb-8	1.0	6	1	1	1.0	0.0	1.0
G5EBS1_CAEEL	175725	gro-1	1.0	14	1	1	1.0	0.0	1.0
Q23281_CAEEL	175728	toc-1	1.0	1	1	2	1.0	0.0	1.0
PQE1_CAEEL	175731	pqe-1	1.0	3	1	2	1.0	0.0	1.0
H2KYG4_CAEEL	175778	bas-1	1.0	11	1	0	1.0	0.0	1.0
G5EGJ5_CAEEL	175807	ida-1	1.0	7	1	0	1.0	0.0	1.0
UBIQ1_CAEEL	175840	ubq-1	1.0	3	1	0	1.0	0.0	1.0
EF2K_CAEEL	175871	efk-1	1.0	3	1	1	1.0	0.0	1.0
PISD_CAEEL	176027	psd-1	1.0	2	1	0	1.0	0.0	1.0
Q8T666_CAEEL	176074	cup-5	1.0	13	1	0	1.0	0.0	1.0
CUTC_CAEEL	176186	cutc-1	1.0	1	1	1	1.0	0.0	1.0
ASNA_CAEEL	176254	asna-1	1.0	5	1	0	1.0	0.0	1.0
TRXR2_CAEEL	176259	trxr-2	1.0	4	1	1	1.0	0.0	1.0
GSTP1_CAEEL	176281	gst-1	1.0	5	1	0	1.0	0.0	1.0
EAT4_CAEEL	176291	eat-4	1.0	18	1	0	1.0	0.0	1.0
CNG_CAEEL	176297	tax-4	1.0	34	1	1	1.0	0.0	1.0
BRE3_CAEEL	176332	bre-3	1.0	1	1	2	1.0	0.0	1.0
VATL1_CAEEL	176383	vha-1	1.0	3	1	0	1.0	0.0	1.0
UNC47_CAEEL	176431	unc-47	1.0	16	1	1	1.0	0.0	1.0
Q22613_CAEEL	176433	dod-6	1.0	3	1	1	1.0	0.0	1.0
Q22291_CAEEL	176452	spp-1	1.0	9	1	1	1.0	0.0	1.0
G5EFD4_CAEEL	176540	hmt-1	1.0	5	1	2	1.0	0.0	1.0
PIE1_CAEEL	176667	pie-1	1.0	39	1	2	1.0	0.0	1.0
G5EE14_CAEEL	176770	cua-1	1.0	3	1	1	1.0	0.0	1.0
O46023_CAEEL	176803	flp-15	1.0	1	1	0	1.0	0.0	1.0
V6CLJ6_CAEEL	176816	pdr-1	1.0	10	1	1	1.0	0.0	1.0
G5EDL0_CAEEL	177016	lin-1	1.0	31	1	0	1.0	0.0	1.0
NRAMC_CAEEL	177044	smf-3	1.0	4	1	3	1.0	0.0	1.0
Q8MXS0_CAEEL	177089	mca-3	1.0	2	1	0	1.0	0.0	1.0
TRXR1_CAEEL	177466	trxr-1	1.0	13	1	0	1.0	0.0	1.0
G5EG02_CAEEL	177513	egl-19	1.0	26	1	0	1.0	0.0	1.0
GMD1_CAEEL	177717	bre-1	1.0	3	1	1	1.0	0.0	1.0
G5EGG8_CAEEL	177914	rad-51	1.0	51	1	2	1.0	0.0	1.0
SIR2_CAEEL	177924	sir-2.1	1.0	103	1	2	1.0	0.0	1.0
MEC3_CAEEL	177938	mec-3	1.0	38	1	0	1.0	0.0	1.0
TRPA1_CAEEL	178118	trpa-1	1.0	11	1	8	1.0	0.0	1.0
PGP1_CAEEL	178215	pgp-1	1.0	10	1	3	1.0	0.0	1.0
CED3_CAEEL	178272	ced-3	1.0	254	1	0	1.0	0.0	1.0
I2HAI7_CAEEL	178326	qui-1	1.0	2	1	3	1.0	0.0	1.0
O45278_CAEEL	178522	haf-1	1.0	5	1	0	1.0	0.0	1.0
H2L0C9_CAEEL	178581	ugt-29	1.0	3	1	0	1.0	0.0	1.0
CALM_CAEEL	178614	cmd-1	1.0	13	1	0	1.0	0.0	1.0
EST1_CAEEL	178633	ges-1	1.0	18	1	0	1.0	0.0	1.0
LAG2_CAEEL	178755	lag-2	1.0	37	1	1	1.0	0.0	1.0
LYS7_CAEEL	178772	lys-7	1.0	12	1	0	1.0	0.0	1.0
O44650_CAEEL	178803	cyp-35b1	1.0	2	1	0	1.0	0.0	1.0
NHR57_CAEEL	178813	nhr-57	1.0	1	1	4	1.0	0.0	1.0
ELT7_CAEEL	178868	elt-7	1.0	10	1	0	1.0	0.0	1.0
Q22947_CAEEL	178927	rhr-1	1.0	3	1	1	1.0	0.0	1.0
G5EEZ3_CAEEL	178930	glc-3	1.0	24	1	0	1.0	0.0	1.0
GDPP1_CAEEL	178982	gdpgp1	1.0	2	1	0	1.0	0.0	1.0
FAT7_CAEEL	179100	fat-7	1.0	20	1	2	1.0	0.0	1.0
GPA2_CAEEL	179219	gpa-2	1.0	15	1	3	1.0	0.0	1.0
O01883_CAEEL	179315	ucp-4	1.0	6	1	1	1.0	0.0	1.0
Q20445_CAEEL	179371	smg-4	1.0	6	1	0	1.0	0.0	1.0
ACT1_CAEEL	179535	act-1	1.0	9	1	0	1.0	0.0	1.0
ACH4_CAEEL	179574	des-2	1.0	7	1	1	1.0	0.0	1.0
P90735_CAEEL	179796	eat-6	1.0	6	1	0	1.0	0.0	1.0
Q9XUW8_CAEEL	179898	aip-1	1.0	6	1	1	1.0	0.0	1.0
ACM3_CAEEL	179962	gar-3	1.0	12	1	0	1.0	0.0	1.0
HSP90_CAEEL	179971	daf-21	1.0	29	1	0	1.0	0.0	1.0
ATX3_CAEEL	180049	atx-3	1.0	6	1	0	1.0	0.0	1.0
SLO1_CAEEL	180203	slo-1	1.0	47	1	2	1.0	0.0	1.0
G5EEI4_CAEEL	180251	asp-1	1.0	9	1	2	1.0	0.0	1.0
Q9U2G5_CAEEL	180289	mrp-7	1.0	1	1	0	1.0	0.0	1.0
G5EGF0_CAEEL	180401	che-2	1.0	12	1	1	1.0	0.0	1.0
Q20943_CAEEL	180408	mrp-2	1.0	1	1	0	1.0	0.0	1.0
P91096_CAEEL	180706	dop-6	1.0	5	1	0	1.0	0.0	1.0
Q18534_CAEEL	180752	npr-1	1.0	50	1	1	1.0	0.0	1.0
A4_CAEEL	180783	apl-1	1.0	26	1	0	1.0	0.0	1.0
VPS41_CAEEL	180800	vps-41	1.0	6	1	2	1.0	0.0	1.0
PK1_CAEEL	180873	pak-1	1.0	16	1	0	1.0	0.0	1.0
CDF1_CAEEL	180923	cdf-1	1.0	7	1	1	1.0	0.0	1.0
NRAMA_CAEEL	180939	smf-1	1.0	6	1	3	1.0	0.0	1.0
Q21481_CAEEL	180950	dhs-28	1.0	5	1	2	1.0	0.0	1.0
ODR10_CAEEL	180959	odr-10	1.0	22	1	0	1.0	0.0	1.0
SEK1_CAEEL	181043	sek-1	1.0	36	1	0	1.0	0.0	1.0
CATP5_CAEEL	181067	catp-5	1.0	1	1	1	1.0	0.0	1.0
LEC8_CAEEL	181198	lec-8	1.0	3	1	1	1.0	0.0	1.0
DAF12_CAEEL	181263	daf-12	1.0	127	1	5	1.0	0.0	1.0
G5ED62_CAEEL	181271	sma-9	1.0	8	1	0	1.0	0.0	1.0
A0A0K3AST9_CAEEL	181273	vap-2	1.0	4	1	0	1.0	0.0	1.0
Q17645_CAEEL	181276	pgp-5	1.0	4	1	1	1.0	0.0	1.0
Q23163_CAEEL	181297	lpr-5	1.0	2	1	1	1.0	0.0	1.0
PGP3_CAEEL	181326	pgp-3	1.0	8	1	1	1.0	0.0	1.0
GOB1_CAEEL	181637	gob-1	1.0	1	1	1	1.0	0.0	1.0
NDUS2_CAEEL	181646	gas-1	1.0	25	1	2	1.0	0.0	1.0
SGK1_CAEEL	181697	sgk-1	1.0	28	1	0	1.0	0.0	1.0
SER2_CAEEL	182110	ser-2	1.0	11	1	1	1.0	0.0	1.0
O02628_CAEEL	182177	cyp-35a2	1.0	6	1	1	1.0	0.0	1.0
NAS8_CAEEL	183207	nas-8	1.0	1	1	0	1.0	0.0	1.0
CLHM1_CAEEL	183429	clhm-1	1.0	3	1	1	1.0	0.0	1.0
O16220_CAEEL	183622	cyp-35a4	1.0	2	1	1	1.0	0.0	1.0
Q19223_CAEEL	184206	irg-4	1.0	4	1	1	1.0	0.0	1.0
O02357_CAEEL	185307	irg-5	1.0	1	1	1	1.0	0.0	1.0
Q93700_CAEEL	185412	gst-18	1.0	28	1	0	1.0	0.0	1.0
Q27499_CAEEL	185653	cyp-33e2	1.0	3	1	1	1.0	0.0	1.0
Q21302_CAEEL	187120	xpa-1	1.0	13	1	2	1.0	0.0	1.0
GST5_CAEEL	187537	gst-5	1.0	1	1	2	1.0	0.0	1.0
Q9BL83_CAEEL	189590	vps-4	1.0	8	1	0	1.0	0.0	1.0
Q95XQ4_CAEEL	189770	zeel-1	1.0	4	1	5	1.0	0.0	1.0
Q9U2E4_CAEEL	189959	bcmo-1	1.0	1	1	0	1.0	0.0	1.0
Q9XWK6_CAEEL	190015	sup-35	1.0	6	1	4	1.0	0.0	1.0
Q22622_CAEEL	191740	osm-10	1.0	4	1	3	1.0	0.0	1.0
C560_CAEEL	260040	mev-1	1.0	77	1	1	1.0	0.0	1.0
CYB_CAEEL	2565702	ctb-1	1.0	24	1	6	1.0	0.0	1.0
TPS2_CAEEL	3565050	tps-2	1.0	9	1	1	1.0	0.0	1.0
A7DT45_CAEEL	24104659	oxy-5	1.0	1	1	0	1.0	0.0	1.0
NSY1_CAEEL	24104671	nsy-1	1.0	14	1	0	1.0	0.0	1.0
