Big_T	56127
Big_F	1656734
UniProtKB_ID	GeneID	Gene_Name	PPS	Big_P	T+P	Citation	1+Log(T+P)	log10((Cit/yr+1)/10)	1+log10(F/T)+log10(F/P)
G3V6P5_RAT	24952	Gcg	28.762	1518	437	387	3.64	1.589	5.5
IAPP_RAT	24476	Iapp	26.108	638	170	162	3.23	1.212	5.877
AKT1_RAT	24185	Akt1	25.445	4730	385	313	3.585	1.497	5.006
HXK4_RAT	24385	Gck	24.937	806	239	86	3.378	0.94	5.775
GTR4_RAT	25139	Slc2a4	24.894	1801	315	122	3.498	1.09	5.426
CATA_RAT	24248	Cat	24.675	7234	557	234	3.746	1.371	4.822
ALDR_RAT	24192	Akr1b1	24.558	1030	551	38	3.741	0.591	5.669
Q8K3R4_RAT	246253	Adipoq	23.6	995	156	90	3.193	0.959	5.684
INS1_RAT	24505	Ins1	22.963	632	110	72	3.041	0.863	5.881
T2CB11_RAT	24954	Insr	22.938	1390	231	59	3.364	0.778	5.538
Q5BKB0_RAT	24494	Il1b	22.88	11144	386	224	3.587	1.352	4.633
ANGT_RAT	24179	Agt	22.656	14480	518	198	3.714	1.299	4.519
IGF1_RAT	24482	Igf1	22.211	6210	480	72	3.681	0.863	4.887
PPARG_RAT	25664	Pparg	22.165	1378	128	77	3.107	0.892	5.542
LEP_RAT	25608	Lep	22.03	1803	115	99	3.061	1.0	5.425
INS2_RAT	24506	Ins2	21.92	220	82	34	2.914	0.544	6.339
MK08_RAT	116554	Mapk8	21.876	2054	111	106	3.045	1.029	5.369
Q68FZ1_RAT	25351	Slc2a2	21.814	577	78	61	2.892	0.792	5.92
BCL2_RAT	24224	Bcl2	21.559	5951	236	104	3.373	1.021	4.906
SC5A2_RAT	64522	Slc5a2	21.555	123	38	48	2.58	0.69	6.592
PDX1_RAT	29535	Pdx1	21.399	327	59	49	2.771	0.699	6.167
G6PC_RAT	25634	G6pc	21.235	1660	161	47	3.207	0.681	5.462
GTR1_RAT	24778	Slc2a1	21.206	893	152	32	3.182	0.519	5.731
IRS1_RAT	25467	Irs1	21.189	1053	74	74	2.869	0.875	5.659
A0A0G2K218_RAT	81722	Ager	21.094	384	67	42	2.826	0.633	6.097
IL6_RAT	24498	Il6	20.975	10505	218	145	3.338	1.164	4.658
TNFA_RAT	24835	Tnf	20.792	18872	246	214	3.391	1.332	4.402
HMOX1_RAT	24451	Hmox1	20.616	2652	86	96	2.934	0.987	5.258
AAPK2_RAT	78975	Prkaa2	20.61	801	41	89	2.613	0.954	5.778
DPP4_RAT	25253	Dpp4	20.383	828	80	42	2.903	0.633	5.763
F1LRE1_RAT	116686	Gsr	20.304	2479	161	42	3.207	0.633	5.287
LEPR_RAT	24536	Lepr	20.203	395	55	37	2.74	0.58	6.085
PPARA_RAT	25747	Ppara	20.201	2202	95	63	2.978	0.806	5.339
G6PD_RAT	24377	G6pdx	20.121	2056	140	39	3.146	0.602	5.368
NOS2_RAT	24599	Nos2	20.117	6210	198	65	3.297	0.82	4.887
MCPT1_RAT	100360872	Mcpt1	20.027	760	63	44	2.799	0.653	5.801
NPY_RAT	24604	Npy	19.858	3653	143	52	3.155	0.724	5.118
TXNIP_RAT	117514	Txnip	19.839	93	22	40	2.342	0.613	6.713
GHRL_RAT	59301	Ghrl	19.819	1647	55	76	2.74	0.886	5.465
ACE_RAT	24310	Ace	19.818	3881	195	39	3.29	0.602	5.092
CCL2_RAT	24770	Ccl2	19.708	1975	83	54	2.919	0.74	5.386
EDN1_RAT	24323	Edn1	19.704	5741	210	47	3.322	0.681	4.922
GLP1R_RAT	25051	Glp1r	19.603	468	32	56	2.505	0.756	6.011
F1LST1_RAT	25661	Fn1	19.561	3505	134	47	3.127	0.681	5.136
NOS1_RAT	24598	Nos1	19.442	2331	120	37	3.079	0.58	5.314
Q811Y3_RAT	114553	Ncf1	19.362	268	32	38	2.505	0.591	6.253
Q6IMX5_RAT	29184	Cd36	19.134	400	36	38	2.556	0.591	6.08
KPCB_RAT	25023	Prkcb	19.066	371	47	27	2.672	0.447	6.112
CASP3_RAT	25402	Casp3	18.978	8340	120	80	3.079	0.908	4.759
F1LS98_RAT	24680	Prkca	18.971	1095	64	35	2.806	0.556	5.642
VEGFA_RAT	83785	Vegfa	18.924	5329	112	58	3.049	0.771	4.954
TGFB1_RAT	59086	Tgfb1	18.804	8540	166	54	3.22	0.74	4.748
PODO_RAT	170672	Nphs2	18.595	152	33	21	2.519	0.342	6.5
PAI1_RAT	24617	Serpine1	18.487	862	50	32	2.699	0.519	5.746
RHOA_RAT	117273	Rhoa	18.421	968	49	34	2.69	0.544	5.696
NEU2_RAT	24221	Avp	18.371	5549	351	14	3.545	0.176	4.937
SRBP1_RAT	78968	Srebf1	18.169	604	16	74	2.204	0.875	5.9
NOS3_RAT	24600	Nos3	18.065	1372	49	36	2.69	0.568	5.544
Q8VI80_RAT	170580	Fgf21	18.054	63	14	29	2.146	0.477	6.882
GFAP_RAT	24387	Gfap	17.927	3872	72	45	2.857	0.663	5.093
GPX1_RAT	24404	Gpx1	17.876	1512	71	24	2.851	0.398	5.502
ICAM1_RAT	25464	Icam1	17.839	2701	50	49	2.699	0.699	5.25
LIPL_RAT	24539	Lpl	17.796	1070	88	15	2.944	0.204	5.652
PTN1_RAT	24697	Ptpn1	17.665	247	46	13	2.663	0.146	6.289
B1H216_RAT	25632	Hba-a1	17.66	89	42	6	2.623	0.0	6.732
OGA_RAT	154968	Mgea5	17.627	871	47	24	2.672	0.398	5.742
CISY_RAT	170587	Cs	17.566	890	40	28	2.602	0.462	5.732
GIMA5_RAT	246774	Gimap5	17.535	46	21	14	2.322	0.176	7.019
TRI63_RAT	140939	Trim63	17.461	227	12	47	2.079	0.681	6.326
THIO_RAT	116484	Txn	17.34	420	28	25	2.447	0.415	6.058
BDNF_RAT	24225	Bdnf	17.319	5296	65	47	2.813	0.681	4.957
PARP1_RAT	25591	Parp1	17.299	967	33	32	2.519	0.519	5.696
AQP2_RAT	25386	Aqp2	17.147	566	26	29	2.415	0.477	5.929
G3V8U2_RAT	117519	Keap1	17.146	130	12	33	2.079	0.531	6.568
TIMP1_RAT	116510	Timp1	17.08	1355	52	22	2.716	0.362	5.549
AATM_RAT	25721	Got2	16.939	3371	88	21	2.944	0.342	5.153
NAR2B_RAT	293152	Art2b	16.928	150	40	3	2.602	0.0	6.506
Q80ZA3_RAT	287526	Serpinf1	16.903	171	19	21	2.279	0.342	6.449
CXA1_RAT	24392	Gja1	16.775	1649	47	24	2.672	0.398	5.464
SC5A1_RAT	25552	Slc5a1	16.745	281	27	17	2.431	0.255	6.233
RENI_RAT	24715	Ren1	16.741	5109	93	24	2.968	0.398	4.973
BECN1_RAT	114558	Becn1	16.717	408	27	20	2.431	0.322	6.071
CALCA_RAT	24241	Calca	16.687	4028	102	18	3.009	0.279	5.076
SODM_RAT	24787	Sod2	16.615	1429	29	34	2.462	0.544	5.526
VGFR2_RAT	25589	Kdr	16.548	857	36	20	2.556	0.322	5.749
G3V782_RAT	191570	Serpina12	16.457	36	12	16	2.079	0.23	7.125
PCKGC_RAT	362282	Pck1	16.428	743	48	13	2.681	0.146	5.811
ACOD1_RAT	246074	Scd1	16.375	275	30	13	2.477	0.146	6.242
GRAB_RAT	171528	Gzmb	16.368	125	18	16	2.255	0.23	6.585
NOX4_RAT	85431	Nox4	16.191	403	11	41	2.041	0.623	6.076
Q8K4J7_RAT	246250	Retn	16.187	76	16	14	2.204	0.176	6.801
CASPC_RAT	156117	Casp12	16.185	347	27	15	2.431	0.204	6.141
GIP_RAT	25040	Gip	16.094	323	27	14	2.431	0.176	6.172
EPO_RAT	24335	Epo	16.055	1761	31	28	2.491	0.462	5.436
HIF1A_RAT	29560	Hif1a	16.017	1558	36	22	2.556	0.362	5.489
FFAR1_RAT	266607	Ffar1	16.003	60	16	12	2.204	0.114	6.903
HMGB1_RAT	25459	Hmgb1	15.93	788	21	26	2.322	0.431	5.785
Q71SA3_RAT	445442	Thbs1	15.857	232	27	11	2.431	0.079	6.316
STAT3_RAT	25125	Stat3	15.828	1420	27	26	2.431	0.431	5.529
CD4_RAT	24932	Cd4	15.811	2941	83	12	2.919	0.114	5.213
Q9QX70_RAT	24329	Egfr	15.775	1482	27	26	2.431	0.431	5.51
IL2_RAT	116562	Il2	15.552	2864	79	11	2.898	0.079	5.224
Q6MG98_RAT	294269	RT1-Da	15.394	371	33	0	2.519	0.0	6.112
UCP3_RAT	25708	Ucp3	15.382	375	22	14	2.342	0.176	6.108
Q8K422_RAT	24664	Pomc	15.362	2019	36	19	2.556	0.301	5.376
UCP1_RAT	24860	Ucp1	15.358	548	32	11	2.505	0.079	5.943
F1MAL5_RAT	29376	Irs2	15.342	372	18	17	2.255	0.255	6.111
PYC_RAT	25104	Pc	15.279	766	27	15	2.431	0.204	5.797
LITH_RAT	24714	Reg1	15.253	113	20	3	2.301	0.0	6.629
CTGF_RAT	64032	Ctgf	15.247	740	30	13	2.477	0.146	5.812
AAPK1_RAT	65248	Prkaa1	15.18	53	8	18	1.903	0.279	6.957
O70253_RAT	25756	Cpt1b	15.121	318	28	5	2.447	0.0	6.179
SMS_RAT	24797	Sst	15.11	1312	52	0	2.716	0.0	5.563
MYPT1_RAT	116670	Ppp1r12a	15.102	203	18	12	2.255	0.114	6.374
BKRB1_RAT	81509	Bdkrb1	15.079	222	24	7	2.38	0.0	6.335
PYGL_RAT	64035	Pygl	15.06	279	26	0	2.415	0.0	6.236
GCR_RAT	24413	Nr3c1	15.048	2004	33	18	2.519	0.279	5.379
ALBU_RAT	24186	Alb	15.017	1951	61	9	2.785	0.0	5.391
PDLI3_RAT	114108	Pdlim3	15.014	643	36	9	2.556	0.0	5.873
PRGC1_RAT	83516	Ppargc1a	14.973	667	20	17	2.301	0.255	5.857
SYT1_RAT	25716	Syt1	14.92	1459	22	22	2.342	0.362	5.517
DNM1L_RAT	114114	Dnm1l	14.869	100	8	20	1.903	0.322	6.682
EPHB1_RAT	24338	Ephb1	14.849	3003	34	20	2.531	0.322	5.204
VIP_RAT	117064	Vip	14.848	2752	68	8	2.833	0.0	5.242
F1M957_RAT	116669	Vwf	14.782	411	21	12	2.322	0.114	6.068
CBLB_RAT	171136	Cblb	14.761	20	10	4	2.0	0.0	7.381
MMP2_RAT	81686	Mmp2	14.748	2726	36	17	2.556	0.255	5.246
F16P2_RAT	114508	Fbp2	14.713	67	14	4	2.146	0.0	6.856
ANF_RAT	24602	Nppa	14.595	3022	64	6	2.806	0.0	5.201
LGUL_RAT	294320	Glo1	14.585	84	12	11	2.079	0.079	6.757
AGTRA_RAT	24180	Agtr1	14.583	2723	43	13	2.633	0.146	5.246
B2RYE7_RAT	100188935	RT1-A	14.554	496	27	4	2.431	0.0	5.986
3BHS5_RAT	24470	Hsd3b5	14.547	296	22	2	2.342	0.0	6.21
MLXPL_RAT	171078	Mlxipl	14.542	86	13	10	2.114	0.041	6.747
HGF_RAT	24446	Hgf	14.506	1278	25	15	2.398	0.204	5.575
UCP2_RAT	54315	Ucp2	14.502	475	20	12	2.301	0.114	6.005
Q5FVT5_RAT	116551	Pdk1	14.485	106	15	9	2.176	0.0	6.656
SODC_RAT	24786	Sod1	14.452	1312	33	11	2.519	0.079	5.563
ABCC8_RAT	25559	Abcc8	14.445	189	18	4	2.255	0.0	6.405
LIPE_RAT	291437	Lipg	14.396	1054	35	9	2.544	0.0	5.659
M0R590_RAT	108351137	LOC108351137	14.395	577	27	9	2.431	0.0	5.92
GLR_RAT	24953	Gcgr	14.329	125	15	6	2.176	0.0	6.585
A9CMC8_RAT	116569	Lct	14.291	476	24	1	2.38	0.0	6.004
IDE_RAT	25700	Ide	14.283	159	16	5	2.204	0.0	6.48
EDNRA_RAT	24326	Ednra	14.278	1355	22	16	2.342	0.23	5.549
FGF2_RAT	54250	Fgf2	14.241	3430	39	14	2.591	0.176	5.146
RASK_RAT	24525	Kras	14.237	2381	23	20	2.362	0.322	5.304
CAH1_RAT	310218	Ca1	14.2	11709	48	24	2.681	0.398	4.612
ACLY_RAT	24159	Acly	14.182	287	19	4	2.279	0.0	6.224
D4A400_RAT	287610	Lpo	14.166	214	17	1	2.23	0.0	6.351
A0A0G2K1F2_RAT	116719	Acacb	14.164	37	7	13	1.845	0.146	7.113
COX1_RAT	26195	Mtco1	14.161	1320	22	15	2.342	0.204	5.561
GNRHR_RAT	81668	Gnrhr	14.16	5576	74	4	2.869	0.0	4.935
PECA1_RAT	29583	Pecam1	14.149	848	24	11	2.38	0.079	5.753
CCKAR_RAT	24889	Cckar	14.144	440	22	3	2.342	0.0	6.038
ADA_RAT	24165	Ada	14.135	674	26	3	2.415	0.0	5.853
FADS2_RAT	83512	Fads2	14.126	223	17	0	2.23	0.0	6.333
G3V617_RAT	81649	Mapk14	14.117	3982	30	19	2.477	0.301	5.081
MMP9_RAT	81687	Mmp9	14.115	2972	19	26	2.279	0.431	5.208
CRP_RAT	25419	Crp	14.11	690	26	6	2.415	0.0	5.843
CCKN_RAT	25298	Cck	14.08	3140	52	6	2.716	0.0	5.184
HMDH_RAT	25675	Hmgcr	14.07	1003	30	3	2.477	0.0	5.68
F1LQH2_RAT	81736	Nfkb1	14.046	2838	18	26	2.255	0.431	5.228
NGF_RAT	310738	Ngf	14.012	2856	48	4	2.681	0.0	5.226
AOC3_RAT	29473	Aoc3	13.99	179	15	1	2.176	0.0	6.429
OSTCN_RAT	25295	Bglap	13.948	1988	39	5	2.591	0.0	5.383
PGH2_RAT	29527	Ptgs2	13.933	3174	35	13	2.544	0.146	5.179
ACTH_RAT	25365	Actg2	13.931	1212	28	10	2.447	0.041	5.598
IGF2_RAT	24483	Igf2	13.917	1337	32	3	2.505	0.0	5.555
SMAD3_RAT	25631	Smad3	13.896	808	17	14	2.23	0.176	5.774
Q9JKL3_RAT	24887	Bax	13.851	4781	28	20	2.447	0.322	5.001
PP1G_RAT	24669	Ppp1cc	13.848	15	7	0	1.845	0.0	7.506
MK01_RAT	116590	Mapk1	13.838	5012	25	23	2.398	0.38	4.981
APOB_RAT	54225	Apob	13.817	678	23	6	2.362	0.0	5.85
PA21B_RAT	29526	Pla2g1b	13.799	2150	38	6	2.58	0.0	5.349
GIPR_RAT	25024	Gipr	13.798	27	8	8	1.903	0.0	7.25
ILK_RAT	170922	Ilk	13.723	91	11	4	2.041	0.0	6.723
HNF4A_RAT	25735	Hnf4a	13.712	259	7	21	1.845	0.342	6.268
TNF11_RAT	117516	Tnfsf11	13.71	674	22	8	2.342	0.0	5.853
Q2IBD1_RAT	114487	Wnt2	13.706	177	9	14	1.954	0.176	6.434
O35849_RAT	24530	Lcat	13.698	293	16	2	2.204	0.0	6.215
TRIB3_RAT	246273	Trib3	13.646	50	9	8	1.954	0.0	6.983
Q99ND3_RAT	25682	Ppard	13.643	169	13	6	2.114	0.0	6.454
TSHR_RAT	25360	Tshr	13.615	136	12	0	2.079	0.0	6.548
PTHY_RAT	24694	Pth	13.588	2877	40	3	2.602	0.0	5.222
NGAL_RAT	170496	Lcn2	13.586	503	17	10	2.23	0.041	5.98
PTPRC_RAT	24699	Ptprc	13.58	572	14	13	2.146	0.146	5.924
OLR1_RAT	140914	Olr1	13.58	107	11	4	2.041	0.0	6.652
DUS1_RAT	114856	Dusp1	13.576	227	14	4	2.146	0.0	6.326
PAHO_RAT	24677	Ppy	13.575	182	13	2	2.114	0.0	6.422
GGT1_RAT	116568	Ggt1	13.57	2092	34	1	2.531	0.0	5.361
GLNA_RAT	24957	Glul	13.523	1548	29	4	2.462	0.0	5.492
CP2E1_RAT	25086	Cyp2e1	13.498	1349	27	4	2.431	0.0	5.552
CNR1_RAT	25248	Cnr1	13.492	1872	24	12	2.38	0.114	5.409
AMYP_RAT	497039	Amy2	13.486	119	11	2	2.041	0.0	6.606
GGTA1_RAT	246766	Ggta1	13.479	202	13	0	2.114	0.0	6.376
OREX_RAT	25723	Hcrt	13.472	1051	20	11	2.301	0.079	5.66
Q64315_RAT	114851	Cdkn1a	13.472	371	16	9	2.204	0.0	6.112
PDE3B_RAT	29516	Pde3b	13.463	62	9	3	1.954	0.0	6.889
KCMA1_RAT	83731	Kcnma1	13.459	376	16	4	2.204	0.0	6.106
HPGDS_RAT	58962	Hpgds	13.453	3247	40	9	2.602	0.0	5.17
CP2G1_RAT	25251	Cyp2g1	13.433	6017	55	2	2.74	0.0	4.902
ALD1_RAT	116463	Akr1b7	13.423	65	9	0	1.954	0.0	6.869
SYPH_RAT	24804	Syp	13.419	1333	20	12	2.301	0.114	5.557
DCOR_RAT	24609	Odc1	13.415	1980	31	3	2.491	0.0	5.385
DCE2_RAT	24380	Gad2	13.4	400	16	4	2.204	0.0	6.08
RYR2_RAT	689560	Ryr2	13.379	467	14	11	2.146	0.079	6.012
GSK3B_RAT	84027	Gsk3b	13.346	1366	15	16	2.176	0.23	5.546
AMHR2_RAT	29530	Amhr2	13.332	589	18	0	2.255	0.0	5.911
PCNA_RAT	25737	Pcna	13.326	2457	33	2	2.519	0.0	5.291
GPAT1_RAT	29653	Gpam	13.29	76	9	9	1.954	0.0	6.801
SQSTM_RAT	113894	Sqstm1	13.262	98	6	15	1.778	0.204	6.69
F1M4A0_RAT	292994	Tjp1	13.25	551	10	16	2.0	0.23	5.94
CAN10_RAT	63834	Capn10	13.249	17	6	2	1.778	0.0	7.451
GTR3_RAT	25551	Slc2a3	13.247	260	13	1	2.114	0.0	6.267
DCE1_RAT	24379	Gad1	13.232	561	17	4	2.23	0.0	5.933
SPHK1_RAT	170897	Sphk1	13.226	82	9	6	1.954	0.0	6.768
HNF1A_RAT	24817	Hnf1a	13.224	243	9	13	1.954	0.146	6.296
LIPS_RAT	25330	Lipe	13.214	212	12	8	2.079	0.0	6.355
ELN_RAT	25043	Eln	13.198	996	21	6	2.322	0.0	5.683
4EBP1_RAT	116636	Eif4ebp1	13.184	219	12	5	2.079	0.0	6.341
CY24A_RAT	79129	Cyba	13.17	296	12	10	2.079	0.041	6.21
MK03_RAT	50689	Mapk3	13.164	5566	31	14	2.491	0.176	4.935
NAC1_RAT	29715	Slc8a1	13.149	520	16	4	2.204	0.0	5.966
CASR_RAT	24247	Casr	13.144	175	11	3	2.041	0.0	6.439
PTPRN_RAT	116660	Ptprn	13.138	60	8	0	1.903	0.0	6.903
APOA1_RAT	25081	Apoa1	13.106	639	17	2	2.23	0.0	5.876
PODXL_RAT	192181	Podxl	13.085	64	8	2	1.903	0.0	6.875
DBP_RAT	24309	Dbp	13.072	248	12	1	2.079	0.0	6.287
SUIS_RAT	497756	Si	13.066	99	9	0	1.954	0.0	6.686
VCAM1_RAT	25361	Vcam1	13.063	668	17	5	2.23	0.0	5.857
ADK_RAT	25368	Adk	13.032	103	9	7	1.954	0.0	6.669
SDHL_RAT	25044	Sds	13.006	338	13	3	2.114	0.0	6.153
TRH_RAT	25569	Trh	12.989	2185	27	0	2.431	0.0	5.342
Q5M895_RAT	24538	Lipc	12.966	279	12	1	2.079	0.0	6.236
GLSK_RAT	24398	Gls	12.954	113	9	2	1.954	0.0	6.629
VMAT2_RAT	25549	Slc18a2	12.954	262	9	12	1.954	0.114	6.263
V2R_RAT	25108	Avpr2	12.95	161	10	1	2.0	0.0	6.475
IBP3_RAT	24484	Igfbp3	12.946	643	16	6	2.204	0.0	5.873
PDK4_RAT	89813	Pdk4	12.903	120	9	5	1.954	0.0	6.602
DCMC_RAT	85239	Mlycd	12.9	49	7	3	1.845	0.0	6.991
TRFE_RAT	24825	Tf	12.894	2014	25	5	2.398	0.0	5.377
PRL_RAT	24683	Prl	12.892	3879	34	0	2.531	0.0	5.093
HPT_RAT	24464	Hp	12.879	307	12	7	2.079	0.0	6.194
NOX1_RAT	114243	Nox1	12.856	242	11	7	2.041	0.0	6.298
O70534_RAT	114587	Dlk1	12.852	52	7	4	1.845	0.0	6.966
Q4QQW2_RAT	171369	Cd40	12.843	182	10	2	2.0	0.0	6.422
PDE5A_RAT	171115	Pde5a	12.82	187	10	4	2.0	0.0	6.41
CBS_RAT	24250	Cbs	12.809	134	9	7	1.954	0.0	6.555
ACES_RAT	83817	Ache	12.808	3939	33	7	2.519	0.0	5.086
VDR_RAT	24873	Vdr	12.797	523	14	2	2.146	0.0	5.963
PDK2_RAT	81530	Pdk2	12.761	32	6	2	1.778	0.0	7.176
GON1_RAT	25194	Gnrh1	12.757	3398	30	0	2.477	0.0	5.15
F16P1_RAT	24362	Fbp1	12.738	60	7	1	1.845	0.0	6.903
APOE_RAT	25728	Apoe	12.738	799	16	3	2.204	0.0	5.779
NR1H4_RAT	60351	Nr1h4	12.714	179	5	18	1.699	0.279	6.429
JAK2_RAT	24514	Jak2	12.704	578	14	6	2.146	0.0	5.92
G3V6U1_RAT	25065	Slc12a1	12.694	216	10	8	2.0	0.0	6.347
SP1_RAT	24790	Sp1	12.681	715	15	3	2.176	0.0	5.827
XBP1_RAT	289754	Xbp1	12.675	157	5	17	1.699	0.255	6.486
S100G_RAT	24249	S100g	12.672	298	11	2	2.041	0.0	6.207
UCHL1_RAT	29545	Uchl1	12.64	400	12	1	2.079	0.0	6.08
ABCG5_RAT	114628	Abcg5	12.637	68	7	1	1.845	0.0	6.849
CEBPA_RAT	24252	Cebpa	12.62	316	11	3	2.041	0.0	6.182
SMAD2_RAT	29357	Smad2	12.612	638	14	8	2.146	0.0	5.877
EI2BD_RAT	117019	Eif2b4	12.603	71	7	1	1.845	0.0	6.83
TNR16_RAT	24596	Ngfr	12.594	1084	17	3	2.23	0.0	5.647
KHDR1_RAT	117268	Khdrbs1	12.592	326	11	5	2.041	0.0	6.168
Q4FZY1_RAT	287435	Cd68	12.585	657	14	4	2.146	0.0	5.864
Q66HK3_RAT	24693	Ptgs1	12.58	492	9	13	1.954	0.146	5.99
OSTP_RAT	25353	Spp1	12.563	1292	18	5	2.255	0.0	5.57
RBL2_RAT	81758	Rbl2	12.551	122	8	0	1.903	0.0	6.595
G3V913_RAT	24471	Hspb1	12.547	684	14	9	2.146	0.0	5.847
AT2A2_RAT	29693	Atp2a2	12.54	258	10	5	2.0	0.0	6.27
GLHA_RAT	116700	Cga	12.539	20	5	0	1.699	0.0	7.381
AGTR2_RAT	24182	Agtr2	12.528	1265	16	10	2.204	0.041	5.579
COQ9_RAT	498909	Coq9	12.527	78	7	1	1.845	0.0	6.79
FAS_RAT	50671	Fasn	12.517	576	13	2	2.114	0.0	5.921
KPCG_RAT	24681	Prkcg	12.496	723	14	4	2.146	0.0	5.822
CP7A1_RAT	25428	Cyp7a1	12.489	594	13	1	2.114	0.0	5.908
ADRB3_RAT	25645	Adrb3	12.488	274	10	3	2.0	0.0	6.244
Q8CJF2_RAT	170509	Cyp3a62	12.482	882	15	1	2.176	0.0	5.736
SL9A1_RAT	24782	Slc9a1	12.477	371	11	3	2.041	0.0	6.112
JUN_RAT	24516	Jun	12.472	1417	18	8	2.255	0.0	5.53
ADRB1_RAT	24925	Adrb1	12.469	744	14	1	2.146	0.0	5.81
LDLR_RAT	300438	Ldlr	12.463	487	12	2	2.079	0.0	5.994
PPR3C_RAT	309513	Ppp1r3c	12.462	8	4	2	1.602	0.0	7.779
FADS1_RAT	84575	Fads1	12.45	138	8	1	1.903	0.0	6.542
F7F4B1_RAT	362787	Mok	12.449	86	7	1	1.845	0.0	6.747
LYAM3_RAT	25651	Selp	12.441	626	13	1	2.114	0.0	5.885
IL10_RAT	25325	Il10	12.426	3898	23	11	2.362	0.079	5.091
KPCD_RAT	170538	Prkcd	12.397	147	8	3	1.903	0.0	6.514
B2MG_RAT	24223	B2m	12.396	218	9	0	1.954	0.0	6.343
ANFB_RAT	25105	Nppb	12.396	805	14	8	2.146	0.0	5.776
G3P_RAT	24383	Gapdh	12.395	305	10	5	2.0	0.0	6.197
Q5XIM8_RAT	313977	Lpin1	12.388	29	4	12	1.602	0.114	7.219
PEPC_RAT	24864	Pgc	12.336	99	7	2	1.845	0.0	6.686
G3V6X8_RAT	140589	Gli1	12.274	107	7	0	1.845	0.0	6.652
KPYR_RAT	24651	Pklr	12.245	111	7	0	1.845	0.0	6.636
HXK2_RAT	25059	Hk2	12.223	114	7	1	1.845	0.0	6.625
Q6AYW2_RAT	24616	Pah	12.218	269	9	0	1.954	0.0	6.252
B1PLB2_RAT	305081	Cd34	12.21	644	12	1	2.079	0.0	5.873
G3V7K3_RAT	24268	Cp	12.206	504	11	1	2.041	0.0	5.979
IFNG_RAT	25712	Ifng	12.204	3264	23	3	2.362	0.0	5.167
MTOR_RAT	56718	Mtor	12.198	1072	9	15	1.954	0.204	5.651
CRF_RAT	81648	Crh	12.183	5046	28	1	2.447	0.0	4.978
Q6IRF5_RAT	24653	Pla2g4a	12.174	393	10	5	2.0	0.0	6.087
NAMPT_RAT	297508	Nampt	12.169	122	7	0	1.845	0.0	6.595
CALCR_RAT	116506	Calcr	12.162	123	7	2	1.845	0.0	6.592
ADH1_RAT	24172	Adh1	12.156	70	6	0	1.778	0.0	6.837
DOPO_RAT	25699	Dbh	12.139	1060	14	1	2.146	0.0	5.656
F262_RAT	24640	Pfkfb2	12.135	72	6	0	1.778	0.0	6.824
PACA_RAT	24166	Adcyap1	12.131	877	13	3	2.114	0.0	5.739
AQP1_RAT	25240	Aqp1	12.128	550	11	2	2.041	0.0	5.941
MIOX_RAT	252899	Miox	12.119	3	3	0	1.477	0.0	8.205
A1L1M0_RAT	25636	Prkaca	12.117	1298	15	6	2.176	0.0	5.568
O08718_RAT	60329	Neurog3	12.112	131	7	7	1.845	0.0	6.564
GRP_RAT	171101	Grp	12.102	427	10	1	2.0	0.0	6.051
MYC_RAT	24577	Myc	12.099	1461	12	12	2.079	0.114	5.517
GCYB2_RAT	25206	Gucy1b2	12.094	431	10	4	2.0	0.0	6.047
SC6A3_RAT	24898	Slc6a3	12.079	762	11	10	2.041	0.041	5.8
ASAH2_RAT	114104	Asah2	12.072	14	4	2	1.602	0.0	7.536
G6PI_RAT	292804	Gpi	12.07	443	10	2	2.0	0.0	6.035
G3V843_RAT	29251	F2	12.036	1663	16	0	2.204	0.0	5.461
KLK7_RAT	24523	Klk7	12.025	83	6	0	1.778	0.0	6.763
KCRB_RAT	24264	Ckb	11.998	151	7	1	1.845	0.0	6.503
SCNAA_RAT	29571	Scn10a	11.963	219	7	10	1.845	0.041	6.341
MP2K1_RAT	170851	Map2k1	11.945	676	11	4	2.041	0.0	5.852
E9PU84_RAT	246775	Tnfsf10	11.945	92	6	0	1.778	0.0	6.718
GP119_RAT	302813	Gpr119	11.937	17	4	0	1.602	0.0	7.451
SNED1_RAT	316638	Sned1	11.935	4	3	0	1.477	0.0	8.08
ALAT1_RAT	81670	Gpt	11.924	884	12	0	2.079	0.0	5.735
SLIB_RAT	29446	Ghrh	11.915	1110	13	0	2.114	0.0	5.636
ADML_RAT	25026	Adm	11.914	530	10	0	2.0	0.0	5.957
CCL4_RAT	116637	Ccl4	11.9	3605	21	2	2.322	0.0	5.124
D3ZFJ0_RAT	298947	Pik3cg	11.898	1636	15	3	2.176	0.0	5.468
PDGFB_RAT	24628	Pdgfb	11.877	402	9	1	1.954	0.0	6.077
ACE2_RAT	302668	Ace2	11.872	404	9	9	1.954	0.0	6.075
ANFC_RAT	114593	Nppc	11.868	279	8	2	1.903	0.0	6.236
ACADM_RAT	24158	Acadm	11.851	104	6	8	1.778	0.0	6.665
GRP78_RAT	25617	Hspa5	11.834	767	11	8	2.041	0.0	5.797
AGTRB_RAT	81638	Agtr1b	11.834	1212	13	4	2.114	0.0	5.598
NPHN_RAT	64563	Nphs1	11.816	297	8	5	1.903	0.0	6.209
KPCZ_RAT	25522	Prkcz	11.807	54	5	2	1.699	0.0	6.949
PLGF_RAT	94203	Pgf	11.801	193	7	3	1.845	0.0	6.396
IBP1_RAT	25685	Igfbp1	11.798	441	9	0	1.954	0.0	6.037
ZNT8_RAT	299903	Slc30a8	11.791	5	3	3	1.477	0.0	7.983
EFNA5_RAT	116683	Efna5	11.79	21	4	2	1.602	0.0	7.359
A1A5N3_RAT	65206	Kcnn4	11.777	199	7	0	1.845	0.0	6.383
OGT1_RAT	26295	Ogt	11.772	33	4	10	1.602	0.041	7.163
D3ZGE2_RAT	303413	Mpo	11.764	4558	22	4	2.342	0.0	5.022
ADCY8_RAT	29241	Adcy8	11.758	22	4	2	1.602	0.0	7.339
Q6IMX8_RAT	192272	Acot2	11.758	22	4	3	1.602	0.0	7.339
IL1A_RAT	24493	Il1a	11.754	1068	12	4	2.079	0.0	5.653
AT2A1_RAT	116601	Atp2a1	11.754	58	5	1	1.699	0.0	6.918
PAR2_RAT	116677	F2rl1	11.752	321	8	4	1.903	0.0	6.175
Q9QZD1_RAT	24772	Cxcl12	11.741	472	9	9	1.954	0.0	6.008
IGF1R_RAT	25718	Igf1r	11.73	862	11	4	2.041	0.0	5.746
Q9JKC1_RAT	65036	Bche	11.717	1981	15	3	2.176	0.0	5.385
AL1A1_RAT	24188	Aldh1a1	11.715	124	6	4	1.778	0.0	6.588
CAH2_RAT	54231	Ca2	11.706	2710	17	0	2.23	0.0	5.248
ZDH23_RAT	363783	Zdhhc23	11.674	6	3	0	1.477	0.0	7.903
G3V6I6_RAT	289036	Adipor1	11.667	132	6	5	1.778	0.0	6.561
FGF1_RAT	25317	Fgf1	11.663	517	9	0	1.954	0.0	5.968
G3V6V3_RAT	24826	Tg	11.657	231	7	0	1.845	0.0	6.318
SHH_RAT	29499	Shh	11.65	233	7	3	1.845	0.0	6.314
PIP_RAT	64673	Pip	11.647	67	5	0	1.699	0.0	6.856
Q9EQZ8_RAT	117184	Ctrl	11.642	26	4	1	1.602	0.0	7.267
COX2_RAT	26198	Mtco2	11.641	2899	17	8	2.23	0.0	5.219
G3V742_RAT	171052	Mmp13	11.639	532	9	4	1.954	0.0	5.956
G3V9B6_RAT	171060	Il13ra2	11.631	9	1	31	1.0	0.505	7.727
P2RY1_RAT	25265	P2ry1	11.63	372	8	2	1.903	0.0	6.111
Q66HL0_RAT	58813	Nt5e	11.615	982	11	3	2.041	0.0	5.69
Q6IN22_RAT	64529	Ctsb	11.612	751	10	0	2.0	0.0	5.806
MOT1_RAT	25027	Slc16a1	11.604	247	7	2	1.845	0.0	6.289
ANDR_RAT	24208	Ar	11.599	1267	12	2	2.079	0.0	5.579
Q68G44_RAT	24450	Hmgcs2	11.594	72	5	4	1.699	0.0	6.824
PDE3A_RAT	50678	Pde3a	11.594	145	6	1	1.778	0.0	6.52
THY1_RAT	24832	Thy1	11.592	1007	11	0	2.041	0.0	5.679
MYO5A_RAT	25017	Myo5a	11.59	28	4	1	1.602	0.0	7.234
BDH_RAT	117099	Bdh1	11.59	28	4	0	1.602	0.0	7.234
A1A5M4_RAT	24443	Hdc	11.588	565	9	0	1.954	0.0	5.93
D4A471_RAT	100363376	Cmc2	11.576	7	3	2	1.477	0.0	7.837
TNFL6_RAT	25385	Faslg	11.566	792	10	4	2.0	0.0	5.783
PRDX1_RAT	117254	Prdx1	11.554	76	5	5	1.699	0.0	6.801
LDHA_RAT	24533	Ldha	11.543	155	6	2	1.778	0.0	6.491
HEM2_RAT	25374	Alad	11.529	271	7	6	1.845	0.0	6.249
JIP1_RAT	116457	Mapk8ip1	11.519	31	4	3	1.602	0.0	7.19
TLR4_RAT	29260	Tlr4	11.518	1386	12	3	2.079	0.0	5.54
TPA_RAT	25692	Plat	11.513	841	10	9	2.0	0.0	5.757
INHBA_RAT	29200	Inhba	11.512	277	7	1	1.845	0.0	6.239
AIF1_RAT	29427	Aif1	11.501	626	9	7	1.954	0.0	5.885
APEL_RAT	58812	Apln	11.499	164	6	0	1.778	0.0	6.467
ACMSD_RAT	171385	Acmsd	11.497	32	4	0	1.602	0.0	7.176
O35823_RAT	286928	Abi2	11.49	8	3	0	1.477	0.0	7.779
GNMT_RAT	25134	Gnmt	11.481	84	5	1	1.699	0.0	6.757
S15A1_RAT	117261	Slc15a1	11.48	168	6	0	1.778	0.0	6.456
COL_RAT	25680	Clps	11.476	33	4	0	1.602	0.0	7.163
B1WBN8_RAT	25404	Cav1	11.451	462	8	5	1.903	0.0	6.017
FOXO1_RAT	84482	Foxo1	11.443	302	7	8	1.845	0.0	6.202
PON1_RAT	84024	Pon1	11.44	177	6	1	1.778	0.0	6.434
A4_RAT	54226	App	11.433	1522	12	3	2.079	0.0	5.499
NRG1_RAT	112400	Nrg1	11.431	179	6	5	1.778	0.0	6.429
FOS_RAT	314322	Fos	11.416	8957	26	8	2.415	0.0	4.727
SOCS3_RAT	89829	Socs3	11.409	315	7	1	1.845	0.0	6.183
G3V6B4_RAT	252971	Socs1	11.39	95	5	6	1.699	0.0	6.704
NOTC1_RAT	25496	Notch1	11.389	293	4	16	1.602	0.23	6.215
O54857_RAT	50557	Pten	11.389	323	7	4	1.845	0.0	6.172
CP2CB_RAT	29277	Cyp2c11	11.385	717	9	1	1.954	0.0	5.826
Q9ER28_RAT	66021	Cybb	11.38	503	8	9	1.903	0.0	5.98
Q8VBU7_RAT	24176	Adrb2	11.378	723	9	2	1.954	0.0	5.822
VAMP2_RAT	24803	Vamp2	11.373	193	6	1	1.778	0.0	6.396
PENK_RAT	29237	Penk	11.35	3914	17	4	2.23	0.0	5.089
SPDYA_RAT	192209	Spdya	11.347	10	3	1	1.477	0.0	7.682
NQO1_RAT	24314	Nqo1	11.345	703	8	10	1.903	0.041	5.835
AKT2_RAT	25233	Akt2	11.345	101	5	8	1.699	0.0	6.677
PSPB_RAT	192155	Sftpb	11.334	203	6	0	1.778	0.0	6.374
E9PTH2_RAT	114509	LOC100912585	11.33	103	5	1	1.699	0.0	6.669
MCR_RAT	25672	Nr3c2	11.317	543	8	7	1.903	0.0	5.947
NKX61_RAT	65193	Nkx6-1	11.308	42	4	7	1.602	0.0	7.058
F1LYL9_RAT	140586	Sox9	11.308	210	6	5	1.778	0.0	6.359
Q5PPG5_RAT	24258	Chga	11.304	359	7	2	1.845	0.0	6.126
DHI1_RAT	25116	Hsd11b1	11.301	212	6	1	1.778	0.0	6.355
A2MG_RAT	24153	A2m	11.29	561	8	1	1.903	0.0	5.933
D3ZUG5_RAT	100912292	Enho	11.286	11	3	2	1.477	0.0	7.64
ANM1_RAT	60421	Prmt1	11.276	44	4	5	1.602	0.0	7.038
ADCY3_RAT	64508	Adcy3	11.276	44	4	1	1.602	0.0	7.038
STX1A_RAT	116470	Stx1a	11.275	111	5	2	1.699	0.0	6.636
NF2L2_RAT	83619	Nfe2l2	11.264	1387	9	11	1.954	0.079	5.539
Q6P6T6_RAT	171293	Ctsd	11.264	827	9	0	1.954	0.0	5.764
ATF3_RAT	25389	Atf3	11.258	224	6	2	1.778	0.0	6.331
TIMP2_RAT	29543	Timp2	11.25	589	8	0	1.903	0.0	5.911
SL9A3_RAT	24784	Slc9a3	11.234	392	7	5	1.845	0.0	6.088
G3V790_RAT	171379	Smarca4	11.23	12	3	5	1.477	0.0	7.602
NEC1_RAT	25204	Pcsk1	11.228	233	6	3	1.778	0.0	6.314
F1LQ07_RAT	24831	Thrb	11.217	120	5	3	1.699	0.0	6.602
S100B_RAT	25742	S100b	11.208	620	8	1	1.903	0.0	5.889
REG3A_RAT	171162	Reg3a	11.201	49	4	1	1.602	0.0	6.991
FABPL_RAT	24360	Fabp1	11.192	244	6	1	1.778	0.0	6.294
DHSO_RAT	24788	Sord	11.187	125	5	1	1.699	0.0	6.585
WT1_RAT	24883	Wt1	11.181	126	5	2	1.699	0.0	6.581
GTR5_RAT	65197	Slc2a5	11.164	129	5	4	1.699	0.0	6.571
A0A0G2JYQ6_RAT	290567	Chat	11.149	2084	12	2	2.079	0.0	5.362
MBP_RAT	24547	Mbp	11.132	2126	12	5	2.079	0.0	5.354
KCNA5_RAT	25470	Kcna5	11.125	266	6	2	1.778	0.0	6.257
PAX6_RAT	25509	Pax6	11.12	137	5	8	1.699	0.0	6.545
F6QBA3_RAT	298199	Plin2	11.12	55	4	5	1.602	0.0	6.941
CXCL2_RAT	114105	Cxcl2	11.117	692	8	6	1.903	0.0	5.842
TKT_RAT	64524	Tkt	11.104	140	5	0	1.699	0.0	6.535
K1C20_RAT	286912	Krt20	11.095	57	4	2	1.602	0.0	6.926
LRP2_RAT	29216	Lrp2	11.089	279	6	3	1.778	0.0	6.236
DESM_RAT	64362	Des	11.088	716	8	0	1.903	0.0	5.827
PPA5_RAT	25732	Acp5	11.086	280	6	4	1.778	0.0	6.234
Q5HZE3_RAT	25357	Thrsp	11.073	146	5	0	1.699	0.0	6.517
GCH1_RAT	29244	Gch1	11.053	150	5	5	1.699	0.0	6.506
ACTB_RAT	81822	Actb	11.048	752	8	0	1.903	0.0	5.805
TNR1B_RAT	156767	Tnfrsf1b	11.043	152	5	5	1.699	0.0	6.5
Q6MG73_RAT	24231	C2	11.038	298	6	0	1.778	0.0	6.207
RAC1_RAT	363875	Rac1	11.035	502	7	5	1.845	0.0	5.981
TSHB_RAT	25653	Tshb	11.033	154	5	2	1.699	0.0	6.494
TRPV6_RAT	114246	Trpv6	11.015	64	4	0	1.602	0.0	6.875
Q06884_RAT	25642	Cyp3a23/3a1	11.006	791	8	2	1.903	0.0	5.783
Q6AZ05_RAT	81024	Ica1	11.006	17	3	0	1.477	0.0	7.451
GTR8_RAT	85256	Slc2a8	11.006	17	3	1	1.477	0.0	7.451
SDC2_RAT	25615	Sdc2	11.005	160	5	0	1.699	0.0	6.478
FETUA_RAT	25373	Ahsg	10.994	66	4	1	1.602	0.0	6.862
GSK3A_RAT	50686	Gsk3a	10.983	67	4	3	1.602	0.0	6.856
PTN6_RAT	116689	Ptpn6	10.983	67	4	3	1.602	0.0	6.856
A0A0G2K8Q1_RAT	24207	Apoc3	10.973	68	4	2	1.602	0.0	6.849
CP27B_RAT	114700	Cyp27b1	10.973	68	4	4	1.602	0.0	6.849
HSPB8_RAT	113906	Hspb8	10.97	18	3	1	1.477	0.0	7.426
P2RX2_RAT	114115	P2rx2	10.966	327	6	2	1.778	0.0	6.167
MRP2_RAT	25303	Abcc2	10.965	832	8	3	1.903	0.0	5.761
TRPV1_RAT	83810	Trpv1	10.963	1584	10	9	2.0	0.0	5.482
CACP_RAT	311849	Crat	10.96	170	5	0	1.699	0.0	6.451
DHI2_RAT	25117	Hsd11b2	10.935	176	5	4	1.699	0.0	6.436
CAV3_RAT	29161	Cav3	10.935	176	5	4	1.699	0.0	6.436
TFAM_RAT	83474	Tfam	10.931	177	5	5	1.699	0.0	6.434
XDH_RAT	497811	Xdh	10.927	344	6	2	1.778	0.0	6.145
G3V8F8_RAT	25491	Nes	10.926	178	5	1	1.699	0.0	6.431
ANXA5_RAT	25673	Anxa5	10.922	876	8	0	1.903	0.0	5.739
D3ZMI0_RAT	100361444	Angptl8	10.903	2	2	2	1.301	0.0	8.381
Q6P7A6_RAT	25671	Smad1	10.898	185	5	1	1.699	0.0	6.414
CP4A2_RAT	24306	Cyp4a2	10.895	76	4	0	1.602	0.0	6.801
SHBG_RAT	24775	Shbg	10.894	359	6	0	1.778	0.0	6.126
TTHY_RAT	24856	Ttr	10.894	186	5	0	1.699	0.0	6.412
F1M9D6_RAT	25124	Stat1	10.887	362	6	1	1.778	0.0	6.123
ADA1A_RAT	29412	Adra1a	10.886	188	5	0	1.699	0.0	6.407
GRZ2_RAT	54269	Mcpt10	10.871	192	5	0	1.699	0.0	6.398
CART_RAT	29131	Cartpt	10.868	371	6	2	1.778	0.0	6.112
AQP4_RAT	25293	Aqp4	10.861	624	7	7	1.845	0.0	5.886
RENR_RAT	302526	Atp6ap2	10.851	81	4	4	1.602	0.0	6.773
BGLR_RAT	24434	Gusb	10.845	961	8	0	1.903	0.0	5.699
NEP_RAT	24590	Mme	10.844	637	7	5	1.845	0.0	5.877
A0A0G2K6S9_RAT	24582	Myh11	10.842	82	4	1	1.602	0.0	6.768
COMT_RAT	24267	Comt	10.841	640	7	1	1.845	0.0	5.875
TY3H_RAT	25085	Th	10.841	1823	10	0	2.0	0.0	5.42
HBEGF_RAT	25433	Hbegf	10.84	200	5	1	1.699	0.0	6.381
LCAP_RAT	171105	Lnpep	10.834	83	4	0	1.602	0.0	6.763
ESR1_RAT	24890	Esr1	10.806	1898	10	2	2.0	0.0	5.403
D3ZBQ1_RAT	294515	Foxo3	10.804	210	5	7	1.699	0.0	6.359
ARBK1_RAT	25238	Grk2	10.801	211	5	4	1.699	0.0	6.357
B2RZ31_RAT	293615	Sirt3	10.801	87	4	8	1.602	0.0	6.742
SPA3K_RAT	24794	Serpina3k	10.793	88	4	5	1.602	0.0	6.737
OCLN_RAT	83497	Ocln	10.79	682	7	7	1.845	0.0	5.848
SSR2_RAT	54305	Sstr2	10.77	220	5	2	1.699	0.0	6.339
O35055_RAT	65202	Slc13a2	10.77	699	7	1	1.845	0.0	5.837
CREB1_RAT	81646	Creb1	10.766	1988	10	6	2.0	0.0	5.383
KCJ11_RAT	83535	Kcnj11	10.763	222	5	4	1.699	0.0	6.335
Q66HT1_RAT	24190	Aldob	10.755	93	4	5	1.602	0.0	6.713
RB_RAT	24708	Rb1	10.754	430	6	1	1.778	0.0	6.048
SNP25_RAT	25012	Snap25	10.747	434	6	5	1.778	0.0	6.044
AQP5_RAT	25241	Aqp5	10.747	227	5	0	1.699	0.0	6.326
Q9WTR4_RAT	83511	Slc6a2	10.744	228	5	1	1.699	0.0	6.324
D4A7D7_RAT	298655	H6pd	10.734	26	3	0	1.477	0.0	7.267
A0A0H2UI02_RAT	314621	Stk11	10.718	98	4	8	1.602	0.0	6.69
KLOT_RAT	83504	Kl	10.711	99	4	2	1.602	0.0	6.686
UD11_RAT	24861	Ugt1a1	10.704	459	6	0	1.778	0.0	6.02
SCNNG_RAT	24768	Scnn1g	10.694	244	5	1	1.699	0.0	6.294
SPXN_RAT	691138	SPX	10.686	28	3	0	1.477	0.0	7.234
SOMA_RAT	24391	Gh1	10.679	249	5	0	1.699	0.0	6.285
CEAM1_RAT	81613	Ceacam1	10.679	249	5	2	1.699	0.0	6.285
PTF1A_RAT	117034	Ptf1a	10.674	3	2	1	1.301	0.0	8.205
USMG5_RAT	171069	Usmg5	10.674	3	2	1	1.301	0.0	8.205
TNF15_RAT	252878	Tnfsf15	10.674	3	2	1	1.301	0.0	8.205
Q9JK64_RAT	170913	Abcb1a	10.673	251	5	2	1.699	0.0	6.282
TNNI3_RAT	29248	Tnni3	10.67	480	6	1	1.778	0.0	6.0
SPYA_RAT	24792	Agxt	10.664	29	3	6	1.477	0.0	7.219
SFTPA_RAT	24773	Sftpa1	10.644	496	6	2	1.778	0.0	5.986
IBP6_RAT	25641	Igfbp6	10.644	109	4	1	1.602	0.0	6.644
D4A1W8_RAT	310900	Mttp	10.644	109	4	0	1.602	0.0	6.644
INSI1_RAT	64194	Insig1	10.642	30	3	3	1.477	0.0	7.205
KLF2_RAT	306330	Klf2	10.642	30	3	1	1.477	0.0	7.205
KCJ10_RAT	29718	Kcnj10	10.638	110	4	6	1.602	0.0	6.64
NK1R_RAT	24807	Tacr1	10.633	1242	8	3	1.903	0.0	5.587
PLPL9_RAT	360426	Pla2g6	10.632	111	4	6	1.602	0.0	6.636
OX26_RAT	379044	Qrfp	10.632	504	6	3	1.778	0.0	5.979
KS6B1_RAT	83840	Rps6kb1	10.624	663	5	12	1.699	0.114	5.86
ATTY_RAT	24813	Tat	10.619	113	4	0	1.602	0.0	6.629
CP1A2_RAT	24297	Cyp1a2	10.615	1269	8	1	1.903	0.0	5.578
K1C19_RAT	360626	Krt19	10.613	272	5	2	1.699	0.0	6.247
Q9JI30_RAT	25021	Itgam	10.604	860	7	5	1.845	0.0	5.747
D4A1J7_RAT	299117	Nin	10.601	32	3	1	1.477	0.0	7.176
BKRB2_RAT	25245	Bdkrb2	10.595	117	4	1	1.602	0.0	6.613
NLTP_RAT	25541	Scp2	10.595	117	4	0	1.602	0.0	6.613
Q8R427_RAT	24646	Abcb1b	10.593	1304	8	1	1.903	0.0	5.566
IL1RA_RAT	60582	Il1rn	10.586	535	6	5	1.778	0.0	5.953
7B2_RAT	25719	Scg5	10.581	33	3	0	1.477	0.0	7.163
HCDH_RAT	113965	Hadh	10.581	33	3	1	1.477	0.0	7.163
CYGB_RAT	170520	Cygb	10.581	33	3	0	1.477	0.0	7.163
PTPRF_RAT	360406	Ptprf	10.581	33	3	0	1.477	0.0	7.163
A0A0G2K684_RAT	289395	Cr2	10.562	34	3	2	1.477	0.0	7.15
GAST_RAT	25320	Gast	10.555	1908	9	4	1.954	0.0	5.401
Q5FVS2_RAT	25048	Klkb1	10.543	35	3	7	1.477	0.0	7.138
ANGL4_RAT	362850	Angptl4	10.543	35	3	6	1.477	0.0	7.138
ETS1_RAT	24356	Ets1	10.522	130	4	0	1.602	0.0	6.568
AL5AP_RAT	29624	Alox5ap	10.522	130	4	0	1.602	0.0	6.568
PTN2_RAT	117063	Ptpn2	10.512	4	2	7	1.301	0.0	8.08
RAB3D_RAT	140665	Rab3d	10.507	37	3	1	1.477	0.0	7.113
CPT1A_RAT	25757	Cpt1a	10.506	133	4	7	1.602	0.0	6.558
CP1A1_RAT	24296	Cyp1a1	10.496	2045	9	0	1.954	0.0	5.371
CPT2_RAT	25413	Cpt2	10.496	135	4	0	1.602	0.0	6.551
RS6_RAT	29304	Rps6	10.485	137	4	2	1.602	0.0	6.545
D4ACL8_RAT	300711	Atm	10.484	52	2	15	1.301	0.204	6.966
UD16_RAT	113992	Ugt1a6	10.478	327	5	0	1.699	0.0	6.167
ODO2_RAT	299201	Dlst	10.471	621	6	0	1.778	0.0	5.888
AATC_RAT	24401	Got1	10.465	141	4	2	1.602	0.0	6.532
GPX41_RAT	29328	Gpx4	10.46	142	4	2	1.602	0.0	6.529
NUCB2_RAT	59295	Nucb2	10.446	145	4	3	1.602	0.0	6.52
Q3KR76_RAT	25619	Plau	10.438	345	5	0	1.699	0.0	6.144
DDIT4_RAT	140942	Ddit4	10.426	42	3	4	1.477	0.0	7.058
PNMT_RAT	24661	Pnmt	10.425	659	6	0	1.778	0.0	5.863
5HT1A_RAT	24473	Htr1a	10.421	2955	10	0	2.0	0.0	5.211
ST1A1_RAT	83783	Sult1a1	10.418	151	4	0	1.602	0.0	6.503
DGAT2_RAT	252900	Dgat2	10.411	43	3	7	1.477	0.0	7.048
PRGC2_RAT	291567	Ppargc1b	10.411	43	3	7	1.477	0.0	7.048
DGAT1_RAT	84497	Dgat1	10.404	154	4	0	1.602	0.0	6.494
PFKAL_RAT	25741	Pfkl	10.396	44	3	0	1.477	0.0	7.038
MAGT1_RAT	116967	Magt1	10.396	44	3	0	1.477	0.0	7.038
G3V997_RAT	84394	Dcx	10.394	366	5	2	1.699	0.0	6.118
CP2D1_RAT	266684	Cyp2d1	10.391	157	4	0	1.602	0.0	6.486
ARGI2_RAT	29215	Arg2	10.386	158	4	6	1.602	0.0	6.483
VMP1_RAT	192129	Vmp1	10.386	5	2	1	1.301	0.0	7.983
EGR1_RAT	24330	Egr1	10.385	1130	7	1	1.845	0.0	5.629
ANGP2_RAT	89805	Angpt2	10.382	159	4	8	1.602	0.0	6.48
GSH1_RAT	25283	Gclc	10.365	381	5	4	1.699	0.0	6.101
NTF3_RAT	81737	Ntf3	10.361	1165	7	2	1.845	0.0	5.615
PER1_RAT	287422	Per1	10.357	385	5	6	1.699	0.0	6.096
CEBPB_RAT	24253	Cebpb	10.355	386	5	3	1.699	0.0	6.095
G3V7G2_RAT	24254	Cel	10.348	167	4	0	1.602	0.0	6.459
PRDX5_RAT	113898	Prdx5	10.348	167	4	5	1.602	0.0	6.459
G3V6E0_RAT	25480	Mip	10.34	48	3	0	1.477	0.0	7.0
PLCB2_RAT	85240	Plcb2	10.323	173	4	0	1.602	0.0	6.444
SIA8B_RAT	117523	St8sia2	10.314	50	3	1	1.477	0.0	6.983
Q498N2_RAT	65029	Aoc1	10.304	414	5	0	1.699	0.0	6.065
FKB1B_RAT	58950	Fkbp1b	10.302	51	3	2	1.477	0.0	6.974
G3V9S3_RAT	498331	Ptpn13	10.302	51	3	1	1.477	0.0	6.974
Q5FVS5_RAT	50669	Prf1	10.298	417	5	0	1.699	0.0	6.061
A0A0G2JW78_RAT	24705	Rara	10.295	180	4	2	1.602	0.0	6.426
ZPI_RAT	171154	Serpina10	10.283	6	2	0	1.301	0.0	7.903
DCXR_RAT	171408	Dcxr	10.283	6	2	1	1.301	0.0	7.903
KISS1_RAT	289023	Kiss1	10.28	184	4	5	1.602	0.0	6.417
CD48_RAT	245962	Cd48	10.277	53	3	0	1.477	0.0	6.957
IBP2_RAT	25662	Igfbp2	10.276	430	5	0	1.699	0.0	6.048
CYTC_RAT	25307	Cst3	10.273	186	4	0	1.602	0.0	6.412
NDF1_RAT	29458	Neurod1	10.265	54	3	1	1.477	0.0	6.949
S28A1_RAT	116642	Slc28a1	10.265	54	3	0	1.477	0.0	6.949
DDC_RAT	24311	Ddc	10.255	442	5	0	1.699	0.0	6.036
IL4_RAT	287287	Il4	10.251	1970	8	4	1.903	0.0	5.387
AA2AR_RAT	25369	Adora2a	10.245	448	5	0	1.699	0.0	6.03
TSPO_RAT	24230	Tspo	10.239	452	5	0	1.699	0.0	6.026
OXYR_RAT	25342	Oxtr	10.226	199	4	6	1.602	0.0	6.383
OPSD_RAT	24717	Rho	10.224	461	5	3	1.699	0.0	6.018
ANPRA_RAT	24603	Npr1	10.219	201	4	0	1.602	0.0	6.378
RET4_RAT	25703	Rbp4	10.215	202	4	1	1.602	0.0	6.376
OPA1_RAT	171116	Opa1	10.208	59	3	0	1.477	0.0	6.911
SAMP_RAT	29339	Apcs	10.197	60	3	1	1.477	0.0	6.903
LOX15_RAT	81639	Alox15	10.197	60	3	1	1.477	0.0	6.903
Q9JLT5_RAT	83725	Wfs1	10.196	7	2	5	1.301	0.0	7.837
Q6AYN8_RAT	288532	Mcm7	10.196	7	2	0	1.301	0.0	7.837
CD38_RAT	25668	Cd38	10.187	61	3	1	1.477	0.0	6.896
S12A5_RAT	171373	Slc12a5	10.182	212	4	3	1.602	0.0	6.355
RL4_RAT	64302	Rpl4	10.175	214	4	0	1.602	0.0	6.351
FABPI_RAT	25598	Fabp2	10.165	217	4	0	1.602	0.0	6.345
KCNA4_RAT	25469	Kcna4	10.153	221	4	4	1.602	0.0	6.337
KCRM_RAT	24265	Ckm	10.146	65	3	0	1.477	0.0	6.869
Q8CHJ4_RAT	24919	Yy1	10.146	65	3	0	1.477	0.0	6.869
CXL10_RAT	245920	Cxcl10	10.128	229	4	3	1.602	0.0	6.322
S28A2_RAT	60423	Slc28a2	10.127	67	3	0	1.477	0.0	6.856
NTRK1_RAT	59109	Ntrk1	10.126	970	6	3	1.778	0.0	5.695
NMDZ1_RAT	24408	Grin1	10.122	1569	7	7	1.845	0.0	5.486
KCC2B_RAT	24245	Camk2b	10.12	8	2	2	1.301	0.0	7.779
GPDM_RAT	25062	Gpd2	10.12	8	2	0	1.301	0.0	7.779
A0A0G2K960_RAT	170637	Samsn1	10.12	8	2	0	1.301	0.0	7.779
APOA4_RAT	25080	Apoa4	10.113	234	4	0	1.602	0.0	6.312
G3V8S9_RAT	316010	Camp	10.107	236	4	1	1.602	0.0	6.309
FBX32_RAT	171043	Fbxo32	10.101	238	4	4	1.602	0.0	6.305
CCND3_RAT	25193	Ccnd3	10.098	70	3	3	1.477	0.0	6.837
ANXA1_RAT	25380	Anxa1	10.098	239	4	1	1.602	0.0	6.303
F261_RAT	24638	Pfkfb1	10.089	71	3	0	1.477	0.0	6.83
F1LQC5_RAT	140590	Bmpr2	10.08	72	3	2	1.477	0.0	6.824
UTS2_RAT	29180	Uts2	10.078	246	4	0	1.602	0.0	6.291
Q7TQN4_RAT	309165	Rela	10.066	1049	6	2	1.778	0.0	5.661
MARK1_RAT	117016	Mark1	10.054	9	2	0	1.301	0.0	7.727
D3ZG43_RAT	295923	Ndufs3	10.054	9	2	5	1.301	0.0	7.727
Q5PQT0_RAT	301617	Pask	10.054	9	2	3	1.301	0.0	7.727
D3ZCG9_RAT	360606	Itga3	10.054	9	2	0	1.301	0.0	7.727
ENOG_RAT	24334	Eno2	10.047	586	5	0	1.699	0.0	5.914
PP14A_RAT	114004	Ppp1r14a	10.046	76	3	3	1.477	0.0	6.801
NR0B2_RAT	117274	Nr0b2	10.046	76	3	4	1.477	0.0	6.801
FST_RAT	24373	Fst	10.037	77	3	0	1.477	0.0	6.795
GALP_RAT	64568	Galp	10.037	77	3	0	1.477	0.0	6.795
LYAG_RAT	367562	Gaa	10.037	77	3	0	1.477	0.0	6.795
Q3V5G8_RAT	25648	Slc7a1	10.029	78	3	0	1.477	0.0	6.79
PO4F1_RAT	114503	Pou4f1	10.013	80	3	0	1.477	0.0	6.779
BMP2_RAT	29373	Bmp2	10.008	1130	6	3	1.778	0.0	5.629
CRFR1_RAT	58959	Crhr1	10.008	618	5	3	1.699	0.0	5.891
HAVR1_RAT	286934	Havcr1	10.001	275	4	3	1.602	0.0	6.242
APOM_RAT	55939	Apom	9.994	10	2	1	1.301	0.0	7.682
D4A605_RAT	300691	Nnmt	9.994	10	2	1	1.301	0.0	7.682
CRCM1_RAT	304496	Orai1	9.989	83	3	0	1.477	0.0	6.763
O35370_RAT	83580	Thbd	9.981	84	3	0	1.477	0.0	6.757
CNTF_RAT	25707	Cntf	9.979	643	5	0	1.699	0.0	5.873
FABPH_RAT	79131	Fabp3	9.966	86	3	0	1.477	0.0	6.747
CD5R1_RAT	116671	Cdk5r1	9.961	291	4	2	1.602	0.0	6.218
MC4R_RAT	25635	Mc4r	9.959	292	4	3	1.602	0.0	6.216
ISL1_RAT	64444	Isl1	9.959	87	3	3	1.477	0.0	6.742
TNR6_RAT	246097	Fas	9.952	88	3	3	1.477	0.0	6.737
SECR_RAT	24769	Sct	9.935	302	4	0	1.602	0.0	6.202
P2RY6_RAT	117264	P2ry6	9.93	91	3	4	1.477	0.0	6.723
F1MAG1_RAT	25582	Agrp	9.922	308	4	0	1.602	0.0	6.193
IL15_RAT	25670	Il15	9.916	93	3	1	1.477	0.0	6.713
CATL1_RAT	25697	Ctsl	9.915	311	4	0	1.602	0.0	6.189
CDK5_RAT	140908	Cdk5	9.911	313	4	1	1.602	0.0	6.186
I23O1_RAT	66029	Ido1	9.909	94	3	1	1.477	0.0	6.709
A8IRI0_RAT	100126231	Mln	9.909	94	3	0	1.477	0.0	6.709
HYES_RAT	65030	Ephx2	9.904	316	4	6	1.602	0.0	6.182
Q5M964_RAT	24368	Fh	9.903	95	3	1	1.477	0.0	6.704
IL13_RAT	116553	Il13	9.899	318	4	8	1.602	0.0	6.179
CFTR_RAT	24255	Cftr	9.897	319	4	2	1.602	0.0	6.178
CLUS_RAT	24854	Clu	9.897	319	4	0	1.602	0.0	6.178
SC5A5_RAT	114613	Slc5a5	9.896	96	3	0	1.477	0.0	6.699
PARK7_RAT	117287	Park7	9.896	96	3	2	1.477	0.0	6.699
Q9R290_RAT	79451	Fabp4	9.893	321	4	0	1.602	0.0	6.175
Q04105_RAT	24687	Prp15	9.891	12	2	0	1.301	0.0	7.602
KCMB1_RAT	29747	Kcnmb1	9.891	12	2	4	1.301	0.0	7.602
CAH3_RAT	54232	Ca3	9.891	5444	10	3	2.0	0.0	4.945
KINH_RAT	117550	Kif5b	9.891	12	2	1	1.301	0.0	7.602
PLCD1_RAT	24655	Plcd1	9.883	98	3	0	1.477	0.0	6.69
Q3MID7_RAT	29469	Lbp	9.883	98	3	2	1.477	0.0	6.69
CYB5_RAT	64001	Cyb5a	9.876	739	5	0	1.699	0.0	5.813
NSF1C_RAT	83809	Nsfl1c	9.869	332	4	4	1.602	0.0	6.16
FOXA2_RAT	25099	Foxa2	9.863	101	3	0	1.477	0.0	6.677
BHMT1_RAT	81508	Bhmt	9.863	101	3	1	1.477	0.0	6.677
Q9JHK1_RAT	58918	Casp9	9.862	1365	6	2	1.778	0.0	5.546
KCNN3_RAT	54263	Kcnn3	9.857	102	3	3	1.477	0.0	6.673
HPCA_RAT	29177	Hpca	9.851	103	3	0	1.477	0.0	6.669
TPM3_RAT	117557	Tpm3	9.846	13	2	0	1.301	0.0	7.568
D3ZH75_RAT	292887	Akt1s1	9.846	13	2	2	1.301	0.0	7.568
G3V6X7_RAT	108348172	LOC108348172	9.846	13	2	1	1.301	0.0	7.568
Q5WRG2_RAT	305843	Ang	9.84	1066	5	10	1.699	0.041	5.654
FAAH1_RAT	29347	Faah	9.831	351	4	2	1.602	0.0	6.136
S10A8_RAT	116547	S100a8	9.82	108	3	1	1.477	0.0	6.648
NMDE2_RAT	24410	Grin2b	9.818	1445	6	8	1.778	0.0	5.522
A0A0G2K1L0_RAT	116640	Tnc	9.817	358	4	0	1.602	0.0	6.128
GHRHR_RAT	25321	Ghrhr	9.808	110	3	4	1.477	0.0	6.64
MTPN_RAT	79215	Mtpn	9.808	810	5	2	1.699	0.0	5.773
Q68G41_RAT	29740	Eci1	9.804	14	2	0	1.301	0.0	7.536
SCG1_RAT	24259	Chgb	9.797	112	3	0	1.477	0.0	6.632
Q5U324_RAT	25439	F2r	9.788	373	4	2	1.602	0.0	6.11
EPAS1_RAT	29452	Epas1	9.78	115	3	4	1.477	0.0	6.621
OGG1_RAT	81528	Ogg1	9.774	116	3	2	1.477	0.0	6.617
CCR5_RAT	117029	Ccr5	9.774	116	3	1	1.477	0.0	6.617
TRPM2_RAT	294329	Trpm2	9.774	116	3	2	1.477	0.0	6.617
KNG1_RAT	25087	Kng1	9.769	117	3	0	1.477	0.0	6.613
Q6P9V7_RAT	29630	Psme1	9.765	15	2	2	1.301	0.0	7.506
F1MAA7_RAT	117036	Lamc1	9.765	15	2	0	1.301	0.0	7.506
G3V633_RAT	54251	Flt1	9.759	389	4	1	1.602	0.0	6.092
Q8CHK8_RAT	282817	Pycard	9.758	119	3	0	1.477	0.0	6.606
FGF23_RAT	170583	Fgf23	9.753	120	3	4	1.477	0.0	6.602
SCF_RAT	60427	Kitlg	9.752	393	4	2	1.602	0.0	6.087
5HT1B_RAT	25075	Htr1b	9.745	883	5	0	1.699	0.0	5.736
CH60_RAT	63868	Hspd1	9.743	398	4	3	1.602	0.0	6.082
5HT2A_RAT	29595	Htr2a	9.742	886	5	0	1.699	0.0	5.734
Q4L0E9_RAT	360857	Rgs16	9.728	16	2	0	1.301	0.0	7.478
AQP9_RAT	65054	Aqp9	9.726	125	3	0	1.477	0.0	6.585
Q6PED1_RAT	81780	Ccl5	9.708	419	4	0	1.602	0.0	6.059
HCN2_RAT	114244	Hcn2	9.706	129	3	2	1.477	0.0	6.571
GHR_RAT	25235	Ghr	9.699	424	4	0	1.602	0.0	6.054
SSR3_RAT	171044	Sstr3	9.696	131	3	0	1.477	0.0	6.564
Q68FP7_RAT	289481	Gk2	9.694	17	2	0	1.301	0.0	7.451
PON3_RAT	312086	Pon3	9.694	17	2	0	1.301	0.0	7.451
Q3T1I6_RAT	314323	Flvcr2	9.694	17	2	0	1.301	0.0	7.451
NMDE1_RAT	24409	Grin2a	9.689	952	5	1	1.699	0.0	5.703
MLRS_RAT	24584	Mylpf	9.677	135	3	0	1.477	0.0	6.551
SRBP2_RAT	300095	Srebf2	9.677	135	3	9	1.477	0.0	6.551
D3ZUM4_RAT	316033	Glb1	9.676	969	5	0	1.699	0.0	5.695
MAP2_RAT	64370	Metap2	9.672	136	3	2	1.477	0.0	6.548
CDN2A_RAT	25163	Cdkn2a	9.663	447	4	0	1.602	0.0	6.031
Q6AY35_RAT	116490	Snai1	9.631	19	2	2	1.301	0.0	7.403
PLAP_RAT	116645	Plaa	9.631	19	2	2	1.301	0.0	7.403
Q0D2L7_RAT	406196	Cchcr1	9.631	19	2	9	1.301	0.0	7.403
PYY_RAT	287730	Pyy	9.629	469	4	0	1.602	0.0	6.01
SRC_RAT	83805	Src	9.626	1037	5	3	1.699	0.0	5.666
LALBA_RAT	24528	Lalba	9.622	147	3	1	1.477	0.0	6.514
PRVA_RAT	25269	Pvalb	9.619	1047	5	0	1.699	0.0	5.662
D3ZNT6_RAT	366949	Mafa	9.603	53	2	11	1.301	0.079	6.957
Q99MA1_RAT	114490	Cited2	9.602	20	2	2	1.301	0.0	7.381
Q8VI81_RAT	170582	Fgf19	9.602	20	2	9	1.301	0.0	7.381
G3V672_RAT	304157	Nrip1	9.602	20	2	2	1.301	0.0	7.381
K2C8_RAT	25626	Krt8	9.601	152	3	0	1.477	0.0	6.5
LSHR_RAT	25477	Lhcgr	9.599	490	4	0	1.602	0.0	5.991
ODO1_RAT	360975	Ogdh	9.597	153	3	1	1.477	0.0	6.497
G3V9Z3_RAT	29253	Maoa	9.596	1926	6	1	1.778	0.0	5.397
HS90A_RAT	299331	Hsp90aa1	9.585	500	4	6	1.602	0.0	5.983
SPTN1_RAT	64159	Sptan1	9.584	156	3	1	1.477	0.0	6.489
MYP0_RAT	24564	Mpz	9.575	21	2	0	1.301	0.0	7.359
D3ZCR1_RAT	24882	Wnt3	9.575	21	2	0	1.301	0.0	7.359
PHOS_RAT	25343	Pdc	9.575	21	2	0	1.301	0.0	7.359
S23A1_RAT	50621	Slc23a1	9.575	21	2	0	1.301	0.0	7.359
B0BN51_RAT	171365	Snrpb	9.575	21	2	0	1.301	0.0	7.359
HYOU1_RAT	192235	Hyou1	9.575	21	2	3	1.301	0.0	7.359
PMGT2_RAT	316091	Pomgnt2	9.575	21	2	1	1.301	0.0	7.359
NEC2_RAT	25121	Pcsk2	9.572	159	3	1	1.477	0.0	6.48
G3V7M4_RAT	301289	Il17a	9.572	509	4	2	1.602	0.0	5.975
PLCB1_RAT	24654	Plcb1	9.56	162	3	2	1.477	0.0	6.472
SGPL1_RAT	286896	Sgpl1	9.56	162	3	0	1.477	0.0	6.472
CRYAB_RAT	25420	Cryab	9.548	165	3	2	1.477	0.0	6.464
ADA1D_RAT	29413	Adra1d	9.544	166	3	0	1.477	0.0	6.462
CALB2_RAT	117059	Calb2	9.526	544	4	0	1.602	0.0	5.946
S22A1_RAT	24904	Slc22a1	9.522	172	3	4	1.477	0.0	6.446
AK1A1_RAT	78959	Akr1a1	9.503	562	4	0	1.602	0.0	5.932
EAA1_RAT	29483	Slc1a3	9.502	563	4	5	1.602	0.0	5.931
PRLHR_RAT	246075	Prlhr	9.499	24	2	0	1.301	0.0	7.301
Q496Y7_RAT	29467	Ddit3	9.498	566	4	1	1.602	0.0	5.929
B1WC04_RAT	312195	Nrf1	9.493	180	3	1	1.477	0.0	6.426
NEUM_RAT	29423	Gap43	9.49	1247	5	0	1.699	0.0	5.586
NLRP3_RAT	287362	Nlrp3	9.478	184	3	2	1.477	0.0	6.417
CP2CC_RAT	25011	Cyp2c12	9.468	187	3	0	1.477	0.0	6.41
LEG3_RAT	83781	Lgals3	9.468	187	3	2	1.477	0.0	6.41
DEFB1_RAT	83687	Defb1	9.454	26	2	0	1.301	0.0	7.267
ELOV6_RAT	171402	Elovl6	9.454	26	2	7	1.301	0.0	7.267
D4A7E8_RAT	362657	Mthfr	9.454	26	2	0	1.301	0.0	7.267
TR11B_RAT	25341	Tnfrsf11b	9.448	608	4	3	1.602	0.0	5.898
GNAL_RAT	24611	Gnal	9.433	27	2	0	1.301	0.0	7.25
BACE1_RAT	29392	Bace1	9.422	201	3	5	1.477	0.0	6.378
PDIA1_RAT	25506	P4hb	9.415	203	3	1	1.477	0.0	6.374
NDRG2_RAT	171114	Ndrg2	9.412	28	2	0	1.301	0.0	7.234
ALDH2_RAT	29539	Aldh2	9.409	205	3	2	1.477	0.0	6.37
CSF2_RAT	116630	Csf2	9.409	643	4	1	1.602	0.0	5.873
NCAM1_RAT	24586	Ncam1	9.406	646	4	0	1.602	0.0	5.871
PNOC_RAT	25516	Pnoc	9.4	652	4	2	1.602	0.0	5.867
DNAS1_RAT	25633	Dnase1	9.398	654	4	0	1.602	0.0	5.866
CO1A1_RAT	29393	Col1a1	9.397	209	3	1	1.477	0.0	6.361
Q5XJW6_RAT	155012	Cfh	9.392	29	2	0	1.301	0.0	7.219
CD5_RAT	54236	Cd5	9.381	214	3	0	1.477	0.0	6.351
PGFRB_RAT	24629	Pdgfrb	9.376	216	3	2	1.477	0.0	6.347
D3ZCD0_RAT	89804	Tek	9.376	216	3	1	1.477	0.0	6.347
NU1M_RAT	26193	Mtnd1	9.373	30	2	0	1.301	0.0	7.205
SGMR1_RAT	29336	Sigmar1	9.37	218	3	1	1.477	0.0	6.343
GDN_RAT	29366	Serpine2	9.361	221	3	0	1.477	0.0	6.337
KCND2_RAT	65180	Kcnd2	9.358	222	3	0	1.477	0.0	6.335
Q4FZY2_RAT	299638	Sirt6	9.355	31	2	2	1.301	0.0	7.19
GPDA_RAT	60666	Gpd1	9.346	226	3	0	1.477	0.0	6.328
LOX5_RAT	25290	Alox5	9.338	713	4	0	1.602	0.0	5.828
KAD1_RAT	24183	Ak1	9.337	32	2	1	1.301	0.0	7.176
AT1A2_RAT	24212	Atp1a2	9.337	32	2	0	1.301	0.0	7.176
CSEN_RAT	65199	Kcnip3	9.337	32	2	0	1.301	0.0	7.176
HMGA1_RAT	117062	Hmga1	9.337	32	2	1	1.301	0.0	7.176
D3ZDQ2_RAT	366214	Nkx2-2	9.337	32	2	0	1.301	0.0	7.176
PIT1_RAT	25517	Pou1f1	9.324	234	3	0	1.477	0.0	6.312
NCPR_RAT	29441	Por	9.32	731	4	2	1.602	0.0	5.818
ACRO_RAT	24163	Acr	9.319	33	2	0	1.301	0.0	7.163
ADDA_RAT	24170	Add1	9.319	33	2	3	1.301	0.0	7.163
KLK1_RAT	24594	Ngfg	9.319	33	2	0	1.301	0.0	7.163
SCNNB_RAT	24767	Scnn1b	9.319	33	2	0	1.301	0.0	7.163
ANXA3_RAT	25291	Anxa3	9.319	236	3	1	1.477	0.0	6.309
A0A0G2K4C9_RAT	25540	Sbp	9.311	239	3	0	1.477	0.0	6.303
TPH1_RAT	24848	Tph1	9.305	241	3	3	1.477	0.0	6.3
M3K1_RAT	116667	Map3k1	9.286	35	2	1	1.301	0.0	7.138
FSHB_RAT	25447	Fshb	9.272	254	3	3	1.477	0.0	6.277
A0A0G2K0Q7_RAT	288057	Mylk	9.257	260	3	0	1.477	0.0	6.267
Q5BK77_RAT	297073	Rarres2	9.255	37	2	0	1.301	0.0	7.113
CLD5_RAT	65131	Cldn5	9.247	264	3	1	1.477	0.0	6.26
AT1A1_RAT	24211	Atp1a1	9.24	38	2	0	1.301	0.0	7.102
TS1R3_RAT	170634	Tas1r3	9.225	39	2	1	1.301	0.0	7.091
R9W7X6_RAT	100361092	Malrd1	9.225	39	2	0	1.301	0.0	7.091
Q63762_RAT	29259	Sell	9.223	274	3	0	1.477	0.0	6.244
IBP5_RAT	25285	Igfbp5	9.221	275	3	0	1.477	0.0	6.242
COT2_RAT	113984	Nr2f2	9.211	40	2	0	1.301	0.0	7.08
B0BNJ1_RAT	683667	Sri	9.211	40	2	0	1.301	0.0	7.08
G3V6D0_RAT	24177	Afp	9.204	864	4	1	1.602	0.0	5.745
CO6_RAT	24237	C6	9.202	283	3	0	1.477	0.0	6.23
MYH7_RAT	29557	Myh7	9.189	289	3	0	1.477	0.0	6.221
HNF1B_RAT	25640	Hnf1b	9.183	42	2	1	1.301	0.0	7.058
D4A7L6_RAT	362383	Rpia	9.183	42	2	0	1.301	0.0	7.058
T23O_RAT	64206	Tdo2	9.182	292	3	0	1.477	0.0	6.216
TGFB3_RAT	25717	Tgfb3	9.178	294	3	5	1.477	0.0	6.213
Q5BK91_RAT	25156	Vav1	9.17	43	2	0	1.301	0.0	7.048
S4A7_RAT	117955	Slc4a7	9.157	44	2	1	1.301	0.0	7.038
B2CL1_RAT	24888	Bcl2l1	9.155	927	4	1	1.602	0.0	5.715
TRPA1_RAT	312896	Trpa1	9.154	305	3	2	1.477	0.0	6.197
TGON3_RAT	192152	Ttgn1	9.144	45	2	1	1.301	0.0	7.028
Q9JHM2_RAT	309627	RT1-A3	9.132	46	2	0	1.301	0.0	7.019
D3ZT94_RAT	689388	Ptx3	9.132	46	2	0	1.301	0.0	7.019
NPY4R_RAT	29471	Npy4r	9.125	319	3	0	1.477	0.0	6.178
B1WC54_RAT	25729	Ccne1	9.121	321	3	0	1.477	0.0	6.175
PPBT_RAT	25586	Alpl	9.12	47	2	0	1.301	0.0	7.01
GLPK_RAT	79223	Gk	9.12	47	2	0	1.301	0.0	7.01
NTF4_RAT	25730	Ntf4	9.106	329	3	1	1.477	0.0	6.164
EST1C_RAT	24346	Ces1c	9.094	335	3	0	1.477	0.0	6.157
HRH1_RAT	24448	Hrh1	9.09	337	3	0	1.477	0.0	6.154
MET_RAT	24553	Met	9.083	341	3	1	1.477	0.0	6.149
ACBG1_RAT	171410	Acsbg1	9.073	51	2	0	1.301	0.0	6.974
PCSK9_RAT	298296	Pcsk9	9.073	51	2	0	1.301	0.0	6.974
F1LPV2_RAT	25696	Vldlr	9.063	52	2	0	1.301	0.0	6.966
FOLH1_RAT	85309	Folh1	9.063	52	2	1	1.301	0.0	6.966
HSPB6_RAT	192245	Hspb6	9.06	353	3	0	1.477	0.0	6.134
G3V6W8_RAT	85272	Bmp7	9.051	358	3	2	1.477	0.0	6.128
VGLU1_RAT	116638	Slc17a7	9.05	359	3	1	1.477	0.0	6.126
AOFB_RAT	25750	Maob	9.048	1081	4	1	1.602	0.0	5.648
CLCN3_RAT	84360	Clcn3	9.041	54	2	0	1.301	0.0	6.949
DDAH2_RAT	294239	Ddah2	9.041	54	2	2	1.301	0.0	6.949
PLPL2_RAT	361676	Pnpla2	9.041	54	2	3	1.301	0.0	6.949
D3ZLB7_RAT	100360880	Fosb	9.037	366	3	1	1.477	0.0	6.118
RAF1_RAT	24703	Raf1	9.034	368	3	0	1.477	0.0	6.116
Q8K3F9_RAT	24337	Erbb2	9.03	370	3	0	1.477	0.0	6.113
GASR_RAT	25706	Cckbr	9.028	371	3	0	1.477	0.0	6.112
Q5U328_RAT	25135	Ncl	9.021	56	2	0	1.301	0.0	6.933
CFAD_RAT	54249	Cfd	9.021	56	2	0	1.301	0.0	6.933
AL3A1_RAT	25375	Aldh3a1	9.02	376	3	0	1.477	0.0	6.106
CO3_RAT	24232	C3	9.005	385	3	0	1.477	0.0	6.096
Q9JK59_RAT	116502	Bak1	9.001	58	2	0	1.301	0.0	6.918
CP2D3_RAT	24303	Cyp2d3	8.991	59	2	0	1.301	0.0	6.911
Q45QJ4_RAT	29322	Plcb3	8.991	59	2	0	1.301	0.0	6.911
MYLK3_RAT	291926	Mylk3	8.972	61	2	0	1.301	0.0	6.896
Q6YGU2_RAT	310553	Tlr2	8.967	408	3	1	1.477	0.0	6.071
FAK1_RAT	25614	Ptk2	8.961	412	3	1	1.477	0.0	6.067
CN37_RAT	25275	Cnp	8.953	417	3	0	1.477	0.0	6.061
PO6F1_RAT	116545	Pou6f1	8.947	421	3	0	1.477	0.0	6.057
BCAR1_RAT	25414	Bcar1	8.945	64	2	0	1.301	0.0	6.875
F1LM84_RAT	25494	Nid1	8.945	64	2	0	1.301	0.0	6.875
A0A0G2JYW2_RAT	24521	Kcnj1	8.936	65	2	2	1.301	0.0	6.869
PEMT_RAT	25511	Pemt	8.928	66	2	0	1.301	0.0	6.862
SARCO_RAT	367086	Sln	8.928	66	2	1	1.301	0.0	6.862
D4A9J2_RAT	24881	Wnt1	8.911	68	2	1	1.301	0.0	6.849
SAP_RAT	25524	Psap	8.911	68	2	0	1.301	0.0	6.849
B5DFD5_RAT	300339	Mmp1	8.91	446	3	1	1.477	0.0	6.032
SDC4_RAT	24771	Sdc4	8.895	70	2	0	1.301	0.0	6.837
Q9QUG4_RAT	24218	Atp7b	8.887	71	2	1	1.301	0.0	6.83
PAR4_RAT	116498	F2rl3	8.887	71	2	0	1.301	0.0	6.83
PPR1A_RAT	58977	Ppp1r1a	8.879	72	2	0	1.301	0.0	6.824
C5AR1_RAT	113959	C5ar1	8.879	72	2	2	1.301	0.0	6.824
B3AT_RAT	24779	Slc4a1	8.871	73	2	0	1.301	0.0	6.818
F1M0G3_RAT	64519	Entpd1	8.871	73	2	0	1.301	0.0	6.818
GDNF_RAT	25453	Gdnf	8.87	1396	4	2	1.602	0.0	5.536
CATC_RAT	25423	Ctsc	8.863	74	2	0	1.301	0.0	6.812
GFPT1_RAT	297417	Gfpt1	8.863	74	2	0	1.301	0.0	6.812
SEPP1_RAT	29360	Selenop	8.856	75	2	3	1.301	0.0	6.807
P97706_RAT	64155	Scn7a	8.856	75	2	0	1.301	0.0	6.807
B5DEX4_RAT	361517	Vasp	8.856	75	2	3	1.301	0.0	6.807
CTNB1_RAT	84353	Ctnnb1	8.829	506	3	1	1.477	0.0	5.977
CD8A_RAT	24930	Cd8a	8.819	80	2	4	1.301	0.0	6.779
CD47_RAT	29364	Cd47	8.819	80	2	0	1.301	0.0	6.779
METH_RAT	81522	Mtr	8.819	80	2	3	1.301	0.0	6.779
SRR_RAT	303306	Srr	8.819	80	2	0	1.301	0.0	6.779
CXCL3_RAT	171551	Cxcl3	8.812	81	2	1	1.301	0.0	6.773
MT1_RAT	24567	Mt1	8.803	527	3	2	1.477	0.0	5.96
CP11A_RAT	29680	Cyp11a1	8.802	528	3	1	1.477	0.0	5.959
Q69DC0_RAT	246060	Cdkn1c	8.792	84	2	1	1.301	0.0	6.757
F1M953_RAT	291671	Hspa9	8.792	84	2	2	1.301	0.0	6.757
HEM6_RAT	304024	Cpox	8.785	85	2	0	1.301	0.0	6.752
SPRE_RAT	29270	Spr	8.778	86	2	0	1.301	0.0	6.747
ARI4B_RAT	84481	Arid4b	8.778	86	2	4	1.301	0.0	6.747
SCN3A_RAT	497770	Scn3a	8.778	86	2	4	1.301	0.0	6.747
D3ZYL0_RAT	306886	Ripk1	8.765	88	2	0	1.301	0.0	6.737
CP3A2_RAT	266682	Cyp3a2	8.764	560	3	0	1.477	0.0	5.933
D4A563_RAT	315686	Peak1	8.753	90	2	0	1.301	0.0	6.727
MGP_RAT	25333	Mgp	8.74	92	2	0	1.301	0.0	6.718
PHB_RAT	25344	Phb	8.728	94	2	1	1.301	0.0	6.709
IL18_RAT	29197	Il18	8.718	602	3	4	1.477	0.0	5.902
TNNT3_RAT	24838	Tnnt3	8.716	96	2	1	1.301	0.0	6.699
Q8VBY1_RAT	25254	Dspp	8.716	96	2	0	1.301	0.0	6.699
AGRIN_RAT	25592	Agrn	8.71	97	2	0	1.301	0.0	6.695
PTGIS_RAT	25527	Ptgis	8.699	99	2	5	1.301	0.0	6.686
FURIN_RAT	54281	Furin	8.693	100	2	0	1.301	0.0	6.682
HSP74_RAT	266759	Hspa4	8.693	100	2	4	1.301	0.0	6.682
CADH1_RAT	83502	Cdh1	8.69	629	3	0	1.477	0.0	5.883
S22A2_RAT	29503	Slc22a2	8.687	101	2	0	1.301	0.0	6.677
CABIN_RAT	94165	Cabin1	8.687	101	2	0	1.301	0.0	6.677
HDAC1_RAT	297893	Hdac1	8.687	101	2	6	1.301	0.0	6.677
VEGFC_RAT	114111	Vegfc	8.682	102	2	1	1.301	0.0	6.673
Q3KRE3_RAT	114119	Gng10	8.682	1	1	0	1.0	0.0	8.682
MPRIP_RAT	116504	Mprip	8.682	1	1	0	1.0	0.0	8.682
PP14D_RAT	259226	Ppp1r14d	8.682	1	1	0	1.0	0.0	8.682
D4A4S6_RAT	287508	Olr1507	8.682	1	1	1	1.0	0.0	8.682
G3V674_RAT	288182	Cldnd1	8.682	1	1	1	1.0	0.0	8.682
D3ZXJ0_RAT	288626	Mmp17	8.682	1	1	0	1.0	0.0	8.682
D3ZJV9_RAT	291991	Tmed6	8.682	1	1	0	1.0	0.0	8.682
D4A0J4_RAT	307988	Vwa2	8.682	1	1	0	1.0	0.0	8.682
E9PTP3_RAT	363677	Gjd3	8.682	1	1	0	1.0	0.0	8.682
D4AEK4_RAT	367782	Tceanc	8.682	1	1	0	1.0	0.0	8.682
B0BN47_RAT	499688	Gstm6	8.682	1	1	0	1.0	0.0	8.682
B2RZD6_RAT	681024	Ndufa4	8.682	1	1	0	1.0	0.0	8.682
HUTH_RAT	29301	Hal	8.676	103	2	0	1.301	0.0	6.669
Q6IRL2_RAT	64476	LOC100911485	8.676	103	2	2	1.301	0.0	6.669
GDF8_RAT	29152	Mstn	8.671	104	2	0	1.301	0.0	6.665
PEBP1_RAT	29542	Pebp1	8.671	104	2	0	1.301	0.0	6.665
DLGP2_RAT	116681	Dlgap2	8.671	104	2	2	1.301	0.0	6.665
STA5B_RAT	25126	Stat5b	8.665	105	2	0	1.301	0.0	6.66
CCNB1_RAT	25203	Ccnb1	8.66	106	2	0	1.301	0.0	6.656
CD59_RAT	25407	Cd59	8.66	106	2	1	1.301	0.0	6.656
CP27A_RAT	301517	Cyp27a1	8.655	107	2	0	1.301	0.0	6.652
EAA2_RAT	29482	Slc1a2	8.651	668	3	0	1.477	0.0	5.857
Q6AZ23_RAT	83584	Casp6	8.65	108	2	1	1.301	0.0	6.648
KLK2_RAT	24841	Klk2	8.644	109	2	0	1.301	0.0	6.644
PRRP_RAT	63850	Prlh	8.639	110	2	1	1.301	0.0	6.64
D3Z9J1_RAT	293897	Dkk1	8.634	111	2	2	1.301	0.0	6.636
Q66HS9_RAT	29735	Slc16a7	8.629	112	2	1	1.301	0.0	6.632
Q66HJ7_RAT	25167	Ptpra	8.624	113	2	1	1.301	0.0	6.629
F1M9C5_RAT	367218	Runx2	8.622	699	3	3	1.477	0.0	5.837
G3V707_RAT	312670	Adipor2	8.609	116	2	1	1.301	0.0	6.617
IOD2_RAT	65162	Dio2	8.6	118	2	0	1.301	0.0	6.61
A1YKY4_RAT	170896	Ucn2	8.6	118	2	0	1.301	0.0	6.61
PGS1_RAT	25181	Bgn	8.595	119	2	0	1.301	0.0	6.606
MC3R_RAT	29310	Mc3r	8.59	120	2	7	1.301	0.0	6.602
ATF6A_RAT	304962	Atf6	8.59	120	2	4	1.301	0.0	6.602
ITB1_RAT	24511	Itgb1	8.585	121	2	0	1.301	0.0	6.599
CP2A1_RAT	24894	Cyp2a1	8.585	121	2	0	1.301	0.0	6.599
KCC4_RAT	25050	Camk4	8.585	121	2	0	1.301	0.0	6.599
CP2J3_RAT	313375	Cyp2j3	8.585	121	2	4	1.301	0.0	6.599
SODE_RAT	25352	Sod3	8.576	123	2	1	1.301	0.0	6.592
GALR2_RAT	29234	Galr2	8.576	123	2	0	1.301	0.0	6.592
KCNJ2_RAT	29712	Kcnj2	8.571	124	2	0	1.301	0.0	6.588
D4A1W6_RAT	499194	Nmb	8.571	124	2	0	1.301	0.0	6.588
ACHB_RAT	24261	Chrnb1	8.562	768	3	1	1.477	0.0	5.796
F1LM37_RAT	117855	Sf1	8.562	126	2	0	1.301	0.0	6.581
MIS_RAT	25378	Amh	8.558	127	2	0	1.301	0.0	6.578
CREM_RAT	25620	Crem	8.558	127	2	0	1.301	0.0	6.578
CGL_RAT	24962	Cth	8.554	128	2	3	1.301	0.0	6.574
D3ZFD9_RAT	24706	Rarb	8.545	130	2	0	1.301	0.0	6.568
Q80ZB2_RAT	313210	Abca1	8.536	132	2	0	1.301	0.0	6.561
Q63242_RAT	25022	Fgfr2	8.532	133	2	1	1.301	0.0	6.558
OXDA_RAT	114027	Dao	8.523	135	2	0	1.301	0.0	6.551
LYOX_RAT	24914	Lox	8.519	136	2	2	1.301	0.0	6.548
CBPE_RAT	25669	Cpe	8.519	136	2	1	1.301	0.0	6.548
AKC1H_RAT	171516	Akr1c18	8.519	136	2	0	1.301	0.0	6.548
CMA1_RAT	25627	Cma1	8.511	138	2	0	1.301	0.0	6.542
MT3_RAT	117038	Mt3	8.511	138	2	1	1.301	0.0	6.542
NTCP7_RAT	291942	Slc10a7	8.511	138	2	0	1.301	0.0	6.542
TGFA_RAT	24827	Tgfa	8.504	840	3	0	1.477	0.0	5.757
CP24A_RAT	25279	Cyp24a1	8.503	140	2	0	1.301	0.0	6.535
SO1A4_RAT	170698	Slco1a4	8.487	144	2	0	1.301	0.0	6.523
ODBA_RAT	25244	Bckdha	8.469	236	2	10	1.301	0.041	6.309
ACBP_RAT	25045	Dbi	8.468	149	2	2	1.301	0.0	6.508
KCNJ8_RAT	25472	Kcnj8	8.468	149	2	2	1.301	0.0	6.508
Q3KR94_RAT	29169	Vtn	8.468	149	2	0	1.301	0.0	6.508
Q6T5E8_RAT	154516	Ugt1a7c	8.468	149	2	0	1.301	0.0	6.508
SC6A4_RAT	25553	Slc6a4	8.458	902	3	0	1.477	0.0	5.726
FAK2_RAT	50646	Ptk2b	8.456	152	2	1	1.301	0.0	6.5
RGN_RAT	25106	Rgn	8.449	154	2	0	1.301	0.0	6.494
ENPL_RAT	362862	Hsp90b1	8.449	154	2	0	1.301	0.0	6.494
MLRV_RAT	363925	Myl2	8.417	163	2	0	1.301	0.0	6.469
SCRB1_RAT	25073	Scarb1	8.414	164	2	2	1.301	0.0	6.467
GRB2_RAT	81504	Grb2	8.4	168	2	0	1.301	0.0	6.456
GRIA2_RAT	29627	Gria2	8.388	1007	3	1	1.477	0.0	5.679
ARY1_RAT	116631	Nat1	8.383	173	2	0	1.301	0.0	6.444
G3V7B6_RAT	29390	Ptpmt1	8.381	2	1	1	1.0	0.0	8.381
PSA6_RAT	29673	Psma6	8.381	2	1	0	1.0	0.0	8.381
Q498U6_RAT	114214	Dffa	8.381	2	1	0	1.0	0.0	8.381
CACB2_RAT	116600	Cacnb2	8.381	2	1	0	1.0	0.0	8.381
RTN3_RAT	140945	Rtn3	8.381	2	1	1	1.0	0.0	8.381
Q76IJ9_RAT	282824	Elavl3	8.381	2	1	0	1.0	0.0	8.381
TAA7G_RAT	294131	Taar7g	8.381	2	1	0	1.0	0.0	8.381
D4A3U0_RAT	298944	Gpr22	8.381	2	1	0	1.0	0.0	8.381
D4AAE2_RAT	300679	Mpzl2	8.381	2	1	0	1.0	0.0	8.381
TSK_RAT	308843	Tsku	8.381	2	1	0	1.0	0.0	8.381
F1LUZ4_RAT	309533	Sorcs1	8.381	2	1	1	1.0	0.0	8.381
PCGF1_RAT	312480	Pcgf1	8.381	2	1	1	1.0	0.0	8.381
F1LYJ8_RAT	315203	Gramd4	8.381	2	1	0	1.0	0.0	8.381
NEK7_RAT	360850	Nek7	8.381	2	1	1	1.0	0.0	8.381
UBP19_RAT	361190	Usp19	8.381	2	1	1	1.0	0.0	8.381
BSCL2_RAT	361722	Bscl2	8.381	2	1	0	1.0	0.0	8.381
Q7TPB7_RAT	362911	Mal2	8.381	2	1	0	1.0	0.0	8.381
Q3ZAV4_RAT	493865	Gimap9	8.381	2	1	0	1.0	0.0	8.381
D3ZZU8_RAT	498034	Fn3k	8.381	2	1	0	1.0	0.0	8.381
D3ZDS2_RAT	498638	Msr1	8.381	2	1	1	1.0	0.0	8.381
D4AE44_RAT	499367	Calhm1	8.381	2	1	0	1.0	0.0	8.381
FAIM3_RAT	548326	Fcmr	8.381	2	1	1	1.0	0.0	8.381
D4ABZ3_RAT	690853	Aatk	8.381	2	1	0	1.0	0.0	8.381
MPC2_RAT	100359982	Mpc2	8.381	2	1	0	1.0	0.0	8.381
D4A0G7_RAT	100364984	Rab37	8.381	2	1	3	1.0	0.0	8.381
E9PSI7_RAT	103689940	LOC103689940	8.381	2	1	2	1.0	0.0	8.381
Q6T5F2_RAT	396527	Ugt1a2	8.374	176	2	0	1.301	0.0	6.436
CD1D_RAT	25109	Cd1d	8.37	177	2	0	1.301	0.0	6.434
OTC_RAT	25611	Otc	8.367	178	2	0	1.301	0.0	6.431
Q66HI4_RAT	25584	F3	8.364	179	2	0	1.301	0.0	6.429
TKN1_RAT	24806	Tac1	8.361	180	2	0	1.301	0.0	6.426
B2GV28_RAT	24300	Cyp2b1	8.352	1065	3	0	1.477	0.0	5.654
TRPM8_RAT	171384	Trpm8	8.352	183	2	0	1.301	0.0	6.419
V1AR_RAT	25107	Avpr1a	8.333	189	2	0	1.301	0.0	6.405
SMAD4_RAT	50554	Smad4	8.33	190	2	0	1.301	0.0	6.403
Q63116_RAT	64030	Kit	8.327	191	2	1	1.301	0.0	6.401
ANPRB_RAT	116564	Npr2	8.327	191	2	0	1.301	0.0	6.401
G3V679_RAT	64678	Tfrc	8.324	192	2	0	1.301	0.0	6.398
OX1R_RAT	25593	Hcrtr1	8.319	194	2	0	1.301	0.0	6.394
CCND1_RAT	58919	Ccnd1	8.299	1157	3	0	1.477	0.0	5.618
F1LRZ7_RAT	24587	Nefh	8.296	202	2	0	1.301	0.0	6.376
MRP3_RAT	140668	Abcc3	8.296	202	2	0	1.301	0.0	6.376
TSC2_RAT	24855	Tsc2	8.282	207	2	4	1.301	0.0	6.366
ARGI1_RAT	29221	Arg1	8.282	207	2	3	1.301	0.0	6.366
Q6IN10_RAT	94204	Ece1	8.271	211	2	1	1.301	0.0	6.357
MAG_RAT	29409	Mag	8.266	213	2	0	1.301	0.0	6.353
DIDH_RAT	191574	Akr1c9	8.255	217	2	0	1.301	0.0	6.345
CAN2_RAT	29154	Capn2	8.242	222	2	0	1.301	0.0	6.335
ABCBB_RAT	83569	Abcb11	8.242	222	2	1	1.301	0.0	6.335
SPRC_RAT	24791	Sparc	8.24	223	2	0	1.301	0.0	6.333
IKKB_RAT	84351	Ikbkb	8.24	223	2	5	1.301	0.0	6.333
TGFR2_RAT	81810	Tgfbr2	8.235	225	2	0	1.301	0.0	6.329
Q8K1Q7_RAT	298111	LOC298111	8.227	228	2	0	1.301	0.0	6.324
SCN1B_RAT	29686	Scn1b	8.205	3	1	0	1.0	0.0	8.205
NUP62_RAT	65274	Nup62	8.205	3	1	0	1.0	0.0	8.205
G3V7K9_RAT	83521	Rrad	8.205	3	1	1	1.0	0.0	8.205
PI42B_RAT	89812	Pip4k2b	8.205	3	1	1	1.0	0.0	8.205
PTPRE_RAT	114767	Ptpre	8.205	3	1	0	1.0	0.0	8.205
SRBS2_RAT	114901	Sorbs2	8.205	3	1	0	1.0	0.0	8.205
CRYM_RAT	117024	Crym	8.205	3	1	0	1.0	0.0	8.205
VATL_RAT	170667	Atp6v0c	8.205	3	1	0	1.0	0.0	8.205
RETNG_RAT	288135	Retnlg	8.205	3	1	0	1.0	0.0	8.205
A0A0G2JXD8_RAT	288264	Ifnar1	8.205	3	1	1	1.0	0.0	8.205
D4A7T1_RAT	296504	Abo2	8.205	3	1	0	1.0	0.0	8.205
D3ZYE3_RAT	297865	Dsel	8.205	3	1	0	1.0	0.0	8.205
D3ZZ21_RAT	297990	Ndufb6	8.205	3	1	1	1.0	0.0	8.205
D4A505_RAT	301285	Tfap2b	8.205	3	1	0	1.0	0.0	8.205
D3ZWZ6_RAT	303824	Igf2bp2	8.205	3	1	0	1.0	0.0	8.205
ARSI_RAT	307404	Arsi	8.205	3	1	0	1.0	0.0	8.205
UHRF1_RAT	316129	Uhrf1	8.205	3	1	1	1.0	0.0	8.205
Q66H18_RAT	366595	Sypl1	8.205	3	1	0	1.0	0.0	8.205
FGF7_RAT	29348	Fgf7	8.201	239	2	0	1.301	0.0	6.303
A1AG_RAT	24614	Orm1	8.196	241	2	0	1.301	0.0	6.3
D2KX21_RAT	288025	Hrasls	8.196	241	2	0	1.301	0.0	6.3
PLCG1_RAT	25738	Plcg1	8.187	245	2	0	1.301	0.0	6.292
CO4_RAT	24233	C4	8.178	249	2	0	1.301	0.0	6.285
CEBPG_RAT	25301	Cebpg	8.173	251	2	0	1.301	0.0	6.282
CYB_RAT	26192	Mt-Cyb	8.173	251	2	0	1.301	0.0	6.282
GATA4_RAT	54254	Gata4	8.169	253	2	1	1.301	0.0	6.279
PE2R4_RAT	84023	Ptger4	8.166	254	2	0	1.301	0.0	6.277
E2AK3_RAT	29702	Eif2ak3	8.161	7	1	10	1.0	0.041	7.837
EAA3_RAT	25550	Slc1a1	8.144	264	2	1	1.301	0.0	6.26
ITPR1_RAT	25262	Itpr1	8.123	274	2	1	1.301	0.0	6.244
CBG_RAT	299270	Serpina6	8.123	274	2	0	1.301	0.0	6.244
CP17A_RAT	25146	Cyp17a1	8.105	283	2	0	1.301	0.0	6.23
VIME_RAT	81818	Vim	8.102	1573	3	1	1.477	0.0	5.485
CUX1_RAT	116639	Cux1	8.095	288	2	0	1.301	0.0	6.222
F1LXU5_RAT	681288	T2	8.093	289	2	0	1.301	0.0	6.221
SNAT_RAT	25120	Aanat	8.087	292	2	3	1.301	0.0	6.216
NINJ1_RAT	25338	Ninj1	8.08	4	1	0	1.0	0.0	8.08
D4A5K9_RAT	25623	Gys2	8.08	4	1	0	1.0	0.0	8.08
RS15_RAT	29285	Rps15	8.08	4	1	0	1.0	0.0	8.08
ARL4A_RAT	29308	Arl4a	8.08	4	1	0	1.0	0.0	8.08
AAAD_RAT	57300	Aadac	8.08	4	1	0	1.0	0.0	8.08
CBPQ_RAT	58952	Cpq	8.08	4	1	1	1.0	0.0	8.08
Q9ESS9_RAT	85430	Herpud1	8.08	4	1	1	1.0	0.0	8.08
M0R623_RAT	114300	Gtpbp4	8.08	4	1	0	1.0	0.0	8.08
RIMS2_RAT	116839	Rims2	8.08	4	1	2	1.0	0.0	8.08
G3V6B5_RAT	117092	Serpinb7	8.08	4	1	0	1.0	0.0	8.08
Q5XI34_RAT	117281	Ppp2r1a	8.08	4	1	1	1.0	0.0	8.08
MYLK2_RAT	117558	Mylk2	8.08	4	1	0	1.0	0.0	8.08
IPMK_RAT	171458	Ipmk	8.08	4	1	0	1.0	0.0	8.08
PDP2_RAT	246311	Pdp2	8.08	4	1	1	1.0	0.0	8.08
CKD18_RAT	289019	Cdk18	8.08	4	1	0	1.0	0.0	8.08
Q5VLR5_RAT	298066	Erp44	8.08	4	1	0	1.0	0.0	8.08
K1C25_RAT	303519	Krt25	8.08	4	1	0	1.0	0.0	8.08
Q3T1L6_RAT	308995	Itgal	8.08	296	2	2	1.301	0.0	6.21
F1M8Y4_RAT	314979	Deptor	8.08	4	1	2	1.0	0.0	8.08
D4AE85_RAT	503052	Vash1	8.08	4	1	0	1.0	0.0	8.08
A0A0G2K4Q6_RAT	78965	Csf1	8.048	313	2	0	1.301	0.0	6.186
E9PTE1_RAT	304092	Son	8.043	316	2	0	1.301	0.0	6.182
IBP4_RAT	360622	Igfbp4	8.043	316	2	0	1.301	0.0	6.182
GALA_RAT	29141	Gal	8.038	319	2	1	1.301	0.0	6.178
CRFR2_RAT	64680	Crhr2	8.027	325	2	0	1.301	0.0	6.17
ANGP1_RAT	89807	Angpt1	8.01	335	2	2	1.301	0.0	6.157
Q5EB91_RAT	294051	Dntt	7.998	342	2	2	1.301	0.0	6.148
STAR_RAT	25557	Star	7.99	347	2	0	1.301	0.0	6.141
G3V722_RAT	24390	B4galt1	7.983	5	1	0	1.0	0.0	7.983
HA11_RAT	24737	RT1-Aw2	7.983	5	1	0	1.0	0.0	7.983
SPP24_RAT	94168	Spp2	7.983	5	1	0	1.0	0.0	7.983
RX_RAT	114213	Rax	7.983	5	1	2	1.0	0.0	7.983
GRIFN_RAT	117130	Grifin	7.983	5	1	0	1.0	0.0	7.983
ZN382_RAT	246264	Znf382	7.983	5	1	0	1.0	0.0	7.983
CLMP_RAT	286939	Clmp	7.983	5	1	0	1.0	0.0	7.983
Q5HZY3_RAT	360853	Uchl5	7.983	5	1	0	1.0	0.0	7.983
KBP_RAT	606294	Kbp	7.983	5	1	2	1.0	0.0	7.983
Q6AYU9_RAT	25296	Bmp4	7.977	355	2	1	1.301	0.0	6.131
DRD3_RAT	29238	Drd3	7.975	356	2	0	1.301	0.0	6.13
PK3CB_RAT	85243	Pik3cb	7.954	370	2	4	1.301	0.0	6.113
GHSR_RAT	84022	Ghsr	7.951	372	2	1	1.301	0.0	6.111
Q6P751_RAT	362817	Cdk2	7.924	390	2	2	1.301	0.0	6.091
PA216_RAT	24913	Pla2g16	7.903	6	1	1	1.0	0.0	7.903
Q9ERS3_RAT	25399	Cacna2d1	7.903	6	1	0	1.0	0.0	7.903
UBD_RAT	29168	Ubd	7.903	6	1	0	1.0	0.0	7.903
NXF1_RAT	59087	Nxf1	7.903	6	1	0	1.0	0.0	7.903
Q64165_RAT	64043	Gcnt1	7.903	6	1	0	1.0	0.0	7.903
PRELP_RAT	84400	Prelp	7.903	6	1	0	1.0	0.0	7.903
Q9EP88_RAT	85263	Slc25a14	7.903	6	1	0	1.0	0.0	7.903
EMB_RAT	114511	Emb	7.903	6	1	0	1.0	0.0	7.903
NRX3A_RAT	116508	Nrxn3	7.903	6	1	2	1.0	0.0	7.903
G3V8M6_RAT	171049	Folr1	7.903	6	1	0	1.0	0.0	7.903
CREST_RAT	192352	Ss18l1	7.903	6	1	0	1.0	0.0	7.903
BMF_RAT	246142	Bmf	7.903	6	1	0	1.0	0.0	7.903
SOAT2_RAT	266770	Soat2	7.903	6	1	0	1.0	0.0	7.903
GIMA4_RAT	286938	Gimap4	7.903	6	1	0	1.0	0.0	7.903
ASPG_RAT	290923	Aga	7.903	6	1	0	1.0	0.0	7.903
D3ZVB7_RAT	291015	Ogn	7.903	6	1	0	1.0	0.0	7.903
D3ZEX6_RAT	291100	Irf4	7.903	6	1	0	1.0	0.0	7.903
G3V6K7_RAT	295953	Rag2	7.903	6	1	0	1.0	0.0	7.903
Q71RR7_RAT	303179	Guk1	7.903	6	1	0	1.0	0.0	7.903
D3ZCC7_RAT	314221	Six6	7.903	6	1	0	1.0	0.0	7.903
PCCA_RAT	687008	Pcca	7.903	6	1	0	1.0	0.0	7.903
P2RX3_RAT	81739	P2rx3	7.865	433	2	2	1.301	0.0	6.045
ACM3_RAT	24260	Chrm3	7.837	7	1	0	1.0	0.0	7.837
22P1_RAT	25030	Andpro	7.837	7	1	0	1.0	0.0	7.837
PRKN_RAT	56816	Prkn	7.837	7	1	0	1.0	0.0	7.837
CAC1H_RAT	114862	Cacna1h	7.837	7	1	0	1.0	0.0	7.837
D4A7F3_RAT	117020	Mcf2l	7.837	7	1	0	1.0	0.0	7.837
Q5U1W0_RAT	140473	Ackr2	7.837	7	1	0	1.0	0.0	7.837
ECHA_RAT	170670	Hadha	7.837	7	1	0	1.0	0.0	7.837
D4ACF4_RAT	290221	Nrl	7.837	7	1	0	1.0	0.0	7.837
CHSTB_RAT	314694	Chst11	7.837	7	1	0	1.0	0.0	7.837
ARX_RAT	317268	Arx	7.837	7	1	1	1.0	0.0	7.837
ABHGA_RAT	361796	Abhd16a	7.837	7	1	0	1.0	0.0	7.837
WDR35_RAT	503018	Wdr35	7.837	7	1	1	1.0	0.0	7.837
SELK_RAT	290549	Selenok	7.836	456	2	0	1.301	0.0	6.023
GABT_RAT	81632	Abat	7.831	460	2	0	1.301	0.0	6.019
Q8VD47_RAT	60628	Cxcr4	7.821	468	2	0	1.301	0.0	6.011
SLC31_RAT	29484	Slc3a1	7.803	483	2	0	1.301	0.0	5.998
PTHR_RAT	24695	Pthlh	7.794	491	2	0	1.301	0.0	5.991
COBA1_RAT	25654	Col11a1	7.779	8	1	0	1.0	0.0	7.779
FAT2_RAT	65048	Fat2	7.779	8	1	0	1.0	0.0	7.779
D4A7U1_RAT	114636	Zyx	7.779	8	1	0	1.0	0.0	7.779
ACSL6_RAT	117243	Acsl6	7.779	8	1	3	1.0	0.0	7.779
CALCB_RAT	171519	Calcb	7.779	8	1	0	1.0	0.0	7.779
IPP2_RAT	192361	Ppp1r2	7.779	8	1	0	1.0	0.0	7.779
S36A2_RAT	246235	Slc36a2	7.779	8	1	0	1.0	0.0	7.779
D4A7K6_RAT	290939	Med10	7.779	8	1	0	1.0	0.0	7.779
PHLD_RAT	291132	Gpld1	7.779	8	1	0	1.0	0.0	7.779
D4AA31_RAT	293118	Prcp	7.779	8	1	0	1.0	0.0	7.779
D4AA36_RAT	304071	Sim2	7.779	8	1	1	1.0	0.0	7.779
SEGN_RAT	306942	Scgn	7.779	8	1	0	1.0	0.0	7.779
D3ZP96_RAT	312538	Mcm2	7.779	8	1	0	1.0	0.0	7.779
Q7TQ70_RAT	361969	Fga	7.779	8	1	0	1.0	0.0	7.779
D3ZMA1_RAT	497987	Hoxb5	7.779	8	1	0	1.0	0.0	7.779
6PGD_RAT	100360180	Pgd	7.779	8	1	0	1.0	0.0	7.779
Q91W32_RAT	25166	Casp1	7.751	530	2	1	1.301	0.0	5.957
CD44_RAT	25406	Cd44	7.745	535	2	0	1.301	0.0	5.953
CAH4_RAT	29242	Ca4	7.733	547	2	0	1.301	0.0	5.944
Q499Q4_RAT	24645	Pgm1	7.727	9	1	0	1.0	0.0	7.727
AACS_RAT	65984	Aacs	7.727	9	1	0	1.0	0.0	7.727
D4A8G5_RAT	116487	Tgfbi	7.727	9	1	0	1.0	0.0	7.727
Q8VHD7_RAT	140595	Gpr83	7.727	9	1	0	1.0	0.0	7.727
Q6MGC2_RAT	171079	B3galt4	7.727	9	1	0	1.0	0.0	7.727
RHES_RAT	171099	Rasd2	7.727	9	1	0	1.0	0.0	7.727
BACE2_RAT	288227	Bace2	7.727	9	1	0	1.0	0.0	7.727
G3V6S6_RAT	302553	Suv39h1l1	7.727	9	1	0	1.0	0.0	7.727
Q76KC5_RAT	309962	Pde8b	7.727	9	1	1	1.0	0.0	7.727
D3ZW08_RAT	315150	Adsl	7.727	9	1	0	1.0	0.0	7.727
GRB10_RAT	498416	Grb10	7.727	9	1	0	1.0	0.0	7.727
TS1R2_RAT	100270683	Tas1r2	7.727	9	1	0	1.0	0.0	7.727
IKBA_RAT	25493	Nfkbia	7.71	569	2	0	1.301	0.0	5.926
NU5M_RAT	26202	Mtnd5	7.682	10	1	0	1.0	0.0	7.682
HAND1_RAT	59112	Hand1	7.682	10	1	0	1.0	0.0	7.682
HNRPF_RAT	64200	Hnrnpf	7.682	10	1	0	1.0	0.0	7.682
PFKAM_RAT	65152	Pfkm	7.682	10	1	0	1.0	0.0	7.682
Q3MID9_RAT	83525	Ogfr	7.682	10	1	1	1.0	0.0	7.682
GPX5_RAT	113919	Gpx5	7.682	10	1	1	1.0	0.0	7.682
NFIL3_RAT	114519	Nfil3	7.682	10	1	1	1.0	0.0	7.682
MANEA_RAT	140808	Manea	7.682	10	1	0	1.0	0.0	7.682
KAT5_RAT	192218	Kat5	7.682	10	1	1	1.0	0.0	7.682
COX5A_RAT	252934	Cox5a	7.682	10	1	0	1.0	0.0	7.682
SELS_RAT	286900	Selenos	7.682	10	1	0	1.0	0.0	7.682
MBOA4_RAT	306515	Mboat4	7.682	10	1	0	1.0	0.0	7.682
Q6DGF2_RAT	360515	Clint1	7.682	10	1	0	1.0	0.0	7.682
D3ZHL1_RAT	360573	Ksr1	7.682	10	1	0	1.0	0.0	7.682
NGLY1_RAT	361014	Ngly1	7.682	10	1	0	1.0	0.0	7.682
Q6IE61_RAT	408242	Klk1c6	7.682	10	1	0	1.0	0.0	7.682
C5AR2_RAT	445269	C5ar2	7.682	10	1	0	1.0	0.0	7.682
DRD2_RAT	24318	Drd2	7.669	612	2	1	1.301	0.0	5.895
PTPRS_RAT	25529	Ptprs	7.64	11	1	0	1.0	0.0	7.64
PTPR2_RAT	29714	Ptprn2	7.64	11	1	2	1.0	0.0	7.64
ILKAP_RAT	64538	Ilkap	7.64	11	1	1	1.0	0.0	7.64
Q4QRB0_RAT	114860	Gale	7.64	11	1	0	1.0	0.0	7.64
Q5PQW5_RAT	170699	Atp2c1	7.64	11	1	0	1.0	0.0	7.64
RAB3C_RAT	171058	Rab3c	7.64	11	1	0	1.0	0.0	7.64
PTGR1_RAT	192227	Ptgr1	7.64	11	1	0	1.0	0.0	7.64
DUOX1_RAT	266807	Duox1	7.64	11	1	0	1.0	0.0	7.64
ZNT7_RAT	310801	Slc30a7	7.64	11	1	0	1.0	0.0	7.64
D4A740_RAT	312679	Il17ra	7.64	11	1	5	1.0	0.0	7.64
Q32Q45_RAT	29513	Mapk13	7.602	12	1	0	1.0	0.0	7.602
STXB2_RAT	81804	Stxbp2	7.602	12	1	2	1.0	0.0	7.602
ADAS_RAT	84114	Agps	7.602	12	1	0	1.0	0.0	7.602
KPCD1_RAT	85421	Prkd1	7.602	12	1	2	1.0	0.0	7.602
A1BG_RAT	140656	A1bg	7.602	12	1	0	1.0	0.0	7.602
Q63015_RAT	171161	Csap1	7.602	12	1	0	1.0	0.0	7.602
PDE9A_RAT	191569	Pde9a	7.602	12	1	0	1.0	0.0	7.602
DHYS_RAT	288923	Dhps	7.602	12	1	0	1.0	0.0	7.602
HABP2_RAT	292126	Habp2	7.602	12	1	0	1.0	0.0	7.602
E9PSP1_RAT	296371	Pltp	7.602	12	1	0	1.0	0.0	7.602
D3ZTV6_RAT	309377	Sfrp5	7.602	12	1	0	1.0	0.0	7.602
A0A0G2JW38_RAT	501157	Rpe	7.602	12	1	0	1.0	0.0	7.602
KRBBB_RAT	678513	Klrb1b	7.602	12	1	0	1.0	0.0	7.602
GNAS2_RAT	24896	Gnas	7.568	13	1	0	1.0	0.0	7.568
A0A023IKK2_RAT	24981	RT1-Db2	7.568	13	1	0	1.0	0.0	7.568
O35812_RAT	25512	Phex	7.568	13	1	0	1.0	0.0	7.568
SRCN1_RAT	56029	Srcin1	7.568	13	1	0	1.0	0.0	7.568
NR1H2_RAT	58851	Nr1h2	7.568	13	1	1	1.0	0.0	7.568
FXYD6_RAT	63847	Fxyd6	7.568	13	1	0	1.0	0.0	7.568
FSTL1_RAT	79210	Fstl1	7.568	13	1	0	1.0	0.0	7.568
TGFI1_RAT	84574	Tgfb1i1	7.568	13	1	1	1.0	0.0	7.568
GUAA_RAT	295088	Gmps	7.568	13	1	0	1.0	0.0	7.568
F1MAG2_RAT	316351	Npas2	7.568	13	1	0	1.0	0.0	7.568
HCAR2_RAT	353250	Hcar2	7.568	13	1	0	1.0	0.0	7.568
D3ZMR4_RAT	366153	Nutm1	7.568	13	1	0	1.0	0.0	7.568
GSTP1_RAT	24426	Gstp1	7.538	772	2	1	1.301	0.0	5.794
P70521_RAT	24566	Mst1	7.536	14	1	0	1.0	0.0	7.536
NU4M_RAT	26201	Mtnd4	7.536	14	1	0	1.0	0.0	7.536
Q4KLZ0_RAT	29142	Vnn1	7.536	14	1	0	1.0	0.0	7.536
G3V6K9_RAT	84600	Rag1	7.536	14	1	0	1.0	0.0	7.536
D3ZXS8_RAT	289623	Ube2k	7.536	14	1	1	1.0	0.0	7.536
RHCG_RAT	293048	Rhcg	7.536	14	1	0	1.0	0.0	7.536
Q6MGA7_RAT	294273	RT1-DMb	7.536	14	1	0	1.0	0.0	7.536
MPI_RAT	300741	Mpi	7.536	14	1	0	1.0	0.0	7.536
MED28_RAT	305391	Med28	7.536	14	1	0	1.0	0.0	7.536
D4A0P8_RAT	680486	Dazl	7.536	14	1	2	1.0	0.0	7.536
G3V8V3_RAT	24701	Pygm	7.506	15	1	0	1.0	0.0	7.506
UROM_RAT	25128	Umod	7.506	15	1	0	1.0	0.0	7.506
TUB_RAT	25609	Tub	7.506	15	1	0	1.0	0.0	7.506
CALD1_RAT	25687	Cald1	7.506	15	1	0	1.0	0.0	7.506
FLOT2_RAT	83764	Flot2	7.506	15	1	2	1.0	0.0	7.506
CAP2_RAT	116653	Cap2	7.506	15	1	0	1.0	0.0	7.506
NLGN2_RAT	117096	Nlgn2	7.506	15	1	1	1.0	0.0	7.506
SMU1_RAT	117541	Smu1	7.506	15	1	0	1.0	0.0	7.506
NCTR1_RAT	117547	Ncr1	7.506	15	1	0	1.0	0.0	7.506
DGKA_RAT	140866	Dgka	7.506	15	1	0	1.0	0.0	7.506
A0A0G2K8J2_RAT	155268	Cldn16	7.506	15	1	0	1.0	0.0	7.506
KCNH7_RAT	170739	Kcnh7	7.506	15	1	2	1.0	0.0	7.506
PABP1_RAT	171350	Pabpc1	7.506	15	1	0	1.0	0.0	7.506
NDKA_RAT	191575	Nme1	7.506	15	1	1	1.0	0.0	7.506
ACV1C_RAT	245921	Acvr1c	7.506	15	1	0	1.0	0.0	7.506
Q3MHU2_RAT	261730	Aurka	7.506	15	1	1	1.0	0.0	7.506
D3Z9X5_RAT	309810	RGD1304770	7.506	15	1	0	1.0	0.0	7.506
PIR_RAT	363465	Pir	7.506	15	1	0	1.0	0.0	7.506
HYAL1_RAT	367166	Hyal1	7.506	15	1	0	1.0	0.0	7.506
SUCR1_RAT	408199	Sucnr1	7.506	15	1	1	1.0	0.0	7.506
B2GUV6_RAT	502988	Sesn2	7.506	15	1	5	1.0	0.0	7.506
SCOT1_RAT	690163	Oxct1	7.506	15	1	2	1.0	0.0	7.506
MCH_RAT	24659	Pmch	7.478	16	1	0	1.0	0.0	7.478
BCKD_RAT	29603	Bckdk	7.478	16	1	0	1.0	0.0	7.478
CASP8_RAT	64044	Casp8	7.478	859	2	1	1.301	0.0	5.748
ADCY5_RAT	64532	Adcy5	7.478	16	1	0	1.0	0.0	7.478
MSH2_RAT	81709	Msh2	7.478	16	1	1	1.0	0.0	7.478
PDPK1_RAT	81745	Pdpk1	7.478	16	1	0	1.0	0.0	7.478
PCY2_RAT	89841	Pcyt2	7.478	16	1	1	1.0	0.0	7.478
ACSL3_RAT	114024	Acsl3	7.478	16	1	1	1.0	0.0	7.478
O89035_RAT	170943	Slc25a10	7.478	16	1	8	1.0	0.0	7.478
C0JPT7_RAT	293860	Flna	7.478	16	1	0	1.0	0.0	7.478
Q5U1Y3_RAT	362650	Fblim1	7.478	16	1	0	1.0	0.0	7.478
EDNRB_RAT	50672	Ednrb	7.473	866	2	0	1.301	0.0	5.744
NU2M_RAT	26194	Mtnd2	7.451	17	1	0	1.0	0.0	7.451
TIM_RAT	83508	Timeless	7.451	17	1	0	1.0	0.0	7.451
G3V7P2_RAT	84586	Fgl2	7.451	17	1	0	1.0	0.0	7.451
ATPB_RAT	171374	Atp5b	7.451	17	1	1	1.0	0.0	7.451
OAS1A_RAT	192281	Oas1a	7.451	17	1	0	1.0	0.0	7.451
SCAP_RAT	301024	Scap	7.451	17	1	0	1.0	0.0	7.451
G3V8I1_RAT	24197	Alpi	7.426	18	1	0	1.0	0.0	7.426
FOXA3_RAT	25100	Foxa3	7.426	18	1	0	1.0	0.0	7.426
ENOB_RAT	25438	Eno3	7.426	18	1	0	1.0	0.0	7.426
LAMB2_RAT	25473	Lamb2	7.426	18	1	1	1.0	0.0	7.426
CASQ2_RAT	29209	Casq2	7.426	18	1	0	1.0	0.0	7.426
MEN1_RAT	29417	Men1	7.426	18	1	1	1.0	0.0	7.426
GBRR2_RAT	29695	Gabrr2	7.426	18	1	1	1.0	0.0	7.426
G3V9M6_RAT	83727	Fbn1	7.426	18	1	1	1.0	0.0	7.426
APOA5_RAT	140638	Apoa5	7.426	18	1	0	1.0	0.0	7.426
RAP1B_RAT	171337	Rap1b	7.426	18	1	0	1.0	0.0	7.426
ADHX_RAT	100145871	Adh5	7.426	18	1	0	1.0	0.0	7.426
D4A2H6_RAT	287847	Rbfox3	7.42	952	2	1	1.301	0.0	5.703
5HT3A_RAT	79246	Htr3a	7.417	956	2	0	1.301	0.0	5.701
FOXG1_RAT	24370	Foxg1	7.403	19	1	0	1.0	0.0	7.403
ADT2_RAT	25176	Slc25a5	7.403	19	1	1	1.0	0.0	7.403
CIB1_RAT	81823	Cib1	7.403	19	1	0	1.0	0.0	7.403
O70153_RAT	171055	Cd79b	7.403	19	1	0	1.0	0.0	7.403
P2Y14_RAT	171108	P2ry14	7.403	19	1	3	1.0	0.0	7.403
KCNE2_RAT	171138	Kcne2	7.403	19	1	0	1.0	0.0	7.403
CP4AC_RAT	266674	Cyp4a12	7.403	19	1	0	1.0	0.0	7.403
A6QR73_RAT	288995	Gpr39	7.403	19	1	0	1.0	0.0	7.403
FTO_RAT	291905	Fto	7.403	19	1	1	1.0	0.0	7.403
E9PTC3_RAT	311071	Zeb2	7.403	19	1	0	1.0	0.0	7.403
Q56R18_RAT	361055	Kpna3	7.403	19	1	0	1.0	0.0	7.403
A0A0G2JV79_RAT	24546	Slco2a1	7.381	20	1	0	1.0	0.0	7.381
G3V627_RAT	24747	RT1-M3-1	7.381	20	1	0	1.0	0.0	7.381
Q6MGB9_RAT	24973	RT1-A1	7.381	20	1	0	1.0	0.0	7.381
HFE_RAT	29199	Hfe	7.381	20	1	0	1.0	0.0	7.381
MARE1_RAT	114764	Mapre1	7.381	20	1	1	1.0	0.0	7.381
DCTD_RAT	290741	Dctd	7.381	20	1	0	1.0	0.0	7.381
TAAR4_RAT	294122	Taar4	7.381	20	1	0	1.0	0.0	7.381
RAP1A_RAT	295347	Rap1a	7.381	20	1	0	1.0	0.0	7.381
P2Y13_RAT	310444	P2ry13	7.381	20	1	0	1.0	0.0	7.381
B1WC09_RAT	685781	Ddr2	7.381	20	1	3	1.0	0.0	7.381
ACHA2_RAT	170945	Chrna2	7.373	1033	2	0	1.301	0.0	5.667
CTRB1_RAT	24291	Ctrb1	7.359	21	1	1	1.0	0.0	7.359
CATS_RAT	50654	Ctss	7.359	21	1	0	1.0	0.0	7.359
AL3A2_RAT	65183	Aldh3a2	7.359	21	1	1	1.0	0.0	7.359
G3V7N1_RAT	114106	Bco1	7.359	21	1	0	1.0	0.0	7.359
LONM_RAT	170916	Lonp1	7.359	21	1	0	1.0	0.0	7.359
D3ZG21_RAT	366964	Tcf20	7.359	21	1	0	1.0	0.0	7.359
NFIA_RAT	25492	Nfia	7.339	22	1	0	1.0	0.0	7.339
CNN1_RAT	65204	Cnn1	7.339	22	1	0	1.0	0.0	7.339
F1LM10_RAT	85420	Prkcq	7.339	22	1	0	1.0	0.0	7.339
ACSL4_RAT	113976	Acsl4	7.339	22	1	2	1.0	0.0	7.339
INSI2_RAT	288985	Insig2	7.339	22	1	0	1.0	0.0	7.339
D3ZE73_RAT	300121	Smc1b	7.339	22	1	0	1.0	0.0	7.339
CRTC2_RAT	310615	Crtc2	7.339	22	1	2	1.0	0.0	7.339
NAGAB_RAT	315165	Naga	7.339	22	1	0	1.0	0.0	7.339
A0A0G2K6Q8_RAT	315294	Wnt10b	7.339	22	1	1	1.0	0.0	7.339
AQP6_RAT	29170	Aqp6	7.32	23	1	0	1.0	0.0	7.32
ACTN4_RAT	63836	Actn4	7.32	23	1	0	1.0	0.0	7.32
Q4KLJ0_RAT	114637	LOC100360316	7.32	23	1	0	1.0	0.0	7.32
CAPON_RAT	192363	Nos1ap	7.32	23	1	4	1.0	0.0	7.32
K1C9_RAT	266717	Krt9	7.32	23	1	0	1.0	0.0	7.32
K1C15_RAT	287700	Krt15	7.32	23	1	0	1.0	0.0	7.32
ERRFI_RAT	313729	Errfi1	7.32	23	1	0	1.0	0.0	7.32
A0A0G2JTP6_RAT	25629	Plin1	7.301	24	1	1	1.0	0.0	7.301
UBC_RAT	50522	Ubc	7.301	24	1	0	1.0	0.0	7.301
G3V6K1_RAT	64365	Tcn2	7.301	24	1	0	1.0	0.0	7.301
ANKH_RAT	114506	Ankh	7.301	24	1	2	1.0	0.0	7.301
D3ZYK3_RAT	116695	Kcnd1	7.301	24	1	0	1.0	0.0	7.301
NPCL1_RAT	432367	Npc1l1	7.301	24	1	1	1.0	0.0	7.301
MTAP2_RAT	25595	Map2	7.296	1185	2	0	1.301	0.0	5.608
G3V880_RAT	58954	Klf6	7.284	25	1	1	1.0	0.0	7.284
D4A5W3_RAT	291912	Nod2	7.284	25	1	0	1.0	0.0	7.284
D4A352_RAT	293736	Myrf	7.284	25	1	0	1.0	0.0	7.284
ITPA_RAT	311422	Itpa	7.284	25	1	0	1.0	0.0	7.284
A0A0G2KB96_RAT	313506	Stil	7.284	25	1	0	1.0	0.0	7.284
D4A5Q2_RAT	362519	Smc2	7.284	25	1	0	1.0	0.0	7.284
G3V6J4_RAT	299757	Nts	7.282	1214	2	0	1.301	0.0	5.597
ANRE_RAT	24937	Kap	7.267	26	1	0	1.0	0.0	7.267
THIL_RAT	25014	Acat1	7.267	26	1	0	1.0	0.0	7.267
SHPS1_RAT	25528	Sirpa	7.267	26	1	0	1.0	0.0	7.267
ASSY_RAT	25698	Ass1	7.267	26	1	0	1.0	0.0	7.267
PLM_RAT	58971	Fxyd1	7.267	26	1	2	1.0	0.0	7.267
SHAN3_RAT	59312	Shank3	7.267	26	1	0	1.0	0.0	7.267
M0R9D3_RAT	114850	Wnt7a	7.267	26	1	0	1.0	0.0	7.267
Q8VIL0_RAT	154985	Cyp26a1	7.267	26	1	1	1.0	0.0	7.267
D3KR63_RAT	252857	Rapgef4	7.267	26	1	0	1.0	0.0	7.267
D4ABA5_RAT	289734	Smtn	7.267	26	1	0	1.0	0.0	7.267
CRIP1_RAT	691657	Crip1	7.267	26	1	0	1.0	0.0	7.267
AT2A3_RAT	25391	Atp2a3	7.25	27	1	0	1.0	0.0	7.25
KGP2_RAT	25523	Prkg2	7.25	27	1	0	1.0	0.0	7.25
KCNJ5_RAT	29713	Kcnj5	7.25	27	1	1	1.0	0.0	7.25
PPP5_RAT	65179	Ppp5c	7.25	27	1	0	1.0	0.0	7.25
ACOD2_RAT	83792	Scd2	7.25	27	1	0	1.0	0.0	7.25
ENPP1_RAT	85496	Enpp1	7.25	27	1	0	1.0	0.0	7.25
Q5I0L5_RAT	117551	Ccl22	7.25	27	1	2	1.0	0.0	7.25
KCY_RAT	298410	Cmpk1	7.25	27	1	0	1.0	0.0	7.25
D9I2F9_RAT	360557	Nlrp1a	7.25	27	1	3	1.0	0.0	7.25
Q5U1Y2_RAT	366957	Rac2	7.25	27	1	0	1.0	0.0	7.25
F1MAD3_RAT	24650	Pkd1	7.234	28	1	0	1.0	0.0	7.234
Q6P6X2_RAT	25013	Semg1	7.234	28	1	0	1.0	0.0	7.234
KIME_RAT	81727	Mvk	7.234	28	1	0	1.0	0.0	7.234
G3V6C0_RAT	85483	Ciita	7.234	28	1	0	1.0	0.0	7.234
SNAA_RAT	140673	Napa	7.234	28	1	0	1.0	0.0	7.234
PCSK4_RAT	171085	Pcsk4	7.234	28	1	0	1.0	0.0	7.234
MPIP1_RAT	171102	Cdc25a	7.234	28	1	1	1.0	0.0	7.234
MOT8_RAT	259248	SLC16A2	7.234	28	1	1	1.0	0.0	7.234
G3V6Q2_RAT	366894	Trhde	7.234	28	1	2	1.0	0.0	7.234
TAP2_RAT	24812	Tap2	7.219	29	1	0	1.0	0.0	7.219
NEDD4_RAT	25489	Nedd4	7.219	29	1	2	1.0	0.0	7.219
PTPS_RAT	29498	Pts	7.219	29	1	0	1.0	0.0	7.219
4F2_RAT	50567	Slc3a2	7.219	29	1	0	1.0	0.0	7.219
Q9JJM4_RAT	64022	Btc	7.219	29	1	1	1.0	0.0	7.219
THIOM_RAT	79462	Txn2	7.219	29	1	1	1.0	0.0	7.219
PAX4_RAT	83630	Pax4	7.219	29	1	1	1.0	0.0	7.219
RPE65_RAT	89826	Rpe65	7.219	29	1	2	1.0	0.0	7.219
NFASC_RAT	116690	Nfasc	7.219	29	1	0	1.0	0.0	7.219
CSRP3_RAT	117505	Csrp3	7.219	29	1	0	1.0	0.0	7.219
PR15A_RAT	171071	Ppp1r15a	7.219	29	1	0	1.0	0.0	7.219
B0BNN4_RAT	299314	Cfp	7.219	29	1	0	1.0	0.0	7.219
D3Z9H7_RAT	305897	Nfatc4	7.219	29	1	0	1.0	0.0	7.219
SLAP1_RAT	338477	Sla	7.219	29	1	0	1.0	0.0	7.219
GLO2_RAT	24439	Hagh	7.205	30	1	1	1.0	0.0	7.205
ACSL1_RAT	25288	Acsl1	7.205	30	1	0	1.0	0.0	7.205
G3V7L1_RAT	25600	Utrn	7.205	30	1	0	1.0	0.0	7.205
D3ZXP8_RAT	304195	Pcp2	7.205	30	1	0	1.0	0.0	7.205
D3ZD03_RAT	100361294	Tyk2	7.205	30	1	2	1.0	0.0	7.205
SPA3N_RAT	24795	Serpina3n	7.19	31	1	0	1.0	0.0	7.19
TERA_RAT	116643	Vcp	7.19	31	1	1	1.0	0.0	7.19
COPT1_RAT	171135	Slc31a1	7.19	31	1	2	1.0	0.0	7.19
MYCD_RAT	246297	Myocd	7.19	31	1	0	1.0	0.0	7.19
FZD2_RAT	64512	Fzd2	7.176	32	1	3	1.0	0.0	7.176
KS6A1_RAT	81771	Rps6ka1	7.176	32	1	0	1.0	0.0	7.176
DPOG1_RAT	85472	Polg	7.176	32	1	3	1.0	0.0	7.176
E1AW38_RAT	257648	Cacna1b	7.176	32	1	0	1.0	0.0	7.176
APT_RAT	292072	Aprt	7.176	32	1	0	1.0	0.0	7.176
D3ZUH9_RAT	312781	Lrp6	7.176	32	1	2	1.0	0.0	7.176
F1MA79_RAT	360272	Slit2	7.176	32	1	0	1.0	0.0	7.176
E9PU00_RAT	497948	Trpv3	7.176	32	1	0	1.0	0.0	7.176
TPM1_RAT	24851	Tpm1	7.163	33	1	0	1.0	0.0	7.163
KCC2A_RAT	25400	Camk2a	7.163	33	1	0	1.0	0.0	7.163
KAP0_RAT	25725	Prkar1a	7.163	33	1	0	1.0	0.0	7.163
SERPH_RAT	29345	Serpinh1	7.163	33	1	0	1.0	0.0	7.163
RUNX1_RAT	50662	Runx1	7.163	33	1	0	1.0	0.0	7.163
CEGT_RAT	83626	Ugcg	7.163	33	1	0	1.0	0.0	7.163
S38A1_RAT	170567	Slc38a1	7.163	33	1	2	1.0	0.0	7.163
GALT_RAT	298003	Galt	7.163	33	1	0	1.0	0.0	7.163
Q5U3Z2_RAT	299626	Gadd45b	7.163	33	1	1	1.0	0.0	7.163
T132A_RAT	338474	Tmem132a	7.163	33	1	0	1.0	0.0	7.163
IDHC_RAT	24479	Idh1	7.15	34	1	1	1.0	0.0	7.15
G3V7T2_RAT	25280	St8sia1	7.15	34	1	0	1.0	0.0	7.15
GLP2R_RAT	60432	Glp2r	7.15	34	1	0	1.0	0.0	7.15
MYH10_RAT	79433	Myh10	7.15	34	1	0	1.0	0.0	7.15
Q9QZF6_RAT	113955	Gpnmb	7.15	34	1	1	1.0	0.0	7.15
F1LSL2_RAT	116555	Nup107	7.15	34	1	2	1.0	0.0	7.15
RTN1_RAT	116644	Rtn1	7.15	34	1	0	1.0	0.0	7.15
D4ABB2_RAT	315215	Mlc1	7.15	34	1	0	1.0	0.0	7.15
D3ZU59_RAT	361400	Nfatc3	7.15	34	1	0	1.0	0.0	7.15
RASA1_RAT	25676	Rasa1	7.138	35	1	0	1.0	0.0	7.138
ACOT1_RAT	50559	Acot1	7.138	35	1	5	1.0	0.0	7.138
Q9WV22_RAT	79237	Hhex	7.138	35	1	0	1.0	0.0	7.138
TAAR1_RAT	113914	Taar1	7.138	35	1	1	1.0	0.0	7.138
Q6AYN0_RAT	366473	Azin2	7.138	35	1	0	1.0	0.0	7.138
GSTT1_RAT	25260	Gstt1	7.125	36	1	0	1.0	0.0	7.125
EGLN3_RAT	54702	Egln3	7.125	36	1	0	1.0	0.0	7.125
PLK2_RAT	83722	Plk2	7.125	36	1	0	1.0	0.0	7.125
ADT1_RAT	85333	Slc25a4	7.125	36	1	6	1.0	0.0	7.125
TDRD7_RAT	85425	Tdrd7	7.125	36	1	0	1.0	0.0	7.125
MFGM_RAT	25277	Mfge8	7.113	37	1	2	1.0	0.0	7.113
KCNJ6_RAT	25743	Kcnj6	7.113	37	1	0	1.0	0.0	7.113
COX3_RAT	26204	Mtco3	7.113	37	1	0	1.0	0.0	7.113
PRAP1_RAT	60574	Prap1	7.113	37	1	0	1.0	0.0	7.113
S27A5_RAT	79111	Slc27a5	7.113	37	1	0	1.0	0.0	7.113
S38A5_RAT	192208	Slc38a5	7.113	37	1	0	1.0	0.0	7.113
RED_RAT	291659	Ik	7.113	37	1	0	1.0	0.0	7.113
F1LNJ1_RAT	300160	Lrrk2	7.113	37	1	1	1.0	0.0	7.113
D4AC20_RAT	362638	Cda	7.113	37	1	0	1.0	0.0	7.113
D3ZEP2_RAT	363443	LOC100909913	7.113	37	1	0	1.0	0.0	7.113
PP1A_RAT	24668	Ppp1ca	7.102	38	1	0	1.0	0.0	7.102
PCP4_RAT	25510	Pcp4	7.102	38	1	1	1.0	0.0	7.102
Q8R2H2_RAT	29302	Itgb3	7.102	38	1	0	1.0	0.0	7.102
PRDX3_RAT	64371	Prdx3	7.102	38	1	1	1.0	0.0	7.102
VIAAT_RAT	83612	Slc32a1	7.102	38	1	0	1.0	0.0	7.102
MMP10_RAT	117061	Mmp10	7.102	38	1	0	1.0	0.0	7.102
Q5PQK5_RAT	315655	Rdx	7.102	38	1	1	1.0	0.0	7.102
Q80WA5_RAT	114507	Slc5a3	7.091	39	1	0	1.0	0.0	7.091
JAM1_RAT	116479	F11r	7.091	39	1	2	1.0	0.0	7.091
FKBP4_RAT	260321	Fkbp4	7.091	39	1	0	1.0	0.0	7.091
MTRR_RAT	290947	Mtrr	7.091	39	1	0	1.0	0.0	7.091
Q6Q3E8_RAT	497010	Eng	7.091	39	1	0	1.0	0.0	7.091
SMR1_RAT	24867	Vcsa1	7.08	40	1	1	1.0	0.0	7.08
MMP11_RAT	25481	Mmp11	7.08	40	1	0	1.0	0.0	7.08
AL1A2_RAT	116676	Aldh1a2	7.08	40	1	0	1.0	0.0	7.08
MEF2A_RAT	309957	Mef2a	7.08	40	1	2	1.0	0.0	7.08
D3Z822_RAT	685055	Atr	7.08	40	1	0	1.0	0.0	7.08
IOD3_RAT	29475	Dio3	7.069	41	1	1	1.0	0.0	7.069
HPSE_RAT	64537	Hpse	7.069	41	1	0	1.0	0.0	7.069
CIP4_RAT	116717	Trip10	7.069	41	1	0	1.0	0.0	7.069
EF1A1_RAT	171361	Eef1a1	7.069	41	1	0	1.0	0.0	7.069
FOXA1_RAT	25098	Foxa1	7.058	42	1	0	1.0	0.0	7.058
CD24_RAT	25145	Cd24	7.058	42	1	0	1.0	0.0	7.058
TRPM4_RAT	171143	Trpm4	7.058	42	1	2	1.0	0.0	7.058
S38A3_RAT	252919	Slc38a3	7.058	42	1	0	1.0	0.0	7.058
SIR2_RAT	361532	Sirt2	7.058	42	1	1	1.0	0.0	7.058
Q6U2D6_RAT	287673	Ccr7	7.048	43	1	4	1.0	0.0	7.048
EGLN1_RAT	308913	Egln1	7.048	43	1	1	1.0	0.0	7.048
IL33_RAT	361749	Il33	7.048	43	1	1	1.0	0.0	7.048
ADCY6_RAT	25289	Adcy6	7.038	44	1	0	1.0	0.0	7.038
RAB4A_RAT	25532	Rab4a	7.038	44	1	0	1.0	0.0	7.038
Q91Y32_RAT	25647	Il7	7.038	44	1	0	1.0	0.0	7.038
PROK2_RAT	192206	Prok2	7.038	44	1	1	1.0	0.0	7.038
D4A915_RAT	309135	Ano1	7.038	44	1	0	1.0	0.0	7.038
Z354A_RAT	24522	Znf354a	7.028	45	1	0	1.0	0.0	7.028
Q6SA19_RAT	500959	LOC500959	7.028	45	1	0	1.0	0.0	7.028
ST2A2_RAT	24902	St2a2	7.019	46	1	0	1.0	0.0	7.019
MAF_RAT	54267	Maf	7.019	46	1	1	1.0	0.0	7.019
UT1_RAT	54301	Slc14a1	7.019	46	1	1	1.0	0.0	7.019
D4ACZ2_RAT	293992	Pax2	7.019	46	1	2	1.0	0.0	7.019
G3V6U8_RAT	29462	Avpr1b	7.01	47	1	0	1.0	0.0	7.01
CYR61_RAT	83476	Cyr61	7.01	47	1	1	1.0	0.0	7.01
DHRS4_RAT	266686	Dhrs4	7.01	47	1	0	1.0	0.0	7.01
MAP4_RAT	367171	Map4	7.01	47	1	0	1.0	0.0	7.01
ICAL_RAT	25403	Cast	7.0	48	1	1	1.0	0.0	7.0
RAB7A_RAT	29448	Rab7a	7.0	48	1	0	1.0	0.0	7.0
RABE2_RAT	80754	Rabep2	7.0	48	1	0	1.0	0.0	7.0
MRI_RAT	500077	Mri	7.0	48	1	0	1.0	0.0	7.0
DRD5_RAT	25195	Drd5	6.991	49	1	0	1.0	0.0	6.991
KCIP2_RAT	56817	Kcnip2	6.991	49	1	0	1.0	0.0	6.991
TRPV5_RAT	116469	Trpv5	6.991	49	1	0	1.0	0.0	6.991
ABCG8_RAT	155192	Abcg8	6.991	49	1	0	1.0	0.0	6.991
M3K11_RAT	309168	Map3k11	6.991	49	1	1	1.0	0.0	6.991
ARSB_RAT	25227	Arsb	6.983	50	1	0	1.0	0.0	6.983
GALNS_RAT	292073	Galns	6.983	50	1	0	1.0	0.0	6.983
ATP5S_RAT	362749	Atp5s	6.983	50	1	0	1.0	0.0	6.983
MAS_RAT	25153	Mas1	6.974	51	1	0	1.0	0.0	6.974
AQP7_RAT	29171	Aqp7	6.974	51	1	0	1.0	0.0	6.974
CAC1I_RAT	56827	Cacna1i	6.974	51	1	0	1.0	0.0	6.974
GATM_RAT	81660	Gatm	6.974	51	1	0	1.0	0.0	6.974
Q80YN6_RAT	641544	LOC641544	6.974	51	1	0	1.0	0.0	6.974
CSAD_RAT	60356	Csad	6.966	52	1	0	1.0	0.0	6.966
GGLO_RAT	60671	Gulo	6.966	52	1	0	1.0	0.0	6.966
CUBN_RAT	80848	Cubn	6.966	52	1	0	1.0	0.0	6.966
B2RYI1_RAT	293649	Lrp5	6.966	52	1	0	1.0	0.0	6.966
RIPK3_RAT	246240	Ripk3	6.957	53	1	1	1.0	0.0	6.957
H10_RAT	24437	H1f0	6.941	55	1	0	1.0	0.0	6.941
GLRX1_RAT	64045	Glrx	6.941	55	1	1	1.0	0.0	6.941
HDAC3_RAT	84578	Hdac3	6.941	55	1	1	1.0	0.0	6.941
VEGFB_RAT	89811	Vegfb	6.941	55	1	2	1.0	0.0	6.941
DYN1_RAT	140694	Dnm1	6.941	55	1	1	1.0	0.0	6.941
Q8VH47_RAT	140936	Rcvrn	6.941	55	1	0	1.0	0.0	6.941
G3V8Q2_RAT	24503	Ina	6.933	56	1	0	1.0	0.0	6.933
Q5PQU1_RAT	24903	Kng2	6.933	56	1	0	1.0	0.0	6.933
LIPG_RAT	50682	Lipf	6.933	56	1	0	1.0	0.0	6.933
ENPP3_RAT	54410	Enpp3	6.933	56	1	0	1.0	0.0	6.933
Q6IRL1_RAT	58935	Gas6	6.933	56	1	0	1.0	0.0	6.933
DPYS_RAT	65135	Dpys	6.933	56	1	0	1.0	0.0	6.933
BFSP1_RAT	25394	Bfsp1	6.926	57	1	0	1.0	0.0	6.926
PLMN_RAT	85253	Plg	6.926	57	1	0	1.0	0.0	6.926
A0A0G2JWE9_RAT	170909	Erg	6.918	58	1	1	1.0	0.0	6.918
ACPH_RAT	24206	Apeh	6.911	59	1	0	1.0	0.0	6.911
LIPP_RAT	25702	Pnlip	6.911	59	1	0	1.0	0.0	6.911
PO2F1_RAT	171068	Pou2f1	6.911	59	1	3	1.0	0.0	6.911
GRPR_RAT	24938	Grpr	6.903	60	1	0	1.0	0.0	6.903
HYAS2_RAT	25694	Has2	6.903	60	1	0	1.0	0.0	6.903
LCK_RAT	313050	Lck	6.903	60	1	0	1.0	0.0	6.903
CYTB_RAT	25308	Cstb	6.896	61	1	0	1.0	0.0	6.896
SOST_RAT	80722	Sost	6.896	61	1	3	1.0	0.0	6.896
CLTR1_RAT	114099	Cysltr1	6.896	61	1	0	1.0	0.0	6.896
PAXI_RAT	360820	Pxn	6.896	61	1	0	1.0	0.0	6.896
D3ZS29_RAT	414065	Nanog	6.896	61	1	1	1.0	0.0	6.896
D3ZV15_RAT	500985	Cbl	6.896	61	1	1	1.0	0.0	6.896
TIMP4_RAT	680130	Timp4	6.896	61	1	1	1.0	0.0	6.896
GRM2_RAT	24415	Grm2	6.889	62	1	1	1.0	0.0	6.889
UR2R_RAT	57305	Uts2r	6.889	62	1	1	1.0	0.0	6.889
PLF4_RAT	360918	Pf4	6.889	62	1	0	1.0	0.0	6.889
PACR_RAT	24167	Adcyap1r1	6.882	63	1	1	1.0	0.0	6.882
Q5U342_RAT	81525	Nfkbib	6.882	63	1	1	1.0	0.0	6.882
Q8R5L6_RAT	116499	Fgf4	6.882	63	1	0	1.0	0.0	6.882
ACTG_RAT	287876	Actg1	6.882	63	1	0	1.0	0.0	6.882
A1YKY5_RAT	498791	Ucn3	6.882	63	1	0	1.0	0.0	6.882
HDAC4_RAT	363287	Hdac4	6.875	64	1	7	1.0	0.0	6.875
G3V7Y8_RAT	399679	Aicda	6.869	65	1	0	1.0	0.0	6.869
LPP60_RAT	246266	Aspg	6.862	66	1	0	1.0	0.0	6.862
RXFP1_RAT	295144	Rxfp1	6.862	66	1	0	1.0	0.0	6.862
SPIN1_RAT	361217	Spin1	6.862	66	1	0	1.0	0.0	6.862
D3ZAF5_RAT	361945	Postn	6.862	66	1	0	1.0	0.0	6.862
REG3B_RAT	24618	Reg3b	6.856	67	1	0	1.0	0.0	6.856
CCL20_RAT	29538	Ccl20	6.856	67	1	0	1.0	0.0	6.856
CTR2_RAT	64554	Slc7a2	6.856	67	1	1	1.0	0.0	6.856
A0A0G2K3R5_RAT	117058	Pou2f2	6.856	67	1	0	1.0	0.0	6.856
PAK1_RAT	29431	Pak1	6.849	68	1	1	1.0	0.0	6.849
THA_RAT	81812	Thra	6.849	68	1	0	1.0	0.0	6.849
GPX3_RAT	64317	Gpx3	6.843	69	1	0	1.0	0.0	6.843
DDAH1_RAT	64157	Ddah1	6.837	70	1	3	1.0	0.0	6.837
STC1_RAT	81801	Stc1	6.837	70	1	0	1.0	0.0	6.837
G3V9Q7_RAT	290257	Ctsg	6.837	70	1	0	1.0	0.0	6.837
ACOX1_RAT	50681	Acox1	6.83	71	1	4	1.0	0.0	6.83
F1LPP6_RAT	171026	Akap5	6.83	71	1	0	1.0	0.0	6.83
NACC1_RAT	171454	Nacc1	6.83	71	1	0	1.0	0.0	6.83
CP2CD_RAT	171521	Cyp2c13	6.83	71	1	0	1.0	0.0	6.83
G3V928_RAT	299858	Lrp1	6.83	71	1	1	1.0	0.0	6.83
DPYL1_RAT	25415	Crmp1	6.824	72	1	0	1.0	0.0	6.824
WNT4_RAT	84426	Wnt4	6.824	72	1	0	1.0	0.0	6.824
ENOA_RAT	24333	Eno1	6.818	73	1	0	1.0	0.0	6.818
ABCC9_RAT	25560	Abcc9	6.818	73	1	0	1.0	0.0	6.818
GNAI3_RAT	25643	Gnai3	6.812	74	1	0	1.0	0.0	6.812
LAMP2_RAT	24944	Lamp2	6.807	75	1	0	1.0	0.0	6.807
FGF10_RAT	25443	Fgf10	6.807	75	1	3	1.0	0.0	6.807
G3V8G3_RAT	25354	Sstr5	6.801	76	1	0	1.0	0.0	6.801
INSL3_RAT	114215	Insl3	6.801	76	1	1	1.0	0.0	6.801
F1MA87_RAT	114483	Cdk6	6.801	76	1	0	1.0	0.0	6.801
Q66HB1_RAT	117526	Tbp	6.801	76	1	0	1.0	0.0	6.801
AT2B2_RAT	24215	Atp2b2	6.795	77	1	0	1.0	0.0	6.795
PRIO_RAT	24686	Prnp	6.795	77	1	1	1.0	0.0	6.795
S29A1_RAT	63997	Slc29a1	6.795	77	1	0	1.0	0.0	6.795
Q925D6_RAT	114495	Map2k6	6.795	77	1	0	1.0	0.0	6.795
ATG7_RAT	312647	Atg7	6.795	77	1	0	1.0	0.0	6.795
GSTA5_RAT	494500	Gsta5	6.795	77	1	0	1.0	0.0	6.795
S10A4_RAT	24615	S100a4	6.79	78	1	1	1.0	0.0	6.79
PSPN_RAT	25525	Pspn	6.79	78	1	0	1.0	0.0	6.79
ML12B_RAT	50685	Myl12b	6.79	78	1	0	1.0	0.0	6.79
CD40L_RAT	84349	Cd40lg	6.79	78	1	0	1.0	0.0	6.79
HXK1_RAT	25058	Hk1	6.784	79	1	0	1.0	0.0	6.784
CLCN2_RAT	29232	Clcn2	6.784	79	1	2	1.0	0.0	6.784
B1H230_RAT	303200	Map2k3	6.784	79	1	0	1.0	0.0	6.784
G3V933_RAT	24316	Drd1	6.779	80	1	0	1.0	0.0	6.779
VGF_RAT	29461	Vgf	6.779	80	1	0	1.0	0.0	6.779
XPO1_RAT	85252	Xpo1	6.779	80	1	0	1.0	0.0	6.779
D3ZEM0_RAT	24561	Mpg	6.773	81	1	2	1.0	0.0	6.773
NSF_RAT	60355	Nsf	6.773	81	1	0	1.0	0.0	6.773
D4A453_RAT	299602	Cdc34	6.773	81	1	0	1.0	0.0	6.773
D4A386_RAT	300920	Cldn2	6.768	82	1	2	1.0	0.0	6.768
G3V926_RAT	309361	Chuk	6.768	82	1	1	1.0	0.0	6.768
Q923V7_RAT	114505	Klf4	6.763	83	1	0	1.0	0.0	6.763
FOSL2_RAT	25446	Fosl2	6.757	84	1	0	1.0	0.0	6.757
GELS_RAT	296654	Gsn	6.757	84	1	0	1.0	0.0	6.757
CAN8_RAT	170808	Capn8	6.752	85	1	1	1.0	0.0	6.752
G3V8G8_RAT	292866	Klk1c8	6.752	85	1	0	1.0	0.0	6.752
TRAF6_RAT	311245	Traf6	6.752	85	1	0	1.0	0.0	6.752
PLXA3_RAT	309280	Plxna3	6.747	86	1	0	1.0	0.0	6.747
NTCP2_RAT	29500	Slc10a2	6.742	87	1	0	1.0	0.0	6.742
RAN_RAT	84509	Ran	6.742	87	1	0	1.0	0.0	6.742
MMP12_RAT	117033	Mmp12	6.742	87	1	1	1.0	0.0	6.742
CXA4_RAT	25655	Gja4	6.737	88	1	0	1.0	0.0	6.737
RL3_RAT	300079	Rpl3	6.732	89	1	0	1.0	0.0	6.732
D3ZBM3_RAT	361338	Fech	6.732	89	1	0	1.0	0.0	6.732
D4A5F1_RAT	498328	Pkd2	6.727	90	1	0	1.0	0.0	6.727
LPAR1_RAT	116744	Lpar1	6.723	91	1	0	1.0	0.0	6.723
Q68FY4_RAT	24384	Gc	6.718	92	1	0	1.0	0.0	6.718
CAN1_RAT	29153	Capn1	6.718	92	1	1	1.0	0.0	6.718
P2RX5_RAT	113995	P2rx5	6.718	92	1	1	1.0	0.0	6.718
Q6Y1S0_RAT	338457	Tlr9	6.718	92	1	2	1.0	0.0	6.718
F1LN63_RAT	364594	Tlr3	6.718	92	1	1	1.0	0.0	6.718
LEG4_RAT	25474	Lgals4	6.713	93	1	0	1.0	0.0	6.713
PPLA_RAT	64672	Pln	6.713	93	1	0	1.0	0.0	6.713
G3V8X8_RAT	25495	Nog	6.709	94	1	0	1.0	0.0	6.709
CRIS1_RAT	64827	Crisp1	6.709	94	1	0	1.0	0.0	6.709
F1M9X2_RAT	171459	Gp2	6.709	94	1	0	1.0	0.0	6.709
DHB3_RAT	117182	Hsd17b3	6.704	95	1	0	1.0	0.0	6.704
ACACA_RAT	60581	Acaca	6.699	96	1	1	1.0	0.0	6.699
STIM1_RAT	361618	Stim1	6.699	96	1	0	1.0	0.0	6.699
R9PXZ7_RAT	24796	Spn	6.695	97	1	0	1.0	0.0	6.695
P53_RAT	24842	Tp53	6.695	97	1	3	1.0	0.0	6.695
TNFB_RAT	25008	Lta	6.695	97	1	0	1.0	0.0	6.695
LAMP1_RAT	25328	Lamp1	6.695	97	1	1	1.0	0.0	6.695
B1WBX9_RAT	83681	Cish	6.695	97	1	0	1.0	0.0	6.695
Q5XIS0_RAT	365601	Atg5	6.686	99	1	1	1.0	0.0	6.686
Q5U330_RAT	497757	Gucy1a3	6.686	99	1	0	1.0	0.0	6.686
A2VD06_RAT	25312	Dmp1	6.682	100	1	0	1.0	0.0	6.682
S1PR2_RAT	29415	S1pr2	6.682	100	1	1	1.0	0.0	6.682
CR1L_RAT	54243	Cr1l	6.673	102	1	1	1.0	0.0	6.673
Q91ZM0_RAT	84494	Trpc4	6.673	102	1	0	1.0	0.0	6.673
PHB2_RAT	114766	Phb2	6.673	102	1	0	1.0	0.0	6.673
GNAQ_RAT	81666	Gnaq	6.669	103	1	0	1.0	0.0	6.669
IRF1_RAT	24508	Irf1	6.66	105	1	5	1.0	0.0	6.66
SSR1_RAT	25033	Sstr1	6.66	105	1	0	1.0	0.0	6.66
SDC1_RAT	25216	Sdc1	6.66	105	1	0	1.0	0.0	6.66
SCN9A_RAT	78956	Scn9a	6.66	105	1	4	1.0	0.0	6.66
IOD1_RAT	25430	Dio1	6.656	106	1	2	1.0	0.0	6.656
F7ENH8_RAT	84577	Hdac2	6.656	106	1	5	1.0	0.0	6.656
TA2R_RAT	24816	Tbxa2r	6.652	107	1	0	1.0	0.0	6.652
CXD2_RAT	50564	Gjd2	6.636	111	1	1	1.0	0.0	6.636
ABCG2_RAT	312382	Abcg2	6.636	111	1	1	1.0	0.0	6.636
SEM3A_RAT	29751	Sema3a	6.632	112	1	0	1.0	0.0	6.632
F1M7P4_RAT	24688	Prph	6.629	113	1	0	1.0	0.0	6.629
A1AT_RAT	24648	Serpina1	6.621	115	1	2	1.0	0.0	6.621
PDIA3_RAT	29468	Pdia3	6.613	117	1	1	1.0	0.0	6.613
ASMT_RAT	246281	Asmt	6.613	117	1	0	1.0	0.0	6.613
SCG2_RAT	24765	Scg2	6.61	118	1	0	1.0	0.0	6.61
CNTN5_RAT	114589	Cntn5	6.606	119	1	1	1.0	0.0	6.606
F1LMW7_RAT	25603	Marcks	6.602	120	1	0	1.0	0.0	6.602
APEX1_RAT	79116	Apex1	6.602	120	1	0	1.0	0.0	6.602
NPFF_RAT	60337	Npff	6.595	122	1	0	1.0	0.0	6.595
MOT4_RAT	80878	Slc16a3	6.595	122	1	0	1.0	0.0	6.595
ATF2_RAT	81647	Atf2	6.595	122	1	1	1.0	0.0	6.595
RPGF3_RAT	59326	Rapgef3	6.592	123	1	0	1.0	0.0	6.592
D3ZHH8_RAT	501099	Srf	6.592	123	1	1	1.0	0.0	6.592
SCN2A_RAT	24766	Scn2a	6.588	124	1	0	1.0	0.0	6.588
MMP7_RAT	25335	Mmp7	6.588	124	1	1	1.0	0.0	6.588
CEBPD_RAT	25695	Cebpd	6.588	124	1	3	1.0	0.0	6.588
SMAD5_RAT	59328	Smad5	6.588	124	1	0	1.0	0.0	6.588
NF1_RAT	24592	Nf1	6.585	125	1	0	1.0	0.0	6.585
BASI_RAT	25246	Bsg	6.585	125	1	0	1.0	0.0	6.585
BMP6_RAT	25644	Bmp6	6.581	126	1	0	1.0	0.0	6.581
D3ZKD9_RAT	29477	Mapt	6.581	126	1	1	1.0	0.0	6.581
ADA17_RAT	57027	Adam17	6.581	126	1	2	1.0	0.0	6.581
SC6A9_RAT	116509	Slc6a9	6.578	127	1	0	1.0	0.0	6.578
MGMT_RAT	25332	Mgmt	6.574	128	1	0	1.0	0.0	6.574
RAMP2_RAT	58966	Ramp2	6.574	128	1	0	1.0	0.0	6.574
PCY1A_RAT	140544	Pcyt1a	6.574	128	1	0	1.0	0.0	6.574
IFNB_RAT	24481	Ifnb1	6.571	129	1	0	1.0	0.0	6.571
K2C1_RAT	300250	Krt1	6.571	129	1	0	1.0	0.0	6.571
Q91XN5_RAT	60357	Prom1	6.564	131	1	0	1.0	0.0	6.564
TFF3_RAT	25563	Tff3	6.561	132	1	1	1.0	0.0	6.561
CTF1_RAT	29201	Ctf1	6.561	132	1	0	1.0	0.0	6.561
PPAP_RAT	56780	Acpp	6.561	132	1	0	1.0	0.0	6.561
COTL1_RAT	361422	Cotl1	6.558	133	1	0	1.0	0.0	6.558
NPY5R_RAT	25340	Npy5r	6.555	134	1	0	1.0	0.0	6.555
CPSM_RAT	497840	Cps1	6.555	134	1	0	1.0	0.0	6.555
RASN_RAT	24605	Nras	6.545	137	1	0	1.0	0.0	6.545
METK1_RAT	25331	Mat1a	6.535	140	1	0	1.0	0.0	6.535
NR4A2_RAT	54278	Nr4a2	6.535	140	1	0	1.0	0.0	6.535
F1LQT9_RAT	84350	Dnmt1	6.523	144	1	2	1.0	0.0	6.523
RET1_RAT	25056	Rbp1	6.52	145	1	0	1.0	0.0	6.52
PTN11_RAT	25622	Ptpn11	6.517	146	1	0	1.0	0.0	6.517
D3ZT88_RAT	363672	Sp6	6.506	150	1	0	1.0	0.0	6.506
TAGL_RAT	25123	Tagln	6.5	152	1	0	1.0	0.0	6.5
MK09_RAT	50658	Mapk9	6.497	153	1	0	1.0	0.0	6.497
NFM_RAT	24588	Nefm	6.483	158	1	0	1.0	0.0	6.483
CSK2B_RAT	81650	Csnk2b	6.478	160	1	0	1.0	0.0	6.478
RTN4R_RAT	113912	Rtn4r	6.478	160	1	0	1.0	0.0	6.478
ANPRC_RAT	25339	Npr3	6.467	164	1	0	1.0	0.0	6.467
PCSK5_RAT	116548	Pcsk5	6.464	165	1	0	1.0	0.0	6.464
Q99N78_RAT	89823	Trpc6	6.459	167	1	1	1.0	0.0	6.459
G3V7D2_RAT	63835	Ctla4	6.456	168	1	1	1.0	0.0	6.456
MGLL_RAT	29254	Mgll	6.454	169	1	3	1.0	0.0	6.454
Q68G05_RAT	29517	Sgk1	6.451	170	1	0	1.0	0.0	6.451
ADA2A_RAT	25083	Adra2a	6.449	171	1	0	1.0	0.0	6.449
MRP1_RAT	24565	Abcc1	6.444	173	1	0	1.0	0.0	6.444
PGFRA_RAT	25267	Pdgfra	6.444	173	1	0	1.0	0.0	6.444
TNNT2_RAT	24837	Tnnt2	6.436	176	1	0	1.0	0.0	6.436
CXA5_RAT	50563	Gja5	6.436	176	1	1	1.0	0.0	6.436
Q6IRH4_RAT	24173	Adra1b	6.434	177	1	0	1.0	0.0	6.434
D4A543_RAT	499593	Sox2	6.434	177	1	0	1.0	0.0	6.434
FYN_RAT	25150	Fyn	6.431	178	1	3	1.0	0.0	6.431
NR1I2_RAT	84385	Nr1i2	6.431	178	1	0	1.0	0.0	6.431
TRPC1_RAT	89821	Trpc1	6.426	180	1	0	1.0	0.0	6.426
EF2_RAT	29565	Eef2	6.424	181	1	0	1.0	0.0	6.424
DMD_RAT	24907	Dmd	6.417	184	1	0	1.0	0.0	6.417
Q5GAM5_RAT	497229	Ang2	6.414	185	1	0	1.0	0.0	6.414
URIC_RAT	114768	Uox	6.412	186	1	0	1.0	0.0	6.412
KCNB1_RAT	25736	Kcnb1	6.407	188	1	1	1.0	0.0	6.407
GPER1_RAT	171104	Gper1	6.405	189	1	1	1.0	0.0	6.405
Q4V8L0_RAT	25358	Timp3	6.403	190	1	0	1.0	0.0	6.403
MDR3_RAT	24891	Abcb4	6.401	191	1	0	1.0	0.0	6.401
NFAT5_RAT	307820	Nfat5	6.392	195	1	0	1.0	0.0	6.392
TGFR1_RAT	29591	Tgfbr1	6.389	196	1	0	1.0	0.0	6.389
SCN8A_RAT	29710	Scn8a	6.385	198	1	0	1.0	0.0	6.385
CXB2_RAT	394266	Gjb2	6.383	199	1	2	1.0	0.0	6.383
NEU1_RAT	25504	Oxt	6.381	200	1	0	1.0	0.0	6.381
NTCP_RAT	24777	Slc10a1	6.374	203	1	1	1.0	0.0	6.374
P97688_RAT	24495	Il3	6.368	206	1	0	1.0	0.0	6.368
AQP3_RAT	65133	Aqp3	6.368	206	1	0	1.0	0.0	6.368
BMAL1_RAT	29657	Arntl	6.366	207	1	6	1.0	0.0	6.366
Q9QX10_RAT	83629	Slc12a2	6.355	212	1	0	1.0	0.0	6.355
Q6MFX9_RAT	24558	Mog	6.353	213	1	0	1.0	0.0	6.353
SYUA_RAT	29219	Snca	6.351	214	1	0	1.0	0.0	6.351
G3V671_RAT	25408	Cd80	6.349	215	1	0	1.0	0.0	6.349
Q5EB99_RAT	293989	Cyp2c6v1	6.347	216	1	0	1.0	0.0	6.347
Q0VJ96_RAT	25271	Rxra	6.343	218	1	1	1.0	0.0	6.343
P2RX1_RAT	25505	P2rx1	6.337	221	1	1	1.0	0.0	6.337
CD28_RAT	25660	Cd28	6.331	224	1	0	1.0	0.0	6.331
NK2R_RAT	25007	Tacr2	6.329	225	1	0	1.0	0.0	6.329
ROCK2_RAT	25537	Rock2	6.326	227	1	1	1.0	0.0	6.326
PSPC_RAT	50683	Sftpc	6.324	228	1	0	1.0	0.0	6.324
PE2R3_RAT	24929	Ptger3	6.32	230	1	0	1.0	0.0	6.32
NR4A1_RAT	79240	Nr4a1	6.307	237	1	1	1.0	0.0	6.307
REPI1_RAT	445541	Repin1	6.301	240	1	0	1.0	0.0	6.301
RTN4_RAT	83765	Rtn4	6.296	243	1	0	1.0	0.0	6.296
PDGFA_RAT	25266	Pdgfa	6.291	246	1	0	1.0	0.0	6.291
PE2R1_RAT	25637	Ptger1	6.291	246	1	1	1.0	0.0	6.291
S22A8_RAT	83500	Slc22a8	6.289	247	1	2	1.0	0.0	6.289
PA2GA_RAT	29692	Pla2g2a	6.28	252	1	0	1.0	0.0	6.28
MT2_RAT	689415	Mt2	6.28	252	1	1	1.0	0.0	6.28
LAT1_RAT	50719	Slc7a5	6.279	253	1	0	1.0	0.0	6.279
TKNK_RAT	29191	Tac3	6.268	259	1	0	1.0	0.0	6.268
AMPN_RAT	81641	Anpep	6.267	260	1	0	1.0	0.0	6.267
ITPR3_RAT	25679	Itpr3	6.265	261	1	0	1.0	0.0	6.265
HRH3_RAT	85268	Hrh3	6.262	263	1	0	1.0	0.0	6.262
MYPR_RAT	24943	Plp1	6.26	264	1	0	1.0	0.0	6.26
GRIA4_RAT	29629	Gria4	6.249	271	1	0	1.0	0.0	6.249
AA1R_RAT	29290	Adora1	6.241	276	1	0	1.0	0.0	6.241
STA5A_RAT	24918	Stat5a	6.231	282	1	1	1.0	0.0	6.231
MYOG_RAT	29148	Myog	6.231	282	1	0	1.0	0.0	6.231
F1M7S3_RAT	29190	Pdyn	6.23	283	1	0	1.0	0.0	6.23
CSPG4_RAT	81651	Cspg4	6.216	292	1	0	1.0	0.0	6.216
NTRK3_RAT	29613	Ntrk3	6.203	301	1	0	1.0	0.0	6.203
HMOX2_RAT	79239	Hmox2	6.193	308	1	0	1.0	0.0	6.193
FGFR1_RAT	79114	Fgfr1	6.192	309	1	0	1.0	0.0	6.192
LYAM2_RAT	25544	Sele	6.189	311	1	0	1.0	0.0	6.189
BAD_RAT	64639	Bad	6.187	312	1	1	1.0	0.0	6.187
PCY1B_RAT	286936	Pcyt1b	6.178	319	1	1	1.0	0.0	6.178
SMAD7_RAT	81516	Smad7	6.176	320	1	0	1.0	0.0	6.176
ARRS_RAT	25539	Sag	6.17	325	1	0	1.0	0.0	6.17
PRLR_RAT	24684	Prlr	6.163	330	1	0	1.0	0.0	6.163
Q9R2C9_RAT	24497	Il5	6.162	331	1	2	1.0	0.0	6.162
PAF15_RAT	300795	Pclaf	6.122	363	1	0	1.0	0.0	6.122
VGLU2_RAT	84487	Slc17a6	6.106	376	1	0	1.0	0.0	6.106
JUNB_RAT	24517	Junb	6.098	383	1	0	1.0	0.0	6.098
Q4V8J0_RAT	24257	Cgm4	6.087	393	1	2	1.0	0.0	6.087
CCL3_RAT	25542	Ccl3	6.074	405	1	0	1.0	0.0	6.074
PGP_RAT	287115	Pgp	6.068	411	1	0	1.0	0.0	6.068
TGFB2_RAT	81809	Tgfb2	6.06	418	1	0	1.0	0.0	6.06
RASH_RAT	293621	Hras	6.002	478	1	0	1.0	0.0	6.002
SYN1_RAT	24949	Syn1	5.941	550	1	3	1.0	0.0	5.941
DLG4_RAT	29495	Dlg4	5.887	623	1	0	1.0	0.0	5.887
GROA_RAT	81503	Cxcl1	5.863	658	1	0	1.0	0.0	5.863
O08769_RAT	83571	Cdkn1b	5.828	714	1	0	1.0	0.0	5.828
EDN3_RAT	366270	Edn3	5.812	740	1	0	1.0	0.0	5.812
ESR2_RAT	25149	Esr2	5.754	846	1	0	1.0	0.0	5.754
GRIA1_RAT	50592	Gria1	5.687	987	1	0	1.0	0.0	5.687
NTRK2_RAT	25054	Ntrk2	5.615	1166	1	1	1.0	0.0	5.615
