Big_T	567539
Big_F	1656734
UniProtKB_ID	GeneID	Gene_Name	PPS	Big_P	T+P	Citation	1+Log(T+P)	log10((Cit/yr+1)/10)	1+log10(F/T)+log10(F/P)
OPSD_RAT	24717	Rho	21.114	461	253	87	3.403	0.944	4.856
PO4F1_RAT	114503	Pou4f1	20.312	80	51	80	2.708	0.908	5.617
Q80ZA3_RAT	287526	Serpinf1	19.797	171	91	60	2.959	0.785	5.287
BDNF_RAT	24225	Bdnf	17.879	5296	238	215	3.377	1.334	3.795
PAX6_RAT	25509	Pax6	17.863	137	52	39	2.716	0.602	5.384
OPN4_RAT	192223	Opn4	17.527	51	28	36	2.447	0.568	5.813
MERTK_RAT	65037	Mertk	16.833	83	46	21	2.663	0.342	5.601
ALDR_RAT	24192	Akr1b1	16.773	1030	329	15	3.517	0.204	4.507
GFAP_RAT	24387	Gfap	16.473	3872	176	87	3.246	0.944	3.931
ARRS_RAT	25539	Sag	16.101	325	164	5	3.215	0.0	5.008
Q8VH47_RAT	140936	Rcvrn	16.057	55	40	14	2.602	0.176	5.78
G3V8Q4_RAT	24711	Rbp3	15.893	141	91	4	2.959	0.0	5.371
OREX_RAT	25723	Hcrt	14.55	1051	35	48	2.544	0.69	4.499
VEGFA_RAT	83785	Vegfa	14.226	5329	94	59	2.973	0.778	3.792
G3V6E0_RAT	25480	Mip	14.101	48	26	5	2.415	0.0	5.839
CASP3_RAT	25402	Casp3	14.038	8340	105	75	3.021	0.881	3.598
Q5I287_RAT	312516	Gmcl1	13.865	227	44	10	2.643	0.041	5.164
CNTF_RAT	25707	Cntf	13.779	643	42	19	2.623	0.301	4.712
A0A0G2JWE9_RAT	170909	Erg	13.703	58	24	4	2.38	0.0	5.757
BCL2_RAT	24224	Bcl2	13.6	5951	107	39	3.029	0.602	3.745
EPO_RAT	24335	Epo	13.59	1761	42	35	2.623	0.556	4.274
Q5BKB0_RAT	24494	Il1b	13.49	11144	104	73	3.017	0.869	3.471
AKT1_RAT	24185	Akt1	13.302	4730	60	47	2.778	0.681	3.845
THY1_RAT	24832	Thy1	13.111	1007	47	16	2.672	0.23	4.517
MCPT1_RAT	100360872	Mcpt1	13.05	760	26	24	2.415	0.398	4.639
FGF2_RAT	54250	Fgf2	13.032	3430	81	22	2.908	0.362	3.985
NOS2_RAT	24599	Nos2	12.957	6210	79	37	2.898	0.58	3.726
PER1_RAT	287422	Per1	12.945	385	21	19	2.322	0.301	4.935
GDNF_RAT	25453	Gdnf	12.917	1396	32	27	2.505	0.447	4.375
GLNA_RAT	24957	Glul	12.865	1548	55	16	2.74	0.23	4.33
THIO_RAT	116484	Txn	12.826	420	16	25	2.204	0.415	4.897
VGFR2_RAT	25589	Kdr	12.813	857	27	22	2.431	0.362	4.587
FOS_RAT	314322	Fos	12.742	8957	96	38	2.982	0.591	3.566
IL2_RAT	116562	Il2	12.718	2864	75	17	2.875	0.255	4.063
MK08_RAT	116554	Mapk8	12.701	2054	36	28	2.556	0.462	4.207
CAH1_RAT	310218	Ca1	12.608	11709	48	93	2.681	0.973	3.45
CD4_RAT	24932	Cd4	12.589	2941	64	19	2.806	0.301	4.052
FABP5_RAT	140868	Fabp5	12.558	38	13	2	2.114	0.0	5.94
CRYAB_RAT	25420	Cryab	12.524	165	23	8	2.362	0.0	5.303
TNFA_RAT	24835	Tnf	12.428	18872	90	75	2.954	0.881	3.241
PHOS_RAT	25343	Pdc	12.396	21	10	0	2.0	0.0	6.198
CRBA1_RAT	25583	Cryba1	12.343	16	9	7	1.954	0.0	6.316
VIP_RAT	117064	Vip	12.224	2752	99	9	2.996	0.0	4.081
TXNIP_RAT	117514	Txnip	12.176	93	6	25	1.778	0.415	5.552
CRBB2_RAT	25422	Crybb2	12.154	20	9	2	1.954	0.0	6.219
CATA_RAT	24248	Cat	12.147	7234	80	25	2.903	0.415	3.661
CAN2_RAT	29154	Capn2	12.119	222	22	1	2.342	0.0	5.174
ALD1_RAT	116463	Akr1b7	12.065	65	13	1	2.114	0.0	5.707
CXA1_RAT	24392	Gja1	12.045	1649	30	20	2.477	0.322	4.303
TCP4_RAT	192269	Sub1	11.994	139	17	0	2.23	0.0	5.377
CALB2_RAT	117059	Calb2	11.986	544	32	5	2.505	0.0	4.785
NEUM_RAT	29423	Gap43	11.941	1247	25	19	2.398	0.301	4.424
ASMT_RAT	246281	Asmt	11.864	117	15	0	2.176	0.0	5.452
ICAM1_RAT	25464	Icam1	11.851	2701	33	23	2.519	0.38	4.088
RPE65_RAT	89826	Rpe65	11.839	29	9	5	1.954	0.0	6.058
Q5GAM3_RAT	100361814	LOC100361814	11.836	20	8	1	1.903	0.0	6.219
TNR16_RAT	24596	Ngfr	11.812	1084	43	8	2.633	0.0	4.485
PACA_RAT	24166	Adcyap1	11.808	877	38	7	2.58	0.0	4.577
RHOA_RAT	117273	Rhoa	11.779	968	18	21	2.255	0.342	4.534
PO4F2_RAT	171355	Pou4f2	11.706	15	7	2	1.845	0.0	6.344
OX1R_RAT	25593	Hcrtr1	11.671	194	10	16	2.0	0.23	5.232
PRVA_RAT	25269	Pvalb	11.63	1047	24	15	2.38	0.204	4.5
SC6A9_RAT	116509	Slc6a9	11.624	127	14	7	2.146	0.0	5.416
B2GUU9_RAT	170917	Cry2	11.587	39	9	2	1.954	0.0	5.929
IGF1_RAT	24482	Igf1	11.469	6210	63	18	2.799	0.279	3.726
Q923Z7_RAT	114493	Cacna1f	11.455	6	5	0	1.699	0.0	6.742
A0A0G2JW38_RAT	501157	Rpe	11.453	12	6	0	1.778	0.0	6.441
F1LRE1_RAT	116686	Gsr	11.306	2479	55	7	2.74	0.0	4.126
CD5R1_RAT	116671	Cdk5r1	11.278	291	17	3	2.23	0.0	5.056
SNAT_RAT	25120	Aanat	11.275	292	17	4	2.23	0.0	5.055
CALCA_RAT	24241	Calca	11.269	4028	54	13	2.732	0.146	3.915
CAN3_RAT	29155	Capn3	11.263	40	8	0	1.903	0.0	5.918
F1LST1_RAT	25661	Fn1	11.234	3505	67	9	2.826	0.0	3.975
NGAL_RAT	170496	Lcn2	11.17	503	13	15	2.114	0.204	4.819
NGF_RAT	310738	Ngf	11.138	2856	55	6	2.74	0.0	4.064
EGR1_RAT	24330	Egr1	11.117	1130	22	13	2.342	0.146	4.467
F1M4A0_RAT	292994	Tjp1	11.098	551	14	14	2.146	0.176	4.779
NMDZ1_RAT	24408	Grin1	11.075	1569	28	12	2.447	0.114	4.324
KCJ10_RAT	29718	Kcnj10	10.958	110	10	9	2.0	0.0	5.479
GABT_RAT	81632	Abat	10.955	460	18	1	2.255	0.0	4.857
TIMP1_RAT	116510	Timp1	10.945	1355	13	23	2.114	0.38	4.388
EDN1_RAT	24323	Edn1	10.941	5741	58	13	2.763	0.146	3.76
IL6_RAT	24498	Il6	10.94	10505	48	27	2.681	0.447	3.497
AQP4_RAT	25293	Aqp4	10.913	624	17	11	2.23	0.079	4.725
Q9QX70_RAT	24329	Egfr	10.895	1482	20	15	2.301	0.204	4.349
HMOX1_RAT	24451	Hmox1	10.892	2652	19	23	2.279	0.38	4.096
NOS1_RAT	24598	Nos1	10.892	2331	42	3	2.623	0.0	4.152
A0A0G2JYQ6_RAT	290567	Chat	10.885	2084	39	1	2.591	0.0	4.201
MBP_RAT	24547	Mbp	10.863	2126	39	9	2.591	0.0	4.193
A0A096UWG1_RAT	360860	Rfwd2	10.829	14	5	1	1.699	0.0	6.374
HSPB6_RAT	192245	Hspb6	10.821	353	15	6	2.176	0.0	4.972
Q6MFX9_RAT	24558	Mog	10.795	213	12	4	2.079	0.0	5.192
GTR1_RAT	24778	Slc2a1	10.792	893	23	2	2.362	0.0	4.569
ACES_RAT	83817	Ache	10.785	3939	56	4	2.748	0.0	3.924
AQP1_RAT	25240	Aqp1	10.78	550	18	9	2.255	0.0	4.78
EAA2_RAT	29482	Slc1a2	10.721	668	16	11	2.204	0.079	4.695
CEND_RAT	361675	Cend1	10.694	7	4	0	1.602	0.0	6.675
G3V913_RAT	24471	Hspb1	10.676	684	19	9	2.279	0.0	4.685
SMS_RAT	24797	Sst	10.631	1312	26	0	2.415	0.0	4.402
F1LS98_RAT	24680	Prkca	10.582	1095	23	5	2.362	0.0	4.481
D4A9G4_RAT	308800	Tyr	10.582	61	7	1	1.845	0.0	5.735
SYPH_RAT	24804	Syp	10.562	1333	23	10	2.362	0.041	4.395
SODM_RAT	24787	Sod2	10.542	1429	13	19	2.114	0.301	4.365
SNP25_RAT	25012	Snap25	10.539	434	12	11	2.079	0.079	4.883
VGLU1_RAT	116638	Slc17a7	10.496	359	13	7	2.114	0.0	4.965
TY3H_RAT	25085	Th	10.488	1823	29	5	2.462	0.0	4.259
PNMT_RAT	24661	Pnmt	10.486	659	17	0	2.23	0.0	4.701
GPX1_RAT	24404	Gpx1	10.482	1512	26	3	2.415	0.0	4.34
ALBU_RAT	24186	Alb	10.478	1951	30	2	2.477	0.0	4.23
RASK_RAT	24525	Kras	10.467	2381	28	11	2.447	0.079	4.143
PCY1B_RAT	286936	Pcyt1b	10.448	319	11	10	2.041	0.041	5.016
G3V7K0_RAT	171360	Vsx2	10.446	10	4	0	1.602	0.0	6.52
OPTN_RAT	246294	Optn	10.38	11	4	0	1.602	0.0	6.479
Q5FVS5_RAT	50669	Prf1	10.358	417	13	0	2.114	0.0	4.9
B1PL10_RAT	29601	Gja8	10.319	12	4	0	1.602	0.0	6.441
HMGB1_RAT	25459	Hmgb1	10.301	788	13	12	2.114	0.114	4.624
AA2AR_RAT	25369	Adora2a	10.293	448	13	5	2.114	0.0	4.869
B2GV31_RAT	24571	Muc1	10.292	54	6	1	1.778	0.0	5.788
P2RY1_RAT	25265	P2ry1	10.291	372	12	3	2.079	0.0	4.95
SPA3K_RAT	24794	Serpina3k	10.288	88	7	2	1.845	0.0	5.576
BFSP1_RAT	25394	Bfsp1	10.25	57	6	1	1.778	0.0	5.764
EAA1_RAT	29483	Slc1a3	10.236	563	14	7	2.146	0.0	4.77
NPY_RAT	24604	Npy	10.227	3653	32	11	2.505	0.079	3.957
OPA1_RAT	171116	Opa1	10.223	59	6	5	1.778	0.0	5.749
CRBB1_RAT	25421	Crybb1	10.212	14	4	0	1.602	0.0	6.374
RRFM_RAT	311903	Mrrf	10.212	14	4	0	1.602	0.0	6.374
Q9JKC1_RAT	65036	Bche	10.199	1981	26	0	2.415	0.0	4.223
Q9QZF6_RAT	113955	Gpnmb	10.175	34	5	3	1.699	0.0	5.989
FGF1_RAT	25317	Fgf1	10.161	517	13	0	2.114	0.0	4.807
F1M8K0_RAT	114489	Dag1	10.137	66	6	2	1.778	0.0	5.701
RTN4R_RAT	113912	Rtn4r	10.117	160	8	3	1.903	0.0	5.316
MMP2_RAT	81686	Mmp2	10.111	2726	23	12	2.362	0.114	4.084
CXD2_RAT	50564	Gjd2	10.102	111	7	7	1.845	0.0	5.475
F1M7P4_RAT	24688	Prph	10.088	113	7	0	1.845	0.0	5.467
SC6A6_RAT	29464	Slc6a6	10.076	5	3	1	1.477	0.0	6.821
RX_RAT	114213	Rax	10.076	5	3	3	1.477	0.0	6.821
GRIFN_RAT	117130	Grifin	10.076	5	3	0	1.477	0.0	6.821
PTPRC_RAT	24699	Ptprc	10.068	572	13	9	2.114	0.0	4.763
ARY1_RAT	116631	Nat1	10.053	173	8	0	1.903	0.0	5.282
GBRR2_RAT	29695	Gabrr2	10.037	18	4	3	1.602	0.0	6.265
LAT1_RAT	50719	Slc7a5	10.0	253	9	0	1.954	0.0	5.117
AIF1_RAT	29427	Aif1	9.985	626	13	7	2.114	0.0	4.724
GBRR3_RAT	192258	Gabrr3	9.964	20	4	2	1.602	0.0	6.219
NCAM1_RAT	24586	Ncam1	9.957	646	13	2	2.114	0.0	4.71
CDN2A_RAT	25163	Cdkn2a	9.941	447	11	1	2.041	0.0	4.87
CASPC_RAT	156117	Casp12	9.938	347	9	10	1.954	0.041	4.98
Q99MZ5_RAT	117279	Cflar	9.923	87	6	1	1.778	0.0	5.581
SYF2_RAT	170933	Syf2	9.92	48	5	1	1.699	0.0	5.839
KPCB_RAT	25023	Prkcb	9.902	371	10	9	2.0	0.0	4.951
M0R590_RAT	108351137	LOC108351137	9.895	577	12	6	2.079	0.0	4.759
RET1_RAT	25056	Rbp1	9.888	145	7	0	1.845	0.0	5.359
MAS_RAT	25153	Mas1	9.876	51	5	0	1.699	0.0	5.813
TRH_RAT	25569	Trh	9.874	2185	23	0	2.362	0.0	4.181
PARP1_RAT	25591	Parp1	9.868	967	15	9	2.176	0.0	4.535
CNR1_RAT	25248	Cnr1	9.865	1872	21	6	2.322	0.0	4.248
CRGD_RAT	24278	Crygd	9.86	7	3	1	1.477	0.0	6.675
D3ZQE8_RAT	363194	Xpo5	9.86	7	3	0	1.477	0.0	6.675
Q91W32_RAT	25166	Casp1	9.79	530	11	5	2.041	0.0	4.796
S10A8_RAT	116547	S100a8	9.756	108	6	5	1.778	0.0	5.487
DDC_RAT	24311	Ddc	9.75	442	10	0	2.0	0.0	4.875
PSIP1_RAT	313323	Psip1	9.699	9	3	0	1.477	0.0	6.566
GRIA2_RAT	29627	Gria2	9.694	1007	14	6	2.146	0.0	4.517
Q8R5G4_RAT	54238	Cdkn2c	9.662	122	6	3	1.778	0.0	5.434
F1M101_RAT	252961	Tank	9.637	32	4	0	1.602	0.0	6.015
Q3MID9_RAT	83525	Ogfr	9.631	10	3	1	1.477	0.0	6.52
Q6P9V1_RAT	25621	Cd81	9.615	33	4	0	1.602	0.0	6.002
PENK_RAT	29237	Penk	9.611	3914	28	0	2.447	0.0	3.927
Q8K422_RAT	24664	Pomc	9.605	2019	19	3	2.279	0.0	4.215
VGFR3_RAT	114110	Flt4	9.591	75	5	3	1.699	0.0	5.645
G6PD_RAT	24377	G6pdx	9.586	2056	19	0	2.279	0.0	4.207
Q6P6T6_RAT	171293	Ctsd	9.57	827	12	5	2.079	0.0	4.603
SGMR1_RAT	29336	Sigmar1	9.561	218	7	6	1.845	0.0	5.182
CDN2B_RAT	25164	Cdkn2b	9.557	315	8	4	1.903	0.0	5.022
MTAP2_RAT	25595	Map2	9.543	1185	14	2	2.146	0.0	4.447
D3ZEP2_RAT	363443	LOC100909913	9.536	37	4	0	1.602	0.0	5.952
IFNG_RAT	25712	Ifng	9.535	3264	24	0	2.38	0.0	4.006
NTF4_RAT	25730	Ntf4	9.521	329	8	5	1.903	0.0	5.003
Q71SA3_RAT	445442	Thbs1	9.511	232	7	7	1.845	0.0	5.155
HIF1A_RAT	29560	Hif1a	9.491	1558	13	11	2.114	0.079	4.328
ANGT_RAT	24179	Agt	9.468	14480	33	19	2.519	0.301	3.358
EPHB1_RAT	24338	Ephb1	9.468	3003	22	8	2.342	0.0	4.042
LMIP_RAT	114903	Lim2	9.463	13	3	0	1.477	0.0	6.406
PPR3B_RAT	192280	Ppp1r3b	9.463	13	3	0	1.477	0.0	6.406
S10A9_RAT	94195	S100a9	9.453	482	9	3	1.954	0.0	4.837
P2RY6_RAT	117264	P2ry6	9.448	91	5	1	1.699	0.0	5.561
P2RX5_RAT	113995	P2rx5	9.44	92	5	1	1.699	0.0	5.556
B2RYE7_RAT	100188935	RT1-A	9.429	496	9	0	1.954	0.0	4.825
PCNA_RAT	25737	Pcna	9.411	2457	19	1	2.279	0.0	4.13
EAA3_RAT	25550	Slc1a1	9.407	264	7	1	1.845	0.0	5.099
5HT1A_RAT	24473	Htr1a	9.403	2955	21	8	2.322	0.0	4.049
D4A082_RAT	302619	Gpr143	9.392	2	2	0	1.301	0.0	7.219
M0RCA0_RAT	364706	Foxc1	9.392	2	2	1	1.301	0.0	7.219
B3GA1_RAT	117108	B3gat1	9.386	99	5	0	1.699	0.0	5.525
ANFC_RAT	114593	Nppc	9.363	279	7	0	1.845	0.0	5.075
PRL_RAT	24683	Prl	9.358	3879	24	0	2.38	0.0	3.931
A1L1M0_RAT	25636	Prkaca	9.345	1298	11	11	2.041	0.079	4.407
IL1A_RAT	24493	Il1a	9.339	1068	12	3	2.079	0.0	4.492
TTHY_RAT	24856	Ttr	9.337	186	6	0	1.778	0.0	5.251
CD59_RAT	25407	Cd59	9.336	106	5	3	1.699	0.0	5.495
Q3MUI1_RAT	29419	Numb	9.33	16	3	2	1.477	0.0	6.316
AK1A1_RAT	78959	Akr1a1	9.323	562	9	0	1.954	0.0	4.77
TGFB3_RAT	25717	Tgfb3	9.321	294	7	4	1.845	0.0	5.052
GCYB2_RAT	25206	Gucy1b2	9.298	431	8	2	1.903	0.0	4.886
ANXA3_RAT	25291	Anxa3	9.297	236	4	15	1.602	0.204	5.147
SEM3A_RAT	29751	Sema3a	9.295	112	5	3	1.699	0.0	5.471
HPPD_RAT	29531	Hpd	9.291	17	3	0	1.477	0.0	6.29
VIME_RAT	81818	Vim	9.279	1573	14	0	2.146	0.0	4.323
TRPV1_RAT	83810	Trpv1	9.272	1584	14	5	2.146	0.0	4.32
TGFB1_RAT	59086	Tgfb1	9.269	8540	24	15	2.38	0.204	3.587
CCR5_RAT	117029	Ccr5	9.269	116	5	1	1.699	0.0	5.456
LAMB2_RAT	25473	Lamb2	9.254	18	3	0	1.477	0.0	6.265
TNFL6_RAT	25385	Faslg	9.243	792	10	9	2.0	0.0	4.621
S12A5_RAT	171373	Slc12a5	9.236	212	6	2	1.778	0.0	5.194
JUN_RAT	24516	Jun	9.235	1417	13	3	2.114	0.0	4.369
ACTH_RAT	25365	Actg2	9.224	1212	12	4	2.079	0.0	4.436
HRH1_RAT	24448	Hrh1	9.212	337	7	0	1.845	0.0	4.993
DLG1_RAT	25252	Dlg1	9.211	59	4	0	1.602	0.0	5.749
CSF2_RAT	116630	Csf2	9.208	643	9	0	1.954	0.0	4.712
Q5EB91_RAT	294051	Dntt	9.2	342	7	6	1.845	0.0	4.986
ACHA2_RAT	170945	Chrna2	9.198	1033	11	3	2.041	0.0	4.506
CCL2_RAT	24770	Ccl2	9.192	1975	15	6	2.176	0.0	4.224
D4A188_RAT	308739	Rgma	9.187	20	3	0	1.477	0.0	6.219
A7UJ12_RAT	100125595	Rs1	9.187	20	3	2	1.477	0.0	6.219
F1LLX2_RAT	25432	Drd4	9.185	130	5	1	1.699	0.0	5.406
GEPH_RAT	64845	Gphn	9.163	134	5	1	1.699	0.0	5.393
F1LNC8_RAT	245919	Impg2	9.163	3	2	0	1.301	0.0	7.043
TNF15_RAT	252878	Tnfsf15	9.163	3	2	1	1.301	0.0	7.043
A0A0G2K1R4_RAT	366791	Rdh5	9.163	3	2	1	1.301	0.0	7.043
A0A0G2JXB5_RAT	100361584	Ano2	9.163	3	2	1	1.301	0.0	7.043
G3V7M4_RAT	301289	Il17a	9.16	509	8	5	1.903	0.0	4.813
D3ZLB7_RAT	100360880	Fosb	9.146	366	7	0	1.845	0.0	4.957
NGB_RAT	85382	Ngb	9.144	65	4	1	1.602	0.0	5.707
CRGE_RAT	24279	Cryge	9.125	141	5	0	1.699	0.0	5.371
AL3A1_RAT	25375	Aldh3a1	9.124	376	7	0	1.845	0.0	4.945
AAGAB_RAT	171435	Aagab	9.122	67	4	0	1.602	0.0	5.694
NFL_RAT	83613	Nefl	9.121	246	6	0	1.778	0.0	5.129
MOT1_RAT	25027	Slc16a1	9.118	247	6	1	1.778	0.0	5.128
SYN1_RAT	24949	Syn1	9.097	550	8	3	1.903	0.0	4.78
DCE1_RAT	24379	Gad1	9.08	561	8	4	1.903	0.0	4.771
PDGFB_RAT	24628	Pdgfb	9.071	402	7	0	1.845	0.0	4.916
KCNC2_RAT	246153	Kcnc2	9.043	25	3	0	1.477	0.0	6.122
HMDH_RAT	25675	Hmgcr	9.038	1003	10	1	2.0	0.0	4.519
CALB1_RAT	83839	Calb1	8.989	626	8	0	1.903	0.0	4.724
SODC_RAT	24786	Sod1	8.986	1312	11	1	2.041	0.0	4.402
NOTC1_RAT	25496	Notch1	8.986	293	5	11	1.699	0.079	5.053
Q9JI30_RAT	25021	Itgam	8.962	860	9	1	1.954	0.0	4.586
CD1D_RAT	25109	Cd1d	8.957	177	5	3	1.699	0.0	5.272
AOC3_RAT	29473	Aoc3	8.949	179	5	2	1.699	0.0	5.267
4F2_RAT	50567	Slc3a2	8.948	29	3	0	1.477	0.0	6.058
TNR6_RAT	246097	Fas	8.933	88	4	7	1.602	0.0	5.576
ADNP_RAT	64622	Adnp	8.926	30	3	1	1.477	0.0	6.043
IL13_RAT	116553	Il13	8.922	318	6	3	1.778	0.0	5.018
CLUS_RAT	24854	Clu	8.92	319	6	0	1.778	0.0	5.016
Q9JKL3_RAT	24887	Bax	8.918	4781	21	9	2.322	0.0	3.84
TRFE_RAT	24825	Tf	8.912	2014	13	1	2.114	0.0	4.216
K1C14_RAT	287701	Krt14	8.887	94	4	2	1.602	0.0	5.547
CSEN_RAT	65199	Kcnip3	8.885	32	3	0	1.477	0.0	6.015
CRYAA_RAT	24273	Cryaa	8.875	5	2	2	1.301	0.0	6.821
SIA4B_RAT	64442	St3gal2	8.875	5	2	0	1.301	0.0	6.821
SYT17_RAT	192189	Syt17	8.875	5	2	0	1.301	0.0	6.821
F1M9Y9_RAT	498642	Rbpms	8.875	5	2	6	1.301	0.0	6.821
5HT3A_RAT	79246	Htr3a	8.871	956	9	1	1.954	0.0	4.54
S38A1_RAT	170567	Slc38a1	8.865	33	3	1	1.477	0.0	6.002
RET_RAT	24716	Ret	8.86	202	5	0	1.699	0.0	5.215
PA21B_RAT	29526	Pla2g1b	8.852	2150	13	3	2.114	0.0	4.188
HSP74_RAT	266759	Hspa4	8.844	100	4	4	1.602	0.0	5.52
IL1RA_RAT	60582	Il1rn	8.841	535	7	1	1.845	0.0	4.792
A0A0G2K1L0_RAT	116640	Tnc	8.831	358	6	0	1.778	0.0	4.966
MCR_RAT	25672	Nr3c2	8.83	543	7	5	1.845	0.0	4.785
CXA3_RAT	79217	Gja3	8.81	36	3	1	1.477	0.0	5.964
PGH2_RAT	29527	Ptgs2	8.789	3174	11	13	2.041	0.146	4.018
A0A0G2K218_RAT	81722	Ager	8.777	384	6	0	1.778	0.0	4.936
GCR_RAT	24413	Nr3c1	8.77	2004	12	0	2.079	0.0	4.218
IL18_RAT	29197	Il18	8.747	602	7	5	1.845	0.0	4.741
TPA_RAT	25692	Plat	8.745	841	8	0	1.903	0.0	4.595
STAT3_RAT	25125	Stat3	8.735	1420	10	7	2.0	0.0	4.368
GGT1_RAT	116568	Ggt1	8.731	2092	12	0	2.079	0.0	4.199
NUDC_RAT	29648	Nudc	8.726	41	3	4	1.477	0.0	5.907
ANXA5_RAT	25673	Anxa5	8.712	876	8	6	1.903	0.0	4.578
TGFB2_RAT	81809	Tgfb2	8.711	418	6	1	1.778	0.0	4.899
CRF_RAT	81648	Crh	8.698	5046	19	3	2.279	0.0	3.817
B1PLB2_RAT	305081	Cd34	8.693	644	7	0	1.845	0.0	4.711
AQP9_RAT	65054	Aqp9	8.689	125	4	1	1.602	0.0	5.423
22P1_RAT	25030	Andpro	8.685	7	2	0	1.301	0.0	6.675
JPH4_RAT	445271	Jph4	8.685	7	2	0	1.301	0.0	6.675
VATE1_RAT	297566	Atp6v1e1	8.666	45	3	1	1.477	0.0	5.867
ACE_RAT	24310	Ace	8.663	3881	16	9	2.204	0.0	3.93
CLD5_RAT	65131	Cldn5	8.662	264	5	1	1.699	0.0	5.099
G3V8U2_RAT	117519	Keap1	8.661	130	4	7	1.602	0.0	5.406
ADA_RAT	24165	Ada	8.656	674	7	5	1.845	0.0	4.692
SDC3_RAT	116673	Sdc3	8.652	46	3	0	1.477	0.0	5.858
MK03_RAT	50689	Mapk3	8.65	5566	14	13	2.146	0.146	3.774
NK1R_RAT	24807	Tacr1	8.649	1242	9	3	1.954	0.0	4.426
Q63242_RAT	25022	Fgfr2	8.645	133	4	1	1.602	0.0	5.396
ANDR_RAT	24208	Ar	8.632	1267	9	1	1.954	0.0	4.417
D3ZUM4_RAT	316033	Glb1	8.628	969	8	2	1.903	0.0	4.534
Q9QZD1_RAT	24772	Cxcl12	8.618	472	6	2	1.778	0.0	4.846
Q8R492_RAT	192203	Fap	8.609	8	2	0	1.301	0.0	6.617
CUX1_RAT	116639	Cux1	8.598	288	5	0	1.699	0.0	5.061
CTGF_RAT	64032	Ctgf	8.581	740	7	5	1.845	0.0	4.651
K2C8_RAT	25626	Krt8	8.552	152	4	1	1.602	0.0	5.338
ANF_RAT	24602	Nppa	8.54	3022	13	1	2.114	0.0	4.04
PSN1_RAT	29192	Psen1	8.53	157	4	0	1.602	0.0	5.324
ANGP2_RAT	89805	Angpt2	8.521	159	4	3	1.602	0.0	5.319
PAR2_RAT	116677	F2rl1	8.518	321	5	0	1.699	0.0	5.014
XIAP_RAT	63879	Xiap	8.491	166	4	3	1.602	0.0	5.3
PRPH2_RAT	25534	Prph2	8.483	10	2	0	1.301	0.0	6.52
F1MA19_RAT	84358	Efna2	8.483	10	2	0	1.301	0.0	6.52
G3V7V0_RAT	114858	Shc3	8.483	10	2	0	1.301	0.0	6.52
D3ZT83_RAT	366432	Slc1a7	8.483	10	2	1	1.301	0.0	6.52
A1A5M4_RAT	24443	Hdc	8.479	565	6	0	1.778	0.0	4.768
A4_RAT	54226	App	8.477	1522	9	1	1.954	0.0	4.338
G3V9Z3_RAT	29253	Maoa	8.471	1926	10	0	2.0	0.0	4.236
ENOG_RAT	24334	Eno2	8.45	586	6	0	1.778	0.0	4.752
G3V8F8_RAT	25491	Nes	8.443	178	4	2	1.602	0.0	5.27
5HT2A_RAT	29595	Htr2a	8.437	886	7	0	1.845	0.0	4.573
STIP1_RAT	192277	Stip1	8.429	11	2	0	1.301	0.0	6.479
NEU2_RAT	24221	Avp	8.42	5549	17	0	2.23	0.0	3.775
DMD_RAT	24907	Dmd	8.419	184	4	0	1.602	0.0	5.255
Q8K3F9_RAT	24337	Erbb2	8.413	370	5	0	1.699	0.0	4.952
CYTC_RAT	25307	Cst3	8.412	186	4	0	1.602	0.0	5.251
PRDX6_RAT	94167	Prdx6	8.402	68	3	3	1.477	0.0	5.688
ANPRB_RAT	116564	Npr2	8.394	191	4	1	1.602	0.0	5.239
PTGDS_RAT	25526	Ptgds	8.392	69	3	0	1.477	0.0	5.681
NMDE1_RAT	24409	Grin2a	8.38	952	7	5	1.845	0.0	4.542
Q9WTQ9_RAT	60446	Crx	8.38	12	2	1	1.301	0.0	6.441
TBB3_RAT	246118	Tubb3	8.38	12	2	0	1.301	0.0	6.441
D4A2H6_RAT	287847	Rbfox3	8.38	952	7	4	1.845	0.0	4.542
SCN8A_RAT	29710	Scn8a	8.369	198	4	1	1.602	0.0	5.224
NTRK1_RAT	59109	Ntrk1	8.364	970	7	3	1.845	0.0	4.533
ENOA_RAT	24333	Eno1	8.356	73	3	0	1.477	0.0	5.657
F1LRZ7_RAT	24587	Nefh	8.355	202	4	0	1.602	0.0	5.215
F1M957_RAT	116669	Vwf	8.336	411	5	3	1.699	0.0	4.906
CTBP2_RAT	81717	Ctbp2	8.335	13	2	0	1.301	0.0	6.406
XCL1_RAT	171371	Xcl1	8.335	13	2	0	1.301	0.0	6.406
CXCL2_RAT	114105	Cxcl2	8.322	692	6	5	1.778	0.0	4.68
MAG_RAT	29409	Mag	8.318	213	4	4	1.602	0.0	5.192
Q3V5G8_RAT	25648	Slc7a1	8.314	78	3	0	1.477	0.0	5.628
D4A400_RAT	287610	Lpo	8.314	214	4	1	1.602	0.0	5.19
SYT1_RAT	25716	Syt1	8.29	1459	8	6	1.903	0.0	4.356
ATF3_RAT	25389	Atf3	8.283	224	4	6	1.602	0.0	5.17
AOFB_RAT	25750	Maob	8.278	1081	7	1	1.845	0.0	4.486
ADRB1_RAT	24925	Adrb1	8.266	744	6	2	1.778	0.0	4.649
ACTB_RAT	81822	Actb	8.258	752	6	3	1.778	0.0	4.644
SLIB_RAT	29446	Ghrh	8.256	1110	7	1	1.845	0.0	4.475
MYOC_RAT	81523	Myoc	8.254	15	2	1	1.301	0.0	6.344
NDKA_RAT	191575	Nme1	8.254	15	2	0	1.301	0.0	6.344
SUCR1_RAT	408199	Sucnr1	8.254	15	2	7	1.301	0.0	6.344
DCOR_RAT	24609	Odc1	8.253	1980	9	0	1.954	0.0	4.223
ACHB_RAT	24261	Chrnb1	8.242	768	6	3	1.778	0.0	4.635
REPI1_RAT	445541	Repin1	8.235	240	4	1	1.602	0.0	5.14
RTN4_RAT	83765	Rtn4	8.226	243	4	0	1.602	0.0	5.135
CAN1_RAT	29153	Capn1	8.208	92	3	1	1.477	0.0	5.556
NRP1_RAT	246331	Nrp1	8.194	94	3	1	1.477	0.0	5.547
CNMD_RAT	81512	Cnmd	8.183	17	2	0	1.301	0.0	6.29
SV2A_RAT	117559	Sv2a	8.161	99	3	2	1.477	0.0	5.525
PAI1_RAT	24617	Serpine1	8.152	862	6	1	1.778	0.0	4.585
OGA_RAT	154968	Mgea5	8.144	871	6	0	1.778	0.0	4.58
CD44_RAT	25406	Cd44	8.141	535	5	2	1.699	0.0	4.792
VEGFC_RAT	114111	Vegfc	8.141	102	3	0	1.477	0.0	5.512
Q6P7A7_RAT	25596	Rpn1	8.12	19	2	0	1.301	0.0	6.242
SC6A4_RAT	25553	Slc6a4	8.117	902	6	0	1.778	0.0	4.565
GRIK5_RAT	24407	Grik5	8.111	107	3	1	1.477	0.0	5.491
PDIA6_RAT	286906	Pdia6	8.111	107	3	0	1.477	0.0	5.491
MK01_RAT	116590	Mapk1	8.1	5012	12	10	2.079	0.041	3.82
GNRHR_RAT	81668	Gnrhr	8.099	5576	14	0	2.146	0.0	3.774
EPHA5_RAT	79208	Epha5	8.091	20	2	0	1.301	0.0	6.219
HRH4_RAT	170704	Hrh4	8.091	20	2	0	1.301	0.0	6.219
A0A0G2JX88_RAT	309288	Rorb	8.091	20	2	2	1.301	0.0	6.219
TLR4_RAT	29260	Tlr4	8.079	1386	7	4	1.845	0.0	4.378
GLSK_RAT	24398	Gls	8.076	113	3	0	1.477	0.0	5.467
LITH_RAT	24714	Reg1	8.076	113	3	0	1.477	0.0	5.467
G3P_RAT	24383	Gapdh	8.068	305	4	3	1.602	0.0	5.036
BGLR_RAT	24434	Gusb	8.068	961	6	1	1.778	0.0	4.537
TRPA1_RAT	312896	Trpa1	8.068	305	4	1	1.602	0.0	5.036
EPAS1_RAT	29452	Epas1	8.064	115	3	2	1.477	0.0	5.46
S23A1_RAT	50621	Slc23a1	8.064	21	2	7	1.301	0.0	6.198
EFNA5_RAT	116683	Efna5	8.064	21	2	1	1.301	0.0	6.198
CX3C1_RAT	171056	Cx3cr1	8.053	117	3	0	1.477	0.0	5.452
Q66HL0_RAT	58813	Nt5e	8.052	982	6	0	1.778	0.0	4.528
E9PTE1_RAT	304092	Son	8.043	316	4	1	1.602	0.0	5.021
ELN_RAT	25043	Eln	8.041	996	6	2	1.778	0.0	4.522
IL4_RAT	287287	Il4	8.041	1970	8	0	1.903	0.0	4.225
CASP2_RAT	64314	Casp2	8.037	120	3	3	1.477	0.0	5.441
UD16_RAT	113992	Ugt1a6	8.019	327	4	2	1.602	0.0	5.006
AQP6_RAT	29170	Aqp6	8.012	23	2	0	1.301	0.0	6.159
Q5BK97_RAT	29204	Neu2	8.012	23	2	0	1.301	0.0	6.159
PRDM4_RAT	170820	Prdm4	8.012	23	2	0	1.301	0.0	6.159
PDLI3_RAT	114108	Pdlim3	8.006	643	5	2	1.699	0.0	4.712
CXB1_RAT	29584	Gjb1	8.0	336	4	0	1.602	0.0	4.994
DOPO_RAT	25699	Dbh	7.992	1060	6	0	1.778	0.0	4.495
A0A0G2JTP6_RAT	25629	Plin1	7.988	24	2	0	1.301	0.0	6.14
D3ZB30_RAT	29497	Ptbp1	7.988	24	2	0	1.301	0.0	6.14
K2C4_RAT	315323	Krt4	7.988	24	2	3	1.301	0.0	6.14
AGTRA_RAT	24180	Agtr1	7.983	2723	9	3	1.954	0.0	4.085
Q6AYU9_RAT	25296	Bmp4	7.962	355	4	1	1.602	0.0	4.97
OXDA_RAT	114027	Dao	7.962	135	3	3	1.477	0.0	5.39
CBPE_RAT	25669	Cpe	7.957	136	3	0	1.477	0.0	5.387
PAF15_RAT	300795	Pclaf	7.947	363	4	0	1.602	0.0	4.96
O35055_RAT	65202	Slc13a2	7.944	699	5	0	1.699	0.0	4.676
SHPS1_RAT	25528	Sirpa	7.943	26	2	0	1.301	0.0	6.105
GHRL_RAT	59301	Ghrl	7.94	1647	7	7	1.845	0.0	4.303
SL9A1_RAT	24782	Slc9a1	7.932	371	4	1	1.602	0.0	4.951
KCY_RAT	298410	Cmpk1	7.922	27	2	0	1.301	0.0	6.089
KPCG_RAT	24681	Prkcg	7.919	723	5	3	1.699	0.0	4.661
NTRK2_RAT	25054	Ntrk2	7.919	1166	6	5	1.778	0.0	4.453
PDE3A_RAT	50678	Pde3a	7.916	145	3	0	1.477	0.0	5.359
MMP9_RAT	81687	Mmp9	7.909	2972	9	9	1.954	0.0	4.047
KPCD_RAT	170538	Prkcd	7.907	147	3	2	1.477	0.0	5.353
Q3KR94_RAT	29169	Vtn	7.898	149	3	1	1.477	0.0	5.347
NMDE3_RAT	24411	Grin2c	7.893	392	4	1	1.602	0.0	4.927
UCHL1_RAT	29545	Uchl1	7.879	400	4	0	1.602	0.0	4.918
Q9WUQ4_RAT	84386	Slpi	7.862	30	2	0	1.301	0.0	6.043
SDC2_RAT	25615	Sdc2	7.853	160	3	0	1.477	0.0	5.316
HGF_RAT	24446	Hgf	7.848	1278	6	7	1.778	0.0	4.414
KCNA1_RAT	24520	Kcna1	7.841	163	3	1	1.477	0.0	5.308
SCRB1_RAT	25073	Scarb1	7.837	164	3	1	1.477	0.0	5.305
DPOG1_RAT	85472	Polg	7.826	32	2	4	1.301	0.0	6.015
NPS_RAT	100360071	Nps	7.826	32	2	0	1.301	0.0	6.015
Q99ND3_RAT	25682	Ppard	7.818	169	3	1	1.477	0.0	5.292
TGFA_RAT	24827	Tgfa	7.808	840	5	3	1.699	0.0	4.596
GRIP2_RAT	171571	Grip2	7.808	33	2	0	1.301	0.0	6.002
T132A_RAT	338474	Tmem132a	7.808	33	2	0	1.301	0.0	6.002
B5DFD5_RAT	300339	Mmp1	7.803	446	4	2	1.602	0.0	4.871
AATM_RAT	25721	Got2	7.802	3371	9	0	1.954	0.0	3.992
PECA1_RAT	29583	Pecam1	7.801	848	5	1	1.699	0.0	4.592
IGF1R_RAT	25718	Igf1r	7.789	862	5	4	1.699	0.0	4.585
CREB1_RAT	81646	Creb1	7.789	1988	7	1	1.845	0.0	4.222
Q2IBD1_RAT	114487	Wnt2	7.788	177	3	5	1.477	0.0	5.272
Q5FVS2_RAT	25048	Klkb1	7.775	35	2	3	1.301	0.0	5.976
GLP1R_RAT	25051	Glp1r	7.77	468	4	4	1.602	0.0	4.85
TRPM8_RAT	171384	Trpm8	7.766	183	3	4	1.477	0.0	5.258
S6A13_RAT	171163	Slc6a13	7.759	36	2	0	1.301	0.0	5.964
MFGM_RAT	25277	Mfge8	7.744	37	2	2	1.301	0.0	5.952
RAB3D_RAT	140665	Rab3d	7.744	37	2	0	1.301	0.0	5.952
AMPL_RAT	289668	Lap3	7.736	192	3	0	1.477	0.0	5.237
B2L11_RAT	64547	Bcl2l11	7.729	38	2	1	1.301	0.0	5.94
CSTN2_RAT	171394	Clstn2	7.729	194	3	0	1.477	0.0	5.232
COX2_RAT	26198	Mtco2	7.722	2899	8	7	1.903	0.0	4.058
TGFR1_RAT	29591	Tgfbr1	7.722	196	3	0	1.477	0.0	5.228
Q80WA5_RAT	114507	Slc5a3	7.714	39	2	0	1.301	0.0	5.929
BACE1_RAT	29392	Bace1	7.706	201	3	5	1.477	0.0	5.217
RET4_RAT	25703	Rbp4	7.703	202	3	0	1.477	0.0	5.215
GGTA1_RAT	246766	Ggta1	7.703	202	3	0	1.477	0.0	5.215
D3ZD19_RAT	293186	Lyve1	7.7	40	2	0	1.301	0.0	5.918
NTAL_RAT	317676	Lat2	7.7	40	2	0	1.301	0.0	5.918
IL10_RAT	25325	Il10	7.679	3898	9	3	1.954	0.0	3.929
DDIT4_RAT	140942	Ddit4	7.672	42	2	0	1.301	0.0	5.897
O35531_RAT	56822	Cd86	7.66	216	3	0	1.477	0.0	5.186
CCKN_RAT	25298	Cck	7.656	3140	8	0	1.903	0.0	4.023
B2MG_RAT	24223	B2m	7.654	218	3	0	1.477	0.0	5.182
GDN_RAT	29366	Serpine2	7.645	221	3	0	1.477	0.0	5.176
A2MG_RAT	24153	A2m	7.644	561	4	0	1.602	0.0	4.771
BKRB1_RAT	81509	Bdkrb1	7.642	222	3	1	1.477	0.0	5.174
SPRC_RAT	24791	Sparc	7.64	223	3	0	1.477	0.0	5.172
Q496Y7_RAT	29467	Ddit3	7.638	566	4	6	1.602	0.0	4.767
RALB_RAT	116546	Ralb	7.633	45	2	0	1.301	0.0	5.867
AQP5_RAT	25241	Aqp5	7.628	227	3	2	1.477	0.0	5.164
Q68FZ1_RAT	25351	Slc2a2	7.624	577	4	1	1.602	0.0	4.759
G3V617_RAT	81649	Mapk14	7.623	3982	8	10	1.903	0.041	3.92
SHH_RAT	29499	Shh	7.611	233	3	2	1.477	0.0	5.153
K1C12_RAT	360625	Krt12	7.609	47	2	1	1.301	0.0	5.848
ICAL_RAT	25403	Cast	7.597	48	2	1	1.301	0.0	5.839
ANXA1_RAT	25380	Anxa1	7.595	239	3	1	1.477	0.0	5.142
TPH1_RAT	24848	Tph1	7.59	241	3	1	1.477	0.0	5.138
SCNNG_RAT	24768	Scnn1g	7.582	244	3	0	1.477	0.0	5.133
PTN1_RAT	24697	Ptpn1	7.574	247	3	0	1.477	0.0	5.128
GALNS_RAT	292073	Galns	7.574	50	2	1	1.301	0.0	5.821
ATP5S_RAT	362749	Atp5s	7.574	50	2	0	1.301	0.0	5.821
DLG4_RAT	29495	Dlg4	7.571	623	4	1	1.602	0.0	4.726
LYAM3_RAT	25651	Selp	7.568	626	4	0	1.602	0.0	4.724
Q9JK64_RAT	170913	Abcb1a	7.564	251	3	0	1.477	0.0	5.121
Q6P6R6_RAT	56083	Tgm2	7.562	51	2	0	1.301	0.0	5.813
MAP1A_RAT	25152	Map1a	7.552	52	2	0	1.301	0.0	5.804
CSAD_RAT	60356	Csad	7.552	52	2	0	1.301	0.0	5.804
VINC_RAT	305679	Vcl	7.551	256	3	0	1.477	0.0	5.112
IBP3_RAT	24484	Igfbp3	7.549	643	4	6	1.602	0.0	4.712
GTR3_RAT	25551	Slc2a3	7.541	260	3	0	1.477	0.0	5.105
ITPR3_RAT	25679	Itpr3	7.539	261	3	2	1.477	0.0	5.104
CLCN3_RAT	84360	Clcn3	7.53	54	2	0	1.301	0.0	5.788
S28A1_RAT	116642	Slc28a1	7.53	54	2	0	1.301	0.0	5.788
VCAM1_RAT	25361	Vcam1	7.522	668	4	1	1.602	0.0	4.695
Q811Y3_RAT	114553	Ncf1	7.522	268	3	4	1.477	0.0	5.092
PADI2_RAT	29511	Padi2	7.52	1	1	0	1.0	0.0	7.52
NAA35_RAT	64472	Naa35	7.52	1	1	0	1.0	0.0	7.52
IMPG1_RAT	66014	Impg1	7.52	1	1	0	1.0	0.0	7.52
RPB7_RAT	117017	Polr2g	7.52	1	1	1	1.0	0.0	7.52
GPHA2_RAT	171158	Gpha2	7.52	1	1	0	1.0	0.0	7.52
PDLI2_RAT	290354	Pdlim2	7.52	1	1	1	1.0	0.0	7.52
PHYIP_RAT	290356	Phyhip	7.52	1	1	0	1.0	0.0	7.52
F1M495_RAT	295631	Pla2r1	7.52	1	1	0	1.0	0.0	7.52
TAOK3_RAT	304530	Taok3	7.52	1	1	0	1.0	0.0	7.52
D3ZZL8_RAT	304825	Crb1	7.52	1	1	1	1.0	0.0	7.52
F1LP37_RAT	306342	Nxnl1	7.52	1	1	0	1.0	0.0	7.52
D3ZA68_RAT	309441	Peo1	7.52	1	1	0	1.0	0.0	7.52
D3ZWB5_RAT	309900	Tulp1	7.52	1	1	0	1.0	0.0	7.52
D3ZUR5_RAT	315074	RGD1308195	7.52	1	1	0	1.0	0.0	7.52
Q7TQN6_RAT	316259	Opn5	7.52	1	1	0	1.0	0.0	7.52
E9PTP3_RAT	363677	Gjd3	7.52	1	1	0	1.0	0.0	7.52
FBP12_RAT	499570	FABP12	7.52	1	1	2	1.0	0.0	7.52
B5DEH9_RAT	500430	Ankrd6	7.52	1	1	0	1.0	0.0	7.52
B5DFF2_RAT	503214	Rbpms2	7.52	1	1	0	1.0	0.0	7.52
A0A0A0MY03_RAT	100362836	Poc1b	7.52	1	1	0	1.0	0.0	7.52
PPR1B_RAT	360616	Ppp1r1b	7.515	271	3	0	1.477	0.0	5.087
Q8R427_RAT	24646	Abcb1b	7.484	1304	5	4	1.699	0.0	4.405
S4A4_RAT	84484	Slc4a4	7.48	59	2	1	1.301	0.0	5.749
CSPG2_RAT	114122	Vcan	7.48	59	2	0	1.301	0.0	5.749
ACLY_RAT	24159	Acly	7.478	287	3	0	1.477	0.0	5.062
F1LXU5_RAT	681288	T2	7.473	289	3	0	1.477	0.0	5.059
IGF2_RAT	24483	Igf2	7.465	1337	5	3	1.699	0.0	4.394
MIF_RAT	81683	Mif	7.462	294	3	0	1.477	0.0	5.052
PER2_RAT	63840	Per2	7.46	295	3	2	1.477	0.0	5.05
Q6MG73_RAT	24231	C2	7.454	298	3	1	1.477	0.0	5.046
Q9JHK1_RAT	58918	Casp9	7.45	1365	5	2	1.699	0.0	4.385
PACR_RAT	24167	Adcyap1r1	7.443	63	2	0	1.301	0.0	5.721
K1C10_RAT	450225	Krt10	7.443	63	2	0	1.301	0.0	5.721
Q6IN22_RAT	64529	Ctsb	7.441	751	4	0	1.602	0.0	4.645
T2CB11_RAT	24954	Insr	7.436	1390	5	0	1.699	0.0	4.377
Q925D2_RAT	114496	Bik	7.436	7	1	12	1.0	0.114	6.675
FGFR1_RAT	79114	Fgfr1	7.43	309	3	0	1.477	0.0	5.03
LYAM2_RAT	25544	Sele	7.426	311	3	0	1.477	0.0	5.028
GRP78_RAT	25617	Hspa5	7.426	767	4	3	1.602	0.0	4.635
G3V7Y8_RAT	399679	Aicda	7.425	65	2	0	1.301	0.0	5.707
BAD_RAT	64639	Bad	7.424	312	3	3	1.477	0.0	5.026
CDK5_RAT	140908	Cdk5	7.422	313	3	1	1.477	0.0	5.025
OPSB_RAT	81644	Opn1sw	7.417	66	2	1	1.301	0.0	5.701
CFTR_RAT	24255	Cftr	7.41	319	3	2	1.477	0.0	5.016
PTN6_RAT	116689	Ptpn6	7.408	67	2	0	1.301	0.0	5.694
HXK4_RAT	24385	Gck	7.392	806	4	0	1.602	0.0	4.614
ID2_RAT	25587	Id2	7.392	69	2	1	1.301	0.0	5.681
AIFM1_RAT	83533	Aifm1	7.392	69	2	4	1.301	0.0	5.681
S6A12_RAT	50676	Slc6a12	7.388	330	3	0	1.477	0.0	5.002
MTPN_RAT	79215	Mtpn	7.388	810	4	0	1.602	0.0	4.612
EST1C_RAT	24346	Ces1c	7.379	335	3	0	1.477	0.0	4.995
Q9QUG4_RAT	24218	Atp7b	7.376	71	2	1	1.301	0.0	5.669
G3V928_RAT	299858	Lrp1	7.376	71	2	1	1.301	0.0	5.669
SDHL_RAT	25044	Sds	7.373	338	3	0	1.477	0.0	4.991
G3V6P5_RAT	24952	Gcg	7.372	1518	5	2	1.699	0.0	4.339
C5AR1_RAT	113959	C5ar1	7.368	72	2	4	1.301	0.0	5.663
AMPB_RAT	81761	Rnpep	7.36	73	2	0	1.301	0.0	5.657
PGS2_RAT	29139	Dcn	7.345	75	2	0	1.301	0.0	5.645
G3V8G3_RAT	25354	Sstr5	7.337	76	2	0	1.301	0.0	5.639
Q5PPG5_RAT	24258	Chga	7.334	359	3	0	1.477	0.0	4.965
AT2B2_RAT	24215	Atp2b2	7.33	77	2	1	1.301	0.0	5.634
5HT1B_RAT	25075	Htr1b	7.328	883	4	0	1.602	0.0	4.574
RAF1_RAT	24703	Raf1	7.318	368	3	0	1.477	0.0	4.954
CLCN2_RAT	29232	Clcn2	7.315	79	2	1	1.301	0.0	5.623
CART_RAT	29131	Cartpt	7.313	371	3	2	1.477	0.0	4.951
CCL4_RAT	116637	Ccl4	7.312	3605	7	6	1.845	0.0	3.963
AT2B1_RAT	29598	Atp2b1	7.308	80	2	0	1.301	0.0	5.617
SRR_RAT	303306	Srr	7.308	80	2	0	1.301	0.0	5.617
G3V843_RAT	29251	F2	7.304	1663	5	1	1.699	0.0	4.299
B2CL1_RAT	24888	Bcl2l1	7.294	927	4	1	1.602	0.0	4.553
D4A409_RAT	316758	Lama1	7.294	82	2	0	1.301	0.0	5.606
CO3_RAT	24232	C3	7.289	385	3	2	1.477	0.0	4.935
Q923V7_RAT	114505	Klf4	7.287	83	2	0	1.301	0.0	5.601
G3V633_RAT	54251	Flt1	7.283	389	3	1	1.477	0.0	4.93
CLOCK_RAT	60447	Clock	7.281	84	2	0	1.301	0.0	5.596
O35370_RAT	83580	Thbd	7.281	84	2	0	1.301	0.0	5.596
STMN1_RAT	29332	Stmn1	7.267	86	2	0	1.301	0.0	5.586
CAH2_RAT	54231	Ca2	7.267	2710	6	3	1.778	0.0	4.087
BECN1_RAT	114558	Becn1	7.252	408	3	0	1.477	0.0	4.91
Q6YGU2_RAT	310553	Tlr2	7.252	408	3	1	1.477	0.0	4.91
B1H216_RAT	25632	Hba-a1	7.248	89	2	0	1.301	0.0	5.571
FAK1_RAT	25614	Ptk2	7.246	412	3	0	1.477	0.0	4.905
D4A563_RAT	315686	Peak1	7.242	90	2	1	1.301	0.0	5.566
TRPV2_RAT	29465	Trpv2	7.235	91	2	1	1.301	0.0	5.561
ILK_RAT	170922	Ilk	7.235	91	2	0	1.301	0.0	5.561
PO6F1_RAT	116545	Pou6f1	7.232	421	3	0	1.477	0.0	4.896
F1LQH2_RAT	81736	Nfkb1	7.231	2838	6	8	1.778	0.0	4.067
E9PU84_RAT	246775	Tnfsf10	7.229	92	2	0	1.301	0.0	5.556
GRP_RAT	171101	Grp	7.223	427	3	0	1.477	0.0	4.89
NECA1_RAT	64169	Necab1	7.219	2	1	0	1.0	0.0	7.219
CLPB_RAT	65041	Clpb	7.219	2	1	0	1.0	0.0	7.219
OPSG_RAT	89810	Opn1mw	7.219	2	1	0	1.0	0.0	7.219
CSK21_RAT	116549	Csnk2a1	7.219	2	1	0	1.0	0.0	7.219
RTN3_RAT	140945	Rtn3	7.219	2	1	0	1.0	0.0	7.219
STABP_RAT	171565	Stambp	7.219	2	1	1	1.0	0.0	7.219
UBX11_RAT	192207	Ubxn11	7.219	2	1	0	1.0	0.0	7.219
UNC50_RAT	192356	Unc50	7.219	2	1	0	1.0	0.0	7.219
TAXB1_RAT	246244	Tax1bp1	7.219	2	1	0	1.0	0.0	7.219
PRS27_RAT	287108	Prss27	7.219	2	1	1	1.0	0.0	7.219
D3ZUD5_RAT	302661	Ofd1	7.219	2	1	1	1.0	0.0	7.219
D3ZCW1_RAT	303835	Rtp2	7.219	2	1	0	1.0	0.0	7.219
X4YHC6_RAT	309025	Tacc2	7.219	2	1	0	1.0	0.0	7.219
D4A734_RAT	309525	Slc16a12	7.219	2	1	0	1.0	0.0	7.219
F7F3I7_RAT	310630	Sema4a	7.219	2	1	0	1.0	0.0	7.219
PCGF1_RAT	312480	Pcgf1	7.219	2	1	1	1.0	0.0	7.219
Q4KLN3_RAT	361811	Srpk1	7.219	2	1	2	1.0	0.0	7.219
MACF1_RAT	362587	Macf1	7.219	2	1	1	1.0	0.0	7.219
VA0E2_RAT	436582	Atp6v0e2	7.219	2	1	0	1.0	0.0	7.219
RB_RAT	24708	Rb1	7.218	430	3	1	1.477	0.0	4.887
S6A11_RAT	79213	Slc6a11	7.205	96	2	0	1.301	0.0	5.538
TRFR_RAT	25570	Trhr	7.199	97	2	0	1.301	0.0	5.533
SQSTM_RAT	113894	Sqstm1	7.193	98	2	0	1.301	0.0	5.529
DNM1L_RAT	114114	Dnm1l	7.182	100	2	4	1.301	0.0	5.52
Q66HL6_RAT	25112	Gadd45a	7.176	101	2	1	1.301	0.0	5.516
HDAC1_RAT	297893	Hdac1	7.176	101	2	4	1.301	0.0	5.516
B1WBN8_RAT	25404	Cav1	7.172	462	3	2	1.477	0.0	4.856
HPCA_RAT	29177	Hpca	7.165	103	2	0	1.301	0.0	5.507
E9PTH2_RAT	114509	LOC100912585	7.165	103	2	1	1.301	0.0	5.507
Q8VD47_RAT	60628	Cxcr4	7.164	468	3	0	1.477	0.0	4.85
PEBP1_RAT	29542	Pebp1	7.16	104	2	0	1.301	0.0	5.503
HCN4_RAT	59266	Hcn4	7.16	104	2	1	1.301	0.0	5.503
DLGP2_RAT	116681	Dlgap2	7.16	104	2	3	1.301	0.0	5.503
BMP2_RAT	29373	Bmp2	7.157	1130	4	4	1.602	0.0	4.467
PLD1_RAT	25096	Pld1	7.144	107	2	0	1.301	0.0	5.491
SLC31_RAT	29484	Slc3a1	7.144	483	3	0	1.477	0.0	4.836
OLR1_RAT	140914	Olr1	7.144	107	2	3	1.301	0.0	5.491
D4A1W8_RAT	310900	Mttp	7.133	109	2	0	1.301	0.0	5.483
Q66HK3_RAT	24693	Ptgs1	7.132	492	3	2	1.477	0.0	4.828
GHRHR_RAT	25321	Ghrhr	7.128	110	2	1	1.301	0.0	5.479
D3ZGE2_RAT	303413	Mpo	7.124	4558	7	0	1.845	0.0	3.861
HS90A_RAT	299331	Hsp90aa1	7.122	500	3	6	1.477	0.0	4.821
SCG1_RAT	24259	Chgb	7.118	112	2	0	1.301	0.0	5.471
AMD_RAT	25508	Pam	7.118	112	2	0	1.301	0.0	5.471
OX2R_RAT	25605	Hcrtr2	7.108	114	2	1	1.301	0.0	5.463
A1AT_RAT	24648	Serpina1	7.103	115	2	1	1.301	0.0	5.46
PPARA_RAT	25747	Ppara	7.097	2202	5	1	1.699	0.0	4.177
AGTR2_RAT	24182	Agtr2	7.078	1265	4	2	1.602	0.0	4.418
CALCR_RAT	116506	Calcr	7.065	123	2	0	1.301	0.0	5.43
AL1A1_RAT	24188	Aldh1a1	7.06	124	2	1	1.301	0.0	5.427
SCN2A_RAT	24766	Scn2a	7.06	124	2	0	1.301	0.0	5.427
KCNJ2_RAT	29712	Kcnj2	7.06	124	2	0	1.301	0.0	5.427
DHSO_RAT	24788	Sord	7.056	125	2	0	1.301	0.0	5.423
COX1_RAT	26195	Mtco1	7.049	1320	4	1	1.602	0.0	4.4
CRBA4_RAT	64348	Cryba4	7.043	3	1	0	1.0	0.0	7.043
CHIN_RAT	84030	Chn1	7.043	3	1	0	1.0	0.0	7.043
PCY1A_RAT	140544	Pcyt1a	7.043	128	2	0	1.301	0.0	5.413
DHRS9_RAT	170635	Dhrs9	7.043	3	1	0	1.0	0.0	7.043
FNBP1_RAT	192348	Fnbp1	7.043	3	1	0	1.0	0.0	7.043
F1M8G0_RAT	252962	Phtf1	7.043	3	1	0	1.0	0.0	7.043
A0A096MJN4_RAT	287606	Sept4	7.043	3	1	0	1.0	0.0	7.043
G3V7E0_RAT	294640	Otp	7.043	3	1	0	1.0	0.0	7.043
S52A3_RAT	311536	Slc52a3	7.043	3	1	0	1.0	0.0	7.043
D3ZG53_RAT	365564	Atoh7	7.043	3	1	0	1.0	0.0	7.043
Q4LEV3_RAT	100365773	Oca2	7.043	3	1	0	1.0	0.0	7.043
IKBA_RAT	25493	Nfkbia	7.039	569	3	0	1.477	0.0	4.765
K2C1_RAT	300250	Krt1	7.038	129	2	0	1.301	0.0	5.41
D3ZFD9_RAT	24706	Rarb	7.034	130	2	0	1.301	0.0	5.406
KCNK3_RAT	29553	Kcnk3	7.025	132	2	1	1.301	0.0	5.4
Q5FVS4_RAT	24336	Epor	7.021	133	2	4	1.301	0.0	5.396
PPARG_RAT	25664	Pparg	7.019	1378	4	4	1.602	0.0	4.381
TSHR_RAT	25360	Tshr	7.008	136	2	2	1.301	0.0	5.387
MT3_RAT	117038	Mt3	7.0	138	2	1	1.301	0.0	5.38
NTCP7_RAT	291942	Slc10a7	7.0	138	2	0	1.301	0.0	5.38
METK1_RAT	25331	Mat1a	6.992	140	2	0	1.301	0.0	5.374
S100B_RAT	25742	S100b	6.984	620	3	0	1.477	0.0	4.728
NEP_RAT	24590	Mme	6.966	637	3	0	1.477	0.0	4.716
SMAD2_RAT	29357	Smad2	6.965	638	3	2	1.477	0.0	4.715
COMT_RAT	24267	Comt	6.963	640	3	0	1.477	0.0	4.714
GSTA4_RAT	300850	Gsta4	6.961	148	2	0	1.301	0.0	5.35
D3ZT88_RAT	363672	Sp6	6.953	150	2	1	1.301	0.0	5.344
PNOC_RAT	25516	Pnoc	6.951	652	3	0	1.477	0.0	4.706
Q4FZY1_RAT	287435	Cd68	6.946	657	3	3	1.477	0.0	4.703
TNR1B_RAT	156767	Tnfrsf1b	6.945	152	2	1	1.301	0.0	5.338
CNGA1_RAT	85259	Cnga1	6.942	153	2	2	1.301	0.0	5.336
NFM_RAT	24588	Nefm	6.924	158	2	0	1.301	0.0	5.322
OCLN_RAT	83497	Ocln	6.922	682	3	0	1.477	0.0	4.686
NINJ1_RAT	25338	Ninj1	6.918	4	1	0	1.0	0.0	6.918
STMN3_RAT	29246	Stmn3	6.918	4	1	0	1.0	0.0	6.918
G3V8R2_RAT	58982	Ncan	6.918	4	1	0	1.0	0.0	6.918
Q9ESS9_RAT	85430	Herpud1	6.918	4	1	1	1.0	0.0	6.918
ZN423_RAT	94188	Znf423	6.918	4	1	2	1.0	0.0	6.918
SEP15_RAT	113922	Selenof	6.918	4	1	0	1.0	0.0	6.918
GMFG_RAT	113940	Gmfg	6.918	4	1	0	1.0	0.0	6.918
BAT1_RAT	116726	Slc7a9	6.918	4	1	0	1.0	0.0	6.918
RAB28_RAT	117049	Rab28	6.918	4	1	4	1.0	0.0	6.918
Q5XI34_RAT	117281	Ppp2r1a	6.918	4	1	1	1.0	0.0	6.918
LRIT1_RAT	246214	Lrit1	6.918	4	1	0	1.0	0.0	6.918
D4AEN1_RAT	288006	Rtp1	6.918	4	1	0	1.0	0.0	6.918
RAI14_RAT	294804	Rai14	6.918	4	1	0	1.0	0.0	6.918
D3Z941_RAT	299851	Mars	6.918	4	1	0	1.0	0.0	6.918
Q566E4_RAT	319110	Hnrnpr	6.918	4	1	0	1.0	0.0	6.918
RDH10_RAT	353252	Rdh10	6.918	4	1	1	1.0	0.0	6.918
GRIK1_RAT	29559	Grik1	6.903	164	2	0	1.301	0.0	5.305
APEL_RAT	58812	Apln	6.903	164	2	1	1.301	0.0	5.305
D3ZFJ0_RAT	298947	Pik3cg	6.899	1636	4	0	1.602	0.0	4.306
LOX5_RAT	25290	Alox5	6.894	713	3	0	1.477	0.0	4.667
O08769_RAT	83571	Cdkn1b	6.893	714	3	1	1.477	0.0	4.667
G6PC_RAT	25634	G6pc	6.889	1660	4	0	1.602	0.0	4.3
Q8VBU7_RAT	24176	Adrb2	6.885	723	3	0	1.477	0.0	4.661
ADA2A_RAT	25083	Adra2a	6.879	171	2	0	1.301	0.0	5.287
PLCB2_RAT	85240	Plcb2	6.872	173	2	0	1.301	0.0	5.282
TFAM_RAT	83474	Tfam	6.859	177	2	5	1.301	0.0	5.272
A0A0G2JW78_RAT	24705	Rara	6.85	180	2	1	1.301	0.0	5.265
TKN1_RAT	24806	Tac1	6.85	180	2	0	1.301	0.0	5.265
PYC_RAT	25104	Pc	6.848	766	3	0	1.477	0.0	4.636
ABCC8_RAT	25559	Abcc8	6.822	189	2	0	1.301	0.0	5.244
G3V722_RAT	24390	B4galt1	6.821	5	1	0	1.0	0.0	6.821
U119A_RAT	29402	Unc119	6.821	5	1	0	1.0	0.0	6.821
FGFP1_RAT	64535	Fgfbp1	6.821	5	1	0	1.0	0.0	6.821
WIPF1_RAT	117538	Wipf1	6.821	5	1	0	1.0	0.0	6.821
A0A0G2JWS9_RAT	171028	Atp12a	6.821	5	1	0	1.0	0.0	6.821
TPC1_RAT	246215	Tpcn1	6.821	5	1	1	1.0	0.0	6.821
D3ZTV0_RAT	296179	Fermt1	6.821	5	1	2	1.0	0.0	6.821
SNPH_RAT	296267	Snph	6.821	5	1	0	1.0	0.0	6.821
G3V7K1_RAT	306616	Myom2	6.821	5	1	0	1.0	0.0	6.821
Q0Z843_RAT	309855	Fig4	6.821	5	1	0	1.0	0.0	6.821
TYPH_RAT	315219	Tymp	6.821	5	1	0	1.0	0.0	6.821
STK24_RAT	361092	Stk24	6.821	5	1	3	1.0	0.0	6.821
S6A17_RAT	613226	Slc6a17	6.821	5	1	0	1.0	0.0	6.821
A0S0A9_RAT	100008565	Slc39a4l	6.821	5	1	2	1.0	0.0	6.821
Q4V8L0_RAT	25358	Timp3	6.819	190	2	0	1.301	0.0	5.241
ANFB_RAT	25105	Nppb	6.816	805	3	0	1.477	0.0	4.614
VAMP2_RAT	24803	Vamp2	6.811	193	2	0	1.301	0.0	5.235
HPGDS_RAT	58962	Hpgds	6.81	3247	5	1	1.699	0.0	4.009
PE2R2_RAT	81752	Ptger2	6.799	197	2	0	1.301	0.0	5.226
RENI_RAT	24715	Ren1	6.778	5109	6	0	1.778	0.0	3.812
CASP8_RAT	64044	Casp8	6.774	859	3	4	1.477	0.0	4.586
EDNRB_RAT	50672	Ednrb	6.769	866	3	3	1.477	0.0	4.583
F1LYL9_RAT	140586	Sox9	6.763	210	2	1	1.301	0.0	5.198
ARBK1_RAT	25238	Grk2	6.76	211	2	1	1.301	0.0	5.196
G3V671_RAT	25408	Cd80	6.749	215	2	0	1.301	0.0	5.188
CP1A1_RAT	24296	Cyp1a1	6.744	2045	4	1	1.602	0.0	4.21
NCKX1_RAT	56814	Slc24a1	6.742	6	1	0	1.0	0.0	6.742
LITAF_RAT	65161	Litaf	6.742	6	1	0	1.0	0.0	6.742
A0A0G2K2C1_RAT	84408	Cdh8	6.742	6	1	0	1.0	0.0	6.742
RBM3_RAT	114488	Rbm3	6.742	6	1	0	1.0	0.0	6.742
EMB_RAT	114511	Emb	6.742	6	1	0	1.0	0.0	6.742
COR1A_RAT	155151	Coro1a	6.742	6	1	0	1.0	0.0	6.742
SC5A6_RAT	170551	Slc5a6	6.742	6	1	0	1.0	0.0	6.742
Q4V8N6_RAT	171144	Slco4a1	6.742	6	1	0	1.0	0.0	6.742
NLGN3_RAT	171297	Nlgn3	6.742	6	1	0	1.0	0.0	6.742
Q68FU2_RAT	293820	Psat1	6.742	6	1	0	1.0	0.0	6.742
D4A7Z6_RAT	300653	Tecta	6.742	6	1	0	1.0	0.0	6.742
Q71RR7_RAT	303179	Guk1	6.742	6	1	0	1.0	0.0	6.742
D4AB29_RAT	310836	Abca4	6.742	6	1	0	1.0	0.0	6.742
FADS2_RAT	83512	Fads2	6.729	223	2	1	1.301	0.0	5.172
VACHT_RAT	60422	Slc18a3	6.716	228	2	1	1.301	0.0	5.162
CXL10_RAT	245920	Cxcl10	6.714	229	2	1	1.301	0.0	5.16
PE2R3_RAT	24929	Ptger3	6.711	230	2	0	1.301	0.0	5.159
D3ZAB1_RAT	301034	Ltf	6.699	235	2	0	1.301	0.0	5.149
NK3R_RAT	24808	Tacr3	6.694	237	2	0	1.301	0.0	5.146
GRIA1_RAT	50592	Gria1	6.685	987	3	0	1.477	0.0	4.526
Q8K3R4_RAT	246253	Adipoq	6.68	995	3	1	1.477	0.0	4.522
FABPL_RAT	24360	Fabp1	6.678	244	2	0	1.301	0.0	5.133
PLCG1_RAT	25738	Plcg1	6.676	245	2	0	1.301	0.0	5.131
GRM6_RAT	24419	Grm6	6.675	7	1	0	1.0	0.0	6.675
CTBP1_RAT	29382	Ctbp1	6.675	7	1	0	1.0	0.0	6.675
NPTN_RAT	56064	Nptn	6.675	7	1	0	1.0	0.0	6.675
TMM27_RAT	57395	Tmem27	6.675	7	1	1	1.0	0.0	6.675
B4GN1_RAT	64828	B4galnt1	6.675	7	1	0	1.0	0.0	6.675
OTOF_RAT	84573	Otof	6.675	7	1	2	1.0	0.0	6.675
GUC2F_RAT	116556	Gucy2f	6.675	7	1	1	1.0	0.0	6.675
RGCC_RAT	117183	Rgcc	6.675	7	1	0	1.0	0.0	6.675
NEUR3_RAT	117185	Neu3	6.675	7	1	1	1.0	0.0	6.675
PNMA1_RAT	170636	Pnma1	6.675	7	1	0	1.0	0.0	6.675
KCNH5_RAT	171146	Kcnh5	6.675	7	1	0	1.0	0.0	6.675
FMO2_RAT	246245	Fmo2	6.675	7	1	0	1.0	0.0	6.675
Q8CF99_RAT	286926	Tfpi2	6.675	7	1	0	1.0	0.0	6.675
F1LME1_RAT	305103	Fcrl6	6.675	7	1	0	1.0	0.0	6.675
PAG15_RAT	361401	Pla2g15	6.675	7	1	0	1.0	0.0	6.675
P2RY2_RAT	29597	P2ry2	6.671	247	2	1	1.301	0.0	5.128
Q5M7T5_RAT	304917	Serpinc1	6.669	248	2	0	1.301	0.0	5.126
CEAM1_RAT	81613	Ceacam1	6.667	249	2	7	1.301	0.0	5.124
PA2GA_RAT	29692	Pla2g2a	6.66	252	2	0	1.301	0.0	5.119
MT2_RAT	689415	Mt2	6.66	252	2	0	1.301	0.0	5.119
SRC_RAT	83805	Src	6.653	1037	3	0	1.477	0.0	4.504
TKNK_RAT	29191	Tac3	6.644	259	2	0	1.301	0.0	5.107
A0A0G2K0Q7_RAT	288057	Mylk	6.642	260	2	0	1.301	0.0	5.105
G3V771_RAT	24324	Edn2	6.631	265	2	1	1.301	0.0	5.097
Q6AYW2_RAT	24616	Pah	6.623	269	2	0	1.301	0.0	5.09
F1LPA8_RAT	29694	Gabrr1	6.617	8	1	0	1.0	0.0	6.617
SO2B1_RAT	140860	Slco2b1	6.617	8	1	1	1.0	0.0	6.617
D3ZZC5_RAT	246756	Tradd	6.617	8	1	2	1.0	0.0	6.617
SKP1_RAT	287280	Skp1	6.617	8	1	0	1.0	0.0	6.617
Q6AYG9_RAT	293735	Best1	6.617	8	1	1	1.0	0.0	6.617
B5DFL7_RAT	296787	Sema3c	6.617	8	1	0	1.0	0.0	6.617
A0A0G2JWG7_RAT	362782	Cyp46a1	6.617	8	1	2	1.0	0.0	6.617
D3ZIK1_RAT	689054	Lin28b	6.617	8	1	1	1.0	0.0	6.617
ITPR1_RAT	25262	Itpr1	6.612	274	2	0	1.301	0.0	5.082
Q63762_RAT	29259	Sell	6.612	274	2	3	1.301	0.0	5.082
ACOD1_RAT	246074	Scd1	6.61	275	2	0	1.301	0.0	5.081
UCN1_RAT	29151	Ucn	6.608	276	2	0	1.301	0.0	5.079
AA1R_RAT	29290	Adora1	6.608	276	2	0	1.301	0.0	5.079
EMP1_RAT	25314	Emp1	6.566	9	1	1	1.0	0.0	6.566
GLRB_RAT	25456	Glrb	6.566	9	1	0	1.0	0.0	6.566
PHLP_RAT	64013	Pdcl	6.566	9	1	0	1.0	0.0	6.566
Q6IN14_RAT	83628	Cd82	6.566	9	1	2	1.0	0.0	6.566
B7X945_RAT	114211	Mtnr1a	6.566	9	1	0	1.0	0.0	6.566
HDGF_RAT	114499	Hdgf	6.566	9	1	1	1.0	0.0	6.566
A0A0G2JUA5_RAT	191572	Ahnak	6.566	9	1	3	1.0	0.0	6.566
TECR_RAT	191576	Tecr	6.566	9	1	0	1.0	0.0	6.566
Q5PQT0_RAT	301617	Pask	6.566	9	1	0	1.0	0.0	6.566
D3ZIH1_RAT	314480	Gpr132	6.566	9	1	0	1.0	0.0	6.566
PIEZ1_RAT	361430	Piezo1	6.566	9	1	0	1.0	0.0	6.566
G3V9B4_RAT	361551	Scgb1b30	6.566	9	1	0	1.0	0.0	6.566
D3ZHS5_RAT	502736	Cpa4	6.566	9	1	0	1.0	0.0	6.566
S100G_RAT	24249	S100g	6.565	298	2	0	1.301	0.0	5.046
AGTRB_RAT	81638	Agtr1b	6.553	1212	3	0	1.477	0.0	4.436
SOCS3_RAT	89829	Socs3	6.534	315	2	3	1.301	0.0	5.022
B1WC54_RAT	25729	Ccne1	6.523	321	2	0	1.301	0.0	5.014
Q9R290_RAT	79451	Fabp4	6.523	321	2	1	1.301	0.0	5.014
LEG5_RAT	25475	Lgals5	6.52	10	1	0	1.0	0.0	6.52
NU3M_RAT	26199	Mtnd3	6.52	10	1	0	1.0	0.0	6.52
Q9QUM8_RAT	29723	Slc19a1	6.52	10	1	0	1.0	0.0	6.52
Q5BKA0_RAT	64195	Clec10a	6.52	10	1	0	1.0	0.0	6.52
MUTYH_RAT	170841	Mutyh	6.52	10	1	0	1.0	0.0	6.52
RP3A_RAT	171039	Rph3a	6.52	10	1	0	1.0	0.0	6.52
ATG3_RAT	171415	Atg3	6.52	10	1	0	1.0	0.0	6.52
KAT5_RAT	192218	Kat5	6.52	10	1	1	1.0	0.0	6.52
Q3C2P9_RAT	296072	Spred1	6.52	10	1	2	1.0	0.0	6.52
Q5FWS5_RAT	315714	Loxl1	6.52	10	1	1	1.0	0.0	6.52
CADH2_RAT	83501	Cdh2	6.518	324	2	0	1.301	0.0	5.01
KHDR1_RAT	117268	Khdrbs1	6.514	326	2	1	1.301	0.0	5.007
P2RX2_RAT	114115	P2rx2	6.513	327	2	0	1.301	0.0	5.006
PRLR_RAT	24684	Prlr	6.507	330	2	0	1.301	0.0	5.002
Q9R2C9_RAT	24497	Il5	6.506	331	2	0	1.301	0.0	5.0
EDNRA_RAT	24326	Ednra	6.482	1355	3	1	1.477	0.0	4.388
Q3KR76_RAT	25619	Plau	6.482	345	2	0	1.301	0.0	4.982
MOBP_RAT	25037	Mobp	6.479	11	1	0	1.0	0.0	6.479
RES18_RAT	50561	Resp18	6.479	11	1	1	1.0	0.0	6.479
G3V757_RAT	60670	Fut4	6.479	11	1	0	1.0	0.0	6.479
ESM1_RAT	64536	Esm1	6.479	11	1	0	1.0	0.0	6.479
LENEP_RAT	113917	Lenep	6.479	11	1	0	1.0	0.0	6.479
KCNJ9_RAT	116560	Kcnj9	6.479	11	1	1	1.0	0.0	6.479
MSMO1_RAT	140910	Msmo1	6.479	11	1	0	1.0	0.0	6.479
Q6TXG7_RAT	287379	Shmt1	6.479	11	1	0	1.0	0.0	6.479
KLK9_RAT	292868	Klk9	6.479	11	1	0	1.0	0.0	6.479
G3V9G5_RAT	308709	Synm	6.479	11	1	3	1.0	0.0	6.479
B1H259_RAT	362735	Coch	6.479	11	1	0	1.0	0.0	6.479
PD2R_RAT	498475	Ptgdr	6.479	11	1	0	1.0	0.0	6.479
FAAH1_RAT	29347	Faah	6.473	351	2	2	1.301	0.0	4.975
PK3CB_RAT	85243	Pik3cb	6.443	370	2	4	1.301	0.0	4.952
TYRO3_RAT	25232	Tyro3	6.441	12	1	0	1.0	0.0	6.441
GSLG1_RAT	29476	Glg1	6.441	12	1	0	1.0	0.0	6.441
ADAS_RAT	84114	Agps	6.441	12	1	0	1.0	0.0	6.441
KINH_RAT	117550	Kif5b	6.441	12	1	1	1.0	0.0	6.441
FEV_RAT	246271	Fev	6.441	12	1	0	1.0	0.0	6.441
HABP2_RAT	292126	Habp2	6.441	12	1	0	1.0	0.0	6.441
SIR5_RAT	306840	Sirt5	6.441	12	1	1	1.0	0.0	6.441
A0A0H2UHK7_RAT	313755	Mmel1	6.441	12	1	0	1.0	0.0	6.441
EPCR_RAT	362248	Procr	6.441	12	1	0	1.0	0.0	6.441
Q5U324_RAT	25439	F2r	6.438	373	2	1	1.301	0.0	4.949
MYC_RAT	24577	Myc	6.433	1461	3	1	1.477	0.0	4.355
GSH1_RAT	25283	Gclc	6.426	381	2	3	1.301	0.0	4.939
Q4V8J0_RAT	24257	Cgm4	6.409	393	2	0	1.301	0.0	4.926
Q6IRF5_RAT	24653	Pla2g4a	6.409	393	2	4	1.301	0.0	4.926
LEPR_RAT	24536	Lepr	6.406	395	2	0	1.301	0.0	4.924
PGAM1_RAT	24642	Pgam1	6.406	13	1	0	1.0	0.0	6.406
ATP8_RAT	26196	Mt-atp8	6.406	13	1	0	1.0	0.0	6.406
PPT1_RAT	29411	Ppt1	6.406	13	1	0	1.0	0.0	6.406
BOK_RAT	29884	Bok	6.406	13	1	0	1.0	0.0	6.406
F1MAH6_RAT	84407	Cdh11	6.406	13	1	0	1.0	0.0	6.406
Q6AXR3_RAT	84422	Gfra3	6.406	13	1	0	1.0	0.0	6.406
CDIPT_RAT	192260	Cdipt	6.406	13	1	0	1.0	0.0	6.406
AL1A3_RAT	266603	Aldh1a3	6.406	13	1	0	1.0	0.0	6.406
Q66MH4_RAT	360254	Brca2	6.406	13	1	0	1.0	0.0	6.406
G3V6X7_RAT	108348172	LOC108348172	6.406	13	1	2	1.0	0.0	6.406
Q6IMX5_RAT	29184	Cd36	6.399	400	2	2	1.301	0.0	4.918
O88211_RAT	60584	Lif	6.397	401	2	1	1.301	0.0	4.917
ACE2_RAT	302668	Ace2	6.393	404	2	2	1.301	0.0	4.914
NU4M_RAT	26201	Mtnd4	6.374	14	1	1	1.0	0.0	6.374
NCKX2_RAT	84550	Slc24a2	6.374	14	1	0	1.0	0.0	6.374
S28A3_RAT	140944	Slc28a3	6.374	14	1	0	1.0	0.0	6.374
SI1L1_RAT	246212	Sipa1l1	6.374	14	1	0	1.0	0.0	6.374
D3ZQL2_RAT	299499	Sp8	6.374	14	1	0	1.0	0.0	6.374
Q5HZA2_RAT	306141	Spry2	6.374	14	1	0	1.0	0.0	6.374
D3ZIP3_RAT	313052	Epb41	6.374	14	1	0	1.0	0.0	6.374
Q6PED1_RAT	81780	Ccl5	6.373	419	2	0	1.301	0.0	4.898
CP2G1_RAT	25251	Cyp2g1	6.355	6017	5	0	1.699	0.0	3.74
CORT_RAT	25305	Cort	6.354	433	2	2	1.301	0.0	4.884
CCKAR_RAT	24889	Cckar	6.345	440	2	0	1.301	0.0	4.877
CALD1_RAT	25687	Cald1	6.344	15	1	1	1.0	0.0	6.344
AP180_RAT	65178	Snap91	6.344	15	1	0	1.0	0.0	6.344
CTL1_RAT	85254	Slc44a1	6.344	15	1	0	1.0	0.0	6.344
CHIA_RAT	113901	Chia	6.344	15	1	0	1.0	0.0	6.344
DGKA_RAT	140866	Dgka	6.344	15	1	0	1.0	0.0	6.344
GBP2_RAT	171164	Gbp2	6.344	15	1	0	1.0	0.0	6.344
A1KXK4_RAT	298298	Dhcr24	6.344	15	1	1	1.0	0.0	6.344
PIR_RAT	363465	Pir	6.344	15	1	3	1.0	0.0	6.344
G6PI_RAT	292804	Gpi	6.341	443	2	0	1.301	0.0	4.874
TSPO_RAT	24230	Tspo	6.33	452	2	0	1.301	0.0	4.865
UD11_RAT	24861	Ugt1a1	6.321	459	2	0	1.301	0.0	4.858
FBLN5_RAT	29158	Fbln5	6.316	16	1	1	1.0	0.0	6.316
MAFB_RAT	54264	Mafb	6.316	16	1	1	1.0	0.0	6.316
MSH2_RAT	81709	Msh2	6.316	16	1	1	1.0	0.0	6.316
LMNB1_RAT	116685	Lmnb1	6.316	16	1	0	1.0	0.0	6.316
HNRPK_RAT	117282	Hnrnpk	6.316	16	1	0	1.0	0.0	6.316
Q4L0E9_RAT	360857	Rgs16	6.316	16	1	0	1.0	0.0	6.316
D4AEH9_RAT	362029	Agl	6.316	16	1	3	1.0	0.0	6.316
CIR1_RAT	362149	Cir1	6.316	16	1	0	1.0	0.0	6.316
D4A9V4_RAT	100360427	E2f4	6.316	16	1	0	1.0	0.0	6.316
UCP2_RAT	54315	Ucp2	6.302	475	2	0	1.301	0.0	4.843
ROS1_RAT	25346	Ros1	6.29	17	1	0	1.0	0.0	6.29
PDE1B_RAT	29691	Pde1b	6.29	17	1	0	1.0	0.0	6.29
Q9ET75_RAT	78974	Six3	6.29	17	1	0	1.0	0.0	6.29
Q6MGC8_RAT	140926	Daxx	6.29	17	1	0	1.0	0.0	6.29
Q68FP7_RAT	289481	Gk2	6.29	17	1	0	1.0	0.0	6.29
PGPI_RAT	290648	Pgpep1	6.29	17	1	0	1.0	0.0	6.29
SFTPA_RAT	24773	Sftpa1	6.277	496	2	0	1.301	0.0	4.825
RAC1_RAT	363875	Rac1	6.27	502	2	3	1.301	0.0	4.82
ESR1_RAT	24890	Esr1	6.265	1898	3	0	1.477	0.0	4.242
5HT2C_RAT	25187	Htr2c	6.265	507	2	0	1.301	0.0	4.815
MSRA_RAT	29447	Msra	6.265	18	1	0	1.0	0.0	6.265
GBRA6_RAT	29708	Gabra6	6.265	18	1	2	1.0	0.0	6.265
CAC1D_RAT	29716	Cacna1d	6.265	18	1	0	1.0	0.0	6.265
CSPG5_RAT	50568	Cspg5	6.265	18	1	0	1.0	0.0	6.265
SYUG_RAT	64347	Sncg	6.265	18	1	5	1.0	0.0	6.265
SLIT1_RAT	65047	Slit1	6.265	18	1	1	1.0	0.0	6.265
NNAT_RAT	94270	Nnat	6.265	18	1	0	1.0	0.0	6.265
D3ZAY8_RAT	368070	Pnn	6.265	18	1	3	1.0	0.0	6.265
NAC1_RAT	29715	Slc8a1	6.251	520	2	1	1.301	0.0	4.804
MT1_RAT	24567	Mt1	6.243	527	2	1	1.301	0.0	4.798
Q9WUF7_RAT	25460	Hmmr	6.242	19	1	0	1.0	0.0	6.242
TP4A1_RAT	29463	Ptp4a1	6.242	19	1	0	1.0	0.0	6.242
ATX3_RAT	60331	Atxn3	6.242	19	1	1	1.0	0.0	6.242
G3V970_RAT	114634	Six1	6.242	19	1	0	1.0	0.0	6.242
Q8R5L9_RAT	170633	Fgf3	6.242	19	1	0	1.0	0.0	6.242
DIEXF_RAT	305076	Diexf	6.242	19	1	0	1.0	0.0	6.242
ADML_RAT	25026	Adm	6.24	530	2	0	1.301	0.0	4.796
G3V742_RAT	171052	Mmp13	6.238	532	2	1	1.301	0.0	4.794
G3V627_RAT	24747	RT1-M3-1	6.219	20	1	0	1.0	0.0	6.219
Q5U334_RAT	25066	PVR	6.219	20	1	0	1.0	0.0	6.219
SV2B_RAT	117556	Sv2b	6.219	20	1	1	1.0	0.0	6.219
K1C17_RAT	287702	Krt17	6.219	20	1	0	1.0	0.0	6.219
F2Z3S7_RAT	305858	Otx2	6.219	20	1	0	1.0	0.0	6.219
PLCB4_RAT	25031	Plcb4	6.198	21	1	0	1.0	0.0	6.198
WNK1_RAT	116477	Wnk1	6.198	21	1	0	1.0	0.0	6.198
NADC_RAT	293504	Qprt	6.198	21	1	0	1.0	0.0	6.198
PMGT2_RAT	316091	Pomgnt2	6.198	21	1	0	1.0	0.0	6.198
AMHR2_RAT	29530	Amhr2	6.18	589	2	0	1.301	0.0	4.75
Q56A29_RAT	24877	Vsnl1	6.178	22	1	0	1.0	0.0	6.178
ASIC2_RAT	25364	Asic2	6.178	22	1	0	1.0	0.0	6.178
DHCR7_RAT	64191	Dhcr7	6.178	22	1	2	1.0	0.0	6.178
CRTC1_RAT	684527	Crtc1	6.178	22	1	0	1.0	0.0	6.178
ACVL1_RAT	25237	Acvrl1	6.159	23	1	0	1.0	0.0	6.159
HAP1_RAT	29430	Hap1	6.159	23	1	0	1.0	0.0	6.159
UN13A_RAT	64829	Unc13a	6.159	23	1	0	1.0	0.0	6.159
STMN4_RAT	79423	Stmn4	6.159	23	1	0	1.0	0.0	6.159
DPP3_RAT	114591	Dpp3	6.159	23	1	0	1.0	0.0	6.159
HRK_RAT	117271	Hrk	6.159	23	1	0	1.0	0.0	6.159
CABP1_RAT	171051	Cabp1	6.159	23	1	3	1.0	0.0	6.159
DRD2_RAT	24318	Drd2	6.158	612	2	0	1.301	0.0	4.734
CRFR1_RAT	58959	Crhr1	6.153	618	2	0	1.301	0.0	4.729
RABP1_RAT	25061	Crabp1	6.14	24	1	0	1.0	0.0	6.14
CXB3_RAT	29585	Gjb3	6.14	24	1	0	1.0	0.0	6.14
A1L128_RAT	29646	Adh4	6.14	24	1	0	1.0	0.0	6.14
ACVR1_RAT	79558	Acvr1	6.14	24	1	0	1.0	0.0	6.14
NEB1_RAT	84685	Ppp1r9a	6.14	24	1	0	1.0	0.0	6.14
SHAN2_RAT	171093	Shank2	6.14	24	1	1	1.0	0.0	6.14
CNR2_RAT	57302	Cnr2	6.122	653	2	1	1.301	0.0	4.705
Q9R120_RAT	64441	Hsf2	6.122	25	1	0	1.0	0.0	6.122
Q66HP8_RAT	117035	Slc25a20	6.122	25	1	0	1.0	0.0	6.122
OXR1_RAT	117520	Oxr1	6.122	25	1	1	1.0	0.0	6.122
D4A5W3_RAT	291912	Nod2	6.122	25	1	1	1.0	0.0	6.122
D4A5Q2_RAT	362519	Smc2	6.122	25	1	0	1.0	0.0	6.122
AA3R_RAT	25370	Adora3	6.105	26	1	3	1.0	0.0	6.105
GNPAT_RAT	84470	Gnpat	6.105	26	1	0	1.0	0.0	6.105
Q8VIL0_RAT	154985	Cyp26a1	6.105	26	1	9	1.0	0.0	6.105
A0A096MJ89_RAT	171107	Arr3	6.105	26	1	1	1.0	0.0	6.105
ELOV6_RAT	171402	Elovl6	6.105	26	1	4	1.0	0.0	6.105
D3KR63_RAT	252857	Rapgef4	6.105	26	1	0	1.0	0.0	6.105
MP2K1_RAT	170851	Map2k1	6.102	676	2	1	1.301	0.0	4.69
CRP_RAT	25419	Crp	6.091	690	2	0	1.301	0.0	4.681
GIPR_RAT	25024	Gipr	6.089	27	1	0	1.0	0.0	6.089
Q6AZ42_RAT	84403	Gjb6	6.089	27	1	0	1.0	0.0	6.089
ENPP1_RAT	85496	Enpp1	6.089	27	1	0	1.0	0.0	6.089
Q6MGA0_RAT	309621	RT1-Ba	6.089	27	1	0	1.0	0.0	6.089
PSB8_RAT	24968	Psmb8	6.073	28	1	1	1.0	0.0	6.073
NSG1_RAT	25247	Nsg1	6.073	28	1	0	1.0	0.0	6.073
G3V833_RAT	58868	Fzd1	6.073	28	1	6	1.0	0.0	6.073
DYL1_RAT	58945	Dynll1	6.073	28	1	0	1.0	0.0	6.073
ICOS_RAT	64545	Icos	6.073	28	1	0	1.0	0.0	6.073
PCSK4_RAT	171085	Pcsk4	6.073	28	1	0	1.0	0.0	6.073
NEDD4_RAT	25489	Nedd4	6.058	29	1	2	1.0	0.0	6.058
NCPR_RAT	29441	Por	6.058	731	2	0	1.301	0.0	4.656
G3V885_RAT	29556	Myh6	6.058	29	1	0	1.0	0.0	6.058
NRN1_RAT	83834	Nrn1	6.058	29	1	0	1.0	0.0	6.058
CSRP3_RAT	117505	Csrp3	6.058	29	1	0	1.0	0.0	6.058
Q5XJW6_RAT	155012	Cfh	6.058	29	1	5	1.0	0.0	6.058
EDN3_RAT	366270	Edn3	6.051	740	2	0	1.301	0.0	4.651
GATA2_RAT	25159	Gata2	6.043	30	1	1	1.0	0.0	6.043
ILRL1_RAT	25556	Il1rl1	6.043	30	1	1	1.0	0.0	6.043
Q3ZB99_RAT	115769	Tjp2	6.043	30	1	2	1.0	0.0	6.043
A0A0G2JUC1_RAT	296510	Sp5	6.043	30	1	2	1.0	0.0	6.043
D3ZD03_RAT	100361294	Tyk2	6.043	30	1	2	1.0	0.0	6.043
SPA3N_RAT	24795	Serpina3n	6.029	31	1	0	1.0	0.0	6.029
Q9ERC0_RAT	66024	Npy2r	6.029	31	1	0	1.0	0.0	6.029
ASIC1_RAT	79123	Asic1	6.029	31	1	0	1.0	0.0	6.029
EAA4_RAT	84012	Slc1a6	6.029	31	1	0	1.0	0.0	6.029
TERA_RAT	116643	Vcp	6.029	31	1	0	1.0	0.0	6.029
COPT1_RAT	171135	Slc31a1	6.029	31	1	0	1.0	0.0	6.029
THTM_RAT	192172	Mpst	6.029	31	1	0	1.0	0.0	6.029
AT1A2_RAT	24212	Atp1a2	6.015	32	1	0	1.0	0.0	6.015
CBPA1_RAT	24269	Cpa1	6.015	32	1	1	1.0	0.0	6.015
PDGFD_RAT	66018	Pdgfd	6.015	32	1	0	1.0	0.0	6.015
CNTP1_RAT	84008	Cntnap1	6.015	32	1	0	1.0	0.0	6.015
Q6MFX7_RAT	294204	Olr1750	6.015	32	1	0	1.0	0.0	6.015
F1LZZ3_RAT	300807	Rora	6.015	32	1	2	1.0	0.0	6.015
APOE_RAT	25728	Apoe	6.008	799	2	4	1.301	0.0	4.618
FLOT1_RAT	64665	Flot1	6.002	33	1	2	1.0	0.0	6.002
SC6A7_RAT	117100	Slc6a7	6.002	33	1	0	1.0	0.0	6.002
G3V7T2_RAT	25280	St8sia1	5.989	34	1	0	1.0	0.0	5.989
Q3MHS1_RAT	114555	Casp4	5.989	34	1	1	1.0	0.0	5.989
A0A0G2K684_RAT	289395	Cr2	5.989	34	1	1	1.0	0.0	5.989
Q75NI5_RAT	361432	Cdh15	5.989	34	1	0	1.0	0.0	5.989
ZNT3_RAT	366568	Slc30a3	5.989	34	1	0	1.0	0.0	5.989
MAL_RAT	25263	Mal	5.976	35	1	0	1.0	0.0	5.976
RASA1_RAT	25676	Rasa1	5.976	35	1	0	1.0	0.0	5.976
Q9WV22_RAT	79237	Hhex	5.976	35	1	0	1.0	0.0	5.976
ESR2_RAT	25149	Esr2	5.975	846	2	2	1.301	0.0	4.593
S23A2_RAT	50622	Slc23a2	5.964	36	1	0	1.0	0.0	5.964
EGLN3_RAT	54702	Egln3	5.964	36	1	0	1.0	0.0	5.964
CD53_RAT	24251	Cd53	5.952	37	1	0	1.0	0.0	5.952
HG2A_RAT	25599	Cd74	5.952	37	1	1	1.0	0.0	5.952
KCNJ6_RAT	25743	Kcnj6	5.952	37	1	0	1.0	0.0	5.952
DAP1_RAT	64322	Dap	5.952	37	1	0	1.0	0.0	5.952
S38A5_RAT	192208	Slc38a5	5.952	37	1	1	1.0	0.0	5.952
RED_RAT	291659	Ik	5.952	37	1	0	1.0	0.0	5.952
F1LNJ1_RAT	300160	Lrrk2	5.952	37	1	0	1.0	0.0	5.952
D4AC20_RAT	362638	Cda	5.952	37	1	0	1.0	0.0	5.952
AL1L1_RAT	64392	Aldh1l1	5.94	38	1	0	1.0	0.0	5.94
MMP10_RAT	117061	Mmp10	5.94	38	1	0	1.0	0.0	5.94
Q9Z1J7_RAT	292657	Slc1a5	5.94	38	1	0	1.0	0.0	5.94
MARE3_RAT	298848	Mapre3	5.94	38	1	0	1.0	0.0	5.94
HEXA_RAT	300757	Hexa	5.94	38	1	0	1.0	0.0	5.94
Q2KTA6_RAT	364241	Kcnk5	5.94	38	1	0	1.0	0.0	5.94
XBP1_RAT	289754	Xbp1	5.931	157	1	12	1.0	0.114	5.324
TPIS_RAT	24849	Tpi1	5.929	39	1	0	1.0	0.0	5.929
GRN_RAT	29143	Grn	5.929	39	1	0	1.0	0.0	5.929
AADAT_RAT	29416	Aadat	5.929	39	1	0	1.0	0.0	5.929
SO1B2_RAT	58978	Slco1b2	5.929	39	1	0	1.0	0.0	5.929
STX3_RAT	81802	Stx3	5.929	39	1	1	1.0	0.0	5.929
JAM1_RAT	116479	F11r	5.929	39	1	0	1.0	0.0	5.929
FKBP4_RAT	260321	Fkbp4	5.929	39	1	0	1.0	0.0	5.929
D4A2G6_RAT	292406	Thbs2	5.929	39	1	1	1.0	0.0	5.929
D4AE80_RAT	361109	Dcp1a	5.929	39	1	0	1.0	0.0	5.929
SMR1_RAT	24867	Vcsa1	5.918	40	1	0	1.0	0.0	5.918
DCC_RAT	25311	Dcc	5.918	40	1	0	1.0	0.0	5.918
IOD3_RAT	29475	Dio3	5.907	41	1	0	1.0	0.0	5.907
S12A3_RAT	54300	Slc12a3	5.907	41	1	0	1.0	0.0	5.907
HPSE_RAT	64537	Hpse	5.907	41	1	0	1.0	0.0	5.907
CIP4_RAT	116717	Trip10	5.907	41	1	0	1.0	0.0	5.907
MRP5_RAT	116721	Abcc5	5.907	41	1	0	1.0	0.0	5.907
Q7TP15_RAT	298227	Mtap	5.907	41	1	0	1.0	0.0	5.907
DTNB_RAT	362715	Dtnb	5.907	41	1	0	1.0	0.0	5.907
ELAV1_RAT	363854	Elavl1	5.907	41	1	0	1.0	0.0	5.907
EZRI_RAT	54319	Ezr	5.897	42	1	2	1.0	0.0	5.897
SIR2_RAT	361532	Sirt2	5.897	42	1	0	1.0	0.0	5.897
KCNE1_RAT	25471	Kcne1	5.887	43	1	0	1.0	0.0	5.887
B5DFH7_RAT	311786	Traf2	5.887	43	1	0	1.0	0.0	5.887
ANM1_RAT	60421	Prmt1	5.877	44	1	1	1.0	0.0	5.877
MAGT1_RAT	116967	Magt1	5.877	44	1	0	1.0	0.0	5.877
A0A0G2JWN9_RAT	291691	Brd8	5.877	44	1	0	1.0	0.0	5.877
D3ZYI0_RAT	295647	Gca	5.877	44	1	0	1.0	0.0	5.877
SMO_RAT	25273	Smo	5.867	45	1	0	1.0	0.0	5.867
ACM2_RAT	81645	Chrm2	5.867	45	1	1	1.0	0.0	5.867
B3A3_RAT	24781	Slc4a3	5.858	46	1	0	1.0	0.0	5.858
PF2R_RAT	25652	Ptgfr	5.858	46	1	0	1.0	0.0	5.858
UT1_RAT	54301	Slc14a1	5.858	46	1	0	1.0	0.0	5.858
SRC8_RAT	60465	Cttn	5.858	46	1	0	1.0	0.0	5.858
REST_RAT	83618	Rest	5.858	46	1	4	1.0	0.0	5.858
D4ACZ2_RAT	293992	Pax2	5.858	46	1	1	1.0	0.0	5.858
Q9JHM2_RAT	309627	RT1-A3	5.858	46	1	0	1.0	0.0	5.858
Q32KK2_RAT	315222	Arsa	5.858	46	1	0	1.0	0.0	5.858
ACM4_RAT	25111	Chrm4	5.848	47	1	0	1.0	0.0	5.848
PPBT_RAT	25586	Alpl	5.848	47	1	0	1.0	0.0	5.848
DHRS4_RAT	266686	Dhrs4	5.848	47	1	0	1.0	0.0	5.848
MRI_RAT	500077	Mri	5.839	48	1	0	1.0	0.0	5.839
IC1_RAT	295703	Serping1	5.83	49	1	0	1.0	0.0	5.83
G3V960_RAT	25257	Gamt	5.821	50	1	0	1.0	0.0	5.821
OAT_RAT	64313	Oat	5.821	50	1	0	1.0	0.0	5.821
AQP7_RAT	29171	Aqp7	5.813	51	1	0	1.0	0.0	5.813
PER3_RAT	78962	Per3	5.813	51	1	0	1.0	0.0	5.813
ECHP_RAT	171142	Ehhadh	5.813	51	1	0	1.0	0.0	5.813
Q80YN6_RAT	641544	LOC641544	5.813	51	1	0	1.0	0.0	5.813
TENR_RAT	25567	Tnr	5.804	52	1	0	1.0	0.0	5.804
F1LPV2_RAT	25696	Vldlr	5.804	52	1	1	1.0	0.0	5.804
NTR1_RAT	366274	Ntsr1	5.804	52	1	0	1.0	0.0	5.804
CCND1_RAT	58919	Ccnd1	5.798	1157	2	0	1.301	0.0	4.457
RIPK3_RAT	246240	Ripk3	5.796	53	1	2	1.0	0.0	5.796
NTF3_RAT	81737	Ntf3	5.795	1165	2	0	1.301	0.0	4.454
PLPL2_RAT	361676	Pnpla2	5.788	54	1	0	1.0	0.0	5.788
CF047_RAT	406868	G4	5.788	54	1	0	1.0	0.0	5.788
GNDS_RAT	29622	Ralgds	5.78	55	1	0	1.0	0.0	5.78
VEGFB_RAT	89811	Vegfb	5.78	55	1	0	1.0	0.0	5.78
ASGL1_RAT	246307	Asrgl1	5.78	55	1	0	1.0	0.0	5.78
F6QBA3_RAT	298199	Plin2	5.78	55	1	0	1.0	0.0	5.78
G3V8Q2_RAT	24503	Ina	5.772	56	1	0	1.0	0.0	5.772
Q5PQU1_RAT	24903	Kng2	5.772	56	1	1	1.0	0.0	5.772
KCNC1_RAT	25327	Kcnc1	5.764	57	1	0	1.0	0.0	5.764
Q76LI5_RAT	29349	Fgf8	5.764	57	1	0	1.0	0.0	5.764
GRIK4_RAT	24406	Grik4	5.757	58	1	0	1.0	0.0	5.757
ARBK2_RAT	25372	Grk3	5.757	58	1	1	1.0	0.0	5.757
HOME1_RAT	29546	Homer1	5.757	58	1	0	1.0	0.0	5.757
Q9JK59_RAT	116502	Bak1	5.757	58	1	1	1.0	0.0	5.757
E2AK2_RAT	54287	Eif2ak2	5.749	59	1	1	1.0	0.0	5.749
PO2F1_RAT	171068	Pou2f1	5.749	59	1	0	1.0	0.0	5.749
CP1A2_RAT	24297	Cyp1a2	5.746	1269	2	0	1.301	0.0	4.417
OSTP_RAT	25353	Spp1	5.736	1292	2	0	1.301	0.0	4.409
CD38_RAT	25668	Cd38	5.735	61	1	0	1.0	0.0	5.735
CLTR1_RAT	114099	Cysltr1	5.735	61	1	4	1.0	0.0	5.735
FOXE3_RAT	171302	Foxe3	5.735	61	1	0	1.0	0.0	5.735
K2C7_RAT	300242	Krt7	5.735	61	1	0	1.0	0.0	5.735
PDE4B_RAT	24626	Pde4b	5.721	63	1	0	1.0	0.0	5.721
MK_RAT	81517	Mdk	5.721	63	1	0	1.0	0.0	5.721
Q8R5L6_RAT	116499	Fgf4	5.721	63	1	0	1.0	0.0	5.721
F1LM84_RAT	25494	Nid1	5.714	64	1	0	1.0	0.0	5.714
A0A0G2JYW2_RAT	24521	Kcnj1	5.707	65	1	0	1.0	0.0	5.707
GSK3B_RAT	84027	Gsk3b	5.704	1366	2	1	1.301	0.0	4.385
NOS3_RAT	24600	Nos3	5.702	1372	2	0	1.301	0.0	4.383
ZBT7A_RAT	117107	Zbtb7a	5.701	66	1	0	1.0	0.0	5.701
NF2L2_RAT	83619	Nfe2l2	5.696	1387	2	3	1.301	0.0	4.378
PDPN_RAT	54320	Pdpn	5.694	67	1	1	1.0	0.0	5.694
F16P2_RAT	114508	Fbp2	5.694	67	1	0	1.0	0.0	5.694
A0A0G2K3R5_RAT	117058	Pou2f2	5.694	67	1	0	1.0	0.0	5.694
F7EPH4_RAT	294504	Ppa1	5.694	67	1	1	1.0	0.0	5.694
A0A0G2QC23_RAT	314360	Galc	5.694	67	1	0	1.0	0.0	5.694
LDHB_RAT	24534	Ldhb	5.688	68	1	0	1.0	0.0	5.688
SAP_RAT	25524	Psap	5.688	68	1	0	1.0	0.0	5.688
Q9JLY8_RAT	57301	Ccr1	5.688	68	1	0	1.0	0.0	5.688
FDFT_RAT	29580	Fdft1	5.681	69	1	0	1.0	0.0	5.681
GPX3_RAT	64317	Gpx3	5.681	69	1	1	1.0	0.0	5.681
D3Z8W0_RAT	293589	Paox	5.681	69	1	2	1.0	0.0	5.681
BAG1_RAT	297994	Bag1	5.681	69	1	0	1.0	0.0	5.681
ADH1_RAT	24172	Adh1	5.675	70	1	0	1.0	0.0	5.675
FKB1A_RAT	25639	Fkbp1a	5.675	70	1	0	1.0	0.0	5.675
DPP2_RAT	83799	Dpp7	5.675	70	1	0	1.0	0.0	5.675
FCGRN_RAT	29558	Fcgrt	5.669	71	1	1	1.0	0.0	5.669
F1LPP6_RAT	171026	Akap5	5.669	71	1	4	1.0	0.0	5.669
NMD3A_RAT	191573	Grin3a	5.669	71	1	0	1.0	0.0	5.669
SVS4_RAT	24802	Svs4	5.663	72	1	0	1.0	0.0	5.663
DPYL1_RAT	25415	Crmp1	5.663	72	1	0	1.0	0.0	5.663
PDE10_RAT	63885	Pde10a	5.663	72	1	0	1.0	0.0	5.663
YBOX3_RAT	83807	Ybx3	5.663	72	1	0	1.0	0.0	5.663
Q99NH5_RAT	85471	Gata3	5.663	72	1	0	1.0	0.0	5.663
F1LQC5_RAT	140590	Bmpr2	5.663	72	1	0	1.0	0.0	5.663
F1M0G3_RAT	64519	Entpd1	5.657	73	1	0	1.0	0.0	5.657
B3A2_RAT	24780	Slc4a2	5.651	74	1	0	1.0	0.0	5.651
AQP8_RAT	29172	Aqp8	5.651	74	1	0	1.0	0.0	5.651
GFPT1_RAT	297417	Gfpt1	5.651	74	1	0	1.0	0.0	5.651
KAT1_RAT	311844	Kyat1	5.651	74	1	0	1.0	0.0	5.651
CAV2_RAT	363425	Cav2	5.651	74	1	0	1.0	0.0	5.651
PROC_RAT	25268	Proc	5.645	75	1	1	1.0	0.0	5.645
RGS4_RAT	29480	Rgs4	5.645	75	1	0	1.0	0.0	5.645
DLL1_RAT	84010	Dll1	5.645	75	1	3	1.0	0.0	5.645
OMP_RAT	24612	Omp	5.639	76	1	0	1.0	0.0	5.639
PP14A_RAT	114004	Ppp1r14a	5.639	76	1	0	1.0	0.0	5.639
Q66HB1_RAT	117526	Tbp	5.639	76	1	1	1.0	0.0	5.639
ECP_RAT	192264	Rnase3	5.634	77	1	0	1.0	0.0	5.634
S10A4_RAT	24615	S100a4	5.628	78	1	1	1.0	0.0	5.628
VGF_RAT	29461	Vgf	5.617	80	1	0	1.0	0.0	5.617
METH_RAT	81522	Mtr	5.617	80	1	0	1.0	0.0	5.617
ARLY_RAT	59085	Asl	5.612	81	1	0	1.0	0.0	5.612
RENR_RAT	302526	Atp6ap2	5.612	81	1	1	1.0	0.0	5.612
S22A5_RAT	29726	Slc22a5	5.606	82	1	0	1.0	0.0	5.606
GABR1_RAT	81657	Gabbr1	5.606	82	1	0	1.0	0.0	5.606
APJ_RAT	83518	Aplnr	5.606	82	1	0	1.0	0.0	5.606
SPHK1_RAT	170897	Sphk1	5.606	82	1	0	1.0	0.0	5.606
CRCM1_RAT	304496	Orai1	5.601	83	1	0	1.0	0.0	5.601
FOSL2_RAT	25446	Fosl2	5.596	84	1	0	1.0	0.0	5.596
DAD1_RAT	192275	Dad1	5.596	84	1	0	1.0	0.0	5.596
VGLU3_RAT	266767	Slc17a8	5.596	84	1	1	1.0	0.0	5.596
F1M953_RAT	291671	Hspa9	5.596	84	1	0	1.0	0.0	5.596
LGUL_RAT	294320	Glo1	5.596	84	1	0	1.0	0.0	5.596
GELS_RAT	296654	Gsn	5.596	84	1	0	1.0	0.0	5.596
CAN8_RAT	170808	Capn8	5.591	85	1	0	1.0	0.0	5.591
ISL1_RAT	64444	Isl1	5.581	87	1	0	1.0	0.0	5.581
RAN_RAT	84509	Ran	5.581	87	1	0	1.0	0.0	5.581
MMP12_RAT	117033	Mmp12	5.581	87	1	0	1.0	0.0	5.581
CRY1_RAT	299691	Cry1	5.576	88	1	0	1.0	0.0	5.576
D3ZYL0_RAT	306886	Ripk1	5.576	88	1	0	1.0	0.0	5.576
D4A5I4_RAT	685707	Nav1	5.566	90	1	0	1.0	0.0	5.566
KCNN2_RAT	54262	Kcnn2	5.561	91	1	0	1.0	0.0	5.561
LPAR1_RAT	116744	Lpar1	5.561	91	1	0	1.0	0.0	5.561
MGP_RAT	25333	Mgp	5.556	92	1	0	1.0	0.0	5.556
GSHB_RAT	25458	Gss	5.552	93	1	0	1.0	0.0	5.552
SAST_RAT	64669	Olah	5.552	93	1	0	1.0	0.0	5.552
G3V8X8_RAT	25495	Nog	5.547	94	1	1	1.0	0.0	5.547
G3V612_RAT	304103	Olig2	5.547	94	1	0	1.0	0.0	5.547
A8IRI0_RAT	100126231	Mln	5.547	94	1	0	1.0	0.0	5.547
Q5M964_RAT	24368	Fh	5.543	95	1	0	1.0	0.0	5.543
G3V6B4_RAT	252971	Socs1	5.543	95	1	0	1.0	0.0	5.543
Q8VBY1_RAT	25254	Dspp	5.538	96	1	0	1.0	0.0	5.538
NEUG_RAT	64356	Nrgn	5.538	96	1	0	1.0	0.0	5.538
P53_RAT	24842	Tp53	5.533	97	1	0	1.0	0.0	5.533
LAMP1_RAT	25328	Lamp1	5.533	97	1	0	1.0	0.0	5.533
A2VD06_RAT	25312	Dmp1	5.52	100	1	4	1.0	0.0	5.52
AKT2_RAT	25233	Akt2	5.516	101	1	1	1.0	0.0	5.516
GAST_RAT	25320	Gast	5.516	1908	2	0	1.301	0.0	4.24
CLD3_RAT	65130	Cldn3	5.516	101	1	0	1.0	0.0	5.516
CXG1_RAT	266706	Gjc1	5.516	101	1	3	1.0	0.0	5.516
Q6IRL2_RAT	64476	LOC100911485	5.507	103	1	0	1.0	0.0	5.507
IRF1_RAT	24508	Irf1	5.499	105	1	0	1.0	0.0	5.499
PTN_RAT	24924	Ptn	5.499	105	1	0	1.0	0.0	5.499
Q6QMG6_RAT	170924	Abcc4	5.499	105	1	0	1.0	0.0	5.499
CCNB1_RAT	25203	Ccnb1	5.495	106	1	0	1.0	0.0	5.495
Q5FVT5_RAT	116551	Pdk1	5.495	106	1	1	1.0	0.0	5.495
OSTCN_RAT	25295	Bglap	5.493	1988	2	0	1.301	0.0	4.222
TA2R_RAT	24816	Tbxa2r	5.491	107	1	0	1.0	0.0	5.491
A1M_RAT	252922	A1m	5.491	107	1	0	1.0	0.0	5.491
YBOX1_RAT	500538	Ybx1	5.483	109	1	0	1.0	0.0	5.483
ARNT_RAT	25242	Arnt	5.475	111	1	0	1.0	0.0	5.475
STX1A_RAT	116470	Stx1a	5.475	111	1	0	1.0	0.0	5.475
ABCG2_RAT	312382	Abcg2	5.475	111	1	2	1.0	0.0	5.475
Q66HJ7_RAT	25167	Ptpra	5.467	113	1	0	1.0	0.0	5.467
P2RY4_RAT	63843	P2ry4	5.467	113	1	0	1.0	0.0	5.467
JAG1_RAT	29146	Jag1	5.463	114	1	3	1.0	0.0	5.463
CXCR2_RAT	29385	Cxcr2	5.463	114	1	7	1.0	0.0	5.463
ARC_RAT	54323	Arc	5.46	115	1	0	1.0	0.0	5.46
DYR_RAT	24312	Dhfr	5.452	117	1	0	1.0	0.0	5.452
BKRB2_RAT	25245	Bdkrb2	5.452	117	1	0	1.0	0.0	5.452
NLTP_RAT	25541	Scp2	5.452	117	1	0	1.0	0.0	5.452
SCG2_RAT	24765	Scg2	5.448	118	1	0	1.0	0.0	5.448
EGR2_RAT	114090	Egr2	5.448	118	1	0	1.0	0.0	5.448
A1YKY4_RAT	170896	Ucn2	5.448	118	1	0	1.0	0.0	5.448
PGS1_RAT	25181	Bgn	5.445	119	1	0	1.0	0.0	5.445
Q8CHK8_RAT	282817	Pycard	5.445	119	1	0	1.0	0.0	5.445
F1LQ07_RAT	24831	Thrb	5.441	120	1	0	1.0	0.0	5.441
APEX1_RAT	79116	Apex1	5.441	120	1	0	1.0	0.0	5.441
KCC4_RAT	25050	Camk4	5.437	121	1	0	1.0	0.0	5.437
SODE_RAT	25352	Sod3	5.43	123	1	0	1.0	0.0	5.43
NF1_RAT	24592	Nf1	5.423	125	1	0	1.0	0.0	5.423
BASI_RAT	25246	Bsg	5.423	125	1	0	1.0	0.0	5.423
MIS_RAT	25378	Amh	5.416	127	1	0	1.0	0.0	5.416
CREM_RAT	25620	Crem	5.416	127	1	0	1.0	0.0	5.416
PTAFR_RAT	58949	Ptafr	5.416	127	1	0	1.0	0.0	5.416
CGL_RAT	24962	Cth	5.413	128	1	0	1.0	0.0	5.413
SO1A1_RAT	50572	Slco1a1	5.413	128	1	0	1.0	0.0	5.413
HCN1_RAT	84390	Hcn1	5.413	128	1	1	1.0	0.0	5.413
IFNB_RAT	24481	Ifnb1	5.41	129	1	0	1.0	0.0	5.41
HCN2_RAT	114244	Hcn2	5.41	129	1	2	1.0	0.0	5.41
F1M077_RAT	303181	Wnt3a	5.41	129	1	1	1.0	0.0	5.41
ETS1_RAT	24356	Ets1	5.406	130	1	0	1.0	0.0	5.406
O08718_RAT	60329	Neurog3	5.403	131	1	0	1.0	0.0	5.403
SSR3_RAT	171044	Sstr3	5.403	131	1	0	1.0	0.0	5.403
PPAP_RAT	56780	Acpp	5.4	132	1	0	1.0	0.0	5.4
D3ZVH5_RAT	314856	Mdm2	5.393	134	1	0	1.0	0.0	5.393
LYOX_RAT	24914	Lox	5.387	136	1	2	1.0	0.0	5.387
FADS1_RAT	84575	Fads1	5.38	138	1	0	1.0	0.0	5.38
NR4A2_RAT	54278	Nr4a2	5.374	140	1	0	1.0	0.0	5.374
TKT_RAT	64524	Tkt	5.374	140	1	0	1.0	0.0	5.374
AATC_RAT	24401	Got1	5.371	141	1	0	1.0	0.0	5.371
MAP1B_RAT	29456	Map1b	5.371	141	1	0	1.0	0.0	5.371
GPX41_RAT	29328	Gpx4	5.368	142	1	0	1.0	0.0	5.368
SO1A4_RAT	170698	Slco1a4	5.362	144	1	0	1.0	0.0	5.362
NUCB2_RAT	59295	Nucb2	5.359	145	1	1	1.0	0.0	5.359
PTN11_RAT	25622	Ptpn11	5.356	146	1	0	1.0	0.0	5.356
X3CL1_RAT	89808	Cx3cl1	5.353	147	1	1	1.0	0.0	5.353
5HT1D_RAT	25323	Htr1d	5.338	152	1	0	1.0	0.0	5.338
FAK2_RAT	50646	Ptk2b	5.338	152	1	0	1.0	0.0	5.338
KCND3_RAT	65195	Kcnd3	5.338	152	1	0	1.0	0.0	5.338
NMU_RAT	63887	Nmu	5.333	154	1	0	1.0	0.0	5.333
ATF4_RAT	79255	Atf4	5.333	154	1	1	1.0	0.0	5.333
LDHA_RAT	24533	Ldha	5.33	155	1	0	1.0	0.0	5.33
ARGI2_RAT	29215	Arg2	5.322	158	1	0	1.0	0.0	5.322
IDE_RAT	25700	Ide	5.319	159	1	0	1.0	0.0	5.319
CSK2B_RAT	81650	Csnk2b	5.316	160	1	0	1.0	0.0	5.316
ANPRC_RAT	25339	Npr3	5.305	164	1	0	1.0	0.0	5.305
ADA1D_RAT	29413	Adra1d	5.3	166	1	0	1.0	0.0	5.3
CALR_RAT	64202	Calr	5.298	167	1	0	1.0	0.0	5.298
PRDX5_RAT	113898	Prdx5	5.298	167	1	0	1.0	0.0	5.298
MGLL_RAT	29254	Mgll	5.292	169	1	0	1.0	0.0	5.292
S22A1_RAT	24904	Slc22a1	5.285	172	1	0	1.0	0.0	5.285
O88550_RAT	64026	Casp7	5.285	172	1	0	1.0	0.0	5.285
PTHY_RAT	24694	Pth	5.283	2877	2	0	1.301	0.0	4.061
PGFRA_RAT	25267	Pdgfra	5.282	173	1	0	1.0	0.0	5.282
Q6IRH4_RAT	24173	Adra1b	5.272	177	1	0	1.0	0.0	5.272
B1WC04_RAT	312195	Nrf1	5.265	180	1	0	1.0	0.0	5.265
GSTA3_RAT	24421	Gsta3	5.263	181	1	0	1.0	0.0	5.263
EF2_RAT	29565	Eef2	5.263	181	1	4	1.0	0.0	5.263
Q4QQW2_RAT	171369	Cd40	5.26	182	1	1	1.0	0.0	5.26
HPRT_RAT	24465	Hprt1	5.258	183	1	0	1.0	0.0	5.258
Q5GAM5_RAT	497229	Ang2	5.253	185	1	4	1.0	0.0	5.253
S10AA_RAT	81778	S100a10	5.251	186	1	0	1.0	0.0	5.251
LEG3_RAT	83781	Lgals3	5.248	187	1	2	1.0	0.0	5.248
ADA1A_RAT	29412	Adra1a	5.246	188	1	0	1.0	0.0	5.246
NR1I3_RAT	65035	Nr1i3	5.235	193	1	0	1.0	0.0	5.235
PLGF_RAT	94203	Pgf	5.235	193	1	2	1.0	0.0	5.235
H9BFG4_RAT	25205	Il6st	5.221	199	1	0	1.0	0.0	5.221
HBEGF_RAT	25433	Hbegf	5.219	200	1	0	1.0	0.0	5.219
ANPRA_RAT	24603	Npr1	5.217	201	1	0	1.0	0.0	5.217
S22A6_RAT	29509	Slc22a6	5.215	202	1	0	1.0	0.0	5.215
PDIA1_RAT	25506	P4hb	5.213	203	1	0	1.0	0.0	5.213
MYPT1_RAT	116670	Ppp1r12a	5.213	203	1	5	1.0	0.0	5.213
K1C18_RAT	294853	Krt18	5.213	203	1	0	1.0	0.0	5.213
HSP7C_RAT	24468	Hspa8	5.211	204	1	2	1.0	0.0	5.211
ALDH2_RAT	29539	Aldh2	5.208	205	1	0	1.0	0.0	5.208
ARGI1_RAT	29221	Arg1	5.204	207	1	0	1.0	0.0	5.204
SYUA_RAT	29219	Snca	5.19	214	1	0	1.0	0.0	5.19
DPOLB_RAT	29240	Polb	5.19	214	1	1	1.0	0.0	5.19
GON1_RAT	25194	Gnrh1	5.189	3398	2	0	1.301	0.0	3.989
CDC42_RAT	64465	Cdc42	5.188	215	1	0	1.0	0.0	5.188
G3V6U1_RAT	25065	Slc12a1	5.186	216	1	0	1.0	0.0	5.186
D3ZCD0_RAT	89804	Tek	5.186	216	1	2	1.0	0.0	5.186
Q5EB99_RAT	293989	Cyp2c6v1	5.186	216	1	0	1.0	0.0	5.186
SCNAA_RAT	29571	Scn10a	5.18	219	1	0	1.0	0.0	5.18
4EBP1_RAT	116636	Eif4ebp1	5.18	219	1	0	1.0	0.0	5.18
SSR2_RAT	54305	Sstr2	5.178	220	1	0	1.0	0.0	5.178
KCNA4_RAT	25469	Kcna4	5.176	221	1	0	1.0	0.0	5.176
TGFR2_RAT	81810	Tgfbr2	5.168	225	1	1	1.0	0.0	5.168
GPDA_RAT	60666	Gpd1	5.166	226	1	0	1.0	0.0	5.166
ROCK2_RAT	25537	Rock2	5.164	227	1	4	1.0	0.0	5.164
DUS1_RAT	114856	Dusp1	5.164	227	1	0	1.0	0.0	5.164
Q8K1Q7_RAT	298111	LOC298111	5.162	228	1	0	1.0	0.0	5.162
NEC1_RAT	25204	Pcsk1	5.153	233	1	8	1.0	0.0	5.153
PIT1_RAT	25517	Pou1f1	5.151	234	1	0	1.0	0.0	5.151
ODBA_RAT	25244	Bckdha	5.147	236	1	2	1.0	0.0	5.147
G3V8S9_RAT	316010	Camp	5.147	236	1	1	1.0	0.0	5.147
A0A0G2K4C9_RAT	25540	Sbp	5.142	239	1	0	1.0	0.0	5.142
FGF7_RAT	29348	Fgf7	5.142	239	1	0	1.0	0.0	5.142
NOX1_RAT	114243	Nox1	5.136	242	1	0	1.0	0.0	5.136
PDGFA_RAT	25266	Pdgfa	5.129	246	1	0	1.0	0.0	5.129
UTS2_RAT	29180	Uts2	5.129	246	1	1	1.0	0.0	5.129
S22A8_RAT	83500	Slc22a8	5.128	247	1	3	1.0	0.0	5.128
SOMA_RAT	24391	Gh1	5.124	249	1	0	1.0	0.0	5.124
EGF_RAT	25313	Egf	5.117	253	1	0	1.0	0.0	5.117
SL9A2_RAT	24783	Slc9a2	5.115	254	1	0	1.0	0.0	5.115
HNF4A_RAT	25735	Hnf4a	5.107	259	1	0	1.0	0.0	5.107
HRH3_RAT	85268	Hrh3	5.1	263	1	0	1.0	0.0	5.1
MYPR_RAT	24943	Plp1	5.099	264	1	0	1.0	0.0	5.099
CDK1_RAT	54237	Cdk1	5.092	268	1	0	1.0	0.0	5.092
GRIA4_RAT	29629	Gria4	5.087	271	1	0	1.0	0.0	5.087
HAVR1_RAT	286934	Havcr1	5.081	275	1	1	1.0	0.0	5.081
INHBA_RAT	29200	Inhba	5.078	277	1	0	1.0	0.0	5.078
SC5A1_RAT	25552	Slc5a1	5.072	281	1	1	1.0	0.0	5.072
STA5A_RAT	24918	Stat5a	5.07	282	1	2	1.0	0.0	5.07
CO6_RAT	24237	C6	5.068	283	1	0	1.0	0.0	5.068
MC4R_RAT	25635	Mc4r	5.055	292	1	0	1.0	0.0	5.055
CSPG4_RAT	81651	Cspg4	5.055	292	1	0	1.0	0.0	5.055
CY24A_RAT	79129	Cyba	5.049	296	1	2	1.0	0.0	5.049
Q3T1L6_RAT	308995	Itgal	5.049	296	1	2	1.0	0.0	5.049
TNR1A_RAT	25625	Tnfrsf1a	5.048	297	1	3	1.0	0.0	5.048
NTRK3_RAT	29613	Ntrk3	5.042	301	1	0	1.0	0.0	5.042
HMOX2_RAT	79239	Hmox2	5.032	308	1	0	1.0	0.0	5.032
A0A0G2K4Q6_RAT	78965	Csf1	5.025	313	1	0	1.0	0.0	5.025
SMAD7_RAT	81516	Smad7	5.015	320	1	0	1.0	0.0	5.015
GIP_RAT	25040	Gip	5.011	323	1	0	1.0	0.0	5.011
O54857_RAT	50557	Pten	5.011	323	1	0	1.0	0.0	5.011
CRFR2_RAT	64680	Crhr2	5.008	325	1	0	1.0	0.0	5.008
PDX1_RAT	29535	Pdx1	5.006	327	1	0	1.0	0.0	5.006
NSF1C_RAT	83809	Nsfl1c	4.999	332	1	2	1.0	0.0	4.999
ANGP1_RAT	89807	Angpt1	4.995	335	1	2	1.0	0.0	4.995
MET_RAT	24553	Met	4.987	341	1	1	1.0	0.0	4.987
F1M9D6_RAT	25124	Stat1	4.962	362	1	2	1.0	0.0	4.962
G3V997_RAT	84394	Dcx	4.957	366	1	0	1.0	0.0	4.957
Q64315_RAT	114851	Cdkn1a	4.951	371	1	0	1.0	0.0	4.951
Q6MG98_RAT	294269	RT1-Da	4.951	371	1	0	1.0	0.0	4.951
GHSR_RAT	84022	Ghsr	4.95	372	1	1	1.0	0.0	4.95
UCP3_RAT	25708	Ucp3	4.946	375	1	0	1.0	0.0	4.946
CDK4_RAT	94201	Cdk4	4.944	377	1	0	1.0	0.0	4.944
F1LM22_RAT	24862	Ugt2b	4.93	389	1	0	1.0	0.0	4.93
Q6P751_RAT	362817	Cdk2	4.929	390	1	1	1.0	0.0	4.929
SL9A3_RAT	24784	Slc9a3	4.927	392	1	0	1.0	0.0	4.927
DCE2_RAT	24380	Gad2	4.918	400	1	0	1.0	0.0	4.918
CCL3_RAT	25542	Ccl3	4.913	405	1	0	1.0	0.0	4.913
PGP_RAT	287115	Pgp	4.906	411	1	0	1.0	0.0	4.906
Q498N2_RAT	65029	Aoc1	4.903	414	1	0	1.0	0.0	4.903
CN37_RAT	25275	Cnp	4.9	417	1	0	1.0	0.0	4.9
HRH2_RAT	25461	Hrh2	4.891	426	1	0	1.0	0.0	4.891
IBP2_RAT	25662	Igfbp2	4.887	430	1	0	1.0	0.0	4.887
P2RX3_RAT	81739	P2rx3	4.884	433	1	3	1.0	0.0	4.884
CD2_RAT	497761	Cd2	4.875	442	1	0	1.0	0.0	4.875
SELK_RAT	290549	Selenok	4.861	456	1	0	1.0	0.0	4.861
PYY_RAT	287730	Pyy	4.849	469	1	0	1.0	0.0	4.849
RASH_RAT	293621	Hras	4.841	478	1	0	1.0	0.0	4.841
LDLR_RAT	300438	Ldlr	4.833	487	1	4	1.0	0.0	4.833
OPRX_RAT	29256	Oprl1	4.824	497	1	0	1.0	0.0	4.824
G3V7K3_RAT	24268	Cp	4.818	504	1	0	1.0	0.0	4.818
CP11A_RAT	29680	Cyp11a1	4.798	528	1	0	1.0	0.0	4.798
CAH4_RAT	29242	Ca4	4.782	547	1	0	1.0	0.0	4.782
UCP1_RAT	24860	Ucp1	4.781	548	1	2	1.0	0.0	4.781
JAK2_RAT	24514	Jak2	4.758	578	1	2	1.0	0.0	4.758
TR11B_RAT	25341	Tnfrsf11b	4.736	608	1	1	1.0	0.0	4.736
ODO2_RAT	299201	Dlst	4.727	621	1	0	1.0	0.0	4.727
CADH1_RAT	83502	Cdh1	4.721	629	1	1	1.0	0.0	4.721
INS1_RAT	24505	Ins1	4.719	632	1	0	1.0	0.0	4.719
IAPP_RAT	24476	Iapp	4.715	638	1	0	1.0	0.0	4.715
DNAS1_RAT	25633	Dnase1	4.705	654	1	0	1.0	0.0	4.705
KS6B1_RAT	83840	Rps6kb1	4.699	663	1	1	1.0	0.0	4.699
PRGC1_RAT	83516	Ppargc1a	4.696	667	1	2	1.0	0.0	4.696
NQO1_RAT	24314	Nqo1	4.673	703	1	1	1.0	0.0	4.673
SP1_RAT	24790	Sp1	4.666	715	1	0	1.0	0.0	4.666
CP2CB_RAT	29277	Cyp2c11	4.665	717	1	0	1.0	0.0	4.665
DESM_RAT	64362	Des	4.665	716	1	0	1.0	0.0	4.665
PRGR_RAT	25154	Pgr	4.653	736	1	2	1.0	0.0	4.653
PCKGC_RAT	362282	Pck1	4.649	743	1	0	1.0	0.0	4.649
SC6A3_RAT	24898	Slc6a3	4.638	762	1	0	1.0	0.0	4.638
SMAD3_RAT	25631	Smad3	4.613	808	1	0	1.0	0.0	4.613
DPP4_RAT	25253	Dpp4	4.602	828	1	1	1.0	0.0	4.602
G3V6D0_RAT	24177	Afp	4.584	864	1	0	1.0	0.0	4.584
ALAT1_RAT	81670	Gpt	4.574	884	1	0	1.0	0.0	4.574
Q5WRG2_RAT	305843	Ang	4.492	1066	1	0	1.0	0.0	4.492
NMDE2_RAT	24410	Grin2b	4.36	1445	1	0	1.0	0.0	4.36
GTR4_RAT	25139	Slc2a4	4.264	1801	1	0	1.0	0.0	4.264
LEP_RAT	25608	Lep	4.264	1803	1	0	1.0	0.0	4.264
CAH3_RAT	54232	Ca3	3.784	5444	1	0	1.0	0.0	3.784
