Big_T	445611
Big_F	1656734
UniProtKB_ID	GeneID	Gene_Name	PPS	Big_P	T+P	Citation	1+Log(T+P)	log10((Cit/yr+1)/10)	1+log10(F/T)+log10(F/P)
Q5BKB0_RAT	24494	Il1b	18.101	11144	452	202	3.655	1.307	3.647
IL6_RAT	24498	Il6	17.086	10505	390	114	3.591	1.061	3.673
NOS2_RAT	24599	Nos2	16.351	6210	310	49	3.491	0.699	3.902
TNFA_RAT	24835	Tnf	15.982	18872	501	94	3.7	0.978	3.417
CXCL2_RAT	114105	Cxcl2	15.864	692	77	23	2.886	0.38	4.856
CD4_RAT	24932	Cd4	14.93	2941	136	24	3.134	0.398	4.228
HMGB1_RAT	25459	Hmgb1	14.532	788	41	25	2.613	0.415	4.8
HMOX1_RAT	24451	Hmox1	14.426	2652	70	33	2.845	0.531	4.272
IL2_RAT	116562	Il2	14.219	2864	133	16	3.124	0.23	4.239
TLR4_RAT	29260	Tlr4	13.896	1386	45	24	2.653	0.398	4.554
MCPT1_RAT	100360872	Mcpt1	13.477	760	37	16	2.568	0.23	4.815
COTL1_RAT	361422	Cotl1	13.457	133	26	7	2.415	0.0	5.572
A2RRT6_RAT	252832	Zc3hav1	13.389	7	5	17	1.699	0.255	6.851
BDNF_RAT	24225	Bdnf	13.143	5296	51	39	2.708	0.602	3.971
D3ZUM4_RAT	316033	Glb1	12.865	969	49	10	2.69	0.041	4.71
CCL4_RAT	116637	Ccl4	12.858	3605	71	17	2.851	0.255	4.139
IFNG_RAT	25712	Ifng	12.797	3264	82	13	2.914	0.146	4.182
MCPT2_RAT	29266	Mcpt2	12.682	212	23	1	2.362	0.0	5.37
IL1A_RAT	24493	Il1a	12.515	1068	48	8	2.681	0.0	4.668
AKT1_RAT	24185	Akt1	12.311	4730	36	31	2.556	0.505	4.021
CCL2_RAT	24770	Ccl2	12.127	1975	38	14	2.58	0.176	4.4
CSF2_RAT	116630	Csf2	11.885	643	27	7	2.431	0.0	4.888
IL10_RAT	25325	Il10	11.846	3898	48	15	2.681	0.204	4.106
D3ZGE2_RAT	303413	Mpo	11.826	4558	85	6	2.929	0.0	4.037
BCL2_RAT	24224	Bcl2	11.797	5951	68	14	2.833	0.176	3.921
ODBA_RAT	25244	Bckdha	11.734	236	16	3	2.204	0.0	5.323
ALBU_RAT	24186	Alb	11.69	1951	45	0	2.653	0.0	4.406
E9PTY0_RAT	266808	Lrrcc1	11.64	7	5	8	1.699	0.0	6.851
Q9JI30_RAT	25021	Itgam	11.578	860	27	2	2.431	0.0	4.762
NGAL_RAT	170496	Lcn2	11.578	503	16	12	2.204	0.114	4.995
C5AR1_RAT	113959	C5ar1	11.575	72	8	11	1.903	0.079	5.839
A2MG_RAT	24153	A2m	11.489	561	21	1	2.322	0.0	4.947
IL13_RAT	116553	Il13	11.362	318	14	10	2.146	0.041	5.194
ADML_RAT	25026	Adm	11.33	530	19	1	2.279	0.0	4.972
ANGT_RAT	24179	Agt	11.237	14480	56	26	2.748	0.431	3.534
O35055_RAT	65202	Slc13a2	11.164	699	20	3	2.301	0.0	4.852
MK08_RAT	116554	Mapk8	11.157	2054	27	12	2.431	0.114	4.383
F1LST1_RAT	25661	Fn1	11.13	3505	48	6	2.681	0.0	4.151
CASP3_RAT	25402	Casp3	11.112	8340	44	19	2.643	0.301	3.774
GFAP_RAT	24387	Gfap	11.086	3872	25	19	2.398	0.301	4.108
PRIO_RAT	24686	Prnp	11.057	77	8	0	1.903	0.0	5.81
TIMP1_RAT	116510	Timp1	11.022	1355	26	9	2.415	0.0	4.564
ICAM1_RAT	25464	Icam1	11.002	2701	38	6	2.58	0.0	4.265
DYR_RAT	24312	Dhfr	10.999	117	9	0	1.954	0.0	5.628
EDN1_RAT	24323	Edn1	10.992	5741	62	1	2.792	0.0	3.937
AMBP_RAT	25377	Ambp	10.963	164	10	0	2.0	0.0	5.482
CATA_RAT	24248	Cat	10.868	7234	68	8	2.833	0.0	3.837
CRP_RAT	25419	Crp	10.834	690	17	1	2.23	0.0	4.858
Q5M7T5_RAT	304917	Serpinc1	10.823	248	11	0	2.041	0.0	5.302
S10A8_RAT	116547	S100a8	10.777	108	8	3	1.903	0.0	5.663
ADA_RAT	24165	Ada	10.729	674	16	1	2.204	0.0	4.868
CCR5_RAT	117029	Ccr5	10.718	116	8	3	1.903	0.0	5.632
AATM_RAT	25721	Got2	10.655	3371	36	4	2.556	0.0	4.168
HPT_RAT	24464	Hp	10.634	307	11	1	2.041	0.0	5.209
Q5XJW6_RAT	155012	Cfh	10.591	29	5	3	1.699	0.0	6.234
TNF11_RAT	117516	Tnfsf11	10.506	674	9	15	1.954	0.204	4.868
MBP_RAT	24547	Mbp	10.476	2126	25	9	2.398	0.0	4.369
HGF_RAT	24446	Hgf	10.459	1278	19	3	2.279	0.0	4.59
SFTPA_RAT	24773	Sftpa1	10.398	496	12	3	2.079	0.0	5.001
PAR2_RAT	116677	F2rl1	10.38	321	10	2	2.0	0.0	5.19
F1M957_RAT	116669	Vwf	10.375	411	11	4	2.041	0.0	5.082
Q498N2_RAT	65029	Aoc1	10.369	414	11	2	2.041	0.0	5.079
Q6IN22_RAT	64529	Ctsb	10.346	751	14	3	2.146	0.0	4.821
BECN1_RAT	114558	Becn1	10.341	408	9	11	1.954	0.079	5.086
IFNB_RAT	24481	Ifnb1	10.306	129	7	6	1.845	0.0	5.586
CALCA_RAT	24241	Calca	10.303	4028	33	3	2.519	0.0	4.091
MP2K1_RAT	170851	Map2k1	10.287	676	10	12	2.0	0.114	4.866
PTPRC_RAT	24699	Ptprc	10.269	572	12	3	2.079	0.0	4.939
NOS1_RAT	24598	Nos1	10.222	2331	23	1	2.362	0.0	4.328
MIF_RAT	81683	Mif	10.217	294	9	3	1.954	0.0	5.228
B2RYE7_RAT	100188935	RT1-A	10.209	496	11	0	2.041	0.0	5.001
GCR_RAT	24413	Nr3c1	10.204	2004	21	3	2.322	0.0	4.394
IC1_RAT	295703	Serping1	10.204	49	5	2	1.699	0.0	6.006
TRFE_RAT	24825	Tf	10.199	2014	21	1	2.322	0.0	4.392
4EBP1_RAT	116636	Eif4ebp1	10.193	219	8	4	1.903	0.0	5.356
TRI63_RAT	140939	Trim63	10.163	227	8	8	1.903	0.0	5.34
BMP2_RAT	29373	Bmp2	10.157	1130	14	10	2.146	0.041	4.643
EPO_RAT	24335	Epo	10.141	1761	19	5	2.279	0.0	4.45
D3ZAB1_RAT	301034	Ltf	10.134	235	8	1	1.903	0.0	5.325
UD16_RAT	113992	Ugt1a6	10.126	327	9	0	1.954	0.0	5.182
BGLR_RAT	24434	Gusb	10.116	961	14	0	2.146	0.0	4.713
Q9R2C9_RAT	24497	Il5	10.116	331	9	1	1.954	0.0	5.177
A1AG_RAT	24614	Orm1	10.114	241	8	0	1.903	0.0	5.314
D4A5W3_RAT	291912	Nod2	10.09	25	4	1	1.602	0.0	6.298
PAI1_RAT	24617	Serpine1	10.064	862	13	0	2.114	0.0	4.761
Q8VBU7_RAT	24176	Adrb2	10.057	723	12	2	2.079	0.0	4.837
Q63762_RAT	29259	Sell	10.008	274	8	7	1.903	0.0	5.259
GGT1_RAT	116568	Ggt1	9.97	2092	19	3	2.279	0.0	4.375
G3V6F8_RAT	289337	Tlr5	9.964	30	4	1	1.602	0.0	6.219
NEU2_RAT	24221	Avp	9.951	5549	33	2	2.519	0.0	3.951
PA21B_RAT	29526	Pla2g1b	9.944	2150	19	0	2.279	0.0	4.364
EI2BD_RAT	117019	Eif2b4	9.931	71	5	1	1.699	0.0	5.845
TF3A_RAT	246299	Gtf3a	9.897	33	4	4	1.602	0.0	6.178
G3V6D0_RAT	24177	Afp	9.896	864	12	2	2.079	0.0	4.76
BPI_RAT	296321	Bpi	9.877	34	4	0	1.602	0.0	6.165
FOS_RAT	314322	Fos	9.816	8957	28	14	2.447	0.176	3.742
TNR1B_RAT	156767	Tnfrsf1b	9.806	152	6	2	1.778	0.0	5.515
TGFB1_RAT	59086	Tgfb1	9.803	8540	31	12	2.491	0.114	3.763
LYAM3_RAT	25651	Selp	9.799	626	10	3	2.0	0.0	4.9
SMAD3_RAT	25631	Smad3	9.776	808	11	6	2.041	0.0	4.789
IGF1_RAT	24482	Igf1	9.775	6210	32	2	2.505	0.0	3.902
PAF15_RAT	300795	Pclaf	9.775	363	8	0	1.903	0.0	5.136
Q9JK64_RAT	170913	Abcb1a	9.773	251	7	0	1.845	0.0	5.297
CO3_RAT	24232	C3	9.726	385	8	0	1.903	0.0	5.111
IL1RA_RAT	60582	Il1rn	9.709	535	9	3	1.954	0.0	4.968
SFTPD_RAT	25350	Sftpd	9.706	173	6	4	1.778	0.0	5.458
IL4_RAT	287287	Il4	9.701	1970	16	1	2.204	0.0	4.401
CH60_RAT	63868	Hspd1	9.699	398	8	1	1.903	0.0	5.096
Q6YGU2_RAT	310553	Tlr2	9.678	408	8	2	1.903	0.0	5.086
CD14_RAT	60350	Cd14	9.665	287	7	4	1.845	0.0	5.238
G3V602_RAT	289424	Xpr1	9.622	2	2	0	1.301	0.0	7.395
JUN_RAT	24516	Jun	9.608	1417	13	2	2.114	0.0	4.545
D9I2F9_RAT	360557	Nlrp1a	9.595	27	2	16	1.301	0.23	6.265
G3V890_RAT	171040	Il11	9.588	113	5	0	1.699	0.0	5.643
TPA_RAT	25692	Plat	9.543	841	10	2	2.0	0.0	4.771
D4ABU7_RAT	301229	Trem1	9.514	18	3	2	1.477	0.0	6.441
OGA_RAT	154968	Mgea5	9.513	871	10	0	2.0	0.0	4.756
GRAB_RAT	171528	Gzmb	9.513	125	5	5	1.699	0.0	5.599
PTAFR_RAT	58949	Ptafr	9.502	127	5	0	1.699	0.0	5.593
GTR1_RAT	24778	Slc2a1	9.491	893	10	4	2.0	0.0	4.745
F1M9D6_RAT	25124	Stat1	9.479	362	7	4	1.845	0.0	5.138
Q498R2_RAT	252856	Tcf21	9.47	61	4	0	1.602	0.0	5.911
FA12_RAT	306761	F12	9.47	61	4	0	1.602	0.0	5.911
G3V843_RAT	29251	F2	9.461	1663	13	0	2.114	0.0	4.475
F1M4A0_RAT	292994	Tjp1	9.43	551	8	2	1.903	0.0	4.955
RASK_RAT	24525	Kras	9.399	2381	15	4	2.176	0.0	4.319
GPX1_RAT	24404	Gpx1	9.391	1512	12	2	2.079	0.0	4.517
CP2G1_RAT	25251	Cyp2g1	9.391	6017	25	3	2.398	0.0	3.916
PCNA_RAT	25737	Pcna	9.37	2457	15	1	2.176	0.0	4.306
PLB1_RAT	192259	Plb1	9.357	23	3	1	1.477	0.0	6.335
PCSK5_RAT	116548	Pcsk5	9.308	165	5	1	1.699	0.0	5.479
G6PC_RAT	25634	G6pc	9.307	1660	12	0	2.079	0.0	4.476
CD5R1_RAT	116671	Cdk5r1	9.304	291	6	2	1.778	0.0	5.232
S15A1_RAT	117261	Slc15a1	9.295	168	5	0	1.699	0.0	5.471
SELK_RAT	290549	Selenok	9.294	456	7	4	1.845	0.0	5.037
UD11_RAT	24861	Ugt1a1	9.289	459	7	2	1.845	0.0	5.035
ALAT1_RAT	81670	Gpt	9.282	884	9	1	1.954	0.0	4.75
NKX25_RAT	114109	Nkx2-5	9.273	81	4	0	1.602	0.0	5.788
VIP_RAT	117064	Vip	9.263	2752	15	2	2.176	0.0	4.257
OCLN_RAT	83497	Ocln	9.254	682	8	2	1.903	0.0	4.863
Q4QQW2_RAT	171369	Cd40	9.236	182	5	0	1.699	0.0	5.436
PCY1B_RAT	286936	Pcyt1b	9.233	319	6	1	1.778	0.0	5.193
F1LRE1_RAT	116686	Gsr	9.232	2479	14	2	2.146	0.0	4.302
NGF_RAT	310738	Ngf	9.228	2856	15	5	2.176	0.0	4.241
NFASC_RAT	116690	Nfasc	9.208	29	3	1	1.477	0.0	6.234
GLNA_RAT	24957	Glul	9.2	1548	11	0	2.041	0.0	4.507
Q9WUQ4_RAT	84386	Slpi	9.187	30	3	1	1.477	0.0	6.219
G3V742_RAT	171052	Mmp13	9.171	532	7	0	1.845	0.0	4.97
NTCP_RAT	24777	Slc10a1	9.156	203	5	2	1.699	0.0	5.389
SODC_RAT	24786	Sod1	9.156	1312	10	2	2.0	0.0	4.578
HMGA1_RAT	117062	Hmga1	9.145	32	3	4	1.477	0.0	6.191
Q3MID7_RAT	29469	Lbp	9.14	98	4	0	1.602	0.0	5.705
PGH2_RAT	29527	Ptgs2	9.126	3174	15	4	2.176	0.0	4.194
CP1A1_RAT	24296	Cyp1a1	9.118	2045	12	0	2.079	0.0	4.386
KSYK_RAT	25155	Syk	9.117	214	5	0	1.699	0.0	5.366
D4A400_RAT	287610	Lpo	9.117	214	5	0	1.699	0.0	5.366
B2MG_RAT	24223	B2m	9.103	218	5	0	1.699	0.0	5.358
Q6P6T6_RAT	171293	Ctsd	9.094	827	8	0	1.903	0.0	4.779
ENOG_RAT	24334	Eno2	9.093	586	7	2	1.845	0.0	4.928
COX2_RAT	26198	Mtco2	9.086	2899	14	6	2.146	0.0	4.234
CD59_RAT	25407	Cd59	9.085	106	4	1	1.602	0.0	5.671
E9PU71_RAT	64546	Il12b	9.072	393	6	1	1.778	0.0	5.102
MYC_RAT	24577	Myc	9.063	1461	10	0	2.0	0.0	4.531
LITH_RAT	24714	Reg1	9.041	113	4	0	1.602	0.0	5.643
Q8R2H2_RAT	29302	Itgb3	9.035	38	3	0	1.477	0.0	6.117
PDLI3_RAT	114108	Pdlim3	9.019	643	7	1	1.845	0.0	4.888
MMP2_RAT	81686	Mmp2	9.006	2726	13	5	2.114	0.0	4.26
Q4FZY1_RAT	287435	Cd68	9.002	657	7	2	1.845	0.0	4.879
CALCR_RAT	116506	Calcr	8.982	123	4	0	1.602	0.0	5.606
CXA1_RAT	24392	Gja1	8.958	1649	10	9	2.0	0.0	4.479
G3V9P7_RAT	29424	Htt	8.954	128	4	4	1.602	0.0	5.589
Q8VD47_RAT	60628	Cxcr4	8.937	468	6	4	1.778	0.0	5.026
LOX5_RAT	25290	Alox5	8.936	713	7	1	1.845	0.0	4.843
Q9QZD1_RAT	24772	Cxcl12	8.931	472	6	3	1.778	0.0	5.022
UCP2_RAT	54315	Ucp2	8.926	475	6	2	1.778	0.0	5.02
Q5M895_RAT	24538	Lipc	8.921	279	5	0	1.699	0.0	5.251
EPHB1_RAT	24338	Ephb1	8.917	3003	13	6	2.114	0.0	4.218
NOS3_RAT	24600	Nos3	8.909	1372	9	0	1.954	0.0	4.559
SRC_RAT	83805	Src	8.907	1037	8	2	1.903	0.0	4.68
F1LXU5_RAT	681288	T2	8.895	289	5	0	1.699	0.0	5.235
GDNF_RAT	25453	Gdnf	8.894	1396	9	6	1.954	0.0	4.551
CCKN_RAT	25298	Cck	8.876	3140	13	0	2.114	0.0	4.199
G3V7M4_RAT	301289	Il17a	8.872	509	6	2	1.778	0.0	4.99
GBRAP_RAT	58974	Gabarap	8.854	10	1	20	1.0	0.322	6.696
TNFL6_RAT	25385	Faslg	8.852	792	7	0	1.845	0.0	4.797
Q6T5E8_RAT	154516	Ugt1a7c	8.848	149	4	2	1.602	0.0	5.523
ALR_RAT	27100	Gfer	8.846	51	3	0	1.477	0.0	5.989
GCH1_RAT	29244	Gch1	8.844	150	4	0	1.602	0.0	5.52
Q91W32_RAT	25166	Casp1	8.841	530	6	4	1.778	0.0	4.972
IF4E_RAT	117045	Eif4e	8.812	157	4	1	1.602	0.0	5.5
LYN_RAT	81515	Lyn	8.803	159	4	3	1.602	0.0	5.495
ACES_RAT	83817	Ache	8.8	3939	14	0	2.146	0.0	4.1
A1A5M4_RAT	24443	Hdc	8.792	565	6	1	1.778	0.0	4.944
MMP9_RAT	81687	Mmp9	8.78	2972	12	4	2.079	0.0	4.223
ACTH_RAT	25365	Actg2	8.778	1212	8	3	1.903	0.0	4.613
Q68FZ1_RAT	25351	Slc2a2	8.775	577	6	0	1.778	0.0	4.935
ANXA5_RAT	25673	Anxa5	8.771	876	7	3	1.845	0.0	4.754
IL18_RAT	29197	Il18	8.743	602	6	2	1.778	0.0	4.917
CP1A2_RAT	24297	Cyp1a2	8.74	1269	8	1	1.903	0.0	4.593
Q6T5F2_RAT	396527	Ugt1a2	8.733	176	4	0	1.602	0.0	5.451
CYTB_RAT	25308	Cstb	8.731	61	3	0	1.477	0.0	5.911
CD1D_RAT	25109	Cd1d	8.729	177	4	0	1.602	0.0	5.448
PON1_RAT	84024	Pon1	8.729	177	4	0	1.602	0.0	5.448
Q8R427_RAT	24646	Abcb1b	8.718	1304	8	1	1.903	0.0	4.581
COX1_RAT	26195	Mtco1	8.708	1320	8	1	1.903	0.0	4.576
GNRHR_RAT	81668	Gnrhr	8.706	5576	16	0	2.204	0.0	3.95
NEP_RAT	24590	Mme	8.699	637	6	0	1.778	0.0	4.892
Q6IRF5_RAT	24653	Pla2g4a	8.668	393	5	1	1.699	0.0	5.102
D4A9J2_RAT	24881	Wnt1	8.662	68	3	2	1.477	0.0	5.864
VCAM1_RAT	25361	Vcam1	8.662	668	6	2	1.778	0.0	4.872
SODM_RAT	24787	Sod2	8.642	1429	8	2	1.903	0.0	4.541
CAH1_RAT	310218	Ca1	8.631	11709	16	14	2.204	0.176	3.626
GAST_RAT	25320	Gast	8.629	1908	9	0	1.954	0.0	4.416
P97688_RAT	24495	Il3	8.623	206	4	1	1.602	0.0	5.382
Q9QX70_RAT	24329	Egfr	8.612	1482	8	9	1.903	0.0	4.525
LIPL_RAT	24539	Lpl	8.611	1070	7	0	1.845	0.0	4.667
FEZ1_RAT	81730	Fez1	8.609	12	2	2	1.301	0.0	6.617
ARBK1_RAT	25238	Grk2	8.606	211	4	2	1.602	0.0	5.372
GCYB2_RAT	25206	Gucy1b2	8.6	431	5	1	1.699	0.0	5.062
DCOR_RAT	24609	Odc1	8.597	1980	9	0	1.954	0.0	4.399
OMP_RAT	24612	Omp	8.59	76	3	0	1.477	0.0	5.816
Q8K4J7_RAT	246250	Retn	8.59	76	3	1	1.477	0.0	5.816
ECP_RAT	192264	Rnase3	8.582	77	3	0	1.477	0.0	5.81
PCKGC_RAT	362282	Pck1	8.58	743	6	1	1.778	0.0	4.825
B5DFD5_RAT	300339	Mmp1	8.575	446	5	3	1.699	0.0	5.047
HIF1A_RAT	29560	Hif1a	8.571	1558	8	1	1.903	0.0	4.504
ACTB_RAT	81822	Actb	8.571	752	6	0	1.778	0.0	4.82
NMDZ1_RAT	24408	Grin1	8.565	1569	8	7	1.903	0.0	4.5
CD8A_RAT	24930	Cd8a	8.557	80	3	5	1.477	0.0	5.793
DUS1_RAT	114856	Dusp1	8.556	227	4	3	1.602	0.0	5.34
CXL10_RAT	245920	Cxcl10	8.549	229	4	7	1.602	0.0	5.336
SPHK1_RAT	170897	Sphk1	8.542	82	3	2	1.477	0.0	5.783
ACE_RAT	24310	Ace	8.538	3881	12	7	2.079	0.0	4.107
G3V8S9_RAT	316010	Camp	8.528	236	4	0	1.602	0.0	5.323
GHRL_RAT	59301	Ghrl	8.524	1647	8	8	1.903	0.0	4.479
MED28_RAT	305391	Med28	8.522	14	2	0	1.301	0.0	6.55
VEGFA_RAT	83785	Vegfa	8.517	5329	14	6	2.146	0.0	3.968
NOX1_RAT	114243	Nox1	8.511	242	4	4	1.602	0.0	5.313
Q66HK3_RAT	24693	Ptgs1	8.502	492	5	0	1.699	0.0	5.004
F1LQH2_RAT	81736	Nfkb1	8.486	2838	10	4	2.0	0.0	4.243
PA2GA_RAT	29692	Pla2g2a	8.483	252	4	0	1.602	0.0	5.295
CHIA_RAT	113901	Chia	8.483	15	2	2	1.301	0.0	6.52
PECA1_RAT	29583	Pecam1	8.478	848	6	1	1.778	0.0	4.768
TRYB1_RAT	54271	Tpsab1	8.468	92	3	0	1.477	0.0	5.733
F1LN63_RAT	364594	Tlr3	8.468	92	3	5	1.477	0.0	5.733
TXNIP_RAT	117514	Txnip	8.461	93	3	4	1.477	0.0	5.728
G3V6B4_RAT	252971	Socs1	8.447	95	3	1	1.477	0.0	5.719
JPH2_RAT	296345	Jph2	8.447	16	2	0	1.301	0.0	6.492
CISY_RAT	170587	Cs	8.441	890	6	3	1.778	0.0	4.747
SC5A5_RAT	114613	Slc5a5	8.44	96	3	1	1.477	0.0	5.714
AQP1_RAT	25240	Aqp1	8.42	550	5	0	1.699	0.0	4.956
PPARG_RAT	25664	Pparg	8.408	1378	7	3	1.845	0.0	4.557
CLD3_RAT	65130	Cldn3	8.408	101	3	1	1.477	0.0	5.692
DCE1_RAT	24379	Gad1	8.405	561	5	3	1.699	0.0	4.947
CR1L_RAT	54243	Cr1l	8.402	102	3	0	1.477	0.0	5.688
T2CB11_RAT	24954	Insr	8.401	1390	7	0	1.845	0.0	4.553
IKBA_RAT	25493	Nfkbia	8.395	569	5	6	1.699	0.0	4.941
E9PTH2_RAT	114509	LOC100912585	8.395	103	3	5	1.477	0.0	5.684
RHOA_RAT	117273	Rhoa	8.376	968	6	3	1.778	0.0	4.71
Q9JKC1_RAT	65036	Bche	8.372	1981	8	1	1.903	0.0	4.399
A1M_RAT	252922	A1m	8.371	107	3	2	1.477	0.0	5.667
AMHR2_RAT	29530	Amhr2	8.369	589	5	1	1.699	0.0	4.926
G3V617_RAT	81649	Mapk14	8.362	3982	11	4	2.041	0.0	4.096
Q8K422_RAT	24664	Pomc	8.356	2019	8	2	1.903	0.0	4.391
STX1A_RAT	116470	Stx1a	8.347	111	3	2	1.477	0.0	5.651
G6PD_RAT	24377	G6pdx	8.341	2056	8	0	1.903	0.0	4.383
Q66HJ7_RAT	25167	Ptpra	8.336	113	3	3	1.477	0.0	5.643
G3V6P5_RAT	24952	Gcg	8.331	1518	7	0	1.845	0.0	4.515
CXCR2_RAT	29385	Cxcr2	8.33	114	3	0	1.477	0.0	5.639
E9PTE1_RAT	304092	Son	8.325	316	4	0	1.602	0.0	5.197
FGF2_RAT	54250	Fgf2	8.322	3430	10	0	2.0	0.0	4.161
G3V627_RAT	24747	RT1-M3-1	8.321	20	2	0	1.301	0.0	6.395
GLHA_RAT	116700	Cga	8.321	20	2	0	1.301	0.0	6.395
CX3C1_RAT	171056	Cx3cr1	8.314	117	3	3	1.477	0.0	5.628
LIPE_RAT	291437	Lipg	8.31	1054	6	0	1.778	0.0	4.673
Q499S4_RAT	24575	Mx1	8.293	21	2	1	1.301	0.0	6.374
Q3B8Q9_RAT	50558	Npepps	8.293	21	2	1	1.301	0.0	6.374
PTPRV_RAT	64576	Ptprv	8.267	22	2	0	1.301	0.0	6.354
G3V913_RAT	24471	Hspb1	8.259	684	5	2	1.699	0.0	4.861
EGR1_RAT	24330	Egr1	8.256	1130	6	4	1.778	0.0	4.643
D3ZFD9_RAT	24706	Rarb	8.246	130	3	0	1.477	0.0	5.582
CBPB2_RAT	113936	Cpb2	8.242	23	2	0	1.301	0.0	6.335
SEPT3_RAT	56003	Sept3	8.241	131	3	0	1.477	0.0	5.579
OXDA_RAT	114027	Dao	8.222	135	3	0	1.477	0.0	5.566
Q62978_RAT	24933	Klra22	8.218	24	2	0	1.301	0.0	6.316
Q6MG98_RAT	294269	RT1-Da	8.214	371	4	0	1.602	0.0	5.127
AATC_RAT	24401	Got1	8.194	141	3	0	1.477	0.0	5.547
DEFB1_RAT	83687	Defb1	8.172	26	2	0	1.301	0.0	6.281
Q9EQZ8_RAT	117184	Ctrl	8.172	26	2	0	1.301	0.0	6.281
F7FJQ3_RAT	286898	Npc2	8.172	26	2	0	1.301	0.0	6.281
KCNJ8_RAT	25472	Kcnj8	8.158	149	3	0	1.477	0.0	5.523
ACE2_RAT	302668	Ace2	8.154	404	4	2	1.602	0.0	5.09
KGP2_RAT	25523	Prkg2	8.151	27	2	0	1.301	0.0	6.265
TAGL_RAT	25123	Tagln	8.146	152	3	1	1.477	0.0	5.515
PRVA_RAT	25269	Pvalb	8.139	1047	5	10	1.699	0.041	4.676
Q5FVS5_RAT	50669	Prf1	8.132	417	4	1	1.602	0.0	5.076
DYL1_RAT	58945	Dynll1	8.13	28	2	1	1.301	0.0	6.249
PTMS_RAT	83801	Ptms	8.13	28	2	1	1.301	0.0	6.249
NEC2_RAT	25121	Pcsk2	8.117	159	3	0	1.477	0.0	5.495
EDNRA_RAT	24326	Ednra	8.116	1355	6	0	1.778	0.0	4.564
CSRP3_RAT	117505	Csrp3	8.111	29	2	0	1.301	0.0	6.234
C1S_RAT	192262	C1s	8.111	29	2	0	1.301	0.0	6.234
G6PI_RAT	292804	Gpi	8.09	443	4	0	1.602	0.0	5.05
ABEC1_RAT	25383	Apobec1	8.087	47	1	21	1.0	0.342	6.024
NPY_RAT	24604	Npy	8.077	3653	9	1	1.954	0.0	4.133
DEFB4_RAT	64389	Defb4	8.073	31	2	0	1.301	0.0	6.205
CCR3_RAT	117027	Ccr3	8.073	31	2	1	1.301	0.0	6.205
Q80ZA3_RAT	287526	Serpinf1	8.07	171	3	0	1.477	0.0	5.463
CASR_RAT	24247	Casr	8.055	175	3	2	1.477	0.0	5.453
ATIF1_RAT	25392	Atpif1	8.055	32	2	1	1.301	0.0	6.191
TFF2_RAT	116592	Tff2	8.055	32	2	0	1.301	0.0	6.191
D4A1J7_RAT	299117	Nin	8.055	32	2	1	1.301	0.0	6.191
OTC_RAT	25611	Otc	8.044	178	3	0	1.477	0.0	5.446
Q66HI4_RAT	25584	F3	8.041	179	3	0	1.477	0.0	5.443
A9CMC8_RAT	116569	Lct	8.04	476	4	0	1.602	0.0	5.019
TRH_RAT	25569	Trh	8.039	2185	7	0	1.845	0.0	4.357
PIM1_RAT	24649	Pim1	8.038	33	2	2	1.301	0.0	6.178
TNNI3_RAT	29248	Tnni3	8.034	480	4	1	1.602	0.0	5.015
ANF_RAT	24602	Nppa	8.023	3022	8	0	1.903	0.0	4.216
NLRP3_RAT	287362	Nlrp3	8.023	184	3	1	1.477	0.0	5.432
RAC1_RAT	363875	Rac1	8.003	502	4	2	1.602	0.0	4.996
VIME_RAT	81818	Vim	8.001	1573	6	2	1.778	0.0	4.5
G3V679_RAT	64678	Tfrc	7.996	192	3	4	1.477	0.0	5.413
NFAT5_RAT	307820	Nfat5	7.986	195	3	6	1.477	0.0	5.406
NAC1_RAT	29715	Slc8a1	7.979	520	4	1	1.602	0.0	4.98
MT1_RAT	24567	Mt1	7.969	527	4	0	1.602	0.0	4.974
MRP3_RAT	140668	Abcc3	7.963	202	3	1	1.477	0.0	5.391
PDIA1_RAT	25506	P4hb	7.96	203	3	0	1.477	0.0	5.389
Q5BKA2_RAT	65210	Cyp2j4	7.958	38	2	0	1.301	0.0	6.117
THTR_RAT	25274	Tst	7.943	39	2	0	1.301	0.0	6.105
Q80WA5_RAT	114507	Slc5a3	7.943	39	2	0	1.301	0.0	6.105
CP3A2_RAT	266682	Cyp3a2	7.927	560	4	0	1.602	0.0	4.948
G3V671_RAT	25408	Cd80	7.923	215	3	1	1.477	0.0	5.364
AQP2_RAT	25386	Aqp2	7.92	566	4	2	1.602	0.0	4.944
Q0VJ96_RAT	25271	Rxra	7.914	218	3	0	1.477	0.0	5.358
F1LS98_RAT	24680	Prkca	7.912	1095	5	2	1.699	0.0	4.657
D3ZSY4_RAT	303414	Epx	7.901	42	2	0	1.301	0.0	6.073
LEP_RAT	25608	Lep	7.895	1803	6	1	1.778	0.0	4.44
Q6U2D6_RAT	287673	Ccr7	7.888	43	2	3	1.301	0.0	6.063
IL33_RAT	361749	Il33	7.888	43	2	1	1.301	0.0	6.063
TY3H_RAT	25085	Th	7.886	1823	6	2	1.778	0.0	4.435
MYD88_RAT	301059	Myd88	7.874	232	3	6	1.477	0.0	5.331
CNR1_RAT	25248	Cnr1	7.867	1872	6	2	1.778	0.0	4.424
ESR1_RAT	24890	Esr1	7.855	1898	6	1	1.778	0.0	4.418
ANXA1_RAT	25380	Anxa1	7.855	239	3	1	1.477	0.0	5.318
AQP4_RAT	25293	Aqp4	7.852	624	4	1	1.602	0.0	4.901
AIF1_RAT	29427	Aif1	7.85	626	4	0	1.602	0.0	4.9
G3V6J4_RAT	299757	Nts	7.836	1214	5	1	1.699	0.0	4.612
APOA1_RAT	25081	Apoa1	7.835	639	4	2	1.602	0.0	4.891
CO4_RAT	24233	C4	7.829	249	3	0	1.477	0.0	5.3
NCAM1_RAT	24586	Ncam1	7.828	646	4	2	1.602	0.0	4.886
CD63_RAT	29186	Cd63	7.826	48	2	2	1.301	0.0	6.015
NK1R_RAT	24807	Tacr1	7.819	1242	5	2	1.699	0.0	4.602
PRL_RAT	24683	Prl	7.817	3879	8	0	1.903	0.0	4.108
PTHY_RAT	24694	Pth	7.817	2877	7	0	1.845	0.0	4.237
GROA_RAT	81503	Cxcl1	7.815	658	4	0	1.602	0.0	4.878
REG3A_RAT	171162	Reg3a	7.814	49	2	0	1.301	0.0	6.006
APOB_RAT	54225	Apob	7.794	678	4	0	1.602	0.0	4.865
M0R4F9_RAT	24559	Mos	7.792	51	2	0	1.301	0.0	5.989
A1L1M0_RAT	25636	Prkaca	7.786	1298	5	0	1.699	0.0	4.583
K1C19_RAT	360626	Krt19	7.772	272	3	0	1.477	0.0	5.262
ACOD1_RAT	246074	Scd1	7.765	275	3	1	1.477	0.0	5.257
SC5A1_RAT	25552	Slc5a1	7.751	281	3	0	1.477	0.0	5.248
MYH7_RAT	29557	Myh7	7.733	289	3	0	1.477	0.0	5.235
CTGF_RAT	64032	Ctgf	7.733	740	4	2	1.602	0.0	4.827
STAT3_RAT	25125	Stat3	7.72	1420	5	2	1.699	0.0	4.544
AT2A1_RAT	116601	Atp2a1	7.719	58	2	0	1.301	0.0	5.933
TNR1A_RAT	25625	Tnfrsf1a	7.716	297	3	5	1.477	0.0	5.224
Q6MG73_RAT	24231	C2	7.714	298	3	0	1.477	0.0	5.222
SAMP_RAT	29339	Apcs	7.7	60	2	2	1.301	0.0	5.918
LCK_RAT	313050	Lck	7.7	60	2	0	1.301	0.0	5.918
G3P_RAT	24383	Gapdh	7.699	305	3	0	1.477	0.0	5.212
BPIA1_RAT	246238	Bpifa1	7.696	1	1	0	1.0	0.0	7.696
Q99PJ6_RAT	266773	Zfp709	7.696	1	1	0	1.0	0.0	7.696
B5DFM1_RAT	287622	Tom1l1	7.696	1	1	0	1.0	0.0	7.696
G3V674_RAT	288182	Cldnd1	7.696	1	1	1	1.0	0.0	7.696
Q3MHS7_RAT	291095	Gmds	7.696	1	1	0	1.0	0.0	7.696
S22AI_RAT	309131	Slc22a18	7.696	1	1	0	1.0	0.0	7.696
Q5YIS0_RAT	362431	Clec4a3	7.696	1	1	1	1.0	0.0	7.696
Q6ZM99_RAT	408031	Olr1869	7.696	1	1	0	1.0	0.0	7.696
D3ZHZ0_RAT	498166	Gal3st4	7.696	1	1	0	1.0	0.0	7.696
CD38_RAT	25668	Cd38	7.69	61	2	2	1.301	0.0	5.911
LYAM2_RAT	25544	Sele	7.686	311	3	0	1.477	0.0	5.204
CATL1_RAT	25697	Ctsl	7.686	311	3	2	1.477	0.0	5.204
HXK4_RAT	24385	Gck	7.674	806	4	2	1.602	0.0	4.79
CFTR_RAT	24255	Cftr	7.67	319	3	2	1.477	0.0	5.193
PODXL_RAT	192181	Podxl	7.663	64	2	0	1.301	0.0	5.89
D4Q8I2_RAT	317382	Foxp3	7.66	324	3	0	1.477	0.0	5.186
ARRS_RAT	25539	Sag	7.658	325	3	0	1.477	0.0	5.184
Q9JKL3_RAT	24887	Bax	7.643	4781	8	2	1.903	0.0	4.016
HRH1_RAT	24448	Hrh1	7.635	337	3	0	1.477	0.0	5.169
Q3KR76_RAT	25619	Plau	7.62	345	3	0	1.477	0.0	5.159
STAR_RAT	25557	Star	7.616	347	3	1	1.477	0.0	5.156
G3V9Q7_RAT	290257	Ctsg	7.613	70	2	0	1.301	0.0	5.851
Q8CJF2_RAT	170509	Cyp3a62	7.611	882	4	1	1.602	0.0	4.751
NACC1_RAT	171454	Nacc1	7.605	71	2	2	1.301	0.0	5.845
A0A0G2K1L0_RAT	116640	Tnc	7.596	358	3	0	1.477	0.0	5.142
RENI_RAT	24715	Ren1	7.589	5109	8	1	1.903	0.0	3.988
B3AT_RAT	24779	Slc4a1	7.589	73	2	0	1.301	0.0	5.833
D3ZLB7_RAT	100360880	Fosb	7.582	366	3	1	1.477	0.0	5.133
AQP8_RAT	29172	Aqp8	7.581	74	2	0	1.301	0.0	5.827
GNAI2_RAT	81664	Gnai2	7.574	75	2	0	1.301	0.0	5.821
NR0B2_RAT	117274	Nr0b2	7.566	76	2	5	1.301	0.0	5.816
Q925D6_RAT	114495	Map2k6	7.559	77	2	3	1.301	0.0	5.81
D4A2H6_RAT	287847	Rbfox3	7.558	952	4	1	1.602	0.0	4.718
TYSY_RAT	29261	Tyms	7.552	78	2	0	1.301	0.0	5.804
CEBPB_RAT	24253	Cebpb	7.548	386	3	2	1.477	0.0	5.11
Q4V8J0_RAT	24257	Cgm4	7.536	393	3	0	1.477	0.0	5.102
Q66HL0_RAT	58813	Nt5e	7.536	982	4	0	1.602	0.0	4.704
PDE4D_RAT	24627	Pde4d	7.53	81	2	0	1.301	0.0	5.788
D4A386_RAT	300920	Cldn2	7.523	82	2	1	1.301	0.0	5.783
PDGFB_RAT	24628	Pdgfb	7.522	402	3	0	1.477	0.0	5.092
O35370_RAT	83580	Thbd	7.51	84	2	0	1.301	0.0	5.772
FAK1_RAT	25614	Ptk2	7.506	412	3	1	1.477	0.0	5.081
B2RYB8_RAT	309684	Itgb2	7.504	413	3	2	1.477	0.0	5.08
OREX_RAT	25723	Hcrt	7.489	1051	4	4	1.602	0.0	4.675
D3ZYL0_RAT	306886	Ripk1	7.483	88	2	2	1.301	0.0	5.752
RB_RAT	24708	Rb1	7.478	430	3	4	1.477	0.0	5.063
RL3_RAT	300079	Rpl3	7.477	89	2	1	1.301	0.0	5.747
TNR16_RAT	24596	Ngfr	7.468	1084	4	2	1.602	0.0	4.661
E9PU84_RAT	246775	Tnfsf10	7.458	92	2	0	1.301	0.0	5.733
Q6Y1S0_RAT	338457	Tlr9	7.458	92	2	2	1.301	0.0	5.733
AA2AR_RAT	25369	Adora2a	7.452	448	3	2	1.477	0.0	5.045
PHB_RAT	25344	Phb	7.446	94	2	3	1.301	0.0	5.723
A8IRI0_RAT	100126231	Mln	7.446	94	2	2	1.301	0.0	5.723
HPGDS_RAT	58962	Hpgds	7.441	3247	6	0	1.778	0.0	4.185
A0A0G2JYQ6_RAT	290567	Chat	7.436	2084	5	0	1.699	0.0	4.377
Q8VBY1_RAT	25254	Dspp	7.434	96	2	1	1.301	0.0	5.714
PYY_RAT	287730	Pyy	7.423	469	3	0	1.477	0.0	5.025
RASH_RAT	293621	Hras	7.41	478	3	1	1.477	0.0	5.017
MTAP2_RAT	25595	Map2	7.406	1185	4	0	1.602	0.0	4.623
SCN5A_RAT	25665	Scn5a	7.4	102	2	1	1.301	0.0	5.688
Q6MGB0_RAT	24984	RT1-DOa	7.395	2	1	0	1.0	0.0	7.395
G3V959_RAT	114635	Trafd1	7.395	2	1	0	1.0	0.0	7.395
STABP_RAT	171565	Stambp	7.395	2	1	1	1.0	0.0	7.395
Q8K4F1_RAT	246043	Klrh1	7.395	2	1	0	1.0	0.0	7.395
PRS27_RAT	287108	Prss27	7.395	2	1	0	1.0	0.0	7.395
B1H292_RAT	287753	Sppl2c	7.395	2	1	0	1.0	0.0	7.395
D3ZDE4_RAT	297389	Dguok	7.395	2	1	0	1.0	0.0	7.395
ZC12A_RAT	313587	Zc3h12a	7.395	2	1	1	1.0	0.0	7.395
Q5RJQ2_RAT	317464	Msl3	7.395	2	1	0	1.0	0.0	7.395
Q0ZFS8_RAT	361814	Srsf3	7.395	2	1	0	1.0	0.0	7.395
D3ZAW4_RAT	364380	Abhd4	7.395	2	1	0	1.0	0.0	7.395
FAIM3_RAT	548326	Fcmr	7.395	2	1	1	1.0	0.0	7.395
GDF8_RAT	29152	Mstn	7.389	104	2	1	1.301	0.0	5.679
DLGP2_RAT	116681	Dlgap2	7.389	104	2	0	1.301	0.0	5.679
IRF1_RAT	24508	Irf1	7.384	105	2	0	1.301	0.0	5.675
SDC1_RAT	25216	Sdc1	7.384	105	2	3	1.301	0.0	5.675
Q6QMG6_RAT	170924	Abcc4	7.384	105	2	0	1.301	0.0	5.675
OLR1_RAT	140914	Olr1	7.373	107	2	1	1.301	0.0	5.667
NEUM_RAT	29423	Gap43	7.37	1247	4	0	1.602	0.0	4.6
D4A488_RAT	299606	Elane	7.362	109	2	0	1.301	0.0	5.659
CXD2_RAT	50564	Gjd2	7.352	111	2	0	1.301	0.0	5.651
JAG1_RAT	29146	Jag1	7.337	114	2	4	1.301	0.0	5.639
SMS_RAT	24797	Sst	7.335	1312	4	0	1.602	0.0	4.578
BKRB2_RAT	25245	Bdkrb2	7.322	117	2	0	1.301	0.0	5.628
MTOR_RAT	56718	Mtor	7.317	1072	1	36	1.0	0.568	4.666
ITB1_RAT	24511	Itgb1	7.303	121	2	0	1.301	0.0	5.614
PENK_RAT	29237	Penk	7.297	3914	6	0	1.778	0.0	4.103
NF2L2_RAT	83619	Nfe2l2	7.296	1387	4	1	1.602	0.0	4.554
FAS_RAT	50671	Fasn	7.291	576	3	1	1.477	0.0	4.936
AL1A1_RAT	24188	Aldh1a1	7.29	124	2	0	1.301	0.0	5.603
JAK2_RAT	24514	Jak2	7.289	578	3	0	1.477	0.0	4.934
TIMP2_RAT	29543	Timp2	7.277	589	3	0	1.477	0.0	4.926
MGMT_RAT	25332	Mgmt	7.272	128	2	0	1.301	0.0	5.589
O08718_RAT	60329	Neurog3	7.259	131	2	1	1.301	0.0	5.579
CBS_RAT	24250	Cbs	7.246	134	2	1	1.301	0.0	5.569
CAH2_RAT	54231	Ca2	7.243	2710	5	0	1.699	0.0	4.263
MLRS_RAT	24584	Mylpf	7.242	135	2	0	1.301	0.0	5.566
CPT2_RAT	25413	Cpt2	7.242	135	2	0	1.301	0.0	5.566
A4_RAT	54226	App	7.231	1522	4	0	1.602	0.0	4.514
METK1_RAT	25331	Mat1a	7.221	140	2	0	1.301	0.0	5.55
FCN2_RAT	114091	Fcn2	7.219	3	1	0	1.0	0.0	7.219
CRYM_RAT	117024	Crym	7.219	3	1	0	1.0	0.0	7.219
RS20_RAT	122772	Rps20	7.219	3	1	0	1.0	0.0	7.219
A0A0G2JXD8_RAT	288264	Ifnar1	7.219	3	1	1	1.0	0.0	7.219
A1L1J7_RAT	290326	Pbk	7.219	3	1	0	1.0	0.0	7.219
Q00IM8_RAT	305633	Antxr2	7.219	3	1	2	1.0	0.0	7.219
MLP3A_RAT	362245	Map1lc3a	7.219	3	1	0	1.0	0.0	7.219
F1M5M9_RAT	500287	Srgap3	7.219	3	1	0	1.0	0.0	7.219
CP2D4_RAT	171522	Cyp2d4	7.217	141	2	0	1.301	0.0	5.547
TFPI1_RAT	29436	Tfpi	7.213	142	2	0	1.301	0.0	5.544
KPCD_RAT	170538	Prkcd	7.193	147	2	0	1.301	0.0	5.529
NAR2B_RAT	293152	Art2b	7.182	150	2	0	1.301	0.0	5.52
LDHA_RAT	24533	Ldha	7.163	155	2	0	1.301	0.0	5.506
DESM_RAT	64362	Des	7.151	716	3	0	1.477	0.0	4.841
RTN4R_RAT	113912	Rtn4r	7.146	160	2	0	1.301	0.0	5.492
HEPC_RAT	84604	Hamp	7.135	163	2	8	1.301	0.0	5.484
F1MAG9_RAT	308586	Sec1	7.135	163	2	0	1.301	0.0	5.484
ADRB1_RAT	24925	Adrb1	7.127	744	3	0	1.477	0.0	4.825
Q99ND3_RAT	25682	Ppard	7.115	169	2	3	1.301	0.0	5.468
CALRL_RAT	25029	Calcrl	7.111	170	2	0	1.301	0.0	5.466
CACP_RAT	311849	Crat	7.111	170	2	0	1.301	0.0	5.466
ADA2A_RAT	25083	Adra2a	7.108	171	2	2	1.301	0.0	5.463
MK01_RAT	116590	Mapk1	7.105	5012	6	1	1.778	0.0	3.996
F1LPK7_RAT	81748	Pls3	7.094	4	1	0	1.0	0.0	7.094
Q5M8B4_RAT	83517	Fcna	7.094	4	1	0	1.0	0.0	7.094
PTN2_RAT	117063	Ptpn2	7.094	4	1	2	1.0	0.0	7.094
HDGR2_RAT	171073	Hdgfl2	7.094	4	1	0	1.0	0.0	7.094
D3ZP43_RAT	171299	Foxd1	7.094	4	1	0	1.0	0.0	7.094
PDLI7_RAT	286908	Pdlim7	7.094	4	1	1	1.0	0.0	7.094
K1C39_RAT	303523	Krt39	7.094	4	1	1	1.0	0.0	7.094
ATCAY_RAT	362826	Atcay	7.094	4	1	2	1.0	0.0	7.094
A7ISD5_RAT	100124593	Cxcr6	7.094	4	1	0	1.0	0.0	7.094
Q06884_RAT	25642	Cyp3a23/3a1	7.087	791	3	0	1.477	0.0	4.798
AOC3_RAT	29473	Aoc3	7.082	179	2	2	1.301	0.0	5.443
NRG1_RAT	112400	Nrg1	7.082	179	2	1	1.301	0.0	5.443
A0A0G2JW78_RAT	24705	Rara	7.079	180	2	0	1.301	0.0	5.441
MTPN_RAT	79215	Mtpn	7.072	810	3	0	1.477	0.0	4.788
MRP2_RAT	25303	Abcc2	7.055	832	3	0	1.477	0.0	4.776
F1M9G7_RAT	54244	Crebbp	7.051	189	2	4	1.301	0.0	5.42
TGFA_RAT	24827	Tgfa	7.049	840	3	0	1.477	0.0	4.772
NR1I3_RAT	65035	Nr1i3	7.04	193	2	0	1.301	0.0	5.411
PLGF_RAT	94203	Pgf	7.04	193	2	0	1.301	0.0	5.411
VGFR2_RAT	25589	Kdr	7.036	857	3	1	1.477	0.0	4.763
RET4_RAT	25703	Rbp4	7.014	202	2	0	1.301	0.0	5.391
MYPT1_RAT	116670	Ppp1r12a	7.011	203	2	0	1.301	0.0	5.389
PSPB_RAT	192155	Sftpb	7.011	203	2	0	1.301	0.0	5.389
HSP7C_RAT	24468	Hspa8	7.008	204	2	0	1.301	0.0	5.387
SC6A4_RAT	25553	Slc6a4	7.003	902	3	5	1.477	0.0	4.741
TRDN_RAT	59299	Trdn	6.997	5	1	1	1.0	0.0	6.997
A0A0H2UHA7_RAT	60577	Slc15a2	6.997	5	1	0	1.0	0.0	6.997
A0A0G2K6T4_RAT	114089	Inpp5e	6.997	5	1	0	1.0	0.0	6.997
RX_RAT	114213	Rax	6.997	5	1	1	1.0	0.0	6.997
GCSH_RAT	171133	Gcsh	6.997	5	1	0	1.0	0.0	6.997
NLRP6_RAT	171390	Nlrp6	6.997	5	1	1	1.0	0.0	6.997
LOXL2_RAT	290350	Loxl2	6.997	5	1	0	1.0	0.0	6.997
GGN_RAT	292765	Ggn	6.997	5	1	0	1.0	0.0	6.997
Q6MGA2_RAT	365542	RT1-DOb	6.997	5	1	0	1.0	0.0	6.997
CO1A1_RAT	29393	Col1a1	6.995	209	2	2	1.301	0.0	5.376
B2CL1_RAT	24888	Bcl2l1	6.986	927	3	1	1.477	0.0	4.729
Q6MFX9_RAT	24558	Mog	6.984	213	2	4	1.301	0.0	5.368
SYUA_RAT	29219	Snca	6.981	214	2	5	1.301	0.0	5.366
PPARA_RAT	25747	Ppara	6.974	2202	4	1	1.602	0.0	4.353
KCNA4_RAT	25469	Kcna4	6.963	221	2	0	1.301	0.0	5.352
CAN2_RAT	29154	Capn2	6.96	222	2	2	1.301	0.0	5.35
BKRB1_RAT	81509	Bdkrb1	6.96	222	2	0	1.301	0.0	5.35
AQP5_RAT	25241	Aqp5	6.948	227	2	0	1.301	0.0	5.34
PE2R3_RAT	24929	Ptger3	6.941	230	2	1	1.301	0.0	5.335
ELN_RAT	25043	Eln	6.94	996	3	1	1.477	0.0	4.698
G3V6V3_RAT	24826	Tg	6.938	231	2	0	1.301	0.0	5.333
THY1_RAT	24832	Thy1	6.933	1007	3	1	1.477	0.0	4.693
ANXA3_RAT	25291	Anxa3	6.926	236	2	0	1.301	0.0	5.323
SCN2B_RAT	25349	Scn2b	6.918	6	1	0	1.0	0.0	6.918
UBD_RAT	29168	Ubd	6.918	6	1	0	1.0	0.0	6.918
Q5EBC0_RAT	54404	Itih4	6.918	6	1	0	1.0	0.0	6.918
Q6IRJ7_RAT	155423	Anxa7	6.918	6	1	0	1.0	0.0	6.918
Q91ZK1_RAT	156726	Runx3	6.918	6	1	0	1.0	0.0	6.918
SYCN_RAT	245917	Sycn	6.918	6	1	0	1.0	0.0	6.918
Q5PPP2_RAT	288593	Ccl24	6.918	6	1	0	1.0	0.0	6.918
MYPC_RAT	295929	Mybpc3	6.918	6	1	1	1.0	0.0	6.918
G3V6K7_RAT	295953	Rag2	6.918	6	1	1	1.0	0.0	6.918
D4AB29_RAT	310836	Abca4	6.918	6	1	1	1.0	0.0	6.918
D4AE17_RAT	311743	Map3k20	6.918	6	1	0	1.0	0.0	6.918
H9N1L3_RAT	314423	Bcl11b	6.918	6	1	0	1.0	0.0	6.918
D3ZRU9_RAT	316344	Rev1	6.918	6	1	0	1.0	0.0	6.918
G3V915_RAT	359726	Rnasel	6.918	6	1	0	1.0	0.0	6.918
CLC4D_RAT	362432	Clec4d	6.918	6	1	1	1.0	0.0	6.918
ACHA2_RAT	170945	Chrna2	6.916	1033	3	0	1.477	0.0	4.682
SL9A2_RAT	24783	Slc9a2	6.884	254	2	0	1.301	0.0	5.292
KCNA5_RAT	25470	Kcna5	6.858	266	2	0	1.301	0.0	5.271
Q6AYW2_RAT	24616	Pah	6.852	269	2	0	1.301	0.0	5.267
Q9QX71_RAT	60575	Napsa	6.851	7	1	1	1.0	0.0	6.851
Q925D2_RAT	114496	Bik	6.851	7	1	0	1.0	0.0	6.851
BSND_RAT	192675	Bsnd	6.851	7	1	1	1.0	0.0	6.851
Q8CF99_RAT	286926	Tfpi2	6.851	7	1	1	1.0	0.0	6.851
WDR35_RAT	503018	Wdr35	6.851	7	1	1	1.0	0.0	6.851
E9PU07_RAT	100361909	Ear1	6.851	7	1	0	1.0	0.0	6.851
ITPR1_RAT	25262	Itpr1	6.842	274	2	1	1.301	0.0	5.259
INHBA_RAT	29200	Inhba	6.835	277	2	0	1.301	0.0	5.254
AGTRA_RAT	24180	Agtr1	6.826	2723	4	2	1.602	0.0	4.261
CO6_RAT	24237	C6	6.823	283	2	0	1.301	0.0	5.245
CP17A_RAT	25146	Cyp17a1	6.823	283	2	0	1.301	0.0	5.245
O35849_RAT	24530	Lcat	6.804	293	2	0	1.301	0.0	5.229
D3ZVM6_RAT	311426	Siglec1	6.793	8	1	1	1.0	0.0	6.793
F1M4A4_RAT	363288	Kif1a	6.793	8	1	5	1.0	0.0	6.793
FOXO1_RAT	84482	Foxo1	6.787	302	2	3	1.301	0.0	5.216
AGTR2_RAT	24182	Agtr2	6.786	1265	3	2	1.477	0.0	4.594
OSTP_RAT	25353	Spp1	6.773	1292	3	2	1.477	0.0	4.585
BAD_RAT	64639	Bad	6.768	312	2	0	1.301	0.0	5.202
CEBPA_RAT	24252	Cebpa	6.761	316	2	0	1.301	0.0	5.197
O70253_RAT	25756	Cpt1b	6.757	318	2	0	1.301	0.0	5.194
SMAD7_RAT	81516	Smad7	6.754	320	2	0	1.301	0.0	5.191
SYPH_RAT	24804	Syp	6.752	1333	3	4	1.477	0.0	4.571
IGF2_RAT	24483	Igf2	6.751	1337	3	0	1.477	0.0	4.57
CP2E1_RAT	25086	Cyp2e1	6.745	1349	3	0	1.477	0.0	4.566
KHDR1_RAT	117268	Khdrbs1	6.743	326	2	5	1.301	0.0	5.183
TGM1_RAT	60335	Tgm1	6.742	9	1	0	1.0	0.0	6.742
Q75T81_RAT	114518	Slc7a10	6.742	9	1	0	1.0	0.0	6.742
PP4C_RAT	171366	Ppp4c	6.742	9	1	0	1.0	0.0	6.742
D4A8I8_RAT	291526	Poli	6.742	9	1	0	1.0	0.0	6.742
D4A7Q2_RAT	292409	Fpr1	6.742	9	1	2	1.0	0.0	6.742
D3ZIH1_RAT	314480	Gpr132	6.742	9	1	0	1.0	0.0	6.742
TKFC_RAT	361730	Tkfc	6.742	9	1	0	1.0	0.0	6.742
E5RQ38_RAT	687001	Hdac9	6.742	9	1	1	1.0	0.0	6.742
A6HIS0_RAT	688173	Tcap	6.742	9	1	0	1.0	0.0	6.742
GSK3B_RAT	84027	Gsk3b	6.737	1366	3	2	1.477	0.0	4.561
SDHL_RAT	25044	Sds	6.723	338	2	0	1.301	0.0	5.167
PRPH2_RAT	25534	Prph2	6.696	10	1	0	1.0	0.0	6.696
DGKG_RAT	25666	Dgkg	6.696	10	1	0	1.0	0.0	6.696
TPP2_RAT	81815	Tpp2	6.696	10	1	0	1.0	0.0	6.696
Q3MID9_RAT	83525	Ogfr	6.696	10	1	1	1.0	0.0	6.696
PEX6_RAT	117265	Pex6	6.696	10	1	1	1.0	0.0	6.696
COX5A_RAT	252934	Cox5a	6.696	10	1	1	1.0	0.0	6.696
Q5FWS5_RAT	315714	Loxl1	6.696	10	1	1	1.0	0.0	6.696
Q5PPN0_RAT	316626	Hes6	6.696	10	1	0	1.0	0.0	6.696
C5AR2_RAT	445269	C5ar2	6.696	10	1	3	1.0	0.0	6.696
Q6AYU9_RAT	25296	Bmp4	6.695	355	2	0	1.301	0.0	5.146
SYT1_RAT	25716	Syt1	6.694	1459	3	3	1.477	0.0	4.532
G3V6W8_RAT	85272	Bmp7	6.69	358	2	0	1.301	0.0	5.142
SHBG_RAT	24775	Shbg	6.689	359	2	0	1.301	0.0	5.141
GON1_RAT	25194	Gnrh1	6.672	3398	4	0	1.602	0.0	4.165
Q64315_RAT	114851	Cdkn1a	6.67	371	2	0	1.301	0.0	5.127
GHSR_RAT	84022	Ghsr	6.669	372	2	3	1.301	0.0	5.126
UCP3_RAT	25708	Ucp3	6.664	375	2	0	1.301	0.0	5.122
ALDOC_RAT	24191	Aldoc	6.655	11	1	1	1.0	0.0	6.655
G3V757_RAT	60670	Fut4	6.655	11	1	0	1.0	0.0	6.655
TNFL4_RAT	89814	Tnfsf4	6.655	11	1	0	1.0	0.0	6.655
LENEP_RAT	113917	Lenep	6.655	11	1	0	1.0	0.0	6.655
Q9ERE0_RAT	117518	Ccl17	6.655	11	1	0	1.0	0.0	6.655
F1LM22_RAT	24862	Ugt2b	6.643	389	2	0	1.301	0.0	5.106
SCF_RAT	60427	Kitlg	6.638	393	2	0	1.301	0.0	5.102
LEPR_RAT	24536	Lepr	6.635	395	2	0	1.301	0.0	5.1
UCHL1_RAT	29545	Uchl1	6.628	400	2	2	1.301	0.0	5.094
TRY1_RAT	24691	Prss1	6.617	12	1	0	1.0	0.0	6.617
CAPS1_RAT	26989	Cadps	6.617	12	1	0	1.0	0.0	6.617
PO121_RAT	113975	Pom121	6.617	12	1	0	1.0	0.0	6.617
SULF1_RAT	171396	Sulf1	6.617	12	1	1	1.0	0.0	6.617
G3V615_RAT	294257	Cfb	6.617	12	1	0	1.0	0.0	6.617
T53I1_RAT	297822	Trp53inp1	6.617	12	1	0	1.0	0.0	6.617
Q5U2Q8_RAT	312981	Asph	6.617	12	1	0	1.0	0.0	6.617
AKA7G_RAT	361458	Akap7	6.617	12	1	2	1.0	0.0	6.617
G3V7Q7_RAT	361598	Iqgap1	6.617	12	1	0	1.0	0.0	6.617
Q6PED1_RAT	81780	Ccl5	6.602	419	2	0	1.301	0.0	5.074
THIO_RAT	116484	Txn	6.6	420	2	3	1.301	0.0	5.073
GHR_RAT	25235	Ghr	6.595	424	2	0	1.301	0.0	5.069
GRP_RAT	171101	Grp	6.591	427	2	0	1.301	0.0	5.066
SNP25_RAT	25012	Snap25	6.582	434	2	0	1.301	0.0	5.059
Q3MID6_RAT	64366	Calu	6.582	13	1	2	1.0	0.0	6.582
NSMA2_RAT	94338	Smpd3	6.582	13	1	2	1.0	0.0	6.582
DMBT1_RAT	170568	Dmbt1	6.582	13	1	1	1.0	0.0	6.582
Q99ME0_RAT	246358	Ppbp	6.582	13	1	0	1.0	0.0	6.582
D3ZBN3_RAT	366492	Epha2	6.582	13	1	1	1.0	0.0	6.582
CCKAR_RAT	24889	Cckar	6.574	440	2	0	1.301	0.0	5.053
CDN2A_RAT	25163	Cdkn2a	6.565	447	2	0	1.301	0.0	5.046
P70521_RAT	24566	Mst1	6.55	14	1	0	1.0	0.0	6.55
KLRD1_RAT	25110	Klrd1	6.55	14	1	0	1.0	0.0	6.55
ATP5J_RAT	94271	Atp5j	6.55	14	1	0	1.0	0.0	6.55
ACSL5_RAT	94340	Acsl5	6.55	14	1	2	1.0	0.0	6.55
SPG11_RAT	246305	Spag11	6.55	14	1	0	1.0	0.0	6.55
B5BUZ1_RAT	502902	Clec7a	6.55	14	1	2	1.0	0.0	6.55
SLC31_RAT	29484	Slc3a1	6.521	483	2	0	1.301	0.0	5.012
ITA1_RAT	25118	Itga1	6.52	15	1	0	1.0	0.0	6.52
CALD1_RAT	25687	Cald1	6.52	15	1	0	1.0	0.0	6.52
NCTR1_RAT	117547	Ncr1	6.52	15	1	0	1.0	0.0	6.52
GBP2_RAT	171164	Gbp2	6.52	15	1	0	1.0	0.0	6.52
EMAL2_RAT	192360	Eml2	6.52	15	1	0	1.0	0.0	6.52
Q8CJE3_RAT	266714	Myo7a	6.52	15	1	0	1.0	0.0	6.52
FFAR2_RAT	292794	Ffar2	6.52	15	1	0	1.0	0.0	6.52
B5DEH7_RAT	312705	C1r	6.52	15	1	2	1.0	0.0	6.52
PCAT1_RAT	361467	Lpcat1	6.52	15	1	0	1.0	0.0	6.52
PTHR_RAT	24695	Pthlh	6.512	491	2	0	1.301	0.0	5.005
G3V7K3_RAT	24268	Cp	6.497	504	2	0	1.301	0.0	4.994
SPB5_RAT	116589	Serpinb5	6.492	16	1	1	1.0	0.0	6.492
PLK1_RAT	25515	Plk1	6.466	17	1	0	1.0	0.0	6.466
NGN1_RAT	29410	Neurog1	6.466	17	1	0	1.0	0.0	6.466
UBE2B_RAT	81816	Ube2b	6.466	17	1	0	1.0	0.0	6.466
G3V7P2_RAT	84586	Fgl2	6.466	17	1	0	1.0	0.0	6.466
PRDX4_RAT	85274	Prdx4	6.466	17	1	0	1.0	0.0	6.466
Q6MGC8_RAT	140926	Daxx	6.466	17	1	1	1.0	0.0	6.466
OAS1A_RAT	192281	Oas1a	6.466	17	1	0	1.0	0.0	6.466
PGPI_RAT	290648	Pgpep1	6.466	17	1	0	1.0	0.0	6.466
EGLN2_RAT	308457	Egln2	6.466	17	1	0	1.0	0.0	6.466
FOXA3_RAT	25100	Foxa3	6.441	18	1	0	1.0	0.0	6.441
LAMB2_RAT	25473	Lamb2	6.441	18	1	0	1.0	0.0	6.441
C1QBP_RAT	29681	C1qbp	6.441	18	1	0	1.0	0.0	6.441
CD8B_RAT	24931	Cd8b	6.418	19	1	0	1.0	0.0	6.418
ADT2_RAT	25176	Slc25a5	6.418	19	1	3	1.0	0.0	6.418
DUOX2_RAT	79107	Duox2	6.418	19	1	0	1.0	0.0	6.418
WIF1_RAT	114557	Wif1	6.418	19	1	3	1.0	0.0	6.418
IL1R2_RAT	117022	Il1r2	6.418	19	1	0	1.0	0.0	6.418
G3V7H9_RAT	117097	Gpr50	6.418	19	1	0	1.0	0.0	6.418
G3V638_RAT	171075	Fcer2	6.418	19	1	0	1.0	0.0	6.418
Q6B328_RAT	290856	Defa24	6.418	19	1	0	1.0	0.0	6.418
Q3SWU2_RAT	293624	Irf7	6.418	19	1	0	1.0	0.0	6.418
RNLS_RAT	361751	Rnls	6.418	19	1	0	1.0	0.0	6.418
CP7A1_RAT	25428	Cyp7a1	6.404	594	2	0	1.301	0.0	4.923
CRF_RAT	81648	Crh	6.397	5046	4	0	1.602	0.0	3.993
A0A0G2JV79_RAT	24546	Slco2a1	6.395	20	1	0	1.0	0.0	6.395
Q5U334_RAT	25066	PVR	6.395	20	1	0	1.0	0.0	6.395
CBLB_RAT	171136	Cblb	6.395	20	1	2	1.0	0.0	6.395
F1LNP8_RAT	192183	Nectin1	6.395	20	1	2	1.0	0.0	6.395
NR2C1_RAT	252924	Nr2c1	6.395	20	1	0	1.0	0.0	6.395
CRFR1_RAT	58959	Crhr1	6.382	618	2	1	1.301	0.0	4.905
S100B_RAT	25742	S100b	6.38	620	2	0	1.301	0.0	4.904
SIAT1_RAT	25197	St6gal1	6.374	21	1	0	1.0	0.0	6.374
AVR2A_RAT	29263	Acvr2a	6.374	21	1	0	1.0	0.0	6.374
TCTP_RAT	116646	Tpt1	6.374	21	1	0	1.0	0.0	6.374
D4A4I9_RAT	116996	Il16	6.374	21	1	0	1.0	0.0	6.374
B0BN51_RAT	171365	Snrpb	6.374	21	1	0	1.0	0.0	6.374
INS1_RAT	24505	Ins1	6.369	632	2	0	1.301	0.0	4.896
IAPP_RAT	24476	Iapp	6.364	638	2	1	1.301	0.0	4.891
SMAD2_RAT	29357	Smad2	6.364	638	2	1	1.301	0.0	4.891
CNTF_RAT	25707	Cntf	6.36	643	2	1	1.301	0.0	4.888
FAAA_RAT	29383	Fah	6.354	22	1	0	1.0	0.0	6.354
CNN1_RAT	65204	Cnn1	6.354	22	1	0	1.0	0.0	6.354
DNJC5_RAT	79130	Dnajc5	6.354	22	1	0	1.0	0.0	6.354
PNOC_RAT	25516	Pnoc	6.352	652	2	0	1.301	0.0	4.882
CNR2_RAT	57302	Cnr2	6.351	653	2	3	1.301	0.0	4.881
PDIA4_RAT	116598	Pdia4	6.335	23	1	2	1.0	0.0	6.335
K1C9_RAT	266717	Krt9	6.335	23	1	0	1.0	0.0	6.335
MK03_RAT	50689	Mapk3	6.328	5566	4	5	1.602	0.0	3.95
CNGA2_RAT	25411	Cnga2	6.316	24	1	0	1.0	0.0	6.316
G3V6K1_RAT	64365	Tcn2	6.316	24	1	0	1.0	0.0	6.316
GRIP1_RAT	84016	Grip1	6.316	24	1	0	1.0	0.0	6.316
MYLIP_RAT	306825	Mylip	6.316	24	1	1	1.0	0.0	6.316
A0A0G2JWY7_RAT	103692129	Hoxa10	6.316	24	1	2	1.0	0.0	6.316
GIT1_RAT	83709	Git1	6.298	25	1	0	1.0	0.0	6.298
FCERA_RAT	25047	Fcer1a	6.281	26	1	0	1.0	0.0	6.281
D4ABA5_RAT	289734	Smtn	6.281	26	1	1	1.0	0.0	6.281
D4A7K4_RAT	300177	Irak4	6.281	26	1	0	1.0	0.0	6.281
Q6P7B6_RAT	25186	Efnb1	6.265	27	1	0	1.0	0.0	6.265
MADCA_RAT	54266	Madcam1	6.265	27	1	0	1.0	0.0	6.265
D4A3N4_RAT	305509	Adcy1	6.265	27	1	0	1.0	0.0	6.265
Q5BMA6_RAT	367072	Arhgef12	6.265	27	1	0	1.0	0.0	6.265
PYC_RAT	25104	Pc	6.261	766	2	0	1.301	0.0	4.812
ACHB_RAT	24261	Chrnb1	6.259	768	2	1	1.301	0.0	4.811
PSB8_RAT	24968	Psmb8	6.249	28	1	0	1.0	0.0	6.249
SNAA_RAT	140673	Napa	6.249	28	1	1	1.0	0.0	6.249
MPIP1_RAT	171102	Cdc25a	6.249	28	1	0	1.0	0.0	6.249
MOT8_RAT	259248	SLC16A2	6.249	28	1	1	1.0	0.0	6.249
Q6AZ64_RAT	25019	Xrcc6	6.234	29	1	0	1.0	0.0	6.234
THIOM_RAT	79462	Txn2	6.234	29	1	4	1.0	0.0	6.234
WAP_RAT	114596	Wap	6.234	29	1	0	1.0	0.0	6.234
PR15A_RAT	171071	Ppp1r15a	6.234	29	1	0	1.0	0.0	6.234
D3Z9H7_RAT	305897	Nfatc4	6.234	29	1	0	1.0	0.0	6.234
GATA2_RAT	25159	Gata2	6.219	30	1	1	1.0	0.0	6.219
DPP4_RAT	25253	Dpp4	6.217	828	2	0	1.301	0.0	4.778
BAAT_RAT	29725	Baat	6.205	31	1	0	1.0	0.0	6.205
PSN2_RAT	81751	Psen2	6.205	31	1	1	1.0	0.0	6.205
APOD_RAT	25239	Apod	6.191	32	1	1	1.0	0.0	6.191
UGDH_RAT	83472	Ugdh	6.191	32	1	0	1.0	0.0	6.191
Q6MFX7_RAT	294204	Olr1750	6.191	32	1	0	1.0	0.0	6.191
PACA_RAT	24166	Adcyap1	6.184	877	2	0	1.301	0.0	4.753
Q642D2_RAT	24162	Acp2	6.178	33	1	0	1.0	0.0	6.178
KLK1_RAT	24594	Ngfg	6.178	33	1	0	1.0	0.0	6.178
TPM1_RAT	24851	Tpm1	6.178	33	1	0	1.0	0.0	6.178
Q6P9V1_RAT	25621	Cd81	6.178	33	1	5	1.0	0.0	6.178
PLCG2_RAT	29337	Plcg2	6.178	33	1	0	1.0	0.0	6.178
GALT_RAT	298003	Galt	6.178	33	1	0	1.0	0.0	6.178
Q5U3Z2_RAT	299626	Gadd45b	6.178	33	1	4	1.0	0.0	6.178
F1LSL2_RAT	116555	Nup107	6.165	34	1	0	1.0	0.0	6.165
Q8CH92_RAT	266805	Has3	6.165	34	1	0	1.0	0.0	6.165
K1C13_RAT	287699	Krt13	6.165	34	1	0	1.0	0.0	6.165
AP5B1_RAT	361709	Ap5b1	6.165	34	1	1	1.0	0.0	6.165
MAL_RAT	25263	Mal	6.152	35	1	0	1.0	0.0	6.152
ACOT1_RAT	50559	Acot1	6.152	35	1	0	1.0	0.0	6.152
Q68FT8_RAT	287527	Serpinf2	6.152	35	1	0	1.0	0.0	6.152
Q6AYN0_RAT	366473	Azin2	6.152	35	1	0	1.0	0.0	6.152
DPYL3_RAT	25418	Dpysl3	6.14	36	1	0	1.0	0.0	6.14
TDRD7_RAT	85425	Tdrd7	6.14	36	1	7	1.0	0.0	6.14
CYTS_RAT	296234	Cst4	6.14	36	1	0	1.0	0.0	6.14
ZN667_RAT	308326	Znf667	6.14	36	1	0	1.0	0.0	6.14
PPID_RAT	361967	Ppid	6.14	36	1	0	1.0	0.0	6.14
PARP1_RAT	25591	Parp1	6.129	967	2	0	1.301	0.0	4.711
RED_RAT	291659	Ik	6.128	37	1	0	1.0	0.0	6.128
F1LNJ1_RAT	300160	Lrrk2	6.128	37	1	4	1.0	0.0	6.128
AT1A1_RAT	24211	Atp1a1	6.117	38	1	0	1.0	0.0	6.117
ID3_RAT	25585	Id3	6.117	38	1	0	1.0	0.0	6.117
GRIA1_RAT	50592	Gria1	6.117	987	2	5	1.301	0.0	4.702
MMP10_RAT	117061	Mmp10	6.117	38	1	0	1.0	0.0	6.117
Q5PQK5_RAT	315655	Rdx	6.117	38	1	0	1.0	0.0	6.117
HMDH_RAT	25675	Hmgcr	6.108	1003	2	1	1.301	0.0	4.695
TPIS_RAT	24849	Tpi1	6.105	39	1	1	1.0	0.0	6.105
FA10_RAT	29243	F10	6.105	39	1	0	1.0	0.0	6.105
SFRP4_RAT	89803	Sfrp4	6.105	39	1	0	1.0	0.0	6.105
JAM1_RAT	116479	F11r	6.105	39	1	1	1.0	0.0	6.105
A0A0G2K910_RAT	306792	S1pr3	6.105	39	1	4	1.0	0.0	6.105
R9W7X6_RAT	100361092	Malrd1	6.105	39	1	0	1.0	0.0	6.105
SMR1_RAT	24867	Vcsa1	6.094	40	1	0	1.0	0.0	6.094
MMP11_RAT	25481	Mmp11	6.094	40	1	0	1.0	0.0	6.094
CAN3_RAT	29155	Capn3	6.094	40	1	1	1.0	0.0	6.094
PGCA_RAT	58968	Acan	6.094	40	1	0	1.0	0.0	6.094
B0BNJ1_RAT	683667	Sri	6.094	40	1	0	1.0	0.0	6.094
NRAM2_RAT	25715	Slc11a2	6.084	41	1	1	1.0	0.0	6.084
CAP1_RAT	64185	Cap1	6.084	41	1	0	1.0	0.0	6.084
RPAB2_RAT	83503	Polr2f	6.084	41	1	0	1.0	0.0	6.084
EPCAM_RAT	171577	Epcam	6.084	41	1	0	1.0	0.0	6.084
DTNB_RAT	362715	Dtnb	6.084	41	1	0	1.0	0.0	6.084
ELAV1_RAT	363854	Elavl1	6.084	41	1	0	1.0	0.0	6.084
Q7TQN4_RAT	309165	Rela	6.083	1049	2	2	1.301	0.0	4.676
IRS1_RAT	25467	Irs1	6.081	1053	2	0	1.301	0.0	4.674
CD24_RAT	25145	Cd24	6.073	42	1	0	1.0	0.0	6.073
LTC4S_RAT	114097	Ltc4s	6.073	42	1	0	1.0	0.0	6.073
S38A3_RAT	252919	Slc38a3	6.073	42	1	0	1.0	0.0	6.073
AOFB_RAT	25750	Maob	6.066	1081	2	0	1.301	0.0	4.662
PRGC2_RAT	291567	Ppargc1b	6.063	43	1	0	1.0	0.0	6.063
B5DEH3_RAT	303499	Sp2	6.063	43	1	0	1.0	0.0	6.063
G3V6X6_RAT	500836	Il22	6.063	43	1	1	1.0	0.0	6.063
LEF1_RAT	161452	Lef1	6.034	46	1	2	1.0	0.0	6.034
VKOR1_RAT	309004	Vkorc1	6.034	46	1	0	1.0	0.0	6.034
D3ZT94_RAT	689388	Ptx3	6.034	46	1	0	1.0	0.0	6.034
NTF3_RAT	81737	Ntf3	6.024	1165	2	0	1.301	0.0	4.63
NTRK2_RAT	25054	Ntrk2	6.023	1166	2	4	1.301	0.0	4.629
RAB7A_RAT	29448	Rab7a	6.015	48	1	0	1.0	0.0	6.015
ITF2_RAT	84382	Tcf4	6.015	48	1	0	1.0	0.0	6.015
SYF2_RAT	170933	Syf2	6.015	48	1	1	1.0	0.0	6.015
P97601_RAT	25462	Hspe1	6.006	49	1	0	1.0	0.0	6.006
LT4R1_RAT	59264	Ltb4r	6.006	49	1	0	1.0	0.0	6.006
TRPV5_RAT	116469	Trpv5	6.006	49	1	0	1.0	0.0	6.006
IL2RA_RAT	25704	Il2ra	5.997	50	1	0	1.0	0.0	5.997
PO3F4_RAT	29589	Pou3f4	5.997	50	1	0	1.0	0.0	5.997
ATP5S_RAT	362749	Atp5s	5.997	50	1	0	1.0	0.0	5.997
FKB1B_RAT	58950	Fkbp1b	5.989	51	1	0	1.0	0.0	5.989
MCP_RAT	29333	Cd46	5.98	52	1	0	1.0	0.0	5.98
SHC1_RAT	85385	Shc1	5.98	52	1	1	1.0	0.0	5.98
D3ZNT6_RAT	366949	Mafa	5.972	53	1	6	1.0	0.0	5.972
B2GV31_RAT	24571	Muc1	5.964	54	1	0	1.0	0.0	5.964
KPCZ_RAT	25522	Prkcz	5.964	54	1	0	1.0	0.0	5.964
DDAH2_RAT	294239	Ddah2	5.964	54	1	0	1.0	0.0	5.964
GNDS_RAT	29622	Ralgds	5.956	55	1	0	1.0	0.0	5.956
HDAC3_RAT	84578	Hdac3	5.956	55	1	2	1.0	0.0	5.956
F6QBA3_RAT	298199	Plin2	5.956	55	1	0	1.0	0.0	5.956
Q5PQU1_RAT	24903	Kng2	5.948	56	1	0	1.0	0.0	5.948
Q9JHK1_RAT	58918	Casp9	5.934	1365	2	1	1.301	0.0	4.561
DNM1L_RAT	114114	Dnm1l	5.932	100	1	10	1.0	0.041	5.696
DLG1_RAT	25252	Dlg1	5.926	59	1	1	1.0	0.0	5.926
E2AK2_RAT	54287	Eif2ak2	5.926	59	1	0	1.0	0.0	5.926
F16P1_RAT	24362	Fbp1	5.918	60	1	0	1.0	0.0	5.918
TFF1_RAT	117270	Tff1	5.918	60	1	0	1.0	0.0	5.918
Q6T5F0_RAT	574523	Ugt1a5	5.918	60	1	0	1.0	0.0	5.918
TIMP4_RAT	680130	Timp4	5.911	61	1	0	1.0	0.0	5.911
ASGR1_RAT	24210	Asgr1	5.904	62	1	0	1.0	0.0	5.904
Q5U342_RAT	81525	Nfkbib	5.897	63	1	0	1.0	0.0	5.897
M0RAY4_RAT	252835	Gdf5	5.897	63	1	1	1.0	0.0	5.897
CNTFR_RAT	313173	Cntfr	5.897	63	1	0	1.0	0.0	5.897
H2B1A_RAT	24829	Hist1h2ba	5.89	64	1	0	1.0	0.0	5.89
BCAR1_RAT	25414	Bcar1	5.89	64	1	0	1.0	0.0	5.89
TRPV6_RAT	114246	Trpv6	5.89	64	1	0	1.0	0.0	5.89
HDAC4_RAT	363287	Hdac4	5.89	64	1	0	1.0	0.0	5.89
NGB_RAT	85382	Ngb	5.883	65	1	0	1.0	0.0	5.883
LPP60_RAT	246266	Aspg	5.877	66	1	0	1.0	0.0	5.877
SPIN1_RAT	361217	Spin1	5.877	66	1	0	1.0	0.0	5.877
D3ZAF5_RAT	361945	Postn	5.877	66	1	0	1.0	0.0	5.877
CXCR1_RAT	54258	Cxcr1	5.87	67	1	0	1.0	0.0	5.87
PDPN_RAT	54320	Pdpn	5.87	67	1	0	1.0	0.0	5.87
CTR2_RAT	64554	Slc7a2	5.87	67	1	0	1.0	0.0	5.87
PIP_RAT	64673	Pip	5.87	67	1	0	1.0	0.0	5.87
Q6F6B2_RAT	652956	Mpp1	5.87	67	1	0	1.0	0.0	5.87
LDHB_RAT	24534	Ldhb	5.864	68	1	0	1.0	0.0	5.864
PAK1_RAT	29431	Pak1	5.864	68	1	3	1.0	0.0	5.864
PR3B1_RAT	24283	Prl3b1	5.858	69	1	0	1.0	0.0	5.858
ID2_RAT	25587	Id2	5.858	69	1	2	1.0	0.0	5.858
Q05KR0_RAT	25663	Il1r1	5.858	69	1	3	1.0	0.0	5.858
GPX3_RAT	64317	Gpx3	5.858	69	1	1	1.0	0.0	5.858
CCGL_RAT	245953	Tmem37	5.858	69	1	1	1.0	0.0	5.858
SDC4_RAT	24771	Sdc4	5.851	70	1	0	1.0	0.0	5.851
DPP2_RAT	83799	Dpp7	5.851	70	1	0	1.0	0.0	5.851
TRPV1_RAT	83810	Trpv1	5.85	1584	2	0	1.301	0.0	4.496
CAH3_RAT	54232	Ca3	5.849	5444	3	1	1.477	0.0	3.96
Q68G44_RAT	24450	Hmgcs2	5.839	72	1	0	1.0	0.0	5.839
STP1_RAT	24839	Tnp1	5.839	72	1	0	1.0	0.0	5.839
GUC2A_RAT	25656	Guca2a	5.839	72	1	0	1.0	0.0	5.839
Q5RK17_RAT	288753	Diablo	5.839	72	1	0	1.0	0.0	5.839
D3ZFJ0_RAT	298947	Pik3cg	5.832	1636	2	4	1.301	0.0	4.482
B3A2_RAT	24780	Slc4a2	5.827	74	1	0	1.0	0.0	5.827
LAMP2_RAT	24944	Lamp2	5.821	75	1	3	1.0	0.0	5.821
PROC_RAT	25268	Proc	5.821	75	1	0	1.0	0.0	5.821
PGS2_RAT	29139	Dcn	5.821	75	1	0	1.0	0.0	5.821
P97706_RAT	64155	Scn7a	5.821	75	1	0	1.0	0.0	5.821
VGFR3_RAT	114110	Flt4	5.821	75	1	0	1.0	0.0	5.821
PRDX1_RAT	117254	Prdx1	5.816	76	1	0	1.0	0.0	5.816
Q66HB1_RAT	117526	Tbp	5.816	76	1	0	1.0	0.0	5.816
D3ZU13_RAT	287986	Eif4g1	5.816	76	1	0	1.0	0.0	5.816
FST_RAT	24373	Fst	5.81	77	1	0	1.0	0.0	5.81
GALP_RAT	64568	Galp	5.81	77	1	0	1.0	0.0	5.81
ATG7_RAT	312647	Atg7	5.81	77	1	5	1.0	0.0	5.81
Q3V5G8_RAT	25648	Slc7a1	5.804	78	1	0	1.0	0.0	5.804
CD40L_RAT	84349	Cd40lg	5.804	78	1	0	1.0	0.0	5.804
COQ9_RAT	498909	Coq9	5.804	78	1	0	1.0	0.0	5.804
CLCN2_RAT	29232	Clcn2	5.799	79	1	0	1.0	0.0	5.799
G3V6U5_RAT	29588	Pou3f2	5.799	79	1	0	1.0	0.0	5.799
G3V933_RAT	24316	Drd1	5.793	80	1	0	1.0	0.0	5.793
CNTN2_RAT	25356	Cntn2	5.793	80	1	0	1.0	0.0	5.793
AT2B1_RAT	29598	Atp2b1	5.793	80	1	0	1.0	0.0	5.793
METH_RAT	81522	Mtr	5.793	80	1	0	1.0	0.0	5.793
XPO1_RAT	85252	Xpo1	5.793	80	1	0	1.0	0.0	5.793
ARLY_RAT	59085	Asl	5.788	81	1	0	1.0	0.0	5.788
CXCL3_RAT	171551	Cxcl3	5.788	81	1	1	1.0	0.0	5.788
GTR4_RAT	25139	Slc2a4	5.777	1801	2	1	1.301	0.0	4.44
MERTK_RAT	65037	Mertk	5.777	83	1	0	1.0	0.0	5.777
DAD1_RAT	192275	Dad1	5.772	84	1	0	1.0	0.0	5.772
Q69DC0_RAT	246060	Cdkn1c	5.772	84	1	1	1.0	0.0	5.772
VGLU3_RAT	266767	Slc17a8	5.772	84	1	0	1.0	0.0	5.772
GELS_RAT	296654	Gsn	5.772	84	1	0	1.0	0.0	5.772
CAN8_RAT	170808	Capn8	5.767	85	1	0	1.0	0.0	5.767
G3V8G8_RAT	292866	Klk1c8	5.767	85	1	0	1.0	0.0	5.767
HEM6_RAT	304024	Cpox	5.767	85	1	0	1.0	0.0	5.767
ARI4B_RAT	84481	Arid4b	5.762	86	1	0	1.0	0.0	5.762
CO9_RAT	117512	C9	5.762	86	1	0	1.0	0.0	5.762
CSK_RAT	315707	Csk	5.762	86	1	0	1.0	0.0	5.762
MK10_RAT	25272	Mapk10	5.757	87	1	0	1.0	0.0	5.757
NTCP2_RAT	29500	Slc10a2	5.757	87	1	0	1.0	0.0	5.757
B2RZ31_RAT	293615	Sirt3	5.757	87	1	2	1.0	0.0	5.757
PMP22_RAT	24660	Pmp22	5.747	89	1	0	1.0	0.0	5.747
D4A563_RAT	315686	Peak1	5.742	90	1	0	1.0	0.0	5.742
TRPV2_RAT	29465	Trpv2	5.737	91	1	0	1.0	0.0	5.737
Q68FY4_RAT	24384	Gc	5.733	92	1	0	1.0	0.0	5.733
CAN1_RAT	29153	Capn1	5.733	92	1	0	1.0	0.0	5.733
P2RX5_RAT	113995	P2rx5	5.733	92	1	0	1.0	0.0	5.733
Q66HT1_RAT	24190	Aldob	5.728	93	1	0	1.0	0.0	5.728
IL15_RAT	25670	Il15	5.728	93	1	1	1.0	0.0	5.728
SAST_RAT	64669	Olah	5.728	93	1	0	1.0	0.0	5.728
PPLA_RAT	64672	Pln	5.728	93	1	0	1.0	0.0	5.728
G3V8X8_RAT	25495	Nog	5.723	94	1	1	1.0	0.0	5.723
I23O1_RAT	66029	Ido1	5.723	94	1	0	1.0	0.0	5.723
F1M9X2_RAT	171459	Gp2	5.723	94	1	0	1.0	0.0	5.723
OSTCN_RAT	25295	Bglap	5.722	1988	2	3	1.301	0.0	4.398
UTER_RAT	25575	Scgb1a1	5.719	95	1	0	1.0	0.0	5.719
DHB3_RAT	117182	Hsd17b3	5.719	95	1	0	1.0	0.0	5.719
B1WBX9_RAT	83681	Cish	5.71	97	1	0	1.0	0.0	5.71
A0A0H2UI02_RAT	314621	Stk11	5.705	98	1	1	1.0	0.0	5.705
PTGIS_RAT	25527	Ptgis	5.701	99	1	0	1.0	0.0	5.701
Q5XIS0_RAT	365601	Atg5	5.701	99	1	0	1.0	0.0	5.701
Q5U330_RAT	497757	Gucy1a3	5.701	99	1	0	1.0	0.0	5.701
HSP74_RAT	266759	Hspa4	5.696	100	1	0	1.0	0.0	5.696
FOXA2_RAT	25099	Foxa2	5.692	101	1	0	1.0	0.0	5.692
AKT2_RAT	25233	Akt2	5.692	101	1	1	1.0	0.0	5.692
CABIN_RAT	94165	Cabin1	5.692	101	1	1	1.0	0.0	5.692
Q91ZM0_RAT	84494	Trpc4	5.688	102	1	2	1.0	0.0	5.688
VEGFC_RAT	114111	Vegfc	5.688	102	1	1	1.0	0.0	5.688
Q6IRL2_RAT	64476	LOC100911485	5.684	103	1	0	1.0	0.0	5.684
E2F1_RAT	399489	E2f1	5.684	103	1	1	1.0	0.0	5.684
Q9ERV8_RAT	25221	Sry	5.675	105	1	1	1.0	0.0	5.675
TA2R_RAT	24816	Tbxa2r	5.667	107	1	0	1.0	0.0	5.667
PLD1_RAT	25096	Pld1	5.667	107	1	0	1.0	0.0	5.667
KLK2_RAT	24841	Klk2	5.659	109	1	0	1.0	0.0	5.659
YBOX1_RAT	500538	Ybx1	5.659	109	1	0	1.0	0.0	5.659
KPYR_RAT	24651	Pklr	5.651	111	1	0	1.0	0.0	5.651
HEM1_RAT	65155	Alas1	5.651	111	1	0	1.0	0.0	5.651
GLSK_RAT	24398	Gls	5.643	113	1	0	1.0	0.0	5.643
F1M7P4_RAT	24688	Prph	5.643	113	1	0	1.0	0.0	5.643
ATTY_RAT	24813	Tat	5.643	113	1	2	1.0	0.0	5.643
A1AT_RAT	24648	Serpina1	5.636	115	1	0	1.0	0.0	5.636
LEG1_RAT	56646	Lgals1	5.632	116	1	1	1.0	0.0	5.632
KNG1_RAT	25087	Kng1	5.628	117	1	0	1.0	0.0	5.628
IOD2_RAT	65162	Dio2	5.624	118	1	1	1.0	0.0	5.624
A1YKY4_RAT	170896	Ucn2	5.624	118	1	0	1.0	0.0	5.624
PGS1_RAT	25181	Bgn	5.621	119	1	0	1.0	0.0	5.621
CNTN5_RAT	114589	Cntn5	5.621	119	1	1	1.0	0.0	5.621
Q8CHK8_RAT	282817	Pycard	5.621	119	1	0	1.0	0.0	5.621
F1LMW7_RAT	25603	Marcks	5.617	120	1	0	1.0	0.0	5.617
CASP2_RAT	64314	Casp2	5.617	120	1	0	1.0	0.0	5.617
APEX1_RAT	79116	Apex1	5.617	120	1	0	1.0	0.0	5.617
FGF23_RAT	170583	Fgf23	5.617	120	1	0	1.0	0.0	5.617
CP2A1_RAT	24894	Cyp2a1	5.614	121	1	0	1.0	0.0	5.614
RBL2_RAT	81758	Rbl2	5.61	122	1	0	1.0	0.0	5.61
NAMPT_RAT	297508	Nampt	5.61	122	1	0	1.0	0.0	5.61
MMP7_RAT	25335	Mmp7	5.603	124	1	2	1.0	0.0	5.603
KCNJ2_RAT	29712	Kcnj2	5.603	124	1	0	1.0	0.0	5.603
DHSO_RAT	24788	Sord	5.599	125	1	0	1.0	0.0	5.599
AQP9_RAT	65054	Aqp9	5.599	125	1	0	1.0	0.0	5.599
D3Z9U2_RAT	312701	Cd163	5.599	125	1	0	1.0	0.0	5.599
F1LM37_RAT	117855	Sf1	5.596	126	1	4	1.0	0.0	5.596
CREM_RAT	25620	Crem	5.593	127	1	0	1.0	0.0	5.593
HCN1_RAT	84390	Hcn1	5.589	128	1	0	1.0	0.0	5.589
PCY1A_RAT	140544	Pcyt1a	5.589	128	1	0	1.0	0.0	5.589
HYEP_RAT	25315	Ephx1	5.586	129	1	0	1.0	0.0	5.586
K2C1_RAT	300250	Krt1	5.586	129	1	0	1.0	0.0	5.586
F1M077_RAT	303181	Wnt3a	5.586	129	1	0	1.0	0.0	5.586
ETS1_RAT	24356	Ets1	5.582	130	1	3	1.0	0.0	5.582
AL5AP_RAT	29624	Alox5ap	5.582	130	1	0	1.0	0.0	5.582
G3V8U2_RAT	117519	Keap1	5.582	130	1	0	1.0	0.0	5.582
NMDE4_RAT	24412	Grin2d	5.579	131	1	0	1.0	0.0	5.579
IF2A_RAT	54318	Eif2s1	5.579	131	1	0	1.0	0.0	5.579
SSR3_RAT	171044	Sstr3	5.579	131	1	0	1.0	0.0	5.579
CTF1_RAT	29201	Ctf1	5.576	132	1	0	1.0	0.0	5.576
MMP8_RAT	63849	Mmp8	5.569	134	1	0	1.0	0.0	5.569
CPSM_RAT	497840	Cps1	5.569	134	1	0	1.0	0.0	5.569
MAP2_RAT	64370	Metap2	5.563	136	1	0	1.0	0.0	5.563
AKC1H_RAT	171516	Akr1c18	5.563	136	1	0	1.0	0.0	5.563
Q6IMK1_RAT	300260	Sp7	5.563	136	1	0	1.0	0.0	5.563
RASN_RAT	24605	Nras	5.56	137	1	0	1.0	0.0	5.56
RS6_RAT	29304	Rps6	5.56	137	1	0	1.0	0.0	5.56
CMA1_RAT	25627	Cma1	5.556	138	1	0	1.0	0.0	5.556
FADS1_RAT	84575	Fads1	5.556	138	1	0	1.0	0.0	5.556
MT3_RAT	117038	Mt3	5.556	138	1	0	1.0	0.0	5.556
TCP4_RAT	192269	Sub1	5.553	139	1	0	1.0	0.0	5.553
CRGE_RAT	24279	Cryge	5.547	141	1	0	1.0	0.0	5.547
G3V8Q4_RAT	24711	Rbp3	5.547	141	1	0	1.0	0.0	5.547
GPX41_RAT	29328	Gpx4	5.544	142	1	1	1.0	0.0	5.544
SO1A4_RAT	170698	Slco1a4	5.538	144	1	0	1.0	0.0	5.538
HES1_RAT	29577	Hes1	5.535	145	1	0	1.0	0.0	5.535
NUCB2_RAT	59295	Nucb2	5.535	145	1	0	1.0	0.0	5.535
PTN11_RAT	25622	Ptpn11	5.532	146	1	0	1.0	0.0	5.532
Q3KR94_RAT	29169	Vtn	5.523	149	1	9	1.0	0.0	5.523
KPCE_RAT	29340	Prkce	5.52	150	1	0	1.0	0.0	5.52
KCRB_RAT	24264	Ckb	5.517	151	1	0	1.0	0.0	5.517
FAK2_RAT	50646	Ptk2b	5.515	152	1	2	1.0	0.0	5.515
KCND3_RAT	65195	Kcnd3	5.515	152	1	0	1.0	0.0	5.515
MK09_RAT	50658	Mapk9	5.512	153	1	0	1.0	0.0	5.512
CP2D1_RAT	266684	Cyp2d1	5.5	157	1	0	1.0	0.0	5.5
XBP1_RAT	289754	Xbp1	5.5	157	1	2	1.0	0.0	5.5
5HT1A_RAT	24473	Htr1a	5.497	2955	2	0	1.301	0.0	4.225
PLCB1_RAT	24654	Plcb1	5.487	162	1	0	1.0	0.0	5.487
CATK_RAT	29175	Ctsk	5.487	162	1	0	1.0	0.0	5.487
TRPV4_RAT	66026	Trpv4	5.487	162	1	1	1.0	0.0	5.487
SGPL1_RAT	286896	Sgpl1	5.487	162	1	0	1.0	0.0	5.487
XIAP_RAT	63879	Xiap	5.476	166	1	0	1.0	0.0	5.476
G3V7G2_RAT	24254	Cel	5.474	167	1	0	1.0	0.0	5.474
PRDX5_RAT	113898	Prdx5	5.474	167	1	0	1.0	0.0	5.474
G3V7D2_RAT	63835	Ctla4	5.471	168	1	0	1.0	0.0	5.471
FSHR_RAT	25449	Fshr	5.468	169	1	1	1.0	0.0	5.468
MGLL_RAT	29254	Mgll	5.468	169	1	1	1.0	0.0	5.468
Q68G05_RAT	29517	Sgk1	5.466	170	1	2	1.0	0.0	5.466
S22A1_RAT	24904	Slc22a1	5.461	172	1	0	1.0	0.0	5.461
O88550_RAT	64026	Casp7	5.461	172	1	0	1.0	0.0	5.461
MRP1_RAT	24565	Abcc1	5.458	173	1	0	1.0	0.0	5.458
CAV3_RAT	29161	Cav3	5.451	176	1	0	1.0	0.0	5.451
CXA5_RAT	50563	Gja5	5.451	176	1	0	1.0	0.0	5.451
Q6IRH4_RAT	24173	Adra1b	5.448	177	1	0	1.0	0.0	5.448
Q2IBD1_RAT	114487	Wnt2	5.448	177	1	0	1.0	0.0	5.448
FYN_RAT	25150	Fyn	5.446	178	1	0	1.0	0.0	5.446
G3V8F8_RAT	25491	Nes	5.446	178	1	0	1.0	0.0	5.446
NR1H4_RAT	60351	Nr1h4	5.443	179	1	0	1.0	0.0	5.443
CLD1_RAT	65129	Cldn1	5.436	182	1	1	1.0	0.0	5.436
HPRT_RAT	24465	Hprt1	5.434	183	1	1	1.0	0.0	5.434
TRPM8_RAT	171384	Trpm8	5.434	183	1	0	1.0	0.0	5.434
Q6P7A6_RAT	25671	Smad1	5.429	185	1	0	1.0	0.0	5.429
Q5GAM5_RAT	497229	Ang2	5.429	185	1	0	1.0	0.0	5.429
TTHY_RAT	24856	Ttr	5.427	186	1	1	1.0	0.0	5.427
CYTC_RAT	25307	Cst3	5.427	186	1	0	1.0	0.0	5.427
KCNB1_RAT	25736	Kcnb1	5.422	188	1	0	1.0	0.0	5.422
GOSR1_RAT	94189	Gosr1	5.422	188	1	0	1.0	0.0	5.422
ABCC8_RAT	25559	Abcc8	5.42	189	1	0	1.0	0.0	5.42
SMAD4_RAT	50554	Smad4	5.418	190	1	0	1.0	0.0	5.418
MDR3_RAT	24891	Abcb4	5.415	191	1	0	1.0	0.0	5.415
AMPL_RAT	289668	Lap3	5.413	192	1	0	1.0	0.0	5.413
S1PR1_RAT	29733	S1pr1	5.411	193	1	0	1.0	0.0	5.411
MYG_RAT	59108	Mb	5.404	196	1	0	1.0	0.0	5.404
H9BFG4_RAT	25205	Il6st	5.398	199	1	1	1.0	0.0	5.398
A1A5N3_RAT	65206	Kcnn4	5.398	199	1	0	1.0	0.0	5.398
CXB2_RAT	394266	Gjb2	5.398	199	1	0	1.0	0.0	5.398
GGTA1_RAT	246766	Ggta1	5.391	202	1	0	1.0	0.0	5.391
Q6IN10_RAT	94204	Ece1	5.372	211	1	0	1.0	0.0	5.372
LIPS_RAT	25330	Lipe	5.37	212	1	0	1.0	0.0	5.37
Q9QX10_RAT	83629	Slc12a2	5.37	212	1	3	1.0	0.0	5.37
DPOLB_RAT	29240	Polb	5.366	214	1	0	1.0	0.0	5.366
RL4_RAT	64302	Rpl4	5.366	214	1	0	1.0	0.0	5.366
G3V6U1_RAT	25065	Slc12a1	5.362	216	1	0	1.0	0.0	5.362
BID_RAT	64625	Bid	5.362	216	1	0	1.0	0.0	5.362
FABPI_RAT	25598	Fabp2	5.36	217	1	0	1.0	0.0	5.36
DIDH_RAT	191574	Akr1c9	5.36	217	1	2	1.0	0.0	5.36
3BHS1_RAT	360348	Hsd3b1	5.358	218	1	0	1.0	0.0	5.358
INS2_RAT	24506	Ins2	5.354	220	1	0	1.0	0.0	5.354
SSR2_RAT	54305	Sstr2	5.354	220	1	0	1.0	0.0	5.354
ABCBB_RAT	83569	Abcb11	5.35	222	1	1	1.0	0.0	5.35
SPRC_RAT	24791	Sparc	5.348	223	1	0	1.0	0.0	5.348
ATF3_RAT	25389	Atf3	5.346	224	1	0	1.0	0.0	5.346
CD28_RAT	25660	Cd28	5.346	224	1	0	1.0	0.0	5.346
ROCK2_RAT	25537	Rock2	5.34	227	1	0	1.0	0.0	5.34
Q5I287_RAT	312516	Gmcl1	5.34	227	1	0	1.0	0.0	5.34
PSPC_RAT	50683	Sftpc	5.338	228	1	0	1.0	0.0	5.338
VACHT_RAT	60422	Slc18a3	5.338	228	1	3	1.0	0.0	5.338
NEC1_RAT	25204	Pcsk1	5.329	233	1	0	1.0	0.0	5.329
PIT1_RAT	25517	Pou1f1	5.327	234	1	0	1.0	0.0	5.327
GSTA1_RAT	24422	Gsta1	5.322	237	1	0	1.0	0.0	5.322
NK3R_RAT	24808	Tacr3	5.322	237	1	1	1.0	0.0	5.322
FBX32_RAT	171043	Fbxo32	5.32	238	1	1	1.0	0.0	5.32
FGF7_RAT	29348	Fgf7	5.318	239	1	0	1.0	0.0	5.318
RTN4_RAT	83765	Rtn4	5.311	243	1	0	1.0	0.0	5.311
FABPL_RAT	24360	Fabp1	5.309	244	1	0	1.0	0.0	5.309
SCNNG_RAT	24768	Scnn1g	5.309	244	1	1	1.0	0.0	5.309
PLCG1_RAT	25738	Plcg1	5.307	245	1	0	1.0	0.0	5.307
PDGFA_RAT	25266	Pdgfa	5.305	246	1	0	1.0	0.0	5.305
UTS2_RAT	29180	Uts2	5.305	246	1	0	1.0	0.0	5.305
NFL_RAT	83613	Nefl	5.305	246	1	0	1.0	0.0	5.305
PTN1_RAT	24697	Ptpn1	5.304	247	1	0	1.0	0.0	5.304
MOT1_RAT	25027	Slc16a1	5.304	247	1	0	1.0	0.0	5.304
SOMA_RAT	24391	Gh1	5.3	249	1	0	1.0	0.0	5.3
PE2R4_RAT	84023	Ptger4	5.292	254	1	0	1.0	0.0	5.292
AT2A2_RAT	29693	Atp2a2	5.285	258	1	1	1.0	0.0	5.285
AMPN_RAT	81641	Anpep	5.281	260	1	0	1.0	0.0	5.281
MYPR_RAT	24943	Plp1	5.275	264	1	0	1.0	0.0	5.275
EAA3_RAT	25550	Slc1a1	5.275	264	1	0	1.0	0.0	5.275
Q811Y3_RAT	114553	Ncf1	5.268	268	1	0	1.0	0.0	5.268
GRIA4_RAT	29629	Gria4	5.263	271	1	1	1.0	0.0	5.263
LRP2_RAT	29216	Lrp2	5.251	279	1	0	1.0	0.0	5.251
PYGL_RAT	64035	Pygl	5.251	279	1	0	1.0	0.0	5.251
ANFC_RAT	114593	Nppc	5.251	279	1	0	1.0	0.0	5.251
PPA5_RAT	25732	Acp5	5.249	280	1	0	1.0	0.0	5.249
CUX1_RAT	116639	Cux1	5.237	288	1	0	1.0	0.0	5.237
SNAT_RAT	25120	Aanat	5.231	292	1	0	1.0	0.0	5.231
PER2_RAT	63840	Per2	5.227	295	1	0	1.0	0.0	5.227
CY24A_RAT	79129	Cyba	5.225	296	1	0	1.0	0.0	5.225
Q3T1L6_RAT	308995	Itgal	5.225	296	1	1	1.0	0.0	5.225
NTRK3_RAT	29613	Ntrk3	5.218	301	1	0	1.0	0.0	5.218
SECR_RAT	24769	Sct	5.216	302	1	0	1.0	0.0	5.216
CDK5_RAT	140908	Cdk5	5.201	313	1	0	1.0	0.0	5.201
SOCS3_RAT	89829	Socs3	5.198	315	1	0	1.0	0.0	5.198
GALA_RAT	29141	Gal	5.193	319	1	1	1.0	0.0	5.193
PDX1_RAT	29535	Pdx1	5.182	327	1	0	1.0	0.0	5.182
P2RX2_RAT	114115	P2rx2	5.182	327	1	0	1.0	0.0	5.182
NTF4_RAT	25730	Ntf4	5.179	329	1	0	1.0	0.0	5.179
NSF1C_RAT	83809	Nsfl1c	5.175	332	1	0	1.0	0.0	5.175
EST1C_RAT	24346	Ces1c	5.171	335	1	0	1.0	0.0	5.171
ANGP1_RAT	89807	Angpt1	5.171	335	1	0	1.0	0.0	5.171
CXB1_RAT	29584	Gjb1	5.17	336	1	0	1.0	0.0	5.17
MET_RAT	24553	Met	5.164	341	1	0	1.0	0.0	5.164
XDH_RAT	497811	Xdh	5.16	344	1	0	1.0	0.0	5.16
CASPC_RAT	156117	Casp12	5.156	347	1	0	1.0	0.0	5.156
FAAH1_RAT	29347	Faah	5.151	351	1	0	1.0	0.0	5.151
HSPB6_RAT	192245	Hspb6	5.149	353	1	0	1.0	0.0	5.149
Q5PPG5_RAT	24258	Chga	5.141	359	1	0	1.0	0.0	5.141
RAF1_RAT	24703	Raf1	5.13	368	1	0	1.0	0.0	5.13
Q8K3F9_RAT	24337	Erbb2	5.128	370	1	0	1.0	0.0	5.128
SL9A1_RAT	24782	Slc9a1	5.127	371	1	0	1.0	0.0	5.127
GASR_RAT	25706	Cckbr	5.127	371	1	0	1.0	0.0	5.127
CART_RAT	29131	Cartpt	5.127	371	1	0	1.0	0.0	5.127
Q5U324_RAT	25439	F2r	5.125	373	1	2	1.0	0.0	5.125
GSH1_RAT	25283	Gclc	5.115	381	1	0	1.0	0.0	5.115
JUNB_RAT	24517	Junb	5.113	383	1	0	1.0	0.0	5.113
PER1_RAT	287422	Per1	5.111	385	1	0	1.0	0.0	5.111
O88211_RAT	60584	Lif	5.093	401	1	1	1.0	0.0	5.093
NOX4_RAT	85431	Nox4	5.091	403	1	3	1.0	0.0	5.091
CCL3_RAT	25542	Ccl3	5.089	405	1	0	1.0	0.0	5.089
PGP_RAT	287115	Pgp	5.082	411	1	0	1.0	0.0	5.082
CN37_RAT	25275	Cnp	5.076	417	1	0	1.0	0.0	5.076
PO6F1_RAT	116545	Pou6f1	5.072	421	1	0	1.0	0.0	5.072
HRH2_RAT	25461	Hrh2	5.067	426	1	0	1.0	0.0	5.067
TSPO_RAT	24230	Tspo	5.041	452	1	0	1.0	0.0	5.041
OPSD_RAT	24717	Rho	5.033	461	1	0	1.0	0.0	5.033
B1WBN8_RAT	25404	Cav1	5.032	462	1	2	1.0	0.0	5.032
RYR2_RAT	689560	Ryr2	5.027	467	1	0	1.0	0.0	5.027
GLP1R_RAT	25051	Glp1r	5.026	468	1	0	1.0	0.0	5.026
S10A9_RAT	94195	S100a9	5.013	482	1	0	1.0	0.0	5.013
LSHR_RAT	25477	Lhcgr	5.006	490	1	1	1.0	0.0	5.006
HS90A_RAT	299331	Hsp90aa1	4.997	500	1	8	1.0	0.0	4.997
OX26_RAT	379044	Qrfp	4.994	504	1	0	1.0	0.0	4.994
CTNB1_RAT	84353	Ctnnb1	4.992	506	1	0	1.0	0.0	4.992
FGF1_RAT	25317	Fgf1	4.983	517	1	2	1.0	0.0	4.983
MCR_RAT	25672	Nr3c2	4.962	543	1	2	1.0	0.0	4.962
CALB2_RAT	117059	Calb2	4.961	544	1	0	1.0	0.0	4.961
CAH4_RAT	29242	Ca4	4.958	547	1	0	1.0	0.0	4.958
AK1A1_RAT	78959	Akr1a1	4.947	562	1	0	1.0	0.0	4.947
TR11B_RAT	25341	Tnfrsf11b	4.912	608	1	5	1.0	0.0	4.912
ODO2_RAT	299201	Dlst	4.903	621	1	0	1.0	0.0	4.903
CALB1_RAT	83839	Calb1	4.9	626	1	0	1.0	0.0	4.9
COMT_RAT	24267	Comt	4.89	640	1	0	1.0	0.0	4.89
IBP3_RAT	24484	Igfbp3	4.888	643	1	0	1.0	0.0	4.888
B1PLB2_RAT	305081	Cd34	4.887	644	1	0	1.0	0.0	4.887
PNMT_RAT	24661	Pnmt	4.877	659	1	2	1.0	0.0	4.877
EAA2_RAT	29482	Slc1a2	4.872	668	1	1	1.0	0.0	4.872
G3V6M2_RAT	25690	Ahr	4.849	703	1	0	1.0	0.0	4.849
SP1_RAT	24790	Sp1	4.842	715	1	0	1.0	0.0	4.842
CP2CB_RAT	29277	Cyp2c11	4.841	717	1	0	1.0	0.0	4.841
KPCG_RAT	24681	Prkcg	4.837	723	1	0	1.0	0.0	4.837
PRGR_RAT	25154	Pgr	4.829	736	1	0	1.0	0.0	4.829
SC6A3_RAT	24898	Slc6a3	4.814	762	1	1	1.0	0.0	4.814
GRP78_RAT	25617	Hspa5	4.812	767	1	0	1.0	0.0	4.812
GSTP1_RAT	24426	Gstp1	4.809	772	1	0	1.0	0.0	4.809
APOE_RAT	25728	Apoe	4.794	799	1	1	1.0	0.0	4.794
AAPK2_RAT	78975	Prkaa2	4.793	801	1	1	1.0	0.0	4.793
ANFB_RAT	25105	Nppb	4.791	805	1	0	1.0	0.0	4.791
CASP8_RAT	64044	Casp8	4.762	859	1	0	1.0	0.0	4.762
EDNRB_RAT	50672	Ednrb	4.759	866	1	0	1.0	0.0	4.759
5HT1B_RAT	25075	Htr1b	4.75	883	1	2	1.0	0.0	4.75
5HT2A_RAT	29595	Htr2a	4.749	886	1	1	1.0	0.0	4.749
NMDE1_RAT	24409	Grin2a	4.718	952	1	0	1.0	0.0	4.718
Q8K3R4_RAT	246253	Adipoq	4.699	995	1	0	1.0	0.0	4.699
ALDR_RAT	24192	Akr1b1	4.683	1030	1	0	1.0	0.0	4.683
B2GV28_RAT	24300	Cyp2b1	4.669	1065	1	2	1.0	0.0	4.669
Q5WRG2_RAT	305843	Ang	4.669	1066	1	0	1.0	0.0	4.669
CCND1_RAT	58919	Ccnd1	4.633	1157	1	0	1.0	0.0	4.633
G3V9Z3_RAT	29253	Maoa	4.412	1926	1	0	1.0	0.0	4.412
CREB1_RAT	81646	Creb1	4.398	1988	1	0	1.0	0.0	4.398
