Big_T	17993
Big_F	1656734
UniProtKB_ID	GeneID	Gene_Name	PPS	Big_P	T+P	Citation	1+Log(T+P)	log10((Cit/yr+1)/10)	1+log10(F/T)+log10(F/P)
CALCA_RAT	24241	Calca	19.616	4028	137	23	3.137	0.38	5.578
UCHL1_RAT	29545	Uchl1	16.701	400	23	14	2.362	0.176	6.581
ACTH_RAT	25365	Actg2	16.462	1212	20	24	2.301	0.398	6.099
AL5AP_RAT	29624	Alox5ap	16.266	130	20	0	2.301	0.0	7.069
F1LST1_RAT	25661	Fn1	15.888	3505	47	13	2.672	0.146	5.638
Q5BKB0_RAT	24494	Il1b	15.655	11144	56	19	2.748	0.301	5.134
ELN_RAT	25043	Eln	15.32	996	30	4	2.477	0.0	6.185
NGF_RAT	310738	Ngf	15.293	2856	39	11	2.591	0.079	5.727
PCNA_RAT	25737	Pcna	15.066	2457	21	18	2.322	0.279	5.792
BGLR_RAT	24434	Gusb	14.757	961	24	0	2.38	0.0	6.2
A4_RAT	54226	App	14.646	1522	23	11	2.362	0.079	6.0
TGFB1_RAT	59086	Tgfb1	14.368	8540	39	13	2.591	0.146	5.249
A1A5M4_RAT	24443	Hdc	14.344	565	17	0	2.23	0.0	6.431
VEGFA_RAT	83785	Vegfa	14.31	5329	42	4	2.623	0.0	5.455
FGF2_RAT	54250	Fgf2	14.297	3430	34	8	2.531	0.0	5.648
TRPV1_RAT	83810	Trpv1	14.241	1584	15	15	2.176	0.204	5.983
VIP_RAT	117064	Vip	14.227	2752	30	2	2.477	0.0	5.743
SARCO_RAT	367086	Sln	14.013	66	8	3	1.903	0.0	7.363
NK1R_RAT	24807	Tacr1	14.01	1242	20	0	2.301	0.0	6.089
D3ZGE2_RAT	303413	Mpo	13.683	4558	30	0	2.477	0.0	5.524
HUTH_RAT	29301	Hal	13.646	103	8	0	1.903	0.0	7.17
IGF1_RAT	24482	Igf1	13.571	6210	33	4	2.519	0.0	5.389
IL1A_RAT	24493	Il1a	13.565	1068	16	3	2.204	0.0	6.154
ALBU_RAT	24186	Alb	13.559	1951	20	0	2.301	0.0	5.893
Q6P6T6_RAT	171293	Ctsd	13.446	827	14	0	2.146	0.0	6.265
ASIC3_RAT	286920	Asic3	13.4	93	4	17	1.602	0.255	7.215
TIMP1_RAT	116510	Timp1	13.337	1355	16	4	2.204	0.0	6.051
CATA_RAT	24248	Cat	13.336	7234	32	7	2.505	0.0	5.324
CP1A1_RAT	24296	Cyp1a1	13.244	2045	18	0	2.255	0.0	5.872
PECA1_RAT	29583	Pecam1	13.222	848	13	8	2.114	0.0	6.254
ITB1_RAT	24511	Itgb1	13.101	121	7	0	1.845	0.0	7.1
TNFA_RAT	24835	Tnf	13.056	18872	46	9	2.663	0.0	4.903
B1PLB2_RAT	305081	Cd34	13.012	644	11	3	2.041	0.0	6.374
IFNG_RAT	25712	Ifng	12.918	3264	19	1	2.279	0.0	5.669
FABP5_RAT	140868	Fabp5	12.918	38	5	0	1.699	0.0	7.603
CSF2_RAT	116630	Csf2	12.749	643	10	0	2.0	0.0	6.375
TRPA1_RAT	312896	Trpa1	12.748	305	8	5	1.903	0.0	6.699
CD4_RAT	24932	Cd4	12.745	2941	17	0	2.23	0.0	5.714
FOS_RAT	314322	Fos	12.713	8957	27	7	2.431	0.0	5.229
D4A9G4_RAT	308800	Tyr	12.568	61	5	0	1.699	0.0	7.398
NOS2_RAT	24599	Nos2	12.514	6210	21	4	2.322	0.0	5.389
ANGT_RAT	24179	Agt	12.437	14480	30	1	2.477	0.0	5.021
TGFB3_RAT	25717	Tgfb3	12.389	294	7	1	1.845	0.0	6.715
IL6_RAT	24498	Il6	12.373	10505	25	6	2.398	0.0	5.16
MMP2_RAT	81686	Mmp2	12.334	2726	14	3	2.146	0.0	5.747
DSG4_RAT	291754	Dsg4	12.316	7	3	0	1.477	0.0	8.338
DCOR_RAT	24609	Odc1	12.238	1980	12	0	2.079	0.0	5.886
EDN1_RAT	24323	Edn1	12.231	5741	18	2	2.255	0.0	5.423
Q8K422_RAT	24664	Pomc	12.221	2019	12	1	2.079	0.0	5.878
PDGFB_RAT	24628	Pdgfb	12.139	402	7	3	1.845	0.0	6.579
IL2_RAT	116562	Il2	12.104	2864	13	6	2.114	0.0	5.726
A0A0G2K470_RAT	170921	Itga2	12.026	11	3	0	1.477	0.0	8.142
Q9QZD1_RAT	24772	Cxcl12	12.01	472	7	3	1.845	0.0	6.509
LYOX_RAT	24914	Lox	11.977	136	5	0	1.699	0.0	7.049
CD44_RAT	25406	Cd44	11.909	535	7	2	1.845	0.0	6.455
HRH1_RAT	24448	Hrh1	11.834	337	6	0	1.778	0.0	6.655
GNRHR_RAT	81668	Gnrhr	11.83	5576	15	0	2.176	0.0	5.437
VEGFC_RAT	114111	Vegfc	11.791	102	2	21	1.301	0.342	7.174
A0A0G2K1L0_RAT	116640	Tnc	11.788	358	6	5	1.778	0.0	6.629
B6ZGR5_RAT	102552838	Mc1r	11.786	16	3	0	1.477	0.0	7.979
TRPM8_RAT	171384	Trpm8	11.758	183	5	4	1.699	0.0	6.921
TNR16_RAT	24596	Ngfr	11.7	1084	8	1	1.903	0.0	6.148
F1M957_RAT	116669	Vwf	11.681	411	6	1	1.778	0.0	6.569
G3V8C9_RAT	116464	Ncoa6	11.676	19	3	0	1.477	0.0	7.904
G3V843_RAT	29251	F2	11.651	1663	9	1	1.954	0.0	5.962
CP2G1_RAT	25251	Cyp2g1	11.596	6017	14	0	2.146	0.0	5.403
NEUM_RAT	29423	Gap43	11.584	1247	8	2	1.903	0.0	6.087
CCL2_RAT	24770	Ccl2	11.505	1975	9	6	1.954	0.0	5.887
Q9JKC1_RAT	65036	Bche	11.503	1981	9	0	1.954	0.0	5.886
GCR_RAT	24413	Nr3c1	11.492	2004	9	3	1.954	0.0	5.881
Q9QX70_RAT	24329	Egfr	11.441	1482	8	5	1.903	0.0	6.012
D3ZUM4_RAT	316033	Glb1	11.433	969	7	0	1.845	0.0	6.197
SERPH_RAT	29345	Serpinh1	11.321	33	3	0	1.477	0.0	7.665
PPAP_RAT	56780	Acpp	11.314	132	4	0	1.602	0.0	7.062
COTL1_RAT	361422	Cotl1	11.309	133	4	0	1.602	0.0	7.059
SL9A1_RAT	24782	Slc9a1	11.236	371	5	4	1.699	0.0	6.614
MCPT1_RAT	100360872	Mcpt1	11.206	760	6	1	1.778	0.0	6.302
GFAP_RAT	24387	Gfap	11.188	3872	10	6	2.0	0.0	5.594
PENK_RAT	29237	Penk	11.18	3914	10	2	2.0	0.0	5.59
PEPD_RAT	292808	Pepd	11.167	42	3	0	1.477	0.0	7.56
MMP9_RAT	81687	Mmp9	11.158	2972	9	4	1.954	0.0	5.71
VGFR2_RAT	25589	Kdr	11.113	857	6	3	1.778	0.0	6.25
LEF1_RAT	161452	Lef1	11.108	46	3	0	1.477	0.0	7.52
B5DFD5_RAT	300339	Mmp1	11.1	446	5	2	1.699	0.0	6.534
TKN1_RAT	24806	Tac1	11.099	180	4	0	1.602	0.0	6.928
BCL2_RAT	24224	Bcl2	11.04	5951	11	2	2.041	0.0	5.408
A1A5L1_RAT	287552	Blmh	11.038	5	2	2	1.301	0.0	8.484
F1LRE1_RAT	116686	Gsr	11.016	2479	8	0	1.903	0.0	5.789
G3V7K3_RAT	24268	Cp	11.01	504	5	0	1.699	0.0	6.481
THY1_RAT	24832	Thy1	10.989	1007	6	2	1.778	0.0	6.18
VDR_RAT	24873	Vdr	10.983	523	5	2	1.699	0.0	6.464
CNR1_RAT	25248	Cnr1	10.978	1872	6	11	1.778	0.079	5.911
B2MG_RAT	24223	B2m	10.965	218	4	0	1.602	0.0	6.845
PRVA_RAT	25269	Pvalb	10.959	1047	6	0	1.778	0.0	6.163
CSPG2_RAT	114122	Vcan	10.949	59	3	0	1.477	0.0	7.412
ATF3_RAT	25389	Atf3	10.947	224	4	5	1.602	0.0	6.833
PTPRC_RAT	24699	Ptprc	10.917	572	5	2	1.699	0.0	6.426
BDNF_RAT	24225	Bdnf	10.916	5296	10	3	2.0	0.0	5.458
FGF7_RAT	29348	Fgf7	10.901	239	4	1	1.602	0.0	6.805
AMHR2_RAT	29530	Amhr2	10.895	589	5	0	1.699	0.0	6.413
TKNK_RAT	29191	Tac3	10.845	259	4	3	1.602	0.0	6.77
G3V6J4_RAT	299757	Nts	10.844	1214	6	0	1.778	0.0	6.099
ANDR_RAT	24208	Ar	10.811	1267	6	0	1.778	0.0	6.08
K1C19_RAT	360626	Krt19	10.811	272	4	1	1.602	0.0	6.748
PA21B_RAT	29526	Pla2g1b	10.794	2150	7	0	1.845	0.0	5.85
SMS_RAT	24797	Sst	10.784	1312	6	0	1.778	0.0	6.065
LOX5_RAT	25290	Alox5	10.754	713	5	0	1.699	0.0	6.33
Q6IN22_RAT	64529	Ctsb	10.716	751	5	0	1.699	0.0	6.307
RASK_RAT	24525	Kras	10.712	2381	7	0	1.845	0.0	5.806
DLRB1_RAT	170714	Dynlrb1	10.706	9	2	0	1.301	0.0	8.229
UD16_RAT	113992	Ugt1a6	10.683	327	4	0	1.602	0.0	6.668
HMGB1_RAT	25459	Hmgb1	10.68	788	5	2	1.699	0.0	6.286
ACE_RAT	24310	Ace	10.644	3881	8	1	1.903	0.0	5.593
NEU2_RAT	24221	Avp	10.627	5549	9	0	1.954	0.0	5.438
CXA1_RAT	24392	Gja1	10.608	1649	6	5	1.778	0.0	5.966
CYTA_RAT	288075	Csta	10.543	12	2	0	1.301	0.0	8.104
F1M7P4_RAT	24688	Prph	10.532	113	3	1	1.477	0.0	7.13
NTRK1_RAT	59109	Ntrk1	10.527	970	5	3	1.699	0.0	6.196
HMDH_RAT	25675	Hmgcr	10.502	1003	5	0	1.699	0.0	6.182
P2RX3_RAT	81739	P2rx3	10.488	433	4	4	1.602	0.0	6.547
ALDR_RAT	24192	Akr1b1	10.483	1030	5	0	1.699	0.0	6.17
PRSS8_RAT	192107	Prss8	10.456	14	2	4	1.301	0.0	8.037
GGT1_RAT	116568	Ggt1	10.423	2092	6	0	1.778	0.0	5.862
MLRS_RAT	24584	Mylpf	10.418	135	3	0	1.477	0.0	7.053
RL24_RAT	64307	Rpl24	10.417	15	2	1	1.301	0.0	8.007
MAFB_RAT	54264	Mafb	10.381	16	2	0	1.301	0.0	7.979
FGF1_RAT	25317	Fgf1	10.364	517	4	0	1.602	0.0	6.469
G3V742_RAT	171052	Mmp13	10.345	532	4	0	1.602	0.0	6.457
HGF_RAT	24446	Hgf	10.324	1278	5	0	1.699	0.0	6.076
D3ZMH5_RAT	310467	Tiparp	10.314	18	2	0	1.301	0.0	7.928
ACES_RAT	83817	Ache	10.309	3939	7	0	1.845	0.0	5.587
A2MG_RAT	24153	A2m	10.308	561	4	1	1.602	0.0	6.434
CD1D_RAT	25109	Cd1d	10.244	177	3	0	1.477	0.0	6.935
Q3B8Q9_RAT	50558	Npepps	10.227	21	2	0	1.301	0.0	7.861
HPRT_RAT	24465	Hprt1	10.223	183	3	0	1.477	0.0	6.921
GPX1_RAT	24404	Gpx1	10.199	1512	5	0	1.699	0.0	6.003
Q4FZY1_RAT	287435	Cd68	10.198	657	4	0	1.602	0.0	6.365
Q75ZI5_RAT	362052	Clca5	10.176	23	2	0	1.301	0.0	7.821
AQP3_RAT	65133	Aqp3	10.147	206	3	1	1.477	0.0	6.869
EPHB1_RAT	24338	Ephb1	10.144	3003	6	3	1.778	0.0	5.705
A0A0G2KB96_RAT	313506	Stil	10.129	25	2	0	1.301	0.0	7.785
HPGDS_RAT	58962	Hpgds	10.085	3247	6	0	1.778	0.0	5.671
LEP_RAT	25608	Lep	10.069	1803	5	1	1.699	0.0	5.927
SMAD3_RAT	25631	Smad3	10.054	808	4	0	1.602	0.0	6.276
A1AG_RAT	24614	Orm1	10.046	241	3	0	1.477	0.0	6.801
OGA_RAT	154968	Mgea5	10.002	871	4	0	1.602	0.0	6.243
NPY_RAT	24604	Npy	9.993	3653	6	0	1.778	0.0	5.62
YAP1_RAT	363014	Yap1	9.989	32	2	0	1.301	0.0	7.678
AKT1_RAT	24185	Akt1	9.985	4730	5	12	1.699	0.114	5.508
ACRO_RAT	24163	Acr	9.972	33	2	0	1.301	0.0	7.665
A0A0G2K628_RAT	313757	Ski	9.972	33	2	0	1.301	0.0	7.665
A0A0G2JYQ6_RAT	290567	Chat	9.962	2084	5	0	1.699	0.0	5.864
GLYAT_RAT	293779	Glyat	9.955	34	2	0	1.301	0.0	7.652
A0A096MIW0_RAT	302424	Eda	9.955	34	2	0	1.301	0.0	7.652
CUX1_RAT	116639	Cux1	9.932	288	3	0	1.477	0.0	6.724
F1LXU5_RAT	681288	T2	9.929	289	3	0	1.477	0.0	6.722
PPARA_RAT	25747	Ppara	9.922	2202	5	5	1.699	0.0	5.84
CATL1_RAT	25697	Ctsl	9.882	311	3	0	1.477	0.0	6.69
TPIS_RAT	24849	Tpi1	9.877	39	2	0	1.301	0.0	7.592
D3Z822_RAT	685055	Atr	9.863	40	2	0	1.301	0.0	7.581
PAR2_RAT	116677	F2rl1	9.862	321	3	0	1.477	0.0	6.677
XDH_RAT	497811	Xdh	9.818	344	3	0	1.477	0.0	6.646
K2C5_RAT	369017	Krt5	9.809	44	2	2	1.301	0.0	7.54
NTF3_RAT	81737	Ntf3	9.799	1165	4	0	1.602	0.0	6.117
G3V6W8_RAT	85272	Bmp7	9.792	358	3	0	1.477	0.0	6.629
HMOX1_RAT	24451	Hmox1	9.784	2652	5	5	1.699	0.0	5.759
ICAM1_RAT	25464	Icam1	9.771	2701	5	0	1.699	0.0	5.751
CASA1_RAT	24284	Csn1s1	9.76	48	2	0	1.301	0.0	7.502
Q4V8J0_RAT	24257	Cgm4	9.732	393	3	3	1.477	0.0	6.589
OSTP_RAT	25353	Spp1	9.727	1292	4	3	1.602	0.0	6.072
COX2_RAT	26198	Mtco2	9.719	2899	5	0	1.699	0.0	5.72
MCP_RAT	29333	Cd46	9.715	52	2	0	1.301	0.0	7.467
COX1_RAT	26195	Mtco1	9.712	1320	4	4	1.602	0.0	6.062
SYPH_RAT	24804	Syp	9.705	1333	4	1	1.602	0.0	6.058
Q498N2_RAT	65029	Aoc1	9.699	414	3	0	1.477	0.0	6.566
VHL_RAT	24874	Vhl	9.683	55	2	0	1.301	0.0	7.443
PPARG_RAT	25664	Pparg	9.682	1378	4	0	1.602	0.0	6.044
JUN_RAT	24516	Jun	9.663	1417	4	0	1.602	0.0	6.032
K1C20_RAT	286912	Krt20	9.663	57	2	0	1.301	0.0	7.427
CD2_RAT	497761	Cd2	9.657	442	3	0	1.477	0.0	6.538
GSTM2_RAT	24424	Gstm2	9.653	58	2	0	1.301	0.0	7.42
MYC_RAT	24577	Myc	9.641	1461	4	4	1.602	0.0	6.018
HYAS2_RAT	25694	Has2	9.634	60	2	3	1.301	0.0	7.405
UD11_RAT	24861	Ugt1a1	9.633	459	3	0	1.477	0.0	6.521
CYTB_RAT	25308	Cstb	9.625	61	2	0	1.301	0.0	7.398
Q498R2_RAT	252856	Tcf21	9.625	61	2	3	1.301	0.0	7.398
F1LM84_RAT	25494	Nid1	9.598	64	2	0	1.301	0.0	7.377
VIME_RAT	81818	Vim	9.59	1573	4	1	1.602	0.0	5.986
Q66HK3_RAT	24693	Ptgs1	9.588	492	3	0	1.477	0.0	6.491
B2RYE7_RAT	100188935	RT1-A	9.583	496	3	0	1.477	0.0	6.488
EPO_RAT	24335	Epo	9.511	1761	4	3	1.602	0.0	5.937
FGF10_RAT	25443	Fgf10	9.508	75	2	0	1.301	0.0	7.308
VGFR3_RAT	114110	Flt4	9.508	75	2	0	1.301	0.0	7.308
PRL_RAT	24683	Prl	9.504	3879	5	0	1.699	0.0	5.594
CATH_RAT	25425	Ctsh	9.5	76	2	0	1.301	0.0	7.302
M0R590_RAT	108351137	LOC108351137	9.486	577	3	0	1.477	0.0	6.422
O35370_RAT	83580	Thbd	9.444	84	2	0	1.301	0.0	7.259
ODO2_RAT	299201	Dlst	9.439	621	3	0	1.477	0.0	6.39
LYAM3_RAT	25651	Selp	9.433	626	3	1	1.477	0.0	6.386
PLXA3_RAT	309280	Plxna3	9.431	86	2	0	1.301	0.0	7.249
OSTCN_RAT	25295	Bglap	9.427	1988	4	2	1.602	0.0	5.884
SMAD2_RAT	29357	Smad2	9.421	638	3	1	1.477	0.0	6.378
PGDH_RAT	79242	Hpgd	9.418	88	2	0	1.301	0.0	7.239
CNR2_RAT	57302	Cnr2	9.406	653	3	1	1.477	0.0	6.368
D4A5F1_RAT	498328	Pkd2	9.405	90	2	0	1.301	0.0	7.229
MK08_RAT	116554	Mapk8	9.404	2054	4	3	1.602	0.0	5.87
CXCL2_RAT	114105	Cxcl2	9.369	692	3	1	1.477	0.0	6.343
DESM_RAT	64362	Des	9.347	716	3	1	1.477	0.0	6.328
PHB2_RAT	114766	Phb2	9.334	102	2	0	1.301	0.0	7.174
CRF_RAT	81648	Crh	9.31	5046	5	0	1.699	0.0	5.48
STS_RAT	24800	Sts	9.276	113	2	0	1.301	0.0	7.13
KNG1_RAT	25087	Kng1	9.257	117	2	0	1.301	0.0	7.115
Q8CHK8_RAT	282817	Pycard	9.247	119	2	0	1.301	0.0	7.107
Q9JI30_RAT	25021	Itgam	9.23	860	3	0	1.477	0.0	6.248
EDNRB_RAT	50672	Ednrb	9.225	866	3	3	1.477	0.0	6.246
MMP7_RAT	25335	Mmp7	9.224	124	2	0	1.301	0.0	7.09
CISY_RAT	170587	Cs	9.208	890	3	0	1.477	0.0	6.234
K2C1_RAT	300250	Krt1	9.201	129	2	0	1.301	0.0	7.072
SSR3_RAT	171044	Sstr3	9.193	131	2	0	1.301	0.0	7.066
NAA35_RAT	64472	Naa35	9.183	1	1	0	1.0	0.0	9.183
SYNRG_RAT	84479	Synrg	9.183	1	1	0	1.0	0.0	9.183
D3ZVU8_RAT	302981	Spsb3	9.183	1	1	0	1.0	0.0	9.183
TTLL1_RAT	362969	Ttll1	9.183	1	1	0	1.0	0.0	9.183
Q6IG08_RAT	407759	Kb23	9.183	1	1	0	1.0	0.0	9.183
KPRP_RAT	432393	Kprp	9.183	1	1	0	1.0	0.0	9.183
D4A0Z4_RAT	680594	Dph3	9.183	1	1	0	1.0	0.0	9.183
M0RC77_RAT	688283	Afmid	9.183	1	1	0	1.0	0.0	9.183
MMP8_RAT	63849	Mmp8	9.18	134	2	1	1.301	0.0	7.056
CMA1_RAT	25627	Cma1	9.163	138	2	0	1.301	0.0	7.043
5HT3A_RAT	79246	Htr3a	9.162	956	3	1	1.477	0.0	6.202
TCP4_RAT	192269	Sub1	9.159	139	2	0	1.301	0.0	7.04
TKT_RAT	64524	Tkt	9.155	140	2	0	1.301	0.0	7.037
CP2D4_RAT	171522	Cyp2d4	9.151	141	2	1	1.301	0.0	7.034
Q66HL0_RAT	58813	Nt5e	9.145	982	3	0	1.477	0.0	6.191
K2C8_RAT	25626	Krt8	9.109	152	2	1	1.301	0.0	7.001
NMU_RAT	63887	Nmu	9.101	154	2	0	1.301	0.0	6.996
LIPE_RAT	291437	Lipg	9.099	1054	3	0	1.477	0.0	6.16
LIPL_RAT	24539	Lpl	9.09	1070	3	0	1.477	0.0	6.154
CP2BC_RAT	29295	Cyp2b12	9.083	159	2	0	1.301	0.0	6.982
Q66HI4_RAT	25584	F3	9.016	179	2	0	1.301	0.0	6.93
TGFR1_RAT	29591	Tgfbr1	8.965	196	2	0	1.301	0.0	6.891
RET_RAT	24716	Ret	8.948	202	2	2	1.301	0.0	6.878
PDIA1_RAT	25506	P4hb	8.945	203	2	0	1.301	0.0	6.876
CASP3_RAT	25402	Casp3	8.937	8340	5	0	1.699	0.0	5.26
CO1A1_RAT	29393	Col1a1	8.929	209	2	0	1.301	0.0	6.863
T2CB11_RAT	24954	Insr	8.921	1390	3	0	1.477	0.0	6.04
GDNF_RAT	25453	Gdnf	8.919	1396	3	1	1.477	0.0	6.038
PGFRB_RAT	24629	Pdgfrb	8.91	216	2	2	1.301	0.0	6.849
DIDH_RAT	191574	Akr1c9	8.908	217	2	0	1.301	0.0	6.847
Q5RKI5_RAT	287375	Flii	8.882	2	1	1	1.0	0.0	8.882
PLET1_RAT	363060	Plet1	8.882	2	1	1	1.0	0.0	8.882
D4A7D9_RAT	103690254	Try5	8.882	2	1	0	1.0	0.0	8.882
A0A0G2JTZ0_RAT	103690541	LOC103690541	8.882	2	1	0	1.0	0.0	8.882
Q8K1Q7_RAT	298111	LOC298111	8.88	228	2	0	1.301	0.0	6.825
CXL10_RAT	245920	Cxcl10	8.877	229	2	0	1.301	0.0	6.823
G3V6P5_RAT	24952	Gcg	8.865	1518	3	4	1.477	0.0	6.002
GSTA1_RAT	24422	Gsta1	8.858	237	2	0	1.301	0.0	6.808
NK3R_RAT	24808	Tacr3	8.858	237	2	3	1.301	0.0	6.808
GLNA_RAT	24957	Glul	8.853	1548	3	0	1.477	0.0	5.993
PDGFA_RAT	25266	Pdgfa	8.837	246	2	0	1.301	0.0	6.792
CO4_RAT	24233	C4	8.83	249	2	0	1.301	0.0	6.787
LAT1_RAT	50719	Slc7a5	8.821	253	2	1	1.301	0.0	6.78
HRH3_RAT	85268	Hrh3	8.799	263	2	0	1.301	0.0	6.763
Q63762_RAT	29259	Sell	8.776	274	2	0	1.301	0.0	6.745
UCN1_RAT	29151	Ucn	8.772	276	2	1	1.301	0.0	6.742
TY3H_RAT	25085	Th	8.747	1823	3	0	1.477	0.0	5.922
MC4R_RAT	25635	Mc4r	8.74	292	2	0	1.301	0.0	6.718
MIF_RAT	81683	Mif	8.736	294	2	1	1.301	0.0	6.715
RL15_RAT	245981	Rpl15	8.706	3	1	0	1.0	0.0	8.706
G3V8Q1_RAT	290659	Cope	8.706	3	1	0	1.0	0.0	8.706
F1LXH1_RAT	311218	Accs	8.706	3	1	0	1.0	0.0	8.706
LYAM2_RAT	25544	Sele	8.704	311	2	0	1.301	0.0	6.69
A0A0G2K4Q6_RAT	78965	Csf1	8.701	313	2	0	1.301	0.0	6.687
IL4_RAT	287287	Il4	8.697	1970	3	0	1.477	0.0	5.888
HYES_RAT	65030	Ephx2	8.695	316	2	3	1.301	0.0	6.683
P2RX2_RAT	114115	P2rx2	8.676	327	2	3	1.301	0.0	6.668
EST1C_RAT	24346	Ces1c	8.662	335	2	0	1.301	0.0	6.658
MET_RAT	24553	Met	8.652	341	2	0	1.301	0.0	6.65
Q3KR76_RAT	25619	Plau	8.646	345	2	0	1.301	0.0	6.645
TRH_RAT	25569	Trh	8.631	2185	3	0	1.477	0.0	5.843
PAF15_RAT	300795	Pclaf	8.617	363	2	1	1.301	0.0	6.623
Q64315_RAT	114851	Cdkn1a	8.605	371	2	0	1.301	0.0	6.614
P2RY1_RAT	25265	P2ry1	8.603	372	2	0	1.301	0.0	6.612
AL3A1_RAT	25375	Aldh3a1	8.597	376	2	0	1.301	0.0	6.608
NOS1_RAT	24598	Nos1	8.59	2331	3	2	1.477	0.0	5.815
CO3_RAT	24232	C3	8.584	385	2	3	1.301	0.0	6.598
PER1_RAT	287422	Per1	8.584	385	2	1	1.301	0.0	6.598
FA9_RAT	24946	F9	8.581	4	1	0	1.0	0.0	8.581
PADI4_RAT	29512	Padi4	8.581	4	1	0	1.0	0.0	8.581
INVO_RAT	60583	Ivl	8.581	4	1	0	1.0	0.0	8.581
NDEL1_RAT	170845	Ndel1	8.581	4	1	0	1.0	0.0	8.581
PPP6_RAT	171121	Ppp6c	8.581	4	1	0	1.0	0.0	8.581
F1LM22_RAT	24862	Ugt2b	8.578	389	2	0	1.301	0.0	6.593
B2RYB8_RAT	309684	Itgb2	8.544	413	2	0	1.301	0.0	6.567
Q5FVS5_RAT	50669	Prf1	8.538	417	2	0	1.301	0.0	6.563
CORT_RAT	25305	Cort	8.517	433	2	1	1.301	0.0	6.547
AGTRA_RAT	24180	Agtr1	8.49	2723	3	0	1.477	0.0	5.748
TCPD_RAT	29374	Cct4	8.484	5	1	0	1.0	0.0	8.484
RERE_RAT	116665	Rere	8.484	5	1	0	1.0	0.0	8.484
LAG3_RAT	297596	Lag3	8.484	5	1	0	1.0	0.0	8.484
Q6AXN2_RAT	305604	Efemp1	8.484	5	1	0	1.0	0.0	8.484
D3ZEN1_RAT	310643	Efna4	8.484	5	1	0	1.0	0.0	8.484
PTHR_RAT	24695	Pthlh	8.446	491	2	0	1.301	0.0	6.492
SFTPA_RAT	24773	Sftpa1	8.44	496	2	0	1.301	0.0	6.488
5HT1A_RAT	24473	Htr1a	8.437	2955	3	0	1.477	0.0	5.712
OX26_RAT	379044	Qrfp	8.431	504	2	0	1.301	0.0	6.481
ANF_RAT	24602	Nppa	8.423	3022	3	0	1.477	0.0	5.703
NXF1_RAT	59087	Nxf1	8.405	6	1	0	1.0	0.0	8.405
CXB4_RAT	117055	Gjb4	8.405	6	1	0	1.0	0.0	8.405
D3ZAJ1_RAT	288067	Csta	8.405	6	1	0	1.0	0.0	8.405
NAF1_RAT	306387	Naf1	8.405	6	1	0	1.0	0.0	8.405
AQP1_RAT	25240	Aqp1	8.382	550	2	0	1.301	0.0	6.443
AATM_RAT	25721	Got2	8.353	3371	3	0	1.477	0.0	5.655
GON1_RAT	25194	Gnrh1	8.348	3398	3	0	1.477	0.0	5.651
D3Z8Q6_RAT	290794	Tnks	8.338	7	1	0	1.0	0.0	8.338
CCL4_RAT	116637	Ccl4	8.31	3605	3	0	1.477	0.0	5.626
APOA1_RAT	25081	Apoa1	8.297	639	2	1	1.301	0.0	6.377
PNOC_RAT	25516	Pnoc	8.286	652	2	0	1.301	0.0	6.369
PNMT_RAT	24661	Pnmt	8.28	659	2	0	1.301	0.0	6.364
ALX1_RAT	25401	Alx1	8.28	8	1	0	1.0	0.0	8.28
FAT2_RAT	65048	Fat2	8.28	8	1	0	1.0	0.0	8.28
Q8R492_RAT	192203	Fap	8.28	8	1	0	1.0	0.0	8.28
G3V765_RAT	303687	Evpl	8.28	8	1	1	1.0	0.0	8.28
G3V9K5_RAT	317371	Was	8.28	8	1	0	1.0	0.0	8.28
VCAM1_RAT	25361	Vcam1	8.272	668	2	0	1.301	0.0	6.358
EAA2_RAT	29482	Slc1a2	8.272	668	2	0	1.301	0.0	6.358
IL10_RAT	25325	Il10	8.26	3898	3	1	1.477	0.0	5.592
NQO1_RAT	24314	Nqo1	8.243	703	2	2	1.301	0.0	6.336
Q499Q4_RAT	24645	Pgm1	8.229	9	1	0	1.0	0.0	8.229
FCERB_RAT	25316	Ms4a2	8.229	9	1	0	1.0	0.0	8.229
Q6MG19_RAT	25678	Ddr1	8.229	9	1	0	1.0	0.0	8.229
D3ZQ74_RAT	116552	Plod1	8.229	9	1	0	1.0	0.0	8.229
D3ZCG9_RAT	360606	Itga3	8.229	9	1	0	1.0	0.0	8.229
Q8VBU7_RAT	24176	Adrb2	8.227	723	2	0	1.301	0.0	6.324
CTGF_RAT	64032	Ctgf	8.214	740	2	0	1.301	0.0	6.314
ADRB1_RAT	24925	Adrb1	8.211	744	2	0	1.301	0.0	6.311
PYC_RAT	25104	Pc	8.195	766	2	0	1.301	0.0	6.299
Q63483_RAT	252916	Rab38	8.183	10	1	0	1.0	0.0	8.183
Q5BJZ9_RAT	316742	Tgif1	8.183	10	1	1	1.0	0.0	8.183
MTPN_RAT	79215	Mtpn	8.163	810	2	0	1.301	0.0	6.274
DPP4_RAT	25253	Dpp4	8.151	828	2	0	1.301	0.0	6.265
TPA_RAT	25692	Plat	8.142	841	2	0	1.301	0.0	6.258
Q5PQW5_RAT	170699	Atp2c1	8.142	11	1	0	1.0	0.0	8.142
D4A0Y6_RAT	291234	Mki67	8.142	11	1	0	1.0	0.0	8.142
D3ZV67_RAT	685229	Tal2	8.142	11	1	0	1.0	0.0	8.142
ALAT1_RAT	81670	Gpt	8.114	884	2	0	1.301	0.0	6.237
LAP2_RAT	25359	Tmpo	8.104	12	1	1	1.0	0.0	8.104
ADAS_RAT	84114	Agps	8.104	12	1	0	1.0	0.0	8.104
D3Z9Z0_RAT	306570	Ank1	8.104	12	1	0	1.0	0.0	8.104
SC6A4_RAT	25553	Slc6a4	8.102	902	2	0	1.301	0.0	6.228
A0A023IKK2_RAT	24981	RT1-Db2	8.069	13	1	1	1.0	0.0	8.069
GLT13_RAT	311039	Galnt13	8.069	13	1	0	1.0	0.0	8.069
Q8K3R4_RAT	246253	Adipoq	8.047	995	2	0	1.301	0.0	6.185
Q924W3_RAT	114517	Itga6	8.037	14	1	0	1.0	0.0	8.037
FUBP2_RAT	171137	Khsrp	8.037	14	1	0	1.0	0.0	8.037
D3ZVN7_RAT	289219	Ppox	8.037	14	1	0	1.0	0.0	8.037
D4A981_RAT	298074	Xpa	8.037	14	1	0	1.0	0.0	8.037
Q7TPK2_RAT	304929	F5	8.037	14	1	0	1.0	0.0	8.037
MED28_RAT	305391	Med28	8.037	14	1	0	1.0	0.0	8.037
Q5WRG2_RAT	305843	Ang	8.008	1066	2	0	1.301	0.0	6.155
ACY2_RAT	79251	Aspa	8.007	15	1	0	1.0	0.0	8.007
F1MAA7_RAT	117036	Lamc1	8.007	15	1	0	1.0	0.0	8.007
A1KXK4_RAT	298298	Dhcr24	8.007	15	1	0	1.0	0.0	8.007
TRPM1_RAT	361586	Trpm1	8.007	15	1	0	1.0	0.0	8.007
PTTG_RAT	365548	Pttg1ip	8.007	15	1	0	1.0	0.0	8.007
Q91ZH4_RAT	171054	Ccr4	7.979	16	1	0	1.0	0.0	7.979
C0JPT7_RAT	293860	Flna	7.979	16	1	0	1.0	0.0	7.979
BTD_RAT	306262	Btd	7.979	16	1	0	1.0	0.0	7.979
D4A9V4_RAT	100360427	E2f4	7.979	16	1	0	1.0	0.0	7.979
BMP2_RAT	29373	Bmp2	7.975	1130	2	1	1.301	0.0	6.13
D3ZAQ9_RAT	292673	Ercc1	7.953	17	1	0	1.0	0.0	7.953
CR3L1_RAT	362165	Creb3l1	7.953	17	1	0	1.0	0.0	7.953
F8WFM2_RAT	499903	Napb	7.953	17	1	0	1.0	0.0	7.953
Q5EBD0_RAT	116486	Sec14l2	7.928	18	1	0	1.0	0.0	7.928
A0A0G2K7L8_RAT	29220	Thbs4	7.904	19	1	1	1.0	0.0	7.904
MRGX1_RAT	404646	Mrgprx1	7.904	19	1	0	1.0	0.0	7.904
A0A0G2JV79_RAT	24546	Slco2a1	7.882	20	1	0	1.0	0.0	7.882
K1C17_RAT	287702	Krt17	7.882	20	1	2	1.0	0.0	7.882
EDNRA_RAT	24326	Ednra	7.872	1355	2	0	1.301	0.0	6.051
WISP1_RAT	65154	Wisp1	7.861	21	1	0	1.0	0.0	7.861
Q66HM7_RAT	81783	Ssb	7.841	22	1	0	1.0	0.0	7.841
A0A0G2K6Q8_RAT	315294	Wnt10b	7.841	22	1	0	1.0	0.0	7.841
BCAT2_RAT	64203	Bcat2	7.821	23	1	0	1.0	0.0	7.821
PRDM4_RAT	170820	Prdm4	7.821	23	1	1	1.0	0.0	7.821
K1C9_RAT	266717	Krt9	7.821	23	1	0	1.0	0.0	7.821
K1C15_RAT	287700	Krt15	7.821	23	1	0	1.0	0.0	7.821
RABP1_RAT	25061	Crabp1	7.803	24	1	0	1.0	0.0	7.803
SELW_RAT	25545	Selenow	7.803	24	1	0	1.0	0.0	7.803
FCERA_RAT	25047	Fcer1a	7.768	26	1	0	1.0	0.0	7.768
MADCA_RAT	54266	Madcam1	7.752	27	1	0	1.0	0.0	7.752
Q6P6X2_RAT	25013	Semg1	7.736	28	1	0	1.0	0.0	7.736
VEGFD_RAT	360457	Vegfd	7.736	28	1	1	1.0	0.0	7.736
Q5XJW6_RAT	155012	Cfh	7.721	29	1	0	1.0	0.0	7.721
CD9_RAT	24936	Cd9	7.706	30	1	0	1.0	0.0	7.706
Q9WUQ4_RAT	84386	Slpi	7.706	30	1	0	1.0	0.0	7.706
A0A0G2JUC1_RAT	296510	Sp5	7.706	30	1	0	1.0	0.0	7.706
KLF2_RAT	306330	Klf2	7.706	30	1	1	1.0	0.0	7.706
TERA_RAT	116643	Vcp	7.692	31	1	0	1.0	0.0	7.692
THTM_RAT	192172	Mpst	7.692	31	1	0	1.0	0.0	7.692
ESR1_RAT	24890	Esr1	7.682	1898	2	0	1.301	0.0	5.904
Q9TQA6_RAT	294270	RT1-Db1	7.678	32	1	0	1.0	0.0	7.678
E9PU00_RAT	497948	Trpv3	7.678	32	1	0	1.0	0.0	7.678
FMOD_RAT	64507	Fmod	7.652	34	1	1	1.0	0.0	7.652
BPI_RAT	296321	Bpi	7.652	34	1	0	1.0	0.0	7.652
Q68FT8_RAT	287527	Serpinf2	7.639	35	1	0	1.0	0.0	7.639
G6PD_RAT	24377	G6pdx	7.637	2056	2	0	1.301	0.0	5.87
CXCL5_RAT	60665	Cxcl5	7.627	36	1	3	1.0	0.0	7.627
CYTS_RAT	296234	Cst4	7.627	36	1	0	1.0	0.0	7.627
MBP_RAT	24547	Mbp	7.618	2126	2	1	1.301	0.0	5.855
S27A5_RAT	79111	Slc27a5	7.615	37	1	0	1.0	0.0	7.615
Q6T5E7_RAT	301595	Ugt1a8	7.615	37	1	0	1.0	0.0	7.615
ID3_RAT	25585	Id3	7.603	38	1	0	1.0	0.0	7.603
MMP10_RAT	117061	Mmp10	7.603	38	1	0	1.0	0.0	7.603
Q6Q3E8_RAT	497010	Eng	7.592	39	1	0	1.0	0.0	7.592
Q9Z1K2_RAT	85244	Spa17	7.581	40	1	0	1.0	0.0	7.581
AL1A2_RAT	116676	Aldh1a2	7.581	40	1	0	1.0	0.0	7.581
NTAL_RAT	317676	Lat2	7.581	40	1	0	1.0	0.0	7.581
BMP3_RAT	25667	Bmp3	7.57	41	1	0	1.0	0.0	7.57
S12A3_RAT	54300	Slc12a3	7.57	41	1	0	1.0	0.0	7.57
NMUR2_RAT	64042	Nmur2	7.57	41	1	0	1.0	0.0	7.57
Q9JKB7_RAT	83585	Gda	7.57	41	1	0	1.0	0.0	7.57
CD24_RAT	25145	Cd24	7.56	42	1	0	1.0	0.0	7.56
Q5BK91_RAT	25156	Vav1	7.55	43	1	0	1.0	0.0	7.55
Q6U2D6_RAT	287673	Ccr7	7.55	43	1	0	1.0	0.0	7.55
Q923K6_RAT	54234	Cacna1e	7.54	44	1	0	1.0	0.0	7.54
PROK2_RAT	192206	Prok2	7.54	44	1	2	1.0	0.0	7.54
MAF_RAT	54267	Maf	7.52	46	1	1	1.0	0.0	7.52
NAC2_RAT	140447	Slc8a2	7.52	46	1	1	1.0	0.0	7.52
ADA2C_RAT	24175	Adra2c	7.511	47	1	1	1.0	0.0	7.511
MRI_RAT	500077	Mri	7.502	48	1	0	1.0	0.0	7.502
ARSB_RAT	25227	Arsb	7.484	50	1	0	1.0	0.0	7.484
CAH2_RAT	54231	Ca2	7.481	2710	2	0	1.301	0.0	5.75
PGK1_RAT	24644	Pgk1	7.475	51	1	0	1.0	0.0	7.475
NAC3_RAT	140448	Slc8a3	7.475	51	1	0	1.0	0.0	7.475
ECHP_RAT	171142	Ehhadh	7.475	51	1	0	1.0	0.0	7.475
RIPK3_RAT	246240	Ripk3	7.459	53	1	0	1.0	0.0	7.459
PTHY_RAT	24694	Pth	7.446	2877	2	0	1.301	0.0	5.723
GNDS_RAT	29622	Ralgds	7.443	55	1	0	1.0	0.0	7.443
BFSP1_RAT	25394	Bfsp1	7.427	57	1	0	1.0	0.0	7.427
Q6T5F0_RAT	574523	Ugt1a5	7.405	60	1	0	1.0	0.0	7.405
CCL7_RAT	287561	Ccl7	7.398	61	1	1	1.0	0.0	7.398
D3ZS29_RAT	414065	Nanog	7.398	61	1	0	1.0	0.0	7.398
CCKN_RAT	25298	Cck	7.397	3140	2	0	1.301	0.0	5.686
ASGR1_RAT	24210	Asgr1	7.391	62	1	0	1.0	0.0	7.391
GRM2_RAT	24415	Grm2	7.391	62	1	1	1.0	0.0	7.391
PGH2_RAT	29527	Ptgs2	7.391	3174	2	1	1.301	0.0	5.681
MK_RAT	81517	Mdk	7.384	63	1	0	1.0	0.0	7.384
K1C10_RAT	450225	Krt10	7.384	63	1	1	1.0	0.0	7.384
ZBT7A_RAT	117107	Zbtb7a	7.363	66	1	0	1.0	0.0	7.363
RXFP1_RAT	295144	Rxfp1	7.363	66	1	1	1.0	0.0	7.363
SPIN1_RAT	361217	Spin1	7.363	66	1	0	1.0	0.0	7.363
CCL20_RAT	29538	Ccl20	7.357	67	1	0	1.0	0.0	7.357
PPCE_RAT	83471	Prep	7.351	68	1	0	1.0	0.0	7.351
PRDX6_RAT	94167	Prdx6	7.351	68	1	0	1.0	0.0	7.351
Q7TMB9_RAT	299282	LOC299282	7.351	68	1	0	1.0	0.0	7.351
D3Z8W0_RAT	293589	Paox	7.344	69	1	0	1.0	0.0	7.344
ADH1_RAT	24172	Adh1	7.338	70	1	0	1.0	0.0	7.338
F1LPP6_RAT	171026	Akap5	7.332	71	1	0	1.0	0.0	7.332
SVS4_RAT	24802	Svs4	7.326	72	1	0	1.0	0.0	7.326
DNM3A_RAT	444984	Dnmt3a	7.326	72	1	0	1.0	0.0	7.326
ENOA_RAT	24333	Eno1	7.32	73	1	0	1.0	0.0	7.32
B3AT_RAT	24779	Slc4a1	7.32	73	1	0	1.0	0.0	7.32
AMPB_RAT	81761	Rnpep	7.32	73	1	0	1.0	0.0	7.32
B3A2_RAT	24780	Slc4a2	7.314	74	1	0	1.0	0.0	7.314
TYB4_RAT	81814	Tmsb4x	7.308	75	1	0	1.0	0.0	7.308
ISK1L_RAT	266602	Spink1l	7.308	75	1	0	1.0	0.0	7.308
Q66HB1_RAT	117526	Tbp	7.302	76	1	0	1.0	0.0	7.302
ECP_RAT	192264	Rnase3	7.297	77	1	0	1.0	0.0	7.297
D3ZRA8_RAT	500574	Pax7	7.297	77	1	2	1.0	0.0	7.297
AT2B1_RAT	29598	Atp2b1	7.28	80	1	0	1.0	0.0	7.28
XPO1_RAT	85252	Xpo1	7.28	80	1	0	1.0	0.0	7.28
SPHK1_RAT	170897	Sphk1	7.269	82	1	1	1.0	0.0	7.269
GELS_RAT	296654	Gsn	7.259	84	1	0	1.0	0.0	7.259
CAN8_RAT	170808	Capn8	7.254	85	1	0	1.0	0.0	7.254
SPRE_RAT	29270	Spr	7.249	86	1	0	1.0	0.0	7.249
PTH1R_RAT	56813	Pth1r	7.249	86	1	0	1.0	0.0	7.249
CO9_RAT	117512	C9	7.249	86	1	0	1.0	0.0	7.249
RAN_RAT	84509	Ran	7.244	87	1	0	1.0	0.0	7.244
CXA4_RAT	25655	Gja4	7.239	88	1	0	1.0	0.0	7.239
PMP22_RAT	24660	Pmp22	7.234	89	1	2	1.0	0.0	7.234
RL3_RAT	300079	Rpl3	7.234	89	1	0	1.0	0.0	7.234
TRPV2_RAT	29465	Trpv2	7.224	91	1	0	1.0	0.0	7.224
ILK_RAT	170922	Ilk	7.224	91	1	1	1.0	0.0	7.224
LEG4_RAT	25474	Lgals4	7.215	93	1	0	1.0	0.0	7.215
SAST_RAT	64669	Olah	7.215	93	1	0	1.0	0.0	7.215
K1C14_RAT	287701	Krt14	7.21	94	1	0	1.0	0.0	7.21
PARK7_RAT	117287	Park7	7.201	96	1	1	1.0	0.0	7.201
LAMP1_RAT	25328	Lamp1	7.196	97	1	0	1.0	0.0	7.196
ACTA_RAT	81633	Acta2	7.196	97	1	0	1.0	0.0	7.196
HNMT_RAT	81676	Hnmt	7.187	99	1	0	1.0	0.0	7.187
CABIN_RAT	94165	Cabin1	7.179	101	1	0	1.0	0.0	7.179
Q91ZM0_RAT	84494	Trpc4	7.174	102	1	0	1.0	0.0	7.174
GNAQ_RAT	81666	Gnaq	7.17	103	1	0	1.0	0.0	7.17
E9PTH2_RAT	114509	LOC100912585	7.17	103	1	0	1.0	0.0	7.17
SDC1_RAT	25216	Sdc1	7.162	105	1	1	1.0	0.0	7.162
SCN9A_RAT	78956	Scn9a	7.162	105	1	4	1.0	0.0	7.162
CD59_RAT	25407	Cd59	7.158	106	1	0	1.0	0.0	7.158
G3V6X8_RAT	140589	Gli1	7.154	107	1	0	1.0	0.0	7.154
OLR1_RAT	140914	Olr1	7.154	107	1	0	1.0	0.0	7.154
Q6AZ23_RAT	83584	Casp6	7.15	108	1	0	1.0	0.0	7.15
YBOX1_RAT	500538	Ybx1	7.146	109	1	0	1.0	0.0	7.146
D3Z9J1_RAT	293897	Dkk1	7.138	111	1	0	1.0	0.0	7.138
AMD_RAT	25508	Pam	7.134	112	1	0	1.0	0.0	7.134
Q66HJ7_RAT	25167	Ptpra	7.13	113	1	3	1.0	0.0	7.13
A1AT_RAT	24648	Serpina1	7.122	115	1	0	1.0	0.0	7.122
OGG1_RAT	81528	Ogg1	7.119	116	1	0	1.0	0.0	7.119
DYR_RAT	24312	Dhfr	7.115	117	1	0	1.0	0.0	7.115
A1YKY4_RAT	170896	Ucn2	7.111	118	1	1	1.0	0.0	7.111
PGS1_RAT	25181	Bgn	7.107	119	1	1	1.0	0.0	7.107
CNTN5_RAT	114589	Cntn5	7.107	119	1	0	1.0	0.0	7.107
THOP1_RAT	64517	Thop1	7.104	120	1	0	1.0	0.0	7.104
APEX1_RAT	79116	Apex1	7.104	120	1	0	1.0	0.0	7.104
CP2J3_RAT	313375	Cyp2j3	7.1	121	1	0	1.0	0.0	7.1
BASI_RAT	25246	Bsg	7.086	125	1	0	1.0	0.0	7.086
D3Z9U2_RAT	312701	Cd163	7.086	125	1	0	1.0	0.0	7.086
HCN1_RAT	84390	Hcn1	7.076	128	1	1	1.0	0.0	7.076
MK03_RAT	50689	Mapk3	7.073	5566	2	1	1.301	0.0	5.437
HYEP_RAT	25315	Ephx1	7.072	129	1	0	1.0	0.0	7.072
HCN2_RAT	114244	Hcn2	7.072	129	1	1	1.0	0.0	7.072
CBS_RAT	24250	Cbs	7.056	134	1	1	1.0	0.0	7.056
D3ZVH5_RAT	314856	Mdm2	7.056	134	1	0	1.0	0.0	7.056
CBPE_RAT	25669	Cpe	7.049	136	1	0	1.0	0.0	7.049
MT3_RAT	117038	Mt3	7.043	138	1	2	1.0	0.0	7.043
AATC_RAT	24401	Got1	7.034	141	1	0	1.0	0.0	7.034
GSTA4_RAT	300850	Gsta4	7.013	148	1	0	1.0	0.0	7.013
Q3KR94_RAT	29169	Vtn	7.01	149	1	0	1.0	0.0	7.01
KPCE_RAT	29340	Prkce	7.007	150	1	6	1.0	0.0	7.007
D3ZT88_RAT	363672	Sp6	7.007	150	1	0	1.0	0.0	7.007
ST1A1_RAT	83783	Sult1a1	7.004	151	1	0	1.0	0.0	7.004
Q5I0M4_RAT	364773	Akr1c12	6.987	157	1	0	1.0	0.0	6.987
SDC2_RAT	25615	Sdc2	6.979	160	1	0	1.0	0.0	6.979
F1MAG9_RAT	308586	Sec1	6.971	163	1	0	1.0	0.0	6.971
MLRV_RAT	363925	Myl2	6.971	163	1	0	1.0	0.0	6.971
AMBP_RAT	25377	Ambp	6.968	164	1	0	1.0	0.0	6.968
CRYAB_RAT	25420	Cryab	6.966	165	1	1	1.0	0.0	6.966
CCR2_RAT	60463	Ccr2	6.966	165	1	0	1.0	0.0	6.966
G3V7G2_RAT	24254	Cel	6.96	167	1	0	1.0	0.0	6.96
PRDX5_RAT	113898	Prdx5	6.96	167	1	0	1.0	0.0	6.96
Q99ND3_RAT	25682	Ppard	6.955	169	1	0	1.0	0.0	6.955
TNNT2_RAT	24837	Tnnt2	6.938	176	1	1	1.0	0.0	6.938
Q6T5F2_RAT	396527	Ugt1a2	6.938	176	1	0	1.0	0.0	6.938
Q2IBD1_RAT	114487	Wnt2	6.935	177	1	0	1.0	0.0	6.935
Q4QQW2_RAT	171369	Cd40	6.923	182	1	2	1.0	0.0	6.923
TTHY_RAT	24856	Ttr	6.914	186	1	0	1.0	0.0	6.914
Q4V8L0_RAT	25358	Timp3	6.904	190	1	0	1.0	0.0	6.904
AMPL_RAT	289668	Lap3	6.9	192	1	0	1.0	0.0	6.9
OX1R_RAT	25593	Hcrtr1	6.895	194	1	1	1.0	0.0	6.895
JUND_RAT	24518	Jund	6.878	202	1	0	1.0	0.0	6.878
HSP7C_RAT	24468	Hspa8	6.873	204	1	0	1.0	0.0	6.873
P97688_RAT	24495	Il3	6.869	206	1	0	1.0	0.0	6.869
ARGI1_RAT	29221	Arg1	6.867	207	1	0	1.0	0.0	6.867
F1LYL9_RAT	140586	Sox9	6.861	210	1	0	1.0	0.0	6.861
Q9QX10_RAT	83629	Slc12a2	6.857	212	1	1	1.0	0.0	6.857
S12A5_RAT	171373	Slc12a5	6.857	212	1	3	1.0	0.0	6.857
KSYK_RAT	25155	Syk	6.853	214	1	0	1.0	0.0	6.853
FABPI_RAT	25598	Fabp2	6.847	217	1	0	1.0	0.0	6.847
3BHS1_RAT	360348	Hsd3b1	6.845	218	1	0	1.0	0.0	6.845
GDN_RAT	29366	Serpine2	6.839	221	1	0	1.0	0.0	6.839
BKRB1_RAT	81509	Bdkrb1	6.837	222	1	0	1.0	0.0	6.837
NK2R_RAT	25007	Tacr2	6.831	225	1	0	1.0	0.0	6.831
GPDA_RAT	60666	Gpd1	6.829	226	1	0	1.0	0.0	6.829
AQP5_RAT	25241	Aqp5	6.827	227	1	0	1.0	0.0	6.827
TRI63_RAT	140939	Trim63	6.827	227	1	0	1.0	0.0	6.827
VACHT_RAT	60422	Slc18a3	6.825	228	1	0	1.0	0.0	6.825
PE2R3_RAT	24929	Ptger3	6.821	230	1	3	1.0	0.0	6.821
SHH_RAT	29499	Shh	6.816	233	1	0	1.0	0.0	6.816
D3ZAB1_RAT	301034	Ltf	6.812	235	1	0	1.0	0.0	6.812
ODBA_RAT	25244	Bckdha	6.81	236	1	0	1.0	0.0	6.81
ANXA3_RAT	25291	Anxa3	6.81	236	1	0	1.0	0.0	6.81
REPI1_RAT	445541	Repin1	6.803	240	1	1	1.0	0.0	6.803
D2KX21_RAT	288025	Hrasls	6.801	241	1	0	1.0	0.0	6.801
FABPL_RAT	24360	Fabp1	6.796	244	1	0	1.0	0.0	6.796
SCNNG_RAT	24768	Scnn1g	6.796	244	1	1	1.0	0.0	6.796
DBP_RAT	24309	Dbp	6.789	248	1	0	1.0	0.0	6.789
Q5M7T5_RAT	304917	Serpinc1	6.789	248	1	0	1.0	0.0	6.789
MT2_RAT	689415	Mt2	6.782	252	1	2	1.0	0.0	6.782
SL9A2_RAT	24783	Slc9a2	6.778	254	1	0	1.0	0.0	6.778
VINC_RAT	305679	Vcl	6.775	256	1	0	1.0	0.0	6.775
AMPN_RAT	81641	Anpep	6.768	260	1	0	1.0	0.0	6.768
VMAT2_RAT	25549	Slc18a2	6.765	262	1	0	1.0	0.0	6.765
EAA3_RAT	25550	Slc1a1	6.761	264	1	1	1.0	0.0	6.761
G3V771_RAT	24324	Edn2	6.76	265	1	0	1.0	0.0	6.76
HEM2_RAT	25374	Alad	6.75	271	1	0	1.0	0.0	6.75
ADRB3_RAT	25645	Adrb3	6.745	274	1	0	1.0	0.0	6.745
CBG_RAT	299270	Serpina6	6.745	274	1	1	1.0	0.0	6.745
ACOD1_RAT	246074	Scd1	6.744	275	1	0	1.0	0.0	6.744
PYGL_RAT	64035	Pygl	6.737	279	1	0	1.0	0.0	6.737
ANFC_RAT	114593	Nppc	6.737	279	1	0	1.0	0.0	6.737
F1M7S3_RAT	29190	Pdyn	6.731	283	1	0	1.0	0.0	6.731
ACLY_RAT	24159	Acly	6.725	287	1	0	1.0	0.0	6.725
CD5R1_RAT	116671	Cdk5r1	6.719	291	1	0	1.0	0.0	6.719
T23O_RAT	64206	Tdo2	6.718	292	1	0	1.0	0.0	6.718
NOTC1_RAT	25496	Notch1	6.716	293	1	0	1.0	0.0	6.716
Q6MG73_RAT	24231	C2	6.709	298	1	0	1.0	0.0	6.709
S100G_RAT	24249	S100g	6.709	298	1	0	1.0	0.0	6.709
G3P_RAT	24383	Gapdh	6.699	305	1	1	1.0	0.0	6.699
HPT_RAT	24464	Hp	6.696	307	1	0	1.0	0.0	6.696
FGFR1_RAT	79114	Fgfr1	6.693	309	1	0	1.0	0.0	6.693
CEBPA_RAT	24252	Cebpa	6.683	316	1	0	1.0	0.0	6.683
IL13_RAT	116553	Il13	6.681	318	1	0	1.0	0.0	6.681
B1WC54_RAT	25729	Ccne1	6.677	321	1	0	1.0	0.0	6.677
CADH2_RAT	83501	Cdh2	6.672	324	1	0	1.0	0.0	6.672
PRLR_RAT	24684	Prlr	6.664	330	1	0	1.0	0.0	6.664
HSPB6_RAT	192245	Hspb6	6.635	353	1	0	1.0	0.0	6.635
SHBG_RAT	24775	Shbg	6.628	359	1	1	1.0	0.0	6.628
VGLU1_RAT	116638	Slc17a7	6.628	359	1	1	1.0	0.0	6.628
D3ZLB7_RAT	100360880	Fosb	6.62	366	1	0	1.0	0.0	6.62
KPCB_RAT	25023	Prkcb	6.614	371	1	0	1.0	0.0	6.614
CART_RAT	29131	Cartpt	6.614	371	1	0	1.0	0.0	6.614
GHSR_RAT	84022	Ghsr	6.612	372	1	1	1.0	0.0	6.612
Q5U324_RAT	25439	F2r	6.611	373	1	2	1.0	0.0	6.611
GSH1_RAT	25283	Gclc	6.602	381	1	0	1.0	0.0	6.602
NMDE3_RAT	24411	Grin2c	6.59	392	1	1	1.0	0.0	6.59
O88211_RAT	60584	Lif	6.58	401	1	0	1.0	0.0	6.58
BECN1_RAT	114558	Becn1	6.572	408	1	0	1.0	0.0	6.572
TGFB2_RAT	81809	Tgfb2	6.562	418	1	0	1.0	0.0	6.562
Q6PED1_RAT	81780	Ccl5	6.561	419	1	0	1.0	0.0	6.561
GHR_RAT	25235	Ghr	6.556	424	1	0	1.0	0.0	6.556
GRP_RAT	171101	Grp	6.553	427	1	0	1.0	0.0	6.553
GCYB2_RAT	25206	Gucy1b2	6.548	431	1	0	1.0	0.0	6.548
SNP25_RAT	25012	Snap25	6.546	434	1	0	1.0	0.0	6.546
IBP1_RAT	25685	Igfbp1	6.539	441	1	0	1.0	0.0	6.539
TSPO_RAT	24230	Tspo	6.528	452	1	0	1.0	0.0	6.528
SELK_RAT	290549	Selenok	6.524	456	1	0	1.0	0.0	6.524
OPSD_RAT	24717	Rho	6.519	461	1	0	1.0	0.0	6.519
Q8VD47_RAT	60628	Cxcr4	6.513	468	1	1	1.0	0.0	6.513
UCP2_RAT	54315	Ucp2	6.506	475	1	1	1.0	0.0	6.506
RASH_RAT	293621	Hras	6.503	478	1	1	1.0	0.0	6.503
NGAL_RAT	170496	Lcn2	6.481	503	1	0	1.0	0.0	6.481
CTNB1_RAT	84353	Ctnnb1	6.479	506	1	1	1.0	0.0	6.479
G3V7M4_RAT	301289	Il17a	6.476	509	1	0	1.0	0.0	6.476
MT1_RAT	24567	Mt1	6.461	527	1	0	1.0	0.0	6.461
ADML_RAT	25026	Adm	6.459	530	1	0	1.0	0.0	6.459
IL1RA_RAT	60582	Il1rn	6.455	535	1	1	1.0	0.0	6.455
CALB2_RAT	117059	Calb2	6.447	544	1	0	1.0	0.0	6.447
UCP1_RAT	24860	Ucp1	6.444	548	1	0	1.0	0.0	6.444
F1M4A0_RAT	292994	Tjp1	6.442	551	1	0	1.0	0.0	6.442
CP3A2_RAT	266682	Cyp3a2	6.435	560	1	0	1.0	0.0	6.435
AK1A1_RAT	78959	Akr1a1	6.433	562	1	0	1.0	0.0	6.433
TIMP2_RAT	29543	Timp2	6.413	589	1	0	1.0	0.0	6.413
IL18_RAT	29197	Il18	6.403	602	1	0	1.0	0.0	6.403
CRFR1_RAT	58959	Crhr1	6.392	618	1	0	1.0	0.0	6.392
AQP4_RAT	25293	Aqp4	6.388	624	1	0	1.0	0.0	6.388
CADH1_RAT	83502	Cdh1	6.384	629	1	0	1.0	0.0	6.384
NEP_RAT	24590	Mme	6.379	637	1	0	1.0	0.0	6.379
PDLI3_RAT	114108	Pdlim3	6.375	643	1	0	1.0	0.0	6.375
NCAM1_RAT	24586	Ncam1	6.373	646	1	0	1.0	0.0	6.373
MP2K1_RAT	170851	Map2k1	6.353	676	1	3	1.0	0.0	6.353
G3V913_RAT	24471	Hspb1	6.348	684	1	0	1.0	0.0	6.348
CRP_RAT	25419	Crp	6.344	690	1	0	1.0	0.0	6.344
O35055_RAT	65202	Slc13a2	6.339	699	1	0	1.0	0.0	6.339
SP1_RAT	24790	Sp1	6.329	715	1	0	1.0	0.0	6.329
KPCG_RAT	24681	Prkcg	6.324	723	1	0	1.0	0.0	6.324
SC6A3_RAT	24898	Slc6a3	6.301	762	1	0	1.0	0.0	6.301
GRP78_RAT	25617	Hspa5	6.298	767	1	0	1.0	0.0	6.298
GSTP1_RAT	24426	Gstp1	6.295	772	1	0	1.0	0.0	6.295
IGF1R_RAT	25718	Igf1r	6.247	862	1	1	1.0	0.0	6.247
G3V6D0_RAT	24177	Afp	6.246	864	1	0	1.0	0.0	6.246
5HT2A_RAT	29595	Htr2a	6.235	886	1	0	1.0	0.0	6.235
ACHA2_RAT	170945	Chrna2	6.169	1033	1	0	1.0	0.0	6.169
OREX_RAT	25723	Hcrt	6.161	1051	1	1	1.0	0.0	6.161
DOPO_RAT	25699	Dbh	6.157	1060	1	2	1.0	0.0	6.157
EGR1_RAT	24330	Egr1	6.13	1130	1	0	1.0	0.0	6.13
CCND1_RAT	58919	Ccnd1	6.119	1157	1	0	1.0	0.0	6.119
NTRK2_RAT	25054	Ntrk2	6.116	1166	1	3	1.0	0.0	6.116
MTAP2_RAT	25595	Map2	6.109	1185	1	0	1.0	0.0	6.109
AGTR2_RAT	24182	Agtr2	6.081	1265	1	0	1.0	0.0	6.081
CP1A2_RAT	24297	Cyp1a2	6.079	1269	1	0	1.0	0.0	6.079
A1L1M0_RAT	25636	Prkaca	6.07	1298	1	0	1.0	0.0	6.07
SODC_RAT	24786	Sod1	6.065	1312	1	0	1.0	0.0	6.065
IGF2_RAT	24483	Igf2	6.057	1337	1	0	1.0	0.0	6.057
SODM_RAT	24787	Sod2	6.028	1429	1	0	1.0	0.0	6.028
HIF1A_RAT	29560	Hif1a	5.99	1558	1	2	1.0	0.0	5.99
GAST_RAT	25320	Gast	5.902	1908	1	0	1.0	0.0	5.902
CREB1_RAT	81646	Creb1	5.884	1988	1	0	1.0	0.0	5.884
TRFE_RAT	24825	Tf	5.879	2014	1	0	1.0	0.0	5.879
G3V617_RAT	81649	Mapk14	5.583	3982	1	1	1.0	0.0	5.583
Q9JKL3_RAT	24887	Bax	5.503	4781	1	0	1.0	0.0	5.503
CAH1_RAT	310218	Ca1	5.113	11709	1	0	1.0	0.0	5.113
