Big_T	53236
Big_F	1656734
UniProtKB_ID	GeneID	Gene_Name	PPS	Big_P	T+P	Citation	1+Log(T+P)	log10((Cit/yr+1)/10)	1+log10(F/T)+log10(F/P)
CISY_RAT	170587	Cs	26.786	890	321	138	3.507	1.143	5.761
DNM1L_RAT	114114	Dnm1l	25.78	100	62	111	2.792	1.049	6.711
BCL2_RAT	24224	Bcl2	25.503	5951	527	278	3.722	1.446	4.935
CASP3_RAT	25402	Casp3	22.99	8340	312	202	3.494	1.307	4.788
SODM_RAT	24787	Sod2	22.865	1429	136	95	3.134	0.982	5.555
CATA_RAT	24248	Cat	22.593	7234	311	145	3.493	1.164	4.851
CYB_RAT	26192	Mt-Cyb	21.524	251	99	25	2.996	0.415	6.311
UCP1_RAT	24860	Ucp1	21.435	548	111	34	3.045	0.544	5.972
AKT1_RAT	24185	Akt1	21.354	4730	136	127	3.134	1.107	5.035
Q9JKL3_RAT	24887	Bax	21.261	4781	162	103	3.21	1.017	5.03
ODO1_RAT	360975	Ogdh	21.085	153	74	22	2.869	0.362	6.526
PRGC1_RAT	83516	Ppargc1a	20.829	667	48	71	2.681	0.857	5.886
OPA1_RAT	171116	Opa1	20.795	59	31	31	2.491	0.505	6.94
F1LRE1_RAT	116686	Gsr	20.334	2479	163	40	3.212	0.613	5.316
MK08_RAT	116554	Mapk8	20.152	2054	66	81	2.82	0.914	5.398
TSPO_RAT	24230	Tspo	19.992	452	91	21	2.959	0.342	6.055
B1WC04_RAT	312195	Nrf1	19.946	180	30	40	2.477	0.613	6.455
UCP3_RAT	25708	Ucp3	19.931	375	59	29	2.771	0.477	6.136
SODC_RAT	24786	Sod1	19.9	1312	67	53	2.826	0.732	5.592
UCP2_RAT	54315	Ucp2	19.865	475	56	34	2.748	0.544	6.034
O70253_RAT	25756	Cpt1b	19.222	318	96	12	2.982	0.114	6.208
ALDH2_RAT	29539	Aldh2	19.109	205	57	16	2.756	0.23	6.399
BECN1_RAT	114558	Becn1	18.783	408	30	39	2.477	0.602	6.1
PPID_RAT	361967	Ppid	18.44	36	14	26	2.146	0.431	7.154
CASPC_RAT	156117	Casp12	18.333	347	36	25	2.556	0.415	6.17
OTC_RAT	25611	Otc	18.298	178	68	0	2.833	0.0	6.46
CPT2_RAT	25413	Cpt2	18.233	135	59	7	2.771	0.0	6.58
CAH2_RAT	54231	Ca2	18.038	2710	119	21	3.076	0.342	5.277
AL3A1_RAT	25375	Aldh3a1	18.035	376	87	6	2.94	0.0	6.135
CAH1_RAT	310218	Ca1	17.966	11709	124	59	3.093	0.778	4.641
INS1_RAT	24505	Ins1	17.927	632	30	35	2.477	0.556	5.91
O89035_RAT	170943	Slc25a10	17.337	16	12	16	2.079	0.23	7.506
PPARA_RAT	25747	Ppara	17.291	2202	37	44	2.568	0.653	5.368
AOFB_RAT	25750	Maob	17.242	1081	109	2	3.037	0.0	5.677
CACP_RAT	311849	Crat	17.193	170	45	5	2.653	0.0	6.48
PYC_RAT	25104	Pc	17.155	766	88	8	2.944	0.0	5.826
G3V9Z3_RAT	29253	Maoa	17.153	1926	145	2	3.161	0.0	5.426
ACADM_RAT	24158	Acadm	17.045	104	22	15	2.342	0.204	6.694
Q3V5X8_RAT	362100	Endog	17.044	47	12	21	2.079	0.342	7.039
PHB_RAT	25344	Phb	16.906	94	17	18	2.23	0.279	6.737
HMOX1_RAT	24451	Hmox1	16.818	2652	46	32	2.663	0.519	5.287
COQ9_RAT	498909	Coq9	16.79	78	29	7	2.462	0.0	6.819
B2RZ31_RAT	293615	Sirt3	16.713	87	14	20	2.146	0.322	6.771
AATM_RAT	25721	Got2	16.695	3371	111	14	3.045	0.176	5.182
URIC_RAT	114768	Uox	16.542	186	37	0	2.568	0.0	6.441
NOS2_RAT	24599	Nos2	16.521	6210	74	30	2.869	0.491	4.916
Q5M964_RAT	24368	Fh	16.476	95	28	1	2.447	0.0	6.733
M0RDI5_RAT	294560	Mcu	16.463	16	12	12	2.079	0.114	7.506
THIO_RAT	116484	Txn	16.451	420	21	23	2.322	0.38	6.087
CP2E1_RAT	25086	Cyp2e1	16.443	1349	34	25	2.531	0.415	5.581
CCL4_RAT	116637	Ccl4	16.244	3605	142	5	3.152	0.0	5.153
BDH_RAT	117099	Bdh1	16.201	28	17	0	2.23	0.0	7.263
NQO1_RAT	24314	Nqo1	16.186	703	32	17	2.505	0.255	5.864
PARP1_RAT	25591	Parp1	16.168	967	29	22	2.462	0.362	5.725
PA21B_RAT	29526	Pla2g1b	16.062	2150	97	5	2.987	0.0	5.378
CP2G1_RAT	25251	Cyp2g1	15.953	6017	172	1	3.236	0.0	4.931
MFN1_RAT	192647	Mfn1	15.887	48	14	12	2.146	0.114	7.029
CP11A_RAT	29680	Cyp11a1	15.829	528	44	2	2.643	0.0	5.988
TFAM_RAT	83474	Tfam	15.815	177	20	13	2.301	0.146	6.463
CPSM_RAT	497840	Cps1	15.787	134	25	1	2.398	0.0	6.583
TNFA_RAT	24835	Tnf	15.781	18872	81	44	2.908	0.653	4.431
Q68G44_RAT	24450	Hmgcs2	15.77	72	20	7	2.301	0.0	6.853
HEM6_RAT	304024	Cpox	15.747	85	21	3	2.322	0.0	6.781
RYR2_RAT	689560	Ryr2	15.693	467	18	21	2.255	0.342	6.041
NLTP_RAT	25541	Scp2	15.688	117	23	2	2.362	0.0	6.642
ANGT_RAT	24179	Agt	15.54	14480	90	28	2.954	0.462	4.548
OGA_RAT	154968	Mgea5	15.503	871	27	17	2.431	0.255	5.771
GPX41_RAT	29328	Gpx4	15.501	142	21	10	2.322	0.041	6.558
Q5BKB0_RAT	24494	Il1b	15.398	11144	67	29	2.826	0.477	4.662
HXK1_RAT	25058	Hk1	15.398	79	14	12	2.146	0.114	6.813
ACLY_RAT	24159	Acly	15.397	287	29	4	2.462	0.0	6.253
MYG_RAT	59108	Mb	15.391	196	25	1	2.398	0.0	6.418
PRDX5_RAT	113898	Prdx5	15.371	167	18	12	2.255	0.114	6.488
G6PC_RAT	25634	G6pc	15.293	1660	61	1	2.785	0.0	5.49
P97601_RAT	25462	Hspe1	15.277	49	15	3	2.176	0.0	7.02
PPIF_RAT	282819	Ppif	15.276	42	11	12	2.041	0.114	7.087
DPYL1_RAT	25415	Crmp1	15.251	72	8	20	1.903	0.322	6.853
D3ZBM3_RAT	361338	Fech	15.248	89	18	0	2.255	0.0	6.761
M0R590_RAT	108351137	LOC108351137	15.208	577	36	6	2.556	0.0	5.949
Q66HP8_RAT	117035	Slc25a20	15.204	25	12	0	2.079	0.0	7.313
AL1A1_RAT	24188	Aldh1a1	15.154	124	15	12	2.176	0.114	6.617
SDHL_RAT	25044	Sds	15.127	338	28	4	2.447	0.0	6.182
Q9JK59_RAT	116502	Bak1	15.118	58	15	6	2.176	0.0	6.947
G6PD_RAT	24377	G6pdx	15.108	2056	63	8	2.799	0.0	5.397
STAR_RAT	25557	Star	15.1	347	28	6	2.447	0.0	6.17
D2KX21_RAT	288025	Hrasls	15.063	241	24	0	2.38	0.0	6.329
HIF1A_RAT	29560	Hif1a	14.987	1558	20	25	2.301	0.415	5.518
DPOG1_RAT	85472	Polg	14.981	32	12	7	2.079	0.0	7.205
NOX1_RAT	114243	Nox1	14.918	242	12	18	2.079	0.279	6.327
ADT1_RAT	85333	Slc25a4	14.901	36	11	10	2.041	0.041	7.154
CUX1_RAT	116639	Cux1	14.879	288	24	7	2.38	0.0	6.251
AK1A1_RAT	78959	Akr1a1	14.85	562	31	0	2.491	0.0	5.961
GPX1_RAT	24404	Gpx1	14.769	1512	39	11	2.591	0.079	5.531
GPDA_RAT	60666	Gpd1	14.761	226	21	2	2.322	0.0	6.356
CP27A_RAT	301517	Cyp27a1	14.726	107	16	0	2.204	0.0	6.681
SVS4_RAT	24802	Svs4	14.708	72	14	4	2.146	0.0	6.853
TXTP_RAT	29743	Slc25a1	14.674	10	8	2	1.903	0.0	7.711
Q6P6T6_RAT	171293	Ctsd	14.59	827	33	5	2.519	0.0	5.793
F1M953_RAT	291671	Hspa9	14.564	84	14	6	2.146	0.0	6.786
SQSTM_RAT	113894	Sqstm1	14.503	98	9	15	1.954	0.204	6.719
Q6IMX8_RAT	192272	Acot2	14.399	22	9	5	1.954	0.0	7.368
Q5RKL4_RAT	245961	Dmgdh	14.396	14	8	0	1.903	0.0	7.564
D3Z9M9_RAT	298575	Pink1	14.391	43	6	17	1.778	0.255	7.077
HXK4_RAT	24385	Gck	14.378	806	25	11	2.398	0.079	5.804
GTR4_RAT	25139	Slc2a4	14.376	1801	16	26	2.204	0.431	5.455
Q5FVT5_RAT	116551	Pdk1	14.347	106	10	13	2.0	0.146	6.685
IGF1_RAT	24482	Igf1	14.286	6210	35	22	2.544	0.362	4.916
NAC1_RAT	29715	Slc8a1	14.247	520	17	13	2.23	0.146	5.995
ATPO_RAT	192241	Atp5o	14.235	17	8	0	1.903	0.0	7.48
CD2_RAT	497761	Cd2	14.207	442	22	1	2.342	0.0	6.065
CYB5_RAT	64001	Cyb5a	14.204	739	27	5	2.431	0.0	5.842
GPAT1_RAT	29653	Gpam	14.2	76	12	3	2.079	0.0	6.83
Q9JHK1_RAT	58918	Casp9	14.184	1365	25	13	2.398	0.146	5.575
NU1M_RAT	26193	Mtnd1	14.136	30	9	0	1.954	0.0	7.233
ATIF1_RAT	25392	Atpif1	14.081	32	9	5	1.954	0.0	7.205
D3ZN15_RAT	290315	Tdh	14.081	12	7	0	1.845	0.0	7.631
LONM_RAT	170916	Lonp1	14.061	21	8	6	1.903	0.0	7.388
CXA1_RAT	24392	Gja1	14.042	1649	18	19	2.255	0.301	5.493
ALBU_RAT	24186	Alb	13.983	1951	38	3	2.58	0.0	5.42
KAT1_RAT	311844	Kyat1	13.966	74	11	0	2.041	0.0	6.841
GGT1_RAT	116568	Ggt1	13.965	2092	39	4	2.591	0.0	5.39
Q6IRL2_RAT	64476	LOC100911485	13.926	103	12	9	2.079	0.0	6.698
Q66HL0_RAT	58813	Nt5e	13.904	982	27	1	2.431	0.0	5.718
AAPK2_RAT	78975	Prkaa2	13.894	801	13	18	2.114	0.279	5.807
TRFE_RAT	24825	Tf	13.884	2014	37	2	2.568	0.0	5.406
SL9A1_RAT	24782	Slc9a1	13.85	371	18	7	2.255	0.0	6.141
GLNA_RAT	24957	Glul	13.83	1548	32	7	2.505	0.0	5.521
GSK3B_RAT	84027	Gsk3b	13.81	1366	12	24	2.079	0.398	5.575
KCRB_RAT	24264	Ckb	13.807	151	13	1	2.114	0.0	6.532
IVD_RAT	24513	Ivd	13.802	17	7	0	1.845	0.0	7.48
SPYA_RAT	24792	Agxt	13.794	29	8	0	1.903	0.0	7.248
ACADL_RAT	25287	Acadl	13.792	45	9	2	1.954	0.0	7.057
EPHB1_RAT	24338	Ephb1	13.79	3003	24	17	2.38	0.255	5.233
DCMC_RAT	85239	Mlycd	13.72	49	9	1	1.954	0.0	7.02
ADT2_RAT	25176	Slc25a5	13.713	19	7	4	1.845	0.0	7.432
Q5RK17_RAT	288753	Diablo	13.707	72	10	3	2.0	0.0	6.853
AATC_RAT	24401	Got1	13.642	141	12	1	2.079	0.0	6.561
NOS1_RAT	24598	Nos1	13.605	2331	32	10	2.505	0.041	5.343
IL6_RAT	24498	Il6	13.553	10505	41	18	2.613	0.279	4.687
KPCE_RAT	29340	Prkce	13.515	150	9	12	1.954	0.114	6.534
PRGC2_RAT	291567	Ppargc1b	13.468	43	8	7	1.903	0.0	7.077
F7EPH4_RAT	294504	Ppa1	13.454	67	9	0	1.954	0.0	6.885
ANXA5_RAT	25673	Anxa5	13.395	876	21	8	2.322	0.0	5.768
A4_RAT	54226	App	13.387	1522	22	11	2.342	0.079	5.528
BCKD_RAT	29603	Bckdk	13.348	16	6	0	1.778	0.0	7.506
ACBP_RAT	25045	Dbi	13.345	149	11	1	2.041	0.0	6.537
OAT_RAT	64313	Oat	13.344	50	8	0	1.903	0.0	7.012
CH60_RAT	63868	Hspd1	13.297	398	15	5	2.176	0.0	6.111
D3ZEM0_RAT	24561	Mpg	13.293	81	9	4	1.954	0.0	6.802
B2CL1_RAT	24888	Bcl2l1	13.216	927	20	9	2.301	0.0	5.743
SCMC2_RAT	246771	Slc25a25	13.178	9	5	0	1.699	0.0	7.756
CHDH_RAT	290551	Chdh	13.138	21	6	0	1.778	0.0	7.388
ACES_RAT	83817	Ache	13.135	3939	37	1	2.568	0.0	5.115
F1LRG0_RAT	24298	Cyp21a1	13.116	40	7	0	1.845	0.0	7.109
VDAC1_RAT	83529	Vdac1	13.096	41	7	1	1.845	0.0	7.098
KCNJ8_RAT	25472	Kcnj8	13.075	149	10	7	2.0	0.0	6.537
SUOX_RAT	81805	Suox	13.058	43	7	0	1.845	0.0	7.077
ECHP_RAT	171142	Ehhadh	12.921	51	7	1	1.845	0.0	7.003
BGLR_RAT	24434	Gusb	12.917	961	18	0	2.255	0.0	5.728
ACADS_RAT	64304	Acads	12.888	29	6	1	1.778	0.0	7.248
Q9JKC1_RAT	65036	Bche	12.885	1981	24	1	2.38	0.0	5.414
HMDH_RAT	25675	Hmgcr	12.876	1003	18	2	2.255	0.0	5.709
D3ZVN7_RAT	289219	Ppox	12.852	14	5	0	1.699	0.0	7.564
COX41_RAT	29445	Cox4i1	12.846	56	7	1	1.845	0.0	6.962
THTM_RAT	192172	Mpst	12.837	31	6	6	1.778	0.0	7.219
CP24A_RAT	25279	Cyp24a1	12.829	140	9	5	1.954	0.0	6.564
ACADV_RAT	25363	Acadvl	12.753	16	5	1	1.699	0.0	7.506
NDUS6_RAT	29478	Ndufs6	12.708	6	4	1	1.602	0.0	7.932
CP27B_RAT	114700	Cyp27b1	12.691	68	7	0	1.845	0.0	6.878
AADAT_RAT	29416	Aadat	12.66	39	6	0	1.778	0.0	7.12
CP1A1_RAT	24296	Cyp1a1	12.649	2045	22	1	2.342	0.0	5.4
NEU2_RAT	24221	Avp	12.633	5549	35	1	2.544	0.0	4.966
AKAP1_RAT	114124	Akap1	12.601	7	4	2	1.602	0.0	7.866
PPARG_RAT	25664	Pparg	12.565	1378	12	14	2.079	0.176	5.571
BDNF_RAT	24225	Bdnf	12.556	5296	22	14	2.342	0.176	4.986
KMO_RAT	59113	Kmo	12.549	45	6	1	1.778	0.0	7.057
ALAT1_RAT	81670	Gpt	12.543	884	15	1	2.176	0.0	5.764
CPT1A_RAT	25757	Cpt1a	12.535	133	8	3	1.903	0.0	6.587
GPDM_RAT	25062	Gpd2	12.508	8	4	1	1.602	0.0	7.808
BCAT2_RAT	64203	Bcat2	12.486	23	5	0	1.699	0.0	7.349
COMT_RAT	24267	Comt	12.481	640	13	0	2.114	0.0	5.904
HPGDS_RAT	58962	Hpgds	12.467	3247	25	0	2.398	0.0	5.199
SYPH_RAT	24804	Syp	12.458	1333	17	9	2.23	0.0	5.585
PARK7_RAT	117287	Park7	12.414	96	7	8	1.845	0.0	6.728
ANRE_RAT	24937	Kap	12.395	26	5	0	1.699	0.0	7.296
COX5A_RAT	252934	Cox5a	12.353	10	4	3	1.602	0.0	7.711
B1WBN8_RAT	25404	Cav1	12.342	462	11	2	2.041	0.0	6.046
MDHC_RAT	24551	Mdh1	12.34	28	5	0	1.699	0.0	7.263
Q6IN22_RAT	64529	Ctsb	12.335	751	13	4	2.114	0.0	5.835
COX1_RAT	26195	Mtco1	12.321	1320	16	9	2.204	0.0	5.59
Q9ET45_RAT	84480	Bnip3	12.32	108	7	7	1.845	0.0	6.677
RASK_RAT	24525	Kras	12.318	2381	17	11	2.23	0.079	5.333
PTHY_RAT	24694	Pth	12.3	2877	22	0	2.342	0.0	5.251
HEM1_RAT	65155	Alas1	12.298	111	7	0	1.845	0.0	6.665
GLO2_RAT	24439	Hagh	12.289	30	5	0	1.699	0.0	7.233
ATPD_RAT	245965	Atp5d	12.287	11	4	4	1.602	0.0	7.669
AL7A1_RAT	291450	Aldh7a1	12.287	11	4	0	1.602	0.0	7.669
GLSK_RAT	24398	Gls	12.284	113	7	0	1.845	0.0	6.658
ATP6_RAT	26197	Mt-atp6	12.265	31	5	0	1.699	0.0	7.219
ADRB3_RAT	25645	Adrb3	12.259	274	9	1	1.954	0.0	6.273
PDK2_RAT	81530	Pdk2	12.242	32	5	4	1.699	0.0	7.205
Q91W32_RAT	25166	Casp1	12.22	530	11	0	2.041	0.0	5.986
AIFM1_RAT	83533	Aifm1	12.219	69	6	8	1.778	0.0	6.872
GLYAT_RAT	293779	Glyat	12.197	34	5	0	1.699	0.0	7.179
GGTA1_RAT	246766	Ggta1	12.19	202	8	2	1.903	0.0	6.405
Q5FVS5_RAT	50669	Prf1	12.181	417	10	0	2.0	0.0	6.09
G3P_RAT	24383	Gapdh	12.168	305	9	2	1.954	0.0	6.226
AQP8_RAT	29172	Aqp8	12.165	74	6	3	1.778	0.0	6.841
Q4LEV3_RAT	100365773	Oca2	12.162	3	3	0	1.477	0.0	8.233
OXDA_RAT	114027	Dao	12.141	135	7	0	1.845	0.0	6.58
NU4M_RAT	26201	Mtnd4	12.119	14	4	1	1.602	0.0	7.564
Q68G41_RAT	29740	Eci1	12.119	14	4	0	1.602	0.0	7.564
GRP78_RAT	25617	Hspa5	12.113	767	12	7	2.079	0.0	5.826
TRI63_RAT	140939	Trim63	12.093	227	8	7	1.903	0.0	6.355
MMP11_RAT	25481	Mmp11	12.077	40	5	0	1.699	0.0	7.109
KAD2_RAT	24184	Ak2	12.071	15	4	1	1.602	0.0	7.535
SCOT1_RAT	690163	Oxct1	12.071	15	4	4	1.602	0.0	7.535
MOT1_RAT	25027	Slc16a1	12.024	247	8	9	1.903	0.0	6.318
ARGI2_RAT	29215	Arg2	12.015	158	7	1	1.845	0.0	6.512
F1LS98_RAT	24680	Prkca	11.988	1095	13	4	2.114	0.0	5.671
NU2M_RAT	26194	Mtnd2	11.984	17	4	1	1.602	0.0	7.48
Q99ND3_RAT	25682	Ppard	11.961	169	7	7	1.845	0.0	6.483
MYC_RAT	24577	Myc	11.953	1461	13	10	2.114	0.041	5.546
MSRA_RAT	29447	Msra	11.944	18	4	3	1.602	0.0	7.455
PYRD_RAT	65156	Dhodh	11.944	18	4	1	1.602	0.0	7.455
Q9EPH6_RAT	85262	Slc25a27	11.944	18	4	1	1.602	0.0	7.455
HSP74_RAT	266759	Hspa4	11.932	100	6	8	1.778	0.0	6.711
GNRHR_RAT	81668	Gnrhr	11.904	5576	25	1	2.398	0.0	4.964
F1LXU5_RAT	681288	T2	11.894	289	8	0	1.903	0.0	6.25
A0A0G2JYQ6_RAT	290567	Chat	11.883	2084	16	1	2.204	0.0	5.391
Q8K3R4_RAT	246253	Adipoq	11.878	995	12	2	2.079	0.0	5.713
G3V672_RAT	304157	Nrip1	11.871	20	4	2	1.602	0.0	7.41
D4A1W8_RAT	310900	Mttp	11.866	109	6	4	1.778	0.0	6.673
GLRX1_RAT	64045	Glrx	11.842	55	5	6	1.699	0.0	6.97
AL3A2_RAT	65183	Aldh3a2	11.837	21	4	0	1.602	0.0	7.388
B0BNB9_RAT	297376	Htra2	11.837	21	4	1	1.602	0.0	7.388
Q5BK44_RAT	304577	Ung	11.837	21	4	1	1.602	0.0	7.388
D3ZGQ2_RAT	291824	Tk2	11.834	5	3	1	1.477	0.0	8.012
HXK2_RAT	25059	Hk2	11.831	114	6	5	1.778	0.0	6.654
LIPE_RAT	291437	Lipg	11.825	1054	12	0	2.079	0.0	5.688
OGG1_RAT	81528	Ogg1	11.818	116	6	4	1.778	0.0	6.646
RENI_RAT	24715	Ren1	11.813	5109	23	4	2.362	0.0	5.002
PRL_RAT	24683	Prl	11.785	3879	20	0	2.301	0.0	5.122
PENK_RAT	29237	Penk	11.776	3914	20	1	2.301	0.0	5.118
MGST1_RAT	171341	Mgst1	11.773	23	4	0	1.602	0.0	7.349
G3V7K3_RAT	24268	Cp	11.741	504	9	1	1.954	0.0	6.008
FADS2_RAT	83512	Fads2	11.739	223	7	2	1.845	0.0	6.362
TRXR2_RAT	50551	Txnrd2	11.738	37	4	10	1.602	0.041	7.142
ESR1_RAT	24890	Esr1	11.724	1898	8	17	1.903	0.255	5.432
A0A096MJ70_RAT	100366024	Prdm16	11.717	6	3	4	1.477	0.0	7.932
ANXA3_RAT	25291	Anxa3	11.694	236	7	6	1.845	0.0	6.338
TKT_RAT	64524	Tkt	11.673	140	6	0	1.778	0.0	6.564
FABPL_RAT	24360	Fabp1	11.667	244	7	0	1.845	0.0	6.323
PTN1_RAT	24697	Ptpn1	11.657	247	7	3	1.845	0.0	6.318
A1L1M0_RAT	25636	Prkaca	11.638	1298	12	6	2.079	0.0	5.597
KPCD_RAT	170538	Prkcd	11.635	147	6	5	1.778	0.0	6.543
TNFL6_RAT	25385	Faslg	11.623	792	10	5	2.0	0.0	5.812
TOM40_RAT	308416	Tomm40	11.618	7	3	0	1.477	0.0	7.866
XDH_RAT	497811	Xdh	11.577	344	5	14	1.699	0.176	6.174
NGAL_RAT	170496	Lcn2	11.563	503	6	13	1.778	0.146	6.009
G3V617_RAT	81649	Mapk14	11.55	3982	13	13	2.114	0.146	5.11
PDLI3_RAT	114108	Pdlim3	11.535	643	9	2	1.954	0.0	5.902
TOM70_RAT	304017	Tomm70	11.533	8	3	1	1.477	0.0	7.808
B0BNC0_RAT	688698	Ckmt2	11.533	8	3	0	1.477	0.0	7.808
HCDH_RAT	113965	Hadh	11.522	33	4	4	1.602	0.0	7.192
GABT_RAT	81632	Abat	11.509	460	8	0	1.903	0.0	6.048
MTAP2_RAT	25595	Map2	11.507	1185	11	3	2.041	0.0	5.637
CASR_RAT	24247	Casr	11.5	175	6	3	1.778	0.0	6.468
TNNT2_RAT	24837	Tnnt2	11.496	176	6	2	1.778	0.0	6.465
ADA_RAT	24165	Ada	11.495	674	9	1	1.954	0.0	5.882
MP2K1_RAT	170851	Map2k1	11.492	676	9	7	1.954	0.0	5.881
TNNI3_RAT	29248	Tnni3	11.474	480	8	1	1.903	0.0	6.029
DMD_RAT	24907	Dmd	11.462	184	6	0	1.778	0.0	6.446
G3V945_RAT	291133	Aldh5a1	11.462	36	4	0	1.602	0.0	7.154
ACDSB_RAT	25618	Acadsb	11.457	9	3	0	1.477	0.0	7.756
D3ZUM4_RAT	316033	Glb1	11.448	969	10	0	2.0	0.0	5.724
DCOR_RAT	24609	Odc1	11.444	1980	13	0	2.114	0.0	5.414
BODG_RAT	64564	Bbox1	11.443	37	4	0	1.602	0.0	7.142
PRDX3_RAT	64371	Prdx3	11.424	38	4	5	1.602	0.0	7.131
CSTN2_RAT	171394	Clstn2	11.421	194	6	0	1.778	0.0	6.423
COX2_RAT	26198	Mtco2	11.42	2899	15	2	2.176	0.0	5.248
THTR_RAT	25274	Tst	11.406	39	4	0	1.602	0.0	7.12
EDN1_RAT	24323	Edn1	11.392	5741	20	5	2.301	0.0	4.951
NU3M_RAT	26199	Mtnd3	11.39	10	3	2	1.477	0.0	7.711
M2OM_RAT	64201	Slc25a11	11.39	10	3	1	1.477	0.0	7.711
ETFA_RAT	300726	Etfa	11.39	10	3	4	1.477	0.0	7.711
D4A4P4_RAT	751787	Flad1	11.39	10	3	2	1.477	0.0	7.711
ANF_RAT	24602	Nppa	11.381	3022	15	1	2.176	0.0	5.23
NOS3_RAT	24600	Nos3	11.377	1372	10	10	2.0	0.041	5.573
Q9JKB7_RAT	83585	Gda	11.371	41	4	0	1.602	0.0	7.098
CALB2_RAT	117059	Calb2	11.371	544	8	1	1.903	0.0	5.975
LIPL_RAT	24539	Lpl	11.362	1070	10	0	2.0	0.0	5.681
D4A400_RAT	287610	Lpo	11.345	214	6	0	1.778	0.0	6.38
CAH3_RAT	54232	Ca3	11.335	5444	19	6	2.279	0.0	4.974
THIM_RAT	170465	Acaa2	11.328	11	3	0	1.477	0.0	7.669
Q6TXG7_RAT	287379	Shmt1	11.328	11	3	1	1.477	0.0	7.669
KCMA1_RAT	83731	Kcnma1	11.32	376	7	4	1.845	0.0	6.135
GSH1_RAT	25283	Gclc	11.31	381	7	5	1.845	0.0	6.13
AMHR2_RAT	29530	Amhr2	11.305	589	8	0	1.903	0.0	5.94
GIMA5_RAT	246774	Gimap5	11.291	46	4	4	1.602	0.0	7.048
G3V6D0_RAT	24177	Afp	11.284	864	9	5	1.954	0.0	5.774
GP176_RAT	117257	Gpr176	11.273	12	3	1	1.477	0.0	7.631
Q6IMX5_RAT	29184	Cd36	11.271	400	7	6	1.845	0.0	6.108
GON1_RAT	25194	Gnrh1	11.27	3398	15	0	2.176	0.0	5.179
D3ZGE2_RAT	303413	Mpo	11.267	4558	17	7	2.23	0.0	5.051
GCR_RAT	24413	Nr3c1	11.245	2004	12	2	2.079	0.0	5.408
G3V9P7_RAT	29424	Htt	11.219	128	5	8	1.699	0.0	6.603
GATM_RAT	81660	Gatm	11.219	51	4	0	1.602	0.0	7.003
Q80YN6_RAT	641544	LOC641544	11.219	51	4	0	1.602	0.0	7.003
PNMT_RAT	24661	Pnmt	11.212	659	8	0	1.903	0.0	5.892
G3V8U2_RAT	117519	Keap1	11.208	130	5	4	1.699	0.0	6.597
EAA2_RAT	29482	Slc1a2	11.201	668	5	15	1.699	0.204	5.886
ITPR3_RAT	25679	Itpr3	11.192	261	6	9	1.778	0.0	6.294
G6PI_RAT	292804	Gpi	11.189	443	7	4	1.845	0.0	6.064
G3V913_RAT	24471	Hspb1	11.182	684	8	4	1.903	0.0	5.876
G3V771_RAT	24324	Edn2	11.18	265	6	0	1.778	0.0	6.287
ATP5J_RAT	94271	Atp5j	11.174	14	3	0	1.477	0.0	7.564
GLSL_RAT	192268	Gls2	11.174	14	3	1	1.477	0.0	7.564
UD11_RAT	24861	Ugt1a1	11.161	459	7	0	1.845	0.0	6.049
EPO_RAT	24335	Epo	11.155	1761	11	4	2.041	0.0	5.464
AT2A1_RAT	116601	Atp2a1	11.13	58	4	4	1.602	0.0	6.947
NU6M_RAT	26203	Mtnd6	11.129	15	3	2	1.477	0.0	7.535
DLL3_RAT	114125	Dll3	11.129	15	3	0	1.477	0.0	7.535
CALCA_RAT	24241	Calca	11.109	4028	15	0	2.176	0.0	5.105
SDHA_RAT	157074	Sdha	11.088	16	3	5	1.477	0.0	7.506
F1LST1_RAT	25661	Fn1	11.085	3505	14	4	2.146	0.0	5.165
RGN_RAT	25106	Rgn	11.083	154	5	2	1.699	0.0	6.523
LDHA_RAT	24533	Ldha	11.078	155	5	1	1.699	0.0	6.52
IDE_RAT	25700	Ide	11.059	159	5	0	1.699	0.0	6.509
KCRM_RAT	24265	Ckm	11.051	65	4	0	1.602	0.0	6.898
MT1_RAT	24567	Mt1	11.05	527	7	2	1.845	0.0	5.989
BCAT1_RAT	29592	Bcat1	11.049	17	3	2	1.477	0.0	7.48
CAN10_RAT	63834	Capn10	11.049	17	3	3	1.477	0.0	7.48
ACTH_RAT	25365	Actg2	11.023	1212	7	12	1.845	0.114	5.627
KHDR1_RAT	117268	Khdrbs1	11.02	326	6	7	1.778	0.0	6.197
ATF3_RAT	25389	Atf3	11.019	224	3	17	1.477	0.255	6.36
HSPB8_RAT	113906	Hspb8	11.012	18	3	1	1.477	0.0	7.455
ADH1_RAT	24172	Adh1	10.999	70	4	2	1.602	0.0	6.866
EST1C_RAT	24346	Ces1c	10.999	335	6	0	1.778	0.0	6.186
FAS_RAT	50671	Fasn	10.979	576	7	4	1.845	0.0	5.95
Q0D2L7_RAT	406196	Cchcr1	10.978	19	3	6	1.477	0.0	7.432
Q8CJF2_RAT	170509	Cyp3a62	10.971	882	8	0	1.903	0.0	5.765
AGTRA_RAT	24180	Agtr1	10.968	2723	12	7	2.079	0.0	5.275
TRH_RAT	25569	Trh	10.964	2185	11	0	2.041	0.0	5.371
GTR1_RAT	24778	Slc2a1	10.961	893	8	9	1.903	0.0	5.76
CATC_RAT	25423	Ctsc	10.96	74	4	1	1.602	0.0	6.841
CP7A1_RAT	25428	Cyp7a1	10.954	594	7	1	1.845	0.0	5.937
LAMP2_RAT	24944	Lamp2	10.951	75	4	6	1.602	0.0	6.836
CBLB_RAT	171136	Cblb	10.945	20	3	1	1.477	0.0	7.41
SPT19_RAT	171403	Spata19	10.941	2	2	0	1.301	0.0	8.41
D3ZPN5_RAT	307050	Mtpap	10.941	2	2	0	1.301	0.0	8.41
LYAG_RAT	367562	Gaa	10.933	77	4	0	1.602	0.0	6.824
LEP_RAT	25608	Lep	10.908	1803	10	3	2.0	0.0	5.454
TY3H_RAT	25085	Th	10.899	1823	10	5	2.0	0.0	5.449
RHOA_RAT	117273	Rhoa	10.894	968	8	2	1.903	0.0	5.725
DNAS1_RAT	25633	Dnase1	10.877	654	7	4	1.845	0.0	5.895
TNR6_RAT	246097	Fas	10.84	88	4	3	1.602	0.0	6.766
BID_RAT	64625	Bid	10.833	216	5	2	1.699	0.0	6.376
CN37_RAT	25275	Cnp	10.83	417	6	2	1.778	0.0	6.09
KCJ11_RAT	83535	Kcnj11	10.813	222	5	3	1.699	0.0	6.364
DESM_RAT	64362	Des	10.804	716	7	4	1.845	0.0	5.856
TXNIP_RAT	117514	Txnip	10.801	93	4	5	1.602	0.0	6.742
NCPR_RAT	29441	Por	10.788	731	7	1	1.845	0.0	5.847
THIL_RAT	25014	Acat1	10.777	26	3	0	1.477	0.0	7.296
GNPAT_RAT	84470	Gnpat	10.777	26	3	0	1.477	0.0	7.296
ODBA_RAT	25244	Bckdha	10.768	236	5	0	1.699	0.0	6.338
GSTA1_RAT	24422	Gsta1	10.764	237	5	0	1.699	0.0	6.336
MCPT1_RAT	100360872	Mcpt1	10.756	760	7	6	1.845	0.0	5.83
CRF_RAT	81648	Crh	10.746	5046	14	2	2.146	0.0	5.007
TI17A_RAT	54311	Timm17a	10.712	3	2	0	1.301	0.0	8.233
CCNB1_RAT	25203	Ccnb1	10.71	106	4	2	1.602	0.0	6.685
AT2A2_RAT	29693	Atp2a2	10.702	258	5	2	1.699	0.0	6.299
Q6AZ23_RAT	83584	Casp6	10.697	108	4	2	1.602	0.0	6.677
ACSL1_RAT	25288	Acsl1	10.685	30	3	4	1.477	0.0	7.233
HEM2_RAT	25374	Alad	10.665	271	5	0	1.699	0.0	6.278
ACOD1_RAT	246074	Scd1	10.655	275	5	7	1.699	0.0	6.271
GFAP_RAT	24387	Gfap	10.649	3872	12	3	2.079	0.0	5.122
IFM3_RAT	361673	ifitm3	10.643	32	3	0	1.477	0.0	7.205
CP17A_RAT	25146	Cyp17a1	10.634	283	5	0	1.699	0.0	6.259
CASP2_RAT	64314	Casp2	10.624	120	4	2	1.602	0.0	6.631
TIMP1_RAT	116510	Timp1	10.616	1355	8	7	1.903	0.0	5.578
IDHC_RAT	24479	Idh1	10.604	34	3	0	1.477	0.0	7.179
DCE1_RAT	24379	Gad1	10.601	561	6	1	1.778	0.0	5.962
A1A5M4_RAT	24443	Hdc	10.595	565	6	0	1.778	0.0	5.959
T2CB11_RAT	24954	Insr	10.595	1390	8	4	1.903	0.0	5.567
CGL_RAT	24962	Cth	10.579	128	4	5	1.602	0.0	6.603
STAT3_RAT	25125	Stat3	10.577	1420	8	6	1.903	0.0	5.558
BAD_RAT	64639	Bad	10.562	312	5	6	1.699	0.0	6.216
COX3_RAT	26204	Mtco3	10.55	37	3	0	1.477	0.0	7.142
FIS1_RAT	288584	Fis1	10.55	37	3	1	1.477	0.0	7.142
SARDH_RAT	114123	Sardh	10.549	4	2	0	1.301	0.0	8.109
COQ2_RAT	498332	Coq2	10.549	4	2	0	1.301	0.0	8.109
MBP_RAT	24547	Mbp	10.519	2126	9	2	1.954	0.0	5.383
NSF1C_RAT	83809	Nsfl1c	10.516	332	5	8	1.699	0.0	6.189
ALDR_RAT	24192	Akr1b1	10.513	1030	7	2	1.845	0.0	5.698
NPY_RAT	24604	Npy	10.508	3653	11	1	2.041	0.0	5.147
DOPO_RAT	25699	Dbh	10.489	1060	7	0	1.845	0.0	5.685
DPYD_RAT	81656	Dpyd	10.439	44	3	0	1.477	0.0	7.067
RALB_RAT	116546	Ralb	10.425	45	3	1	1.477	0.0	7.057
SNPH_RAT	296267	Snph	10.423	5	2	0	1.301	0.0	8.012
AMBP_RAT	25377	Ambp	10.407	164	4	0	1.602	0.0	6.496
CO3_RAT	24232	C3	10.406	385	5	0	1.699	0.0	6.125
CRYAB_RAT	25420	Cryab	10.402	165	4	1	1.602	0.0	6.493
F1LM22_RAT	24862	Ugt2b	10.399	389	5	0	1.699	0.0	6.121
PCNA_RAT	25737	Pcna	10.397	2457	9	0	1.954	0.0	5.32
G3V7G2_RAT	24254	Cel	10.394	167	4	0	1.602	0.0	6.488
CALR_RAT	64202	Calr	10.394	167	4	0	1.602	0.0	6.488
CP1A2_RAT	24297	Cyp1a2	10.345	1269	7	0	1.845	0.0	5.607
A0A0G2K4T8_RAT	81684	Mipep	10.32	6	2	0	1.301	0.0	7.932
PAHX_RAT	114209	Phyh	10.32	6	2	1	1.301	0.0	7.932
RIPK3_RAT	246240	Ripk3	10.32	53	3	1	1.477	0.0	6.986
B2RYS8_RAT	293991	Ndufb8	10.32	6	2	0	1.301	0.0	7.932
LETM1_RAT	305457	Letm1	10.32	6	2	0	1.301	0.0	7.932
D3ZQV0_RAT	362347	Prss3	10.32	6	2	0	1.301	0.0	7.932
SC6A8_RAT	50690	Slc6a8	10.308	54	3	0	1.477	0.0	6.978
VIP_RAT	117064	Vip	10.301	2752	9	0	1.954	0.0	5.271
ACOC_RAT	50655	Aco1	10.273	57	3	0	1.477	0.0	6.955
IL2_RAT	116562	Il2	10.266	2864	9	0	1.954	0.0	5.253
NOX4_RAT	85431	Nox4	10.264	403	3	15	1.477	0.204	6.105
PACA_RAT	24166	Adcyap1	10.256	877	6	3	1.778	0.0	5.768
ACE_RAT	24310	Ace	10.242	3881	10	0	2.0	0.0	5.121
F16P1_RAT	24362	Fbp1	10.24	60	3	0	1.477	0.0	6.932
Q5XIJ3_RAT	25179	Idh3g	10.233	7	2	0	1.301	0.0	7.866
ECHA_RAT	170670	Hadha	10.233	7	2	1	1.301	0.0	7.866
SYUA_RAT	29219	Snca	10.221	214	4	9	1.602	0.0	6.38
SFTPA_RAT	24773	Sftpa1	10.219	496	5	0	1.699	0.0	6.015
B2RYE7_RAT	100188935	RT1-A	10.219	496	5	1	1.699	0.0	6.015
FABPI_RAT	25598	Fabp2	10.212	217	4	6	1.602	0.0	6.374
RAC1_RAT	363875	Rac1	10.211	502	5	5	1.699	0.0	6.01
B2MG_RAT	24223	B2m	10.209	218	4	0	1.602	0.0	6.372
Q9ER28_RAT	66021	Cybb	10.209	503	5	3	1.699	0.0	6.009
Q8VI80_RAT	170580	Fgf21	10.209	63	3	3	1.477	0.0	6.911
ALD1_RAT	116463	Akr1b7	10.189	65	3	0	1.477	0.0	6.898
VDR_RAT	24873	Vdr	10.18	523	5	2	1.699	0.0	5.992
SPIN1_RAT	361217	Spin1	10.179	66	3	0	1.477	0.0	6.891
VIME_RAT	81818	Vim	10.173	1573	7	3	1.845	0.0	5.514
BI1_RAT	24822	Tmbim6	10.158	8	2	0	1.301	0.0	7.808
D3ZFQ8_RAT	300047	Cyc1	10.158	8	2	2	1.301	0.0	7.808
D4A904_RAT	303563	Nags	10.158	8	2	0	1.301	0.0	7.808
G3V8S9_RAT	316010	Camp	10.153	236	4	0	1.602	0.0	6.338
NR4A1_RAT	79240	Nr4a1	10.15	237	4	0	1.602	0.0	6.336
CAH4_RAT	29242	Ca4	10.147	547	5	0	1.699	0.0	5.973
DPP2_RAT	83799	Dpp7	10.141	70	3	0	1.477	0.0	6.866
Q9QUG4_RAT	24218	Atp7b	10.132	71	3	5	1.477	0.0	6.859
EAA1_RAT	29483	Slc1a3	10.126	563	5	4	1.699	0.0	5.96
SRC_RAT	83805	Src	10.126	1037	6	1	1.778	0.0	5.695
PRVA_RAT	25269	Pvalb	10.119	1047	6	4	1.778	0.0	5.691
FPPS_RAT	83791	Fdps	10.106	74	3	1	1.477	0.0	6.841
B2GV28_RAT	24300	Cyp2b1	10.105	1065	6	1	1.778	0.0	5.683
TGFB1_RAT	59086	Tgfb1	10.098	8540	13	6	2.114	0.0	4.777
PROC_RAT	25268	Proc	10.097	75	3	2	1.477	0.0	6.836
ODPB_RAT	289950	Pdhb	10.091	9	2	0	1.301	0.0	7.756
A2VCV8_RAT	360631	Mlx	10.091	9	2	1	1.301	0.0	7.756
NDUAA_RAT	678759	Ndufa10	10.091	9	2	1	1.301	0.0	7.756
PRDX1_RAT	117254	Prdx1	10.088	76	3	1	1.477	0.0	6.83
Q66HB1_RAT	117526	Tbp	10.088	76	3	0	1.477	0.0	6.83
MYPR_RAT	24943	Plp1	10.075	264	4	1	1.602	0.0	6.289
G3V6U5_RAT	29588	Pou3f2	10.064	79	3	0	1.477	0.0	6.813
APOA1_RAT	25081	Apoa1	10.032	639	5	0	1.699	0.0	5.905
NU5M_RAT	26202	Mtnd5	10.032	10	2	0	1.301	0.0	7.711
BUP1_RAT	116593	Upb1	10.032	10	2	0	1.301	0.0	7.711
NUDT6_RAT	207120	Nudt6	10.032	10	2	0	1.301	0.0	7.711
GSTK1_RAT	297029	Gstk1	10.032	10	2	3	1.301	0.0	7.711
DLDH_RAT	298942	Dld	10.032	10	2	2	1.301	0.0	7.711
B2RYG2_RAT	361042	Pck2	10.032	10	2	3	1.301	0.0	7.711
MLXPL_RAT	171078	Mlxipl	10.009	86	3	5	1.477	0.0	6.776
Q6MG73_RAT	24231	C2	9.991	298	4	0	1.602	0.0	6.236
TERT_RAT	301965	Tert	9.98	90	3	1	1.477	0.0	6.756
OCTC_RAT	83842	Crot	9.978	11	2	0	1.301	0.0	7.669
PPIL3_RAT	301432	Ppil3	9.978	11	2	1	1.301	0.0	7.669
ANDR_RAT	24208	Ar	9.971	1267	6	2	1.778	0.0	5.608
HPT_RAT	24464	Hp	9.97	307	4	0	1.602	0.0	6.223
Q6AYX2_RAT	29634	Ldhc	9.959	93	3	1	1.477	0.0	6.742
SP1_RAT	24790	Sp1	9.95	715	5	2	1.699	0.0	5.856
Q5BJT9_RAT	29593	Ckmt1	9.929	12	2	2	1.301	0.0	7.631
FEZ1_RAT	81730	Fez1	9.929	12	2	2	1.301	0.0	7.631
ADAS_RAT	84114	Agps	9.929	12	2	0	1.301	0.0	7.631
HAX1_RAT	291202	Hax1	9.929	12	2	1	1.301	0.0	7.631
APR_RAT	492821	Pmaip1	9.929	12	2	2	1.301	0.0	7.631
UD16_RAT	113992	Ugt1a6	9.926	327	4	0	1.602	0.0	6.196
PLCD1_RAT	24655	Plcd1	9.925	98	3	0	1.477	0.0	6.719
CCKN_RAT	25298	Cck	9.921	3140	8	4	1.903	0.0	5.213
PGH2_RAT	29527	Ptgs2	9.912	3174	8	3	1.903	0.0	5.208
BHMT1_RAT	81508	Bhmt	9.906	101	3	0	1.477	0.0	6.706
NF2L2_RAT	83619	Nfe2l2	9.901	1387	6	8	1.778	0.0	5.568
PHB2_RAT	114766	Phb2	9.9	102	3	1	1.477	0.0	6.702
M0RA08_RAT	316130	Plin3	9.883	13	2	2	1.301	0.0	7.597
SHBG_RAT	24775	Shbg	9.861	359	4	0	1.602	0.0	6.155
Q9QX70_RAT	24329	Egfr	9.85	1482	6	3	1.778	0.0	5.539
CAC1A_RAT	25398	Cacna1a	9.845	111	3	2	1.477	0.0	6.665
EPAS1_RAT	29452	Epas1	9.823	115	3	4	1.477	0.0	6.65
THTPA_RAT	305889	Thtpa	9.803	15	2	0	1.301	0.0	7.535
MIC60_RAT	312444	Immt	9.803	15	2	0	1.301	0.0	7.535
TRPV1_RAT	83810	Trpv1	9.798	1584	6	5	1.778	0.0	5.51
APAF_RAT	78963	Apaf1	9.795	120	3	1	1.477	0.0	6.631
UCHL1_RAT	29545	Uchl1	9.786	400	4	1	1.602	0.0	6.108
GRAB_RAT	171528	Gzmb	9.769	125	3	3	1.477	0.0	6.614
GHRL_RAT	59301	Ghrl	9.768	1647	6	3	1.778	0.0	5.494
D3ZKD9_RAT	29477	Mapt	9.764	126	3	3	1.477	0.0	6.61
PCY1A_RAT	140544	Pcyt1a	9.754	128	3	1	1.477	0.0	6.603
K2C1_RAT	300250	Krt1	9.749	129	3	0	1.477	0.0	6.6
ATPB_RAT	171374	Atp5b	9.732	17	2	0	1.301	0.0	7.48
TRAP1_RAT	287069	Trap1	9.732	17	2	3	1.301	0.0	7.48
BGAT2_RAT	100301568	Abo2	9.732	17	2	1	1.301	0.0	7.48
COTL1_RAT	361422	Cotl1	9.729	133	3	1	1.477	0.0	6.587
CDN2A_RAT	25163	Cdkn2a	9.709	447	4	1	1.602	0.0	6.06
Q5U2U8_RAT	293524	Bag3	9.7	18	2	6	1.301	0.0	7.455
B6RGM1_RAT	364140	Gsx2	9.7	18	2	0	1.301	0.0	7.455
GRIA2_RAT	29627	Gria2	9.697	1007	5	0	1.699	0.0	5.708
METK1_RAT	25331	Mat1a	9.696	140	3	0	1.477	0.0	6.564
NGF_RAT	310738	Ngf	9.696	2856	7	3	1.845	0.0	5.255
K2C8_RAT	25626	Krt8	9.644	152	3	1	1.477	0.0	6.529
PODO_RAT	170672	Nphs2	9.644	152	3	0	1.477	0.0	6.529
Q66HK3_RAT	24693	Ptgs1	9.642	492	4	0	1.602	0.0	6.019
RIDA_RAT	65151	Rida	9.64	20	2	0	1.301	0.0	7.41
FETUB_RAT	83928	Fetub	9.64	20	2	0	1.301	0.0	7.41
DCTD_RAT	290741	Dctd	9.64	20	2	0	1.301	0.0	7.41
NEUL_RAT	117041	Nln	9.613	21	2	0	1.301	0.0	7.388
B0BN51_RAT	171365	Snrpb	9.613	21	2	0	1.301	0.0	7.388
CSK2B_RAT	81650	Csnk2b	9.611	160	3	0	1.477	0.0	6.506
F1MAG9_RAT	308586	Sec1	9.599	163	3	0	1.477	0.0	6.498
ACSL4_RAT	113976	Acsl4	9.586	22	2	5	1.301	0.0	7.368
B0BMV4_RAT	171441	Yif1a	9.586	22	2	0	1.301	0.0	7.368
Q80ZA3_RAT	287526	Serpinf1	9.568	171	3	5	1.477	0.0	6.478
AQP1_RAT	25240	Aqp1	9.565	550	4	4	1.602	0.0	5.97
CAV3_RAT	29161	Cav3	9.55	176	3	2	1.477	0.0	6.465
PTPRC_RAT	24699	Ptprc	9.537	572	4	2	1.602	0.0	5.953
EF2_RAT	29565	Eef2	9.532	181	3	0	1.477	0.0	6.453
Q68FZ1_RAT	25351	Slc2a2	9.531	577	4	2	1.602	0.0	5.949
ENOG_RAT	24334	Eno2	9.521	586	4	2	1.602	0.0	5.943
NLRP3_RAT	287362	Nlrp3	9.521	184	3	4	1.477	0.0	6.446
TTHY_RAT	24856	Ttr	9.514	186	3	0	1.477	0.0	6.441
ITPA_RAT	311422	Itpa	9.514	25	2	0	1.301	0.0	7.313
ABCC8_RAT	25559	Abcc8	9.504	189	3	1	1.477	0.0	6.434
AMPL_RAT	289668	Lap3	9.494	192	3	0	1.477	0.0	6.427
A0A096MJ89_RAT	171107	Arr3	9.492	26	2	0	1.301	0.0	7.296
KCY_RAT	298410	Cmpk1	9.471	27	2	0	1.301	0.0	7.279
HSP7C_RAT	24468	Hspa8	9.455	204	3	1	1.477	0.0	6.401
JUN_RAT	24516	Jun	9.445	1417	5	4	1.699	0.0	5.559
ADRO_RAT	79122	Fdxr	9.43	29	2	1	1.301	0.0	7.248
CSRP3_RAT	117505	Csrp3	9.43	29	2	1	1.301	0.0	7.248
APOB_RAT	54225	Apob	9.419	678	4	3	1.602	0.0	5.879
SGMR1_RAT	29336	Sigmar1	9.412	218	3	2	1.477	0.0	6.372
3BHS1_RAT	360348	Hsd3b1	9.412	218	3	0	1.477	0.0	6.372
Q80Z26_RAT	316077	Entpd3	9.411	30	2	0	1.301	0.0	7.233
B2RYC9_RAT	684536	Gba	9.411	30	2	0	1.301	0.0	7.233
CXCL2_RAT	114105	Cxcl2	9.405	692	4	2	1.602	0.0	5.87
CAN2_RAT	29154	Capn2	9.401	222	3	0	1.477	0.0	6.364
DUS1_RAT	114856	Dusp1	9.386	227	3	1	1.477	0.0	6.355
KAD1_RAT	24183	Ak1	9.375	32	2	1	1.301	0.0	7.205
ERP29_RAT	117030	Erp29	9.375	32	2	0	1.301	0.0	7.205
F1M101_RAT	252961	Tank	9.375	32	2	0	1.301	0.0	7.205
Q71SA3_RAT	445442	Thbs1	9.373	232	3	0	1.477	0.0	6.345
NMDZ1_RAT	24408	Grin1	9.369	1569	5	1	1.699	0.0	5.515
KLK1_RAT	24594	Ngfg	9.357	33	2	0	1.301	0.0	7.192
B2RYX0_RAT	288770	Naca	9.357	33	2	2	1.301	0.0	7.192
PCKGC_RAT	362282	Pck1	9.355	743	4	2	1.602	0.0	5.839
F1LQH2_RAT	81736	Nfkb1	9.348	2838	6	8	1.778	0.0	5.257
GSTP1_RAT	24426	Gstp1	9.329	772	4	0	1.602	0.0	5.823
ACOT1_RAT	50559	Acot1	9.324	35	2	0	1.301	0.0	7.167
PA2GA_RAT	29692	Pla2g2a	9.319	252	3	0	1.477	0.0	6.309
HNF4A_RAT	25735	Hnf4a	9.302	259	3	0	1.477	0.0	6.297
D4AC20_RAT	362638	Cda	9.292	37	2	0	1.301	0.0	7.142
DPP4_RAT	25253	Dpp4	9.28	828	4	2	1.602	0.0	5.792
Q811Y3_RAT	114553	Ncf1	9.28	268	3	7	1.477	0.0	6.282
CP4AA_RAT	50549	Cyp4a10	9.278	269	3	0	1.477	0.0	6.281
Q6IMY6_RAT	25055	Lipa	9.277	38	2	0	1.301	0.0	7.131
AL1L1_RAT	64392	Aldh1l1	9.277	38	2	0	1.301	0.0	7.131
HAVR1_RAT	286934	Havcr1	9.263	275	3	1	1.477	0.0	6.271
UCN1_RAT	29151	Ucn	9.261	276	3	1	1.477	0.0	6.27
B0BNJ1_RAT	683667	Sri	9.248	40	2	0	1.301	0.0	7.109
CO6_RAT	24237	C6	9.245	283	3	0	1.477	0.0	6.259
CNR1_RAT	25248	Cnr1	9.24	1872	5	1	1.699	0.0	5.438
EF1A1_RAT	171361	Eef1a1	9.234	41	2	3	1.301	0.0	7.098
GAST_RAT	25320	Gast	9.225	1908	5	0	1.699	0.0	5.43
T23O_RAT	64206	Tdo2	9.225	292	3	0	1.477	0.0	6.245
Q6IMZ3_RAT	79125	Anxa6	9.195	44	2	0	1.301	0.0	7.067
Q8K422_RAT	24664	Pomc	9.183	2019	5	0	1.699	0.0	5.405
CEBPA_RAT	24252	Cebpa	9.174	316	3	0	1.477	0.0	6.211
PCY1B_RAT	286936	Pcyt1b	9.168	319	3	0	1.477	0.0	6.207
O54857_RAT	50557	Pten	9.16	323	3	4	1.477	0.0	6.201
ELN_RAT	25043	Eln	9.151	996	4	0	1.602	0.0	5.712
CASA1_RAT	24284	Csn1s1	9.145	48	2	0	1.301	0.0	7.029
THY1_RAT	24832	Thy1	9.144	1007	4	0	1.602	0.0	5.708
I6L9G6_RAT	298648	Tardbp	9.134	49	2	3	1.301	0.0	7.02
DLL4_RAT	311332	Dll4	9.134	49	2	1	1.301	0.0	7.02
Q5EB91_RAT	294051	Dntt	9.124	342	3	0	1.477	0.0	6.177
TRIB3_RAT	246273	Trib3	9.122	50	2	2	1.301	0.0	7.012
IRS1_RAT	25467	Irs1	9.113	1053	4	4	1.602	0.0	5.688
ALR_RAT	27100	Gfer	9.111	51	2	0	1.301	0.0	7.003
Q6P6R6_RAT	56083	Tgm2	9.111	51	2	0	1.301	0.0	7.003
EBP_RAT	117278	Ebp	9.111	51	2	0	1.301	0.0	7.003
G3V9S3_RAT	498331	Ptpn13	9.111	51	2	1	1.301	0.0	7.003
IL1A_RAT	24493	Il1a	9.103	1068	4	0	1.602	0.0	5.682
D4ACL8_RAT	300711	Atm	9.1	52	2	0	1.301	0.0	6.995
A0A0G2K1L0_RAT	116640	Tnc	9.094	358	3	6	1.477	0.0	6.157
CALX_RAT	29144	Canx	9.089	53	2	3	1.301	0.0	6.986
Q8K3F9_RAT	24337	Erbb2	9.073	370	3	4	1.477	0.0	6.142
KPCB_RAT	25023	Prkcb	9.071	371	3	2	1.477	0.0	6.141
ASGL1_RAT	246307	Asrgl1	9.068	55	2	0	1.301	0.0	6.97
CFAD_RAT	54249	Cfd	9.058	56	2	0	1.301	0.0	6.962
A0A0G2K218_RAT	81722	Ager	9.049	384	3	2	1.477	0.0	6.126
PLMN_RAT	85253	Plg	9.048	57	2	0	1.301	0.0	6.955
CEBPB_RAT	24253	Cebpb	9.046	386	3	3	1.477	0.0	6.124
NMDE3_RAT	24411	Grin2c	9.036	392	3	0	1.477	0.0	6.117
CD38_RAT	25668	Cd38	9.01	61	2	0	1.301	0.0	6.925
HRH2_RAT	25461	Hrh2	8.983	426	3	0	1.477	0.0	6.081
NSMA_RAT	83537	Smpd2	8.983	64	2	1	1.301	0.0	6.904
HGF_RAT	24446	Hgf	8.978	1278	4	1	1.602	0.0	5.604
NGB_RAT	85382	Ngb	8.974	65	2	0	1.301	0.0	6.898
CORT_RAT	25305	Cort	8.972	433	3	2	1.477	0.0	6.074
SNP25_RAT	25012	Snap25	8.971	434	3	0	1.477	0.0	6.073
PEMT_RAT	25511	Pemt	8.965	66	2	0	1.301	0.0	6.891
LPP60_RAT	246266	Aspg	8.965	66	2	0	1.301	0.0	6.891
Q8R427_RAT	24646	Abcb1b	8.964	1304	4	0	1.602	0.0	5.595
DDC_RAT	24311	Ddc	8.959	442	3	0	1.477	0.0	6.065
Q8R2E7_RAT	266610	Fadd	8.957	67	2	0	1.301	0.0	6.885
IF_RAT	29319	Gif	8.949	68	2	0	1.301	0.0	6.878
BAG1_RAT	297994	Bag1	8.94	69	2	0	1.301	0.0	6.872
B0BN55_RAT	29421	Urod	8.932	70	2	0	1.301	0.0	6.866
G3V824_RAT	25151	Igf2r	8.924	71	2	1	1.301	0.0	6.859
ACOX1_RAT	50681	Acox1	8.924	71	2	1	1.301	0.0	6.859
LANC1_RAT	114515	Lancl1	8.924	71	2	0	1.301	0.0	6.859
EI2BD_RAT	117019	Eif2b4	8.924	71	2	1	1.301	0.0	6.859
NACC1_RAT	171454	Nacc1	8.924	71	2	0	1.301	0.0	6.859
GDNF_RAT	25453	Gdnf	8.916	1396	4	0	1.602	0.0	5.565
ENOA_RAT	24333	Eno1	8.909	73	2	5	1.301	0.0	6.847
ABCC9_RAT	25560	Abcc9	8.909	73	2	0	1.301	0.0	6.847
MK01_RAT	116590	Mapk1	8.908	5012	6	2	1.778	0.0	5.01
CD4_RAT	24932	Cd4	8.906	2941	5	3	1.699	0.0	5.242
ISK1L_RAT	266602	Spink1l	8.893	75	2	0	1.301	0.0	6.836
NR0B2_RAT	117274	Nr0b2	8.886	76	2	2	1.301	0.0	6.83
HS90A_RAT	299331	Hsp90aa1	8.88	500	3	1	1.477	0.0	6.012
Q925D6_RAT	114495	Map2k6	8.878	77	2	0	1.301	0.0	6.824
ECP_RAT	192264	Rnase3	8.878	77	2	0	1.301	0.0	6.824
ARLY_RAT	59085	Asl	8.85	81	2	0	1.301	0.0	6.802
D4A453_RAT	299602	Cdc34	8.85	81	2	0	1.301	0.0	6.802
CRCM1_RAT	304496	Orai1	8.836	83	2	0	1.301	0.0	6.792
Q99MZ5_RAT	117279	Cflar	8.809	87	2	0	1.301	0.0	6.771
SPA3K_RAT	24794	Serpina3k	8.803	88	2	0	1.301	0.0	6.766
JAK2_RAT	24514	Jak2	8.787	578	3	4	1.477	0.0	5.949
PPIA_RAT	25518	Ppia	8.778	92	2	4	1.301	0.0	6.747
GSHB_RAT	25458	Gss	8.772	93	2	0	1.301	0.0	6.742
DHB3_RAT	117182	Hsd17b3	8.76	95	2	0	1.301	0.0	6.733
LAMP1_RAT	25328	Lamp1	8.748	97	2	1	1.301	0.0	6.724
S100B_RAT	25742	S100b	8.742	620	3	2	1.477	0.0	5.918
ODO2_RAT	299201	Dlst	8.741	621	3	0	1.477	0.0	5.917
CALB1_RAT	83839	Calb1	8.736	626	3	4	1.477	0.0	5.914
IAPP_RAT	24476	Iapp	8.723	638	3	1	1.477	0.0	5.906
NCAM1_RAT	24586	Ncam1	8.715	646	3	0	1.477	0.0	5.9
DECR2_RAT	64461	Decr2	8.711	1	1	0	1.0	0.0	8.711
NDUV3_RAT	64539	Ndufv3	8.711	1	1	0	1.0	0.0	8.711
ARL2_RAT	65142	Arl2	8.711	1	1	5	1.0	0.0	8.711
Q66HM2_RAT	81637	Ap2a2	8.711	1	1	0	1.0	0.0	8.711
MARC2_RAT	171451	Marc2	8.711	1	1	1	1.0	0.0	8.711
TOM20_RAT	266601	Tomm20	8.711	1	1	0	1.0	0.0	8.711
MIRO2_RAT	287156	Rhot2	8.711	1	1	3	1.0	0.0	8.711
TEKT3_RAT	287392	Tekt3	8.711	1	1	0	1.0	0.0	8.711
TRI50_RAT	288596	Trim50	8.711	1	1	0	1.0	0.0	8.711
NAT8L_RAT	289727	Nat8l	8.711	1	1	1	1.0	0.0	8.711
ECI2_RAT	291075	Eci2	8.711	1	1	0	1.0	0.0	8.711
D3ZUG8_RAT	291470	Ftmt	8.711	1	1	0	1.0	0.0	8.711
T126B_RAT	293114	Tmem126b	8.711	1	1	6	1.0	0.0	8.711
D4A197_RAT	293829	Mcee	8.711	1	1	0	1.0	0.0	8.711
D4A565_RAT	294964	Ndufb5	8.711	1	1	0	1.0	0.0	8.711
D3ZIL6_RAT	298381	Echdc2	8.711	1	1	0	1.0	0.0	8.711
S2547_RAT	299316	Slc25a47	8.711	1	1	0	1.0	0.0	8.711
TM175_RAT	305623	Tmem175	8.711	1	1	0	1.0	0.0	8.711
A0A0G2K309_RAT	306574	Slc25a15	8.711	1	1	0	1.0	0.0	8.711
Q7TPJ4_RAT	307858	Ldhd	8.711	1	1	0	1.0	0.0	8.711
A0A0G2K047_RAT	314800	Acss3	8.711	1	1	1	1.0	0.0	8.711
ACSM4_RAT	353317	Acsm4	8.711	1	1	0	1.0	0.0	8.711
G3V728_RAT	360971	Nipsnap1	8.711	1	1	0	1.0	0.0	8.711
CC172_RAT	361776	Ccdc172	8.711	1	1	0	1.0	0.0	8.711
D4A5F5_RAT	364136	Aasdh	8.711	1	1	1	1.0	0.0	8.711
D3ZHV9_RAT	500797	Misp	8.711	1	1	0	1.0	0.0	8.711
B2RZD6_RAT	681024	Ndufa4	8.711	1	1	0	1.0	0.0	8.711
M0RDC8_RAT	686234	Mtrf1	8.711	1	1	0	1.0	0.0	8.711
PEBP1_RAT	29542	Pebp1	8.709	104	2	0	1.301	0.0	6.694
PLPL9_RAT	360426	Pla2g6	8.672	111	2	1	1.301	0.0	6.665
CREB1_RAT	81646	Creb1	8.67	1988	4	2	1.602	0.0	5.412
A1AT_RAT	24648	Serpina1	8.652	115	2	0	1.301	0.0	6.65
KPCG_RAT	24681	Prkcg	8.643	723	3	1	1.477	0.0	5.851
PDIA3_RAT	29468	Pdia3	8.642	117	2	0	1.301	0.0	6.642
ASMT_RAT	246281	Asmt	8.642	117	2	0	1.301	0.0	6.642
F1LQ07_RAT	24831	Thrb	8.628	120	2	0	1.301	0.0	6.631
APEX1_RAT	79116	Apex1	8.628	120	2	2	1.301	0.0	6.631
PDK4_RAT	89813	Pdk4	8.628	120	2	0	1.301	0.0	6.631
KCC4_RAT	25050	Camk4	8.623	121	2	2	1.301	0.0	6.628
CP2J3_RAT	313375	Cyp2j3	8.623	121	2	0	1.301	0.0	6.628
ACHB_RAT	24261	Chrnb1	8.605	768	3	0	1.477	0.0	5.825
NF1_RAT	24592	Nf1	8.605	125	2	0	1.301	0.0	6.614
DHSO_RAT	24788	Sord	8.605	125	2	0	1.301	0.0	6.614
F1LM37_RAT	117855	Sf1	8.6	126	2	0	1.301	0.0	6.61
HYEP_RAT	25315	Ephx1	8.587	129	2	0	1.301	0.0	6.6
ETS1_RAT	24356	Ets1	8.582	130	2	0	1.301	0.0	6.597
ANFB_RAT	25105	Nppb	8.574	805	3	0	1.477	0.0	5.805
CBS_RAT	24250	Cbs	8.565	134	2	0	1.301	0.0	6.583
AQP4_RAT	25293	Aqp4	8.561	624	2	13	1.301	0.146	5.915
LYOX_RAT	24914	Lox	8.557	136	2	0	1.301	0.0	6.577
FADS1_RAT	84575	Fads1	8.549	138	2	0	1.301	0.0	6.571
MT3_RAT	117038	Mt3	8.549	138	2	0	1.301	0.0	6.571
ESR2_RAT	25149	Esr2	8.542	846	3	2	1.477	0.0	5.783
CASP8_RAT	64044	Casp8	8.533	859	3	2	1.477	0.0	5.776
PTN11_RAT	25622	Ptpn11	8.517	146	2	0	1.301	0.0	6.546
GSTA4_RAT	300850	Gsta4	8.509	148	2	0	1.301	0.0	6.54
Q6T5E8_RAT	154516	Ugt1a7c	8.505	149	2	0	1.301	0.0	6.537
GCH1_RAT	29244	Gch1	8.502	150	2	2	1.301	0.0	6.534
NAR2B_RAT	293152	Art2b	8.502	150	2	0	1.301	0.0	6.534
ST1A1_RAT	83783	Sult1a1	8.498	151	2	0	1.301	0.0	6.532
TNR1B_RAT	156767	Tnfrsf1b	8.494	152	2	0	1.301	0.0	6.529
Q5I0M4_RAT	364773	Akr1c12	8.476	157	2	0	1.301	0.0	6.515
VEGFA_RAT	83785	Vegfa	8.465	5329	5	0	1.699	0.0	4.983
ICAM1_RAT	25464	Icam1	8.457	2701	4	0	1.602	0.0	5.279
SCRB1_RAT	25073	Scarb1	8.451	164	2	1	1.301	0.0	6.496
MMP2_RAT	81686	Mmp2	8.45	2726	4	3	1.602	0.0	5.275
S15A1_RAT	117261	Slc15a1	8.438	168	2	1	1.301	0.0	6.485
MGLL_RAT	29254	Mgll	8.434	169	2	0	1.301	0.0	6.483
MK03_RAT	50689	Mapk3	8.434	5566	5	8	1.699	0.0	4.964
Q6T5F2_RAT	396527	Ugt1a2	8.411	176	2	0	1.301	0.0	6.465
G3V7B6_RAT	29390	Ptpmt1	8.41	2	1	1	1.0	0.0	8.41
AT5G1_RAT	29754	Atp5g1	8.41	2	1	2	1.0	0.0	8.41
DPOLA_RAT	85241	Pola1	8.41	2	1	0	1.0	0.0	8.41
CACB2_RAT	116600	Cacnb2	8.41	2	1	0	1.0	0.0	8.41
INP4B_RAT	116699	Inpp4b	8.41	2	1	1	1.0	0.0	8.41
TRAK2_RAT	171086	Trak2	8.41	2	1	0	1.0	0.0	8.41
STX17_RAT	252853	Stx17	8.41	2	1	2	1.0	0.0	8.41
SFXN5_RAT	261737	Sfxn5	8.41	2	1	0	1.0	0.0	8.41
PARL_RAT	287979	Parl	8.41	2	1	0	1.0	0.0	8.41
PTSS2_RAT	293620	Ptdss2	8.41	2	1	0	1.0	0.0	8.41
D3ZXY9_RAT	296128	Stard7	8.41	2	1	2	1.0	0.0	8.41
ATAD3_RAT	298682	Atad3	8.41	2	1	5	1.0	0.0	8.41
D4ADG3_RAT	301434	Clk1	8.41	2	1	0	1.0	0.0	8.41
COQ5_RAT	304542	Coq5	8.41	2	1	0	1.0	0.0	8.41
PORIM_RAT	363013	Tmem123	8.41	2	1	0	1.0	0.0	8.41
D3Z9I1_RAT	498000	Coa3	8.41	2	1	0	1.0	0.0	8.41
A0A096MJ52_RAT	688802	Mcidas	8.41	2	1	0	1.0	0.0	8.41
MPC2_RAT	100359982	Mpc2	8.41	2	1	0	1.0	0.0	8.41
AOC3_RAT	29473	Aoc3	8.402	179	2	0	1.301	0.0	6.458
MTOR_RAT	56718	Mtor	8.39	1072	3	1	1.477	0.0	5.68
GOSR1_RAT	94189	Gosr1	8.374	188	2	0	1.301	0.0	6.436
G3V679_RAT	64678	Tfrc	8.362	192	2	0	1.301	0.0	6.427
EGR1_RAT	24330	Egr1	8.357	1130	3	2	1.477	0.0	5.657
BACE1_RAT	29392	Bace1	8.336	201	2	8	1.301	0.0	6.407
BMAL1_RAT	29657	Arntl	8.32	207	2	0	1.301	0.0	6.395
G3V6J4_RAT	299757	Nts	8.311	1214	3	0	1.477	0.0	5.626
LIPS_RAT	25330	Lipe	8.306	212	2	1	1.301	0.0	6.384
MCPT2_RAT	29266	Mcpt2	8.306	212	2	2	1.301	0.0	6.384
DPOLB_RAT	29240	Polb	8.301	214	2	0	1.301	0.0	6.38
RL4_RAT	64302	Rpl4	8.301	214	2	2	1.301	0.0	6.38
NK1R_RAT	24807	Tacr1	8.296	1242	3	0	1.477	0.0	5.616
Q0VJ96_RAT	25271	Rxra	8.29	218	2	0	1.301	0.0	6.372
PSPC_RAT	50683	Sftpc	8.265	228	2	1	1.301	0.0	6.353
CXL10_RAT	245920	Cxcl10	8.263	229	2	0	1.301	0.0	6.351
PIT1_RAT	25517	Pou1f1	8.25	234	2	0	1.301	0.0	6.341
ANXA1_RAT	25380	Anxa1	8.238	239	2	0	1.301	0.0	6.332
A1AG_RAT	24614	Orm1	8.234	241	2	0	1.301	0.0	6.329
MECR_RAT	29470	Mecr	8.233	3	1	0	1.0	0.0	8.233
KCMB4_RAT	66016	Kcnmb4	8.233	3	1	2	1.0	0.0	8.233
AT5G3_RAT	114630	Atp5g3	8.233	3	1	0	1.0	0.0	8.233
TXNL1_RAT	140922	Txnl1	8.233	3	1	0	1.0	0.0	8.233
FAIM1_RAT	140930	Faim	8.233	3	1	1	1.0	0.0	8.233
USMG5_RAT	171069	Usmg5	8.233	3	1	1	1.0	0.0	8.233
KLC3_RAT	171549	Klc3	8.233	3	1	0	1.0	0.0	8.233
A0A096MJN4_RAT	287606	Sept4	8.233	3	1	1	1.0	0.0	8.233
Q5XIH3_RAT	293655	Ndufv1	8.233	3	1	0	1.0	0.0	8.233
Q66HF3_RAT	295143	Etfdh	8.233	3	1	0	1.0	0.0	8.233
Q68FX8_RAT	296588	Pmpca	8.233	3	1	0	1.0	0.0	8.233
G3V7G8_RAT	297113	Gars	8.233	3	1	0	1.0	0.0	8.233
G3V6L4_RAT	311024	Kif5c	8.233	3	1	0	1.0	0.0	8.233
G3V6J5_RAT	314743	Cdk17	8.233	3	1	0	1.0	0.0	8.233
NDUS4_RAT	499529	Ndufs4	8.233	3	1	1	1.0	0.0	8.233
B4F768_RAT	641316	Aldh4a1	8.233	3	1	0	1.0	0.0	8.233
DBP_RAT	24309	Dbp	8.217	248	2	0	1.301	0.0	6.316
SOMA_RAT	24391	Gh1	8.215	249	2	0	1.301	0.0	6.314
CEAM1_RAT	81613	Ceacam1	8.215	249	2	0	1.301	0.0	6.314
Q9JK64_RAT	170913	Abcb1a	8.211	251	2	0	1.301	0.0	6.311
IL10_RAT	25325	Il10	8.202	3898	4	6	1.602	0.0	5.12
SYT1_RAT	25716	Syt1	8.193	1459	3	9	1.477	0.0	5.546
GTR3_RAT	25551	Slc2a3	8.191	260	2	1	1.301	0.0	6.296
AMPN_RAT	81641	Anpep	8.191	260	2	0	1.301	0.0	6.296
KCNA5_RAT	25470	Kcna5	8.178	266	2	3	1.301	0.0	6.286
G3V6P5_RAT	24952	Gcg	8.167	1518	3	3	1.477	0.0	5.529
ITPR1_RAT	25262	Itpr1	8.161	274	2	0	1.301	0.0	6.273
AA1R_RAT	29290	Adora1	8.157	276	2	0	1.301	0.0	6.27
Q5M895_RAT	24538	Lipc	8.151	279	2	0	1.301	0.0	6.265
CD5R1_RAT	116671	Cdk5r1	8.127	291	2	0	1.301	0.0	6.247
D3ZFJ0_RAT	298947	Pik3cg	8.119	1636	3	2	1.477	0.0	5.497
TNR1A_RAT	25625	Tnfrsf1a	8.116	297	2	2	1.301	0.0	6.238
S100G_RAT	24249	S100g	8.114	298	2	0	1.301	0.0	6.236
PA2GC_RAT	29387	Pla2g2c	8.109	4	1	0	1.0	0.0	8.109
ZRAB2_RAT	58821	Zranb2	8.109	4	1	0	1.0	0.0	8.109
DDX25_RAT	58856	Ddx25	8.109	4	1	0	1.0	0.0	8.109
SYJ2B_RAT	64531	Synj2bp	8.109	4	1	1	1.0	0.0	8.109
SFXN3_RAT	65042	Sfxn3	8.109	4	1	0	1.0	0.0	8.109
MRS2_RAT	79032	Mrs2	8.109	4	1	1	1.0	0.0	8.109
KIF1B_RAT	117548	Kif1b	8.109	4	1	0	1.0	0.0	8.109
VATB2_RAT	117596	Atp6v1b2	8.109	4	1	1	1.0	0.0	8.109
PDP2_RAT	246311	Pdp2	8.109	4	1	0	1.0	0.0	8.109
TFB2M_RAT	289307	Tfb2m	8.109	4	1	1	1.0	0.0	8.109
Q4V7D1_RAT	361233	Ssr1	8.109	4	1	0	1.0	0.0	8.109
ATCAY_RAT	362826	Atcay	8.109	4	1	1	1.0	0.0	8.109
CATL1_RAT	25697	Ctsl	8.09	311	2	0	1.301	0.0	6.218
FOS_RAT	314322	Fos	8.081	8957	5	0	1.699	0.0	4.756
GALA_RAT	29141	Gal	8.075	319	2	0	1.301	0.0	6.207
NPY4R_RAT	29471	Npy4r	8.075	319	2	1	1.301	0.0	6.207
ARRS_RAT	25539	Sag	8.065	325	2	2	1.301	0.0	6.199
PDX1_RAT	29535	Pdx1	8.061	327	2	1	1.301	0.0	6.196
ANGP1_RAT	89807	Angpt1	8.048	335	2	1	1.301	0.0	6.186
HRH1_RAT	24448	Hrh1	8.044	337	2	0	1.301	0.0	6.183
FAAH1_RAT	29347	Faah	8.021	351	2	7	1.301	0.0	6.165
ATPA_RAT	65262	Atp5a1	8.012	5	1	3	1.0	0.0	8.012
D3ZDD7_RAT	84476	Strbp	8.012	5	1	0	1.0	0.0	8.012
SC5AB_RAT	252854	Slc5a11	8.012	5	1	0	1.0	0.0	8.012
GGN_RAT	292765	Ggn	8.012	5	1	0	1.0	0.0	8.012
TOM22_RAT	300075	Tomm22	8.012	5	1	0	1.0	0.0	8.012
LPPRC_RAT	313867	Lrpprc	8.012	5	1	0	1.0	0.0	8.012
A0A0G2K5E4_RAT	360481	Dnaja3	8.012	5	1	0	1.0	0.0	8.012
D3ZV70_RAT	361624	Akip1	8.012	5	1	1	1.0	0.0	8.012
Q5PPG5_RAT	24258	Chga	8.008	359	2	0	1.301	0.0	6.155
VGLU1_RAT	116638	Slc17a7	8.008	359	2	6	1.301	0.0	6.155
Q64315_RAT	114851	Cdkn1a	7.99	371	2	0	1.301	0.0	6.141
P2RY1_RAT	25265	P2ry1	7.988	372	2	1	1.301	0.0	6.14
PER1_RAT	287422	Per1	7.969	385	2	3	1.301	0.0	6.125
SCF_RAT	60427	Kitlg	7.957	393	2	0	1.301	0.0	6.116
LEPR_RAT	24536	Lepr	7.954	395	2	0	1.301	0.0	6.114
O88211_RAT	60584	Lif	7.946	401	2	0	1.301	0.0	6.107
MCSP_RAT	24899	Smcp	7.932	6	1	0	1.0	0.0	7.932
ECH1_RAT	64526	Ech1	7.932	6	1	0	1.0	0.0	7.932
Q9EP88_RAT	85263	Slc25a14	7.932	6	1	0	1.0	0.0	7.932
F1M957_RAT	116669	Vwf	7.932	411	2	2	1.301	0.0	6.097
Q6IRJ7_RAT	155423	Anxa7	7.932	6	1	1	1.0	0.0	7.932
G3V741_RAT	245959	Slc25a3	7.932	6	1	0	1.0	0.0	7.932
F1M049_RAT	288663	Atxn2	7.932	6	1	0	1.0	0.0	7.932
G0S2_RAT	289388	G0s2	7.932	6	1	1	1.0	0.0	7.932
QCR2_RAT	293448	Uqcrc2	7.932	6	1	0	1.0	0.0	7.932
D3ZUJ5_RAT	301622	Dtymk	7.932	6	1	0	1.0	0.0	7.932
Q71RR7_RAT	303179	Guk1	7.932	6	1	0	1.0	0.0	7.932
D4AAW7_RAT	314847	Best3	7.932	6	1	1	1.0	0.0	7.932
RIR2_RAT	362720	Rrm2	7.932	6	1	1	1.0	0.0	7.932
Q498N2_RAT	65029	Aoc1	7.928	414	2	0	1.301	0.0	6.094
RB_RAT	24708	Rb1	7.906	430	2	0	1.301	0.0	6.077
AA2AR_RAT	25369	Adora2a	7.883	448	2	0	1.301	0.0	6.059
SELK_RAT	290549	Selenok	7.873	456	2	0	1.301	0.0	6.052
OPSD_RAT	24717	Rho	7.867	461	2	6	1.301	0.0	6.047
OAZ1_RAT	25502	Oaz1	7.866	7	1	0	1.0	0.0	7.866
CXA6_RAT	54256	Gja6	7.866	7	1	0	1.0	0.0	7.866
A0A0G2QC17_RAT	54705	Pdp1	7.866	7	1	0	1.0	0.0	7.866
PRKN_RAT	56816	Prkn	7.866	7	1	0	1.0	0.0	7.866
TBA1A_RAT	64158	Tuba1a	7.866	7	1	0	1.0	0.0	7.866
MPPB_RAT	64198	Pmpcb	7.866	7	1	0	1.0	0.0	7.866
Q9JLT5_RAT	83725	Wfs1	7.866	7	1	3	1.0	0.0	7.866
SYNJ2_RAT	84018	Synj2	7.866	7	1	1	1.0	0.0	7.866
Q925D2_RAT	114496	Bik	7.866	7	1	0	1.0	0.0	7.866
KEG1_RAT	171179	Keg1	7.866	7	1	0	1.0	0.0	7.866
F1LNW3_RAT	252898	Acox2	7.866	7	1	1	1.0	0.0	7.866
Q5XIA5_RAT	287711	Coasy	7.866	7	1	0	1.0	0.0	7.866
B5DFI9_RAT	296849	Pdk3	7.866	7	1	0	1.0	0.0	7.866
QCR1_RAT	301011	Uqcrc1	7.866	7	1	0	1.0	0.0	7.866
A9CMC8_RAT	116569	Lct	7.849	476	2	0	1.301	0.0	6.033
ACSM3_RAT	24763	Acsm3	7.808	8	1	0	1.0	0.0	7.808
MYO1C_RAT	65261	Myo1c	7.808	8	1	0	1.0	0.0	7.808
RS24_RAT	81776	Rps24	7.808	8	1	0	1.0	0.0	7.808
D4A7U1_RAT	114636	Zyx	7.808	8	1	1	1.0	0.0	7.808
A0A0G2K960_RAT	170637	Samsn1	7.808	8	1	0	1.0	0.0	7.808
D3ZP96_RAT	312538	Mcm2	7.808	8	1	0	1.0	0.0	7.808
ADML_RAT	25026	Adm	7.788	530	2	0	1.301	0.0	5.986
F1M4A0_RAT	292994	Tjp1	7.766	551	2	3	1.301	0.0	5.969
CP3A2_RAT	266682	Cyp3a2	7.757	560	2	1	1.301	0.0	5.962
A2MG_RAT	24153	A2m	7.756	561	2	0	1.301	0.0	5.962
HEM0_RAT	25748	Alas2	7.756	9	1	1	1.0	0.0	7.756
PRS6A_RAT	29677	Psmc3	7.756	9	1	0	1.0	0.0	7.756
MLP3B_RAT	64862	Map1lc3b	7.756	9	1	5	1.0	0.0	7.756
D3ZQ74_RAT	116552	Plod1	7.756	9	1	0	1.0	0.0	7.756
S15A4_RAT	246280	Slc15a4	7.756	9	1	0	1.0	0.0	7.756
D3ZG43_RAT	295923	Ndufs3	7.756	9	1	5	1.0	0.0	7.756
Q5PQT0_RAT	301617	Pask	7.756	9	1	0	1.0	0.0	7.756
G3V641_RAT	304539	Sirt4	7.756	9	1	3	1.0	0.0	7.756
D3ZW08_RAT	315150	Adsl	7.756	9	1	0	1.0	0.0	7.756
TKFC_RAT	361730	Tkfc	7.756	9	1	0	1.0	0.0	7.756
PGRC1_RAT	291948	Pgrmc1	7.748	34	1	11	1.0	0.079	7.179
MMP9_RAT	81687	Mmp9	7.736	2972	3	7	1.477	0.0	5.237
SRBP1_RAT	78968	Srebf1	7.714	604	2	0	1.301	0.0	5.929
G3V7P8_RAT	64457	Ndrg4	7.711	10	1	0	1.0	0.0	7.711
MUTYH_RAT	170841	Mutyh	7.711	10	1	1	1.0	0.0	7.711
G3V634_RAT	288457	Gsx1	7.711	10	1	0	1.0	0.0	7.711
RS18_RAT	294282	Rps18	7.711	10	1	0	1.0	0.0	7.711
D4A605_RAT	300691	Nnmt	7.711	10	1	0	1.0	0.0	7.711
D4A489_RAT	314330	Cipc	7.711	10	1	0	1.0	0.0	7.711
Q4KMB8_RAT	365395	Clcf1	7.711	10	1	0	1.0	0.0	7.711
Q6IE61_RAT	408242	Klk1c6	7.711	10	1	0	1.0	0.0	7.711
AIF1_RAT	29427	Aif1	7.694	626	2	1	1.301	0.0	5.914
SMAD2_RAT	29357	Smad2	7.683	638	2	2	1.301	0.0	5.906
CSF2_RAT	116630	Csf2	7.679	643	2	0	1.301	0.0	5.902
IFNG_RAT	25712	Ifng	7.676	3264	3	1	1.477	0.0	5.196
AA2BR_RAT	29316	Adora2b	7.669	11	1	1	1.0	0.0	7.669
EFGM_RAT	114017	Gfm1	7.669	11	1	0	1.0	0.0	7.669
RAB8A_RAT	117103	Rab8a	7.669	11	1	0	1.0	0.0	7.669
A0A0G2K470_RAT	170921	Itga2	7.669	11	1	0	1.0	0.0	7.669
PTGR1_RAT	192227	Ptgr1	7.669	11	1	0	1.0	0.0	7.669
OPTN_RAT	246294	Optn	7.669	11	1	0	1.0	0.0	7.669
CRP_RAT	25419	Crp	7.639	690	2	0	1.301	0.0	5.872
O35055_RAT	65202	Slc13a2	7.632	699	2	0	1.301	0.0	5.866
KCMB1_RAT	29747	Kcnmb1	7.631	12	1	1	1.0	0.0	7.631
KINH_RAT	117550	Kif5b	7.631	12	1	0	1.0	0.0	7.631
SIR5_RAT	306840	Sirt5	7.631	12	1	2	1.0	0.0	7.631
D4ACQ9_RAT	363735	Gabpa	7.631	12	1	1	1.0	0.0	7.631
MAAI_RAT	681913	Gstz1	7.631	12	1	1	1.0	0.0	7.631
LOX5_RAT	25290	Alox5	7.621	713	2	0	1.301	0.0	5.857
ADRB1_RAT	24925	Adrb1	7.597	744	2	0	1.301	0.0	5.839
Q5BK88_RAT	25284	Amacr	7.597	13	1	1	1.0	0.0	7.597
FKBP6_RAT	288597	Fkbp6	7.597	13	1	0	1.0	0.0	7.597
SC6A3_RAT	24898	Slc6a3	7.583	762	2	0	1.301	0.0	5.829
HMGB1_RAT	25459	Hmgb1	7.564	788	2	0	1.301	0.0	5.814
BACH_RAT	26759	Acot7	7.564	14	1	0	1.0	0.0	7.564
ACSL5_RAT	94340	Acsl5	7.564	14	1	2	1.0	0.0	7.564
SPEB_RAT	298607	Agmat	7.564	14	1	0	1.0	0.0	7.564
TAAR9_RAT	319107	Taar9	7.564	14	1	0	1.0	0.0	7.564
STX5_RAT	65134	Stx5	7.535	15	1	0	1.0	0.0	7.535
BAF_RAT	114087	Banf1	7.535	15	1	2	1.0	0.0	7.535
A0A0G2JT29_RAT	266681	Tmprss5	7.535	15	1	0	1.0	0.0	7.535
A0A0G2K7K3_RAT	308406	Six5	7.535	15	1	0	1.0	0.0	7.535
B2GUV6_RAT	502988	Sesn2	7.535	15	1	6	1.0	0.0	7.535
TPA_RAT	25692	Plat	7.527	841	2	0	1.301	0.0	5.786
PECA1_RAT	29583	Pecam1	7.523	848	2	0	1.301	0.0	5.782
VGFR2_RAT	25589	Kdr	7.517	857	2	0	1.301	0.0	5.778
PAI1_RAT	24617	Serpine1	7.513	862	2	1	1.301	0.0	5.775
RHOX5_RAT	24631	Rhox5	7.506	16	1	0	1.0	0.0	7.506
RAE1_RAT	24942	Chm	7.506	16	1	0	1.0	0.0	7.506
Q5U362_RAT	79124	Anxa4	7.506	16	1	0	1.0	0.0	7.506
MSH2_RAT	81709	Msh2	7.506	16	1	1	1.0	0.0	7.506
HNRPK_RAT	117282	Hnrnpk	7.506	16	1	0	1.0	0.0	7.506
D3ZXE2_RAT	304218	Pds5b	7.506	16	1	0	1.0	0.0	7.506
BTD_RAT	306262	Btd	7.506	16	1	0	1.0	0.0	7.506
CBLN1_RAT	498922	Cbln1	7.506	16	1	0	1.0	0.0	7.506
B5DEJ6_RAT	680668	Tpk1	7.506	16	1	0	1.0	0.0	7.506
5HT1B_RAT	25075	Htr1b	7.5	883	2	0	1.301	0.0	5.765
TBX5_RAT	304514	Tbx5	7.48	17	1	1	1.0	0.0	7.48
D3ZZ24_RAT	366078	Sp9	7.48	17	1	0	1.0	0.0	7.48
NMDE1_RAT	24409	Grin2a	7.457	952	2	0	1.301	0.0	5.732
D4A2H6_RAT	287847	Rbfox3	7.457	952	2	3	1.301	0.0	5.732
HSP1_RAT	24685	Prm1	7.455	18	1	0	1.0	0.0	7.455
TFEC_RAT	26296	Tfec	7.455	18	1	0	1.0	0.0	7.455
CASQ2_RAT	29209	Casq2	7.455	18	1	0	1.0	0.0	7.455
C1QBP_RAT	29681	C1qbp	7.455	18	1	0	1.0	0.0	7.455
GBRA6_RAT	29708	Gabra6	7.455	18	1	1	1.0	0.0	7.455
VDAC2_RAT	83531	Vdac2	7.455	18	1	6	1.0	0.0	7.455
RAP1B_RAT	171337	Rap1b	7.455	18	1	0	1.0	0.0	7.455
CP7B1_RAT	25429	Cyp7b1	7.432	19	1	0	1.0	0.0	7.432
S27A2_RAT	65192	Slc27a2	7.432	19	1	0	1.0	0.0	7.432
G3V8C9_RAT	116464	Ncoa6	7.432	19	1	0	1.0	0.0	7.432
OPLA_RAT	116684	Oplah	7.432	19	1	0	1.0	0.0	7.432
PP14B_RAT	259225	Ppp1r14b	7.432	19	1	0	1.0	0.0	7.432
Q6B328_RAT	290856	Defa24	7.432	19	1	0	1.0	0.0	7.432
Q5U334_RAT	25066	PVR	7.41	20	1	0	1.0	0.0	7.41
RAP1A_RAT	295347	Rap1a	7.41	20	1	0	1.0	0.0	7.41
PARI_RAT	100310874	Parpbp	7.41	20	1	0	1.0	0.0	7.41
CTRB1_RAT	24291	Ctrb1	7.388	21	1	0	1.0	0.0	7.388
G3V7N1_RAT	114106	Bco1	7.388	21	1	1	1.0	0.0	7.388
EFNA5_RAT	116683	Efna5	7.388	21	1	0	1.0	0.0	7.388
PRS4_RAT	117263	Psmc1	7.388	21	1	0	1.0	0.0	7.388
HYOU1_RAT	192235	Hyou1	7.388	21	1	1	1.0	0.0	7.388
NADC_RAT	293504	Qprt	7.388	21	1	0	1.0	0.0	7.388
B0BNL2_RAT	298696	Pin1	7.388	21	1	0	1.0	0.0	7.388
D4AA88_RAT	362675	Tp73	7.388	21	1	0	1.0	0.0	7.388
SLIB_RAT	29446	Ghrh	7.371	1110	2	1	1.301	0.0	5.665
MA2A1_RAT	25478	Man2a1	7.368	22	1	0	1.0	0.0	7.368
TPP1_RAT	83534	Tpp1	7.368	22	1	0	1.0	0.0	7.368
CHIO_RAT	84031	Chn2	7.368	22	1	0	1.0	0.0	7.368
Q6MFX6_RAT	294203	Olr1749	7.368	22	1	0	1.0	0.0	7.368
SYCP1_RAT	25276	Sycp1	7.349	23	1	0	1.0	0.0	7.349
Q5BK97_RAT	29204	Neu2	7.349	23	1	0	1.0	0.0	7.349
HAP1_RAT	29430	Hap1	7.349	23	1	1	1.0	0.0	7.349
KC1A_RAT	113927	Csnk1a1	7.349	23	1	0	1.0	0.0	7.349
K1C15_RAT	287700	Krt15	7.349	23	1	0	1.0	0.0	7.349
D3ZB30_RAT	29497	Ptbp1	7.33	24	1	0	1.0	0.0	7.33
FHIT_RAT	60398	Fhit	7.33	24	1	0	1.0	0.0	7.33
G3V6K1_RAT	64365	Tcn2	7.33	24	1	0	1.0	0.0	7.33
QSOX1_RAT	84491	Qsox1	7.33	24	1	0	1.0	0.0	7.33
ANKH_RAT	114506	Ankh	7.33	24	1	0	1.0	0.0	7.33
ZN335_RAT	259270	Znf335	7.33	24	1	0	1.0	0.0	7.33
NPTX1_RAT	266777	Nptx1	7.33	24	1	0	1.0	0.0	7.33
SEPT9_RAT	83788	Sept9	7.313	25	1	0	1.0	0.0	7.313
A0A0G2KB96_RAT	313506	Stil	7.313	25	1	0	1.0	0.0	7.313
NEUM_RAT	29423	Gap43	7.305	1247	2	1	1.301	0.0	5.615
AA3R_RAT	25370	Adora3	7.296	26	1	0	1.0	0.0	7.296
PAWR_RAT	64513	Pawr	7.296	26	1	0	1.0	0.0	7.296
D3KR63_RAT	252857	Rapgef4	7.296	26	1	1	1.0	0.0	7.296
OSTP_RAT	25353	Spp1	7.285	1292	2	1	1.301	0.0	5.599
GNAL_RAT	24611	Gnal	7.279	27	1	0	1.0	0.0	7.279
PIMT_RAT	25604	Pcmt1	7.279	27	1	0	1.0	0.0	7.279
S26A4_RAT	29440	Slc26a4	7.279	27	1	0	1.0	0.0	7.279
B0BNF9_RAT	311446	Hao1	7.279	27	1	0	1.0	0.0	7.279
SMS_RAT	24797	Sst	7.276	1312	2	0	1.301	0.0	5.592
Q6P6X2_RAT	25013	Semg1	7.263	28	1	0	1.0	0.0	7.263
NSG1_RAT	25247	Nsg1	7.263	28	1	1	1.0	0.0	7.263
DYL1_RAT	58945	Dynll1	7.263	28	1	0	1.0	0.0	7.263
MOT8_RAT	259248	SLC16A2	7.263	28	1	0	1.0	0.0	7.263
EDNRA_RAT	24326	Ednra	7.258	1355	2	2	1.301	0.0	5.578
FRIH_RAT	25319	Fth1	7.248	29	1	1	1.0	0.0	7.248
THIOM_RAT	79462	Txn2	7.248	29	1	0	1.0	0.0	7.248
Q6U7S0_RAT	117052	Kcnj12	7.248	29	1	0	1.0	0.0	7.248
S10A1_RAT	295214	S100a1	7.248	29	1	0	1.0	0.0	7.248
Q5XIM8_RAT	313977	Lpin1	7.248	29	1	1	1.0	0.0	7.248
NMDE2_RAT	24410	Grin2b	7.221	1445	2	1	1.301	0.0	5.551
SPA3N_RAT	24795	Serpina3n	7.219	31	1	0	1.0	0.0	7.219
BAAT_RAT	29725	Baat	7.219	31	1	0	1.0	0.0	7.219
TERA_RAT	116643	Vcp	7.219	31	1	0	1.0	0.0	7.219
COPT1_RAT	171135	Slc31a1	7.219	31	1	1	1.0	0.0	7.219
Q5M7T7_RAT	301265	Pla2g7	7.219	31	1	0	1.0	0.0	7.219
RRAS_RAT	361568	Rras	7.219	31	1	0	1.0	0.0	7.219
MYL3_RAT	24585	Myl3	7.205	32	1	0	1.0	0.0	7.205
CNTP1_RAT	84008	Cntnap1	7.205	32	1	0	1.0	0.0	7.205
D4A1J7_RAT	299117	Nin	7.205	32	1	3	1.0	0.0	7.205
A0A0G2K502_RAT	307270	Me2	7.205	32	1	0	1.0	0.0	7.205
QOR_RAT	362061	Cryz	7.205	32	1	0	1.0	0.0	7.205
DEST_RAT	502674	Dstn	7.205	32	1	1	1.0	0.0	7.205
ADDA_RAT	24170	Add1	7.192	33	1	1	1.0	0.0	7.192
TPM1_RAT	24851	Tpm1	7.192	33	1	2	1.0	0.0	7.192
CEGT_RAT	83626	Ugcg	7.192	33	1	1	1.0	0.0	7.192
TF3A_RAT	246299	Gtf3a	7.192	33	1	0	1.0	0.0	7.192
Q5FVG4_RAT	309111	Slc25a22	7.192	33	1	1	1.0	0.0	7.192
ABCD3_RAT	25270	Abcd3	7.179	34	1	1	1.0	0.0	7.179
FABP7_RAT	80841	Fabp7	7.179	34	1	0	1.0	0.0	7.179
Q3MHS1_RAT	114555	Casp4	7.179	34	1	0	1.0	0.0	7.179
Q9WV22_RAT	79237	Hhex	7.167	35	1	0	1.0	0.0	7.167
Q6AYN0_RAT	366473	Azin2	7.167	35	1	0	1.0	0.0	7.167
CYTS_RAT	296234	Cst4	7.154	36	1	4	1.0	0.0	7.154
G3V843_RAT	29251	F2	7.142	1663	2	0	1.301	0.0	5.49
S27A5_RAT	79111	Slc27a5	7.142	37	1	0	1.0	0.0	7.142
Q9WVT5_RAT	81924	Cyp8b1	7.142	37	1	0	1.0	0.0	7.142
PO3F1_RAT	192110	Pou3f1	7.142	37	1	0	1.0	0.0	7.142
S38A5_RAT	192208	Slc38a5	7.142	37	1	0	1.0	0.0	7.142
F1LNJ1_RAT	300160	Lrrk2	7.142	37	1	1	1.0	0.0	7.142
GLPC_RAT	364837	Gypc	7.142	37	1	0	1.0	0.0	7.142
ATX1_RAT	25049	Atxn1	7.131	38	1	0	1.0	0.0	7.131
ID3_RAT	25585	Id3	7.131	38	1	0	1.0	0.0	7.131
B2L11_RAT	64547	Bcl2l11	7.131	38	1	0	1.0	0.0	7.131
MMP10_RAT	117061	Mmp10	7.131	38	1	0	1.0	0.0	7.131
HEXA_RAT	300757	Hexa	7.131	38	1	0	1.0	0.0	7.131
TPIS_RAT	24849	Tpi1	7.12	39	1	0	1.0	0.0	7.12
MTRR_RAT	290947	Mtrr	7.12	39	1	1	1.0	0.0	7.12
R9W7X6_RAT	100361092	Malrd1	7.12	39	1	0	1.0	0.0	7.12
D3Z822_RAT	685055	Atr	7.109	40	1	0	1.0	0.0	7.109
Q9JJ76_RAT	58822	Csnk1e	7.098	41	1	0	1.0	0.0	7.098
CAP1_RAT	64185	Cap1	7.098	41	1	0	1.0	0.0	7.098
EPCAM_RAT	171577	Epcam	7.098	41	1	2	1.0	0.0	7.098
DTNB_RAT	362715	Dtnb	7.098	41	1	0	1.0	0.0	7.098
Q5BK91_RAT	25156	Vav1	7.077	43	1	0	1.0	0.0	7.077
ACHE_RAT	29422	Chrne	7.077	43	1	0	1.0	0.0	7.077
O88996_RAT	60434	Bcl2l2	7.077	43	1	0	1.0	0.0	7.077
MBL1_RAT	24548	Mbl1	7.067	44	1	0	1.0	0.0	7.067
S4A7_RAT	117955	Slc4a7	7.067	44	1	1	1.0	0.0	7.067
PROK2_RAT	192206	Prok2	7.067	44	1	0	1.0	0.0	7.067
Z354A_RAT	24522	Znf354a	7.057	45	1	0	1.0	0.0	7.057
ACM2_RAT	81645	Chrm2	7.057	45	1	1	1.0	0.0	7.057
Q32KK2_RAT	315222	Arsa	7.048	46	1	0	1.0	0.0	7.048
CCL2_RAT	24770	Ccl2	7.045	1975	2	0	1.301	0.0	5.415
INHA_RAT	24504	Inha	7.039	47	1	0	1.0	0.0	7.039
ACM4_RAT	25111	Chrm4	7.039	47	1	1	1.0	0.0	7.039
GLPK_RAT	79223	Gk	7.039	47	1	0	1.0	0.0	7.039
Q6T5F1_RAT	396551	Ugt1a3	7.039	47	1	0	1.0	0.0	7.039
ICAL_RAT	25403	Cast	7.029	48	1	1	1.0	0.0	7.029
G3V9A8_RAT	306862	Tfap2a	7.029	48	1	0	1.0	0.0	7.029
ABCG8_RAT	155192	Abcg8	7.02	49	1	0	1.0	0.0	7.02
ARSB_RAT	25227	Arsb	7.012	50	1	0	1.0	0.0	7.012
PO3F4_RAT	29589	Pou3f4	7.012	50	1	0	1.0	0.0	7.012
ATP5S_RAT	362749	Atp5s	7.012	50	1	0	1.0	0.0	7.012
Q8VD38_RAT	140933	Trpc5	7.003	51	1	3	1.0	0.0	7.003
ACBG1_RAT	171410	Acsbg1	7.003	51	1	0	1.0	0.0	7.003
F1LPV2_RAT	25696	Vldlr	6.995	52	1	0	1.0	0.0	6.995
CSAD_RAT	60356	Csad	6.995	52	1	0	1.0	0.0	6.995
GGLO_RAT	60671	Gulo	6.995	52	1	0	1.0	0.0	6.995
O70534_RAT	114587	Dlk1	6.995	52	1	1	1.0	0.0	6.995
B2GV31_RAT	24571	Muc1	6.978	54	1	1	1.0	0.0	6.978
CLCN3_RAT	84360	Clcn3	6.978	54	1	0	1.0	0.0	6.978
Q6GMM8_RAT	94172	Slc27a1	6.978	54	1	3	1.0	0.0	6.978
VHL_RAT	24874	Vhl	6.97	55	1	0	1.0	0.0	6.97
GATA1_RAT	25172	Gata1	6.97	55	1	1	1.0	0.0	6.97
G3V8Q2_RAT	24503	Ina	6.962	56	1	0	1.0	0.0	6.962
SAHH_RAT	29443	Ahcy	6.962	56	1	0	1.0	0.0	6.962
GRIK4_RAT	24406	Grik4	6.947	58	1	0	1.0	0.0	6.947
ACPH_RAT	24206	Apeh	6.94	59	1	0	1.0	0.0	6.94
GRPR_RAT	24938	Grpr	6.932	60	1	0	1.0	0.0	6.932
HYAS2_RAT	25694	Has2	6.932	60	1	0	1.0	0.0	6.932
K2C7_RAT	300242	Krt7	6.925	61	1	0	1.0	0.0	6.925
PAXI_RAT	360820	Pxn	6.925	61	1	0	1.0	0.0	6.925
D3ZV15_RAT	500985	Cbl	6.925	61	1	0	1.0	0.0	6.925
Q8R5L6_RAT	116499	Fgf4	6.911	63	1	1	1.0	0.0	6.911
PODXL_RAT	192181	Podxl	6.904	64	1	2	1.0	0.0	6.904
G3V7Y8_RAT	399679	Aicda	6.898	65	1	0	1.0	0.0	6.898
KCNQ1_RAT	84020	Kcnq1	6.891	66	1	0	1.0	0.0	6.891
ZBT7A_RAT	117107	Zbtb7a	6.891	66	1	0	1.0	0.0	6.891
GSK3A_RAT	50686	Gsk3a	6.885	67	1	0	1.0	0.0	6.885
PTN6_RAT	116689	Ptpn6	6.885	67	1	0	1.0	0.0	6.885
AAGAB_RAT	171435	Aagab	6.885	67	1	0	1.0	0.0	6.885
A0A0G2K8Q1_RAT	24207	Apoc3	6.878	68	1	0	1.0	0.0	6.878
SAP_RAT	25524	Psap	6.878	68	1	0	1.0	0.0	6.878
ABCG5_RAT	114628	Abcg5	6.878	68	1	0	1.0	0.0	6.878
STC1_RAT	81801	Stc1	6.866	70	1	0	1.0	0.0	6.866
F1LPP6_RAT	171026	Akap5	6.859	71	1	0	1.0	0.0	6.859
STP1_RAT	24839	Tnp1	6.853	72	1	0	1.0	0.0	6.853
SEPP1_RAT	29360	Selenop	6.836	75	1	2	1.0	0.0	6.836
GNAI2_RAT	81664	Gnai2	6.836	75	1	0	1.0	0.0	6.836
DLL1_RAT	84010	Dll1	6.836	75	1	0	1.0	0.0	6.836
B5DEX4_RAT	361517	Vasp	6.836	75	1	0	1.0	0.0	6.836
PP14A_RAT	114004	Ppp1r14a	6.83	76	1	2	1.0	0.0	6.83
F1MA87_RAT	114483	Cdk6	6.83	76	1	0	1.0	0.0	6.83
Q8K4J7_RAT	246250	Retn	6.83	76	1	0	1.0	0.0	6.83
AT2B2_RAT	24215	Atp2b2	6.824	77	1	0	1.0	0.0	6.824
PRIO_RAT	24686	Prnp	6.824	77	1	2	1.0	0.0	6.824
ATG7_RAT	312647	Atg7	6.824	77	1	1	1.0	0.0	6.824
D3ZRA8_RAT	500574	Pax7	6.824	77	1	1	1.0	0.0	6.824
S10A4_RAT	24615	S100a4	6.819	78	1	0	1.0	0.0	6.819
PSPN_RAT	25525	Pspn	6.819	78	1	0	1.0	0.0	6.819
Q3V5G8_RAT	25648	Slc7a1	6.819	78	1	0	1.0	0.0	6.819
TPH2_RAT	317675	Tph2	6.819	78	1	0	1.0	0.0	6.819
AT2B1_RAT	29598	Atp2b1	6.808	80	1	0	1.0	0.0	6.808
METH_RAT	81522	Mtr	6.808	80	1	0	1.0	0.0	6.808
NKX25_RAT	114109	Nkx2-5	6.802	81	1	0	1.0	0.0	6.802
S22A5_RAT	29726	Slc22a5	6.797	82	1	1	1.0	0.0	6.797
SPHK1_RAT	170897	Sphk1	6.797	82	1	0	1.0	0.0	6.797
Q923V7_RAT	114505	Klf4	6.792	83	1	1	1.0	0.0	6.792
GNMT_RAT	25134	Gnmt	6.786	84	1	0	1.0	0.0	6.786
LGUL_RAT	294320	Glo1	6.786	84	1	4	1.0	0.0	6.786
CAN8_RAT	170808	Capn8	6.781	85	1	0	1.0	0.0	6.781
A0A0G2K926_RAT	297568	LOC297568	6.781	85	1	0	1.0	0.0	6.781
FABPH_RAT	79131	Fabp3	6.776	86	1	0	1.0	0.0	6.776
ARI4B_RAT	84481	Arid4b	6.776	86	1	0	1.0	0.0	6.776
CO9_RAT	117512	C9	6.776	86	1	1	1.0	0.0	6.776
MK10_RAT	25272	Mapk10	6.771	87	1	0	1.0	0.0	6.771
NTCP2_RAT	29500	Slc10a2	6.771	87	1	0	1.0	0.0	6.771
RAN_RAT	84509	Ran	6.771	87	1	0	1.0	0.0	6.771
D3ZYL0_RAT	306886	Ripk1	6.766	88	1	0	1.0	0.0	6.766
B1H216_RAT	25632	Hba-a1	6.761	89	1	1	1.0	0.0	6.761
D4A5F1_RAT	498328	Pkd2	6.756	90	1	0	1.0	0.0	6.756
CAN1_RAT	29153	Capn1	6.747	92	1	0	1.0	0.0	6.747
P2RX5_RAT	113995	P2rx5	6.747	92	1	0	1.0	0.0	6.747
E9PU84_RAT	246775	Tnfsf10	6.747	92	1	0	1.0	0.0	6.747
Q66HT1_RAT	24190	Aldob	6.742	93	1	0	1.0	0.0	6.742
RELN_RAT	24718	Reln	6.742	93	1	2	1.0	0.0	6.742
SAST_RAT	64669	Olah	6.742	93	1	0	1.0	0.0	6.742
PPLA_RAT	64672	Pln	6.742	93	1	0	1.0	0.0	6.742
F1M9X2_RAT	171459	Gp2	6.737	94	1	0	1.0	0.0	6.737
FGF2_RAT	54250	Fgf2	6.733	3430	2	0	1.301	0.0	5.175
G3V6B4_RAT	252971	Socs1	6.733	95	1	0	1.0	0.0	6.733
TNNT3_RAT	24838	Tnnt3	6.728	96	1	0	1.0	0.0	6.728
Q8VBY1_RAT	25254	Dspp	6.728	96	1	1	1.0	0.0	6.728
ACACA_RAT	60581	Acaca	6.728	96	1	0	1.0	0.0	6.728
NEUG_RAT	64356	Nrgn	6.728	96	1	0	1.0	0.0	6.728
A0A0H2UI02_RAT	314621	Stk11	6.719	98	1	1	1.0	0.0	6.719
SV2A_RAT	117559	Sv2a	6.715	99	1	3	1.0	0.0	6.715
Q5XIS0_RAT	365601	Atg5	6.715	99	1	0	1.0	0.0	6.715
E9PTH2_RAT	114509	LOC100912585	6.698	103	1	0	1.0	0.0	6.698
E2F1_RAT	399489	E2f1	6.698	103	1	0	1.0	0.0	6.698
DLGP2_RAT	116681	Dlgap2	6.694	104	1	0	1.0	0.0	6.694
ADM2_RAT	399475	Adm2	6.685	106	1	0	1.0	0.0	6.685
DPYL2_RAT	25416	Dpysl2	6.681	107	1	0	1.0	0.0	6.681
G3V6X8_RAT	140589	Gli1	6.681	107	1	0	1.0	0.0	6.681
OLR1_RAT	140914	Olr1	6.681	107	1	3	1.0	0.0	6.681
YBOX1_RAT	500538	Ybx1	6.673	109	1	0	1.0	0.0	6.673
GHRHR_RAT	25321	Ghrhr	6.669	110	1	2	1.0	0.0	6.669
HEMO_RAT	58917	Hpx	6.669	110	1	0	1.0	0.0	6.669
PDE2A_RAT	81743	Pde2a	6.665	111	1	3	1.0	0.0	6.665
SCG1_RAT	24259	Chgb	6.661	112	1	1	1.0	0.0	6.661
AMD_RAT	25508	Pam	6.661	112	1	2	1.0	0.0	6.661
STS_RAT	24800	Sts	6.658	113	1	4	1.0	0.0	6.658
DYR_RAT	24312	Dhfr	6.642	117	1	2	1.0	0.0	6.642
IOD2_RAT	65162	Dio2	6.639	118	1	0	1.0	0.0	6.639
EGR2_RAT	114090	Egr2	6.639	118	1	0	1.0	0.0	6.639
A1YKY4_RAT	170896	Ucn2	6.639	118	1	1	1.0	0.0	6.639
Q8CHK8_RAT	282817	Pycard	6.635	119	1	1	1.0	0.0	6.635
AMYP_RAT	497039	Amy2	6.635	119	1	0	1.0	0.0	6.635
ATF6A_RAT	304962	Atf6	6.631	120	1	4	1.0	0.0	6.631
ITB1_RAT	24511	Itgb1	6.628	121	1	0	1.0	0.0	6.628
CP2A1_RAT	24894	Cyp2a1	6.628	121	1	0	1.0	0.0	6.628
MOT4_RAT	80878	Slc16a3	6.624	122	1	1	1.0	0.0	6.624
RBL2_RAT	81758	Rbl2	6.624	122	1	0	1.0	0.0	6.624
NAMPT_RAT	297508	Nampt	6.624	122	1	0	1.0	0.0	6.624
CALCR_RAT	116506	Calcr	6.621	123	1	0	1.0	0.0	6.621
SCN2A_RAT	24766	Scn2a	6.617	124	1	0	1.0	0.0	6.617
MMP7_RAT	25335	Mmp7	6.617	124	1	2	1.0	0.0	6.617
GLR_RAT	24953	Gcgr	6.614	125	1	0	1.0	0.0	6.614
CREM_RAT	25620	Crem	6.607	127	1	0	1.0	0.0	6.607
IFNB_RAT	24481	Ifnb1	6.6	129	1	0	1.0	0.0	6.6
HCN2_RAT	114244	Hcn2	6.6	129	1	0	1.0	0.0	6.6
F1M077_RAT	303181	Wnt3a	6.6	129	1	0	1.0	0.0	6.6
SEPT3_RAT	56003	Sept3	6.593	131	1	0	1.0	0.0	6.593
O08718_RAT	60329	Neurog3	6.593	131	1	0	1.0	0.0	6.593
D3ZVH5_RAT	314856	Mdm2	6.583	134	1	1	1.0	0.0	6.583
MLRS_RAT	24584	Mylpf	6.58	135	1	0	1.0	0.0	6.58
CBPE_RAT	25669	Cpe	6.577	136	1	0	1.0	0.0	6.577
MAP2_RAT	64370	Metap2	6.577	136	1	1	1.0	0.0	6.577
AKC1H_RAT	171516	Akr1c18	6.577	136	1	0	1.0	0.0	6.577
TCP4_RAT	192269	Sub1	6.568	139	1	0	1.0	0.0	6.568
NR4A2_RAT	54278	Nr4a2	6.564	140	1	1	1.0	0.0	6.564
CP2D4_RAT	171522	Cyp2d4	6.561	141	1	1	1.0	0.0	6.561
TFPI1_RAT	29436	Tfpi	6.558	142	1	0	1.0	0.0	6.558
RET1_RAT	25056	Rbp1	6.549	145	1	0	1.0	0.0	6.549
LALBA_RAT	24528	Lalba	6.543	147	1	0	1.0	0.0	6.543
Q3KR94_RAT	29169	Vtn	6.537	149	1	0	1.0	0.0	6.537
D3ZT88_RAT	363672	Sp6	6.534	150	1	0	1.0	0.0	6.534
FAK2_RAT	50646	Ptk2b	6.529	152	1	0	1.0	0.0	6.529
TSHB_RAT	25653	Tshb	6.523	154	1	0	1.0	0.0	6.523
DGAT1_RAT	84497	Dgat1	6.523	154	1	0	1.0	0.0	6.523
SPTN1_RAT	64159	Sptan1	6.517	156	1	0	1.0	0.0	6.517
PSN1_RAT	29192	Psen1	6.515	157	1	0	1.0	0.0	6.515
IF4E_RAT	117045	Eif4e	6.515	157	1	0	1.0	0.0	6.515
XBP1_RAT	289754	Xbp1	6.515	157	1	1	1.0	0.0	6.515
NFM_RAT	24588	Nefm	6.512	158	1	0	1.0	0.0	6.512
ANGP2_RAT	89805	Angpt2	6.509	159	1	1	1.0	0.0	6.509
SDC2_RAT	25615	Sdc2	6.506	160	1	0	1.0	0.0	6.506
RTN4R_RAT	113912	Rtn4r	6.506	160	1	2	1.0	0.0	6.506
SGPL1_RAT	286896	Sgpl1	6.501	162	1	0	1.0	0.0	6.501
MRP1_RAT	24565	Abcc1	6.473	173	1	0	1.0	0.0	6.473
SFTPD_RAT	25350	Sftpd	6.473	173	1	1	1.0	0.0	6.473
ARY1_RAT	116631	Nat1	6.473	173	1	0	1.0	0.0	6.473
DHI2_RAT	25117	Hsd11b2	6.465	176	1	0	1.0	0.0	6.465
FYN_RAT	25150	Fyn	6.46	178	1	1	1.0	0.0	6.46
P2RX4_RAT	29659	P2rx4	6.46	178	1	0	1.0	0.0	6.46
Q66HI4_RAT	25584	F3	6.458	179	1	0	1.0	0.0	6.458
NRG1_RAT	112400	Nrg1	6.458	179	1	1	1.0	0.0	6.458
A0A0G2JW78_RAT	24705	Rara	6.455	180	1	1	1.0	0.0	6.455
TRPC1_RAT	89821	Trpc1	6.455	180	1	0	1.0	0.0	6.455
GSTA3_RAT	24421	Gsta3	6.453	181	1	0	1.0	0.0	6.453
PAHO_RAT	24677	Ppy	6.45	182	1	0	1.0	0.0	6.45
CYTC_RAT	25307	Cst3	6.441	186	1	0	1.0	0.0	6.441
PDE5A_RAT	171115	Pde5a	6.439	187	1	0	1.0	0.0	6.439
F1M9G7_RAT	54244	Crebbp	6.434	189	1	0	1.0	0.0	6.434
GPER1_RAT	171104	Gper1	6.434	189	1	1	1.0	0.0	6.434
Q63116_RAT	64030	Kit	6.43	191	1	0	1.0	0.0	6.43
ANPRB_RAT	116564	Npr2	6.43	191	1	0	1.0	0.0	6.43
VAMP2_RAT	24803	Vamp2	6.425	193	1	0	1.0	0.0	6.425
NR1I3_RAT	65035	Nr1i3	6.425	193	1	0	1.0	0.0	6.425
PLGF_RAT	94203	Pgf	6.425	193	1	0	1.0	0.0	6.425
NFAT5_RAT	307820	Nfat5	6.421	195	1	2	1.0	0.0	6.421
MRP3_RAT	140668	Abcc3	6.405	202	1	0	1.0	0.0	6.405
TSC2_RAT	24855	Tsc2	6.395	207	1	0	1.0	0.0	6.395
D3ZBQ1_RAT	294515	Foxo3	6.388	210	1	0	1.0	0.0	6.388
Q6IN10_RAT	94204	Ece1	6.386	211	1	0	1.0	0.0	6.386
Q6MFX9_RAT	24558	Mog	6.382	213	1	0	1.0	0.0	6.382
O35531_RAT	56822	Cd86	6.376	216	1	0	1.0	0.0	6.376
DIDH_RAT	191574	Akr1c9	6.374	217	1	0	1.0	0.0	6.374
4EBP1_RAT	116636	Eif4ebp1	6.37	219	1	0	1.0	0.0	6.37
INS2_RAT	24506	Ins2	6.368	220	1	1	1.0	0.0	6.368
SSR2_RAT	54305	Sstr2	6.368	220	1	2	1.0	0.0	6.368
GDN_RAT	29366	Serpine2	6.366	221	1	0	1.0	0.0	6.366
SPRC_RAT	24791	Sparc	6.362	223	1	0	1.0	0.0	6.362
AQP5_RAT	25241	Aqp5	6.355	227	1	0	1.0	0.0	6.355
Q5I287_RAT	312516	Gmcl1	6.355	227	1	2	1.0	0.0	6.355
Q8K1Q7_RAT	298111	LOC298111	6.353	228	1	0	1.0	0.0	6.353
PE2R3_RAT	24929	Ptger3	6.349	230	1	1	1.0	0.0	6.349
G3V6V3_RAT	24826	Tg	6.347	231	1	0	1.0	0.0	6.347
NEC1_RAT	25204	Pcsk1	6.343	233	1	0	1.0	0.0	6.343
APOA4_RAT	25080	Apoa4	6.341	234	1	1	1.0	0.0	6.341
REPI1_RAT	445541	Repin1	6.33	240	1	1	1.0	0.0	6.33
PLCG1_RAT	25738	Plcg1	6.321	245	1	1	1.0	0.0	6.321
NFL_RAT	83613	Nefl	6.32	246	1	0	1.0	0.0	6.32
Q5M7T5_RAT	304917	Serpinc1	6.316	248	1	0	1.0	0.0	6.316
CO4_RAT	24233	C4	6.314	249	1	0	1.0	0.0	6.314
CEBPG_RAT	25301	Cebpg	6.311	251	1	0	1.0	0.0	6.311
LAT1_RAT	50719	Slc7a5	6.307	253	1	1	1.0	0.0	6.307
SL9A2_RAT	24783	Slc9a2	6.306	254	1	0	1.0	0.0	6.306
HRH3_RAT	85268	Hrh3	6.291	263	1	0	1.0	0.0	6.291
EAA3_RAT	25550	Slc1a1	6.289	264	1	0	1.0	0.0	6.289
Q6AYW2_RAT	24616	Pah	6.281	269	1	0	1.0	0.0	6.281
CBG_RAT	299270	Serpina6	6.273	274	1	0	1.0	0.0	6.273
IBP5_RAT	25285	Igfbp5	6.271	275	1	1	1.0	0.0	6.271
LRP2_RAT	29216	Lrp2	6.265	279	1	0	1.0	0.0	6.265
PYGL_RAT	64035	Pygl	6.265	279	1	0	1.0	0.0	6.265
PPA5_RAT	25732	Acp5	6.263	280	1	0	1.0	0.0	6.263
MYOG_RAT	29148	Myog	6.26	282	1	0	1.0	0.0	6.26
F1M7S3_RAT	29190	Pdyn	6.259	283	1	0	1.0	0.0	6.259
MYH7_RAT	29557	Myh7	6.25	289	1	0	1.0	0.0	6.25
CSPG4_RAT	81651	Cspg4	6.245	292	1	2	1.0	0.0	6.245
O35849_RAT	24530	Lcat	6.244	293	1	0	1.0	0.0	6.244
MIF_RAT	81683	Mif	6.242	294	1	2	1.0	0.0	6.242
CY24A_RAT	79129	Cyba	6.239	296	1	2	1.0	0.0	6.239
F1MAG1_RAT	25582	Agrp	6.222	308	1	1	1.0	0.0	6.222
A0A0G2K4Q6_RAT	78965	Csf1	6.215	313	1	0	1.0	0.0	6.215
HYES_RAT	65030	Ephx2	6.211	316	1	0	1.0	0.0	6.211
CLUS_RAT	24854	Clu	6.207	319	1	0	1.0	0.0	6.207
Q9R290_RAT	79451	Fabp4	6.204	321	1	0	1.0	0.0	6.204
P2RX2_RAT	114115	P2rx2	6.196	327	1	0	1.0	0.0	6.196
NTF4_RAT	25730	Ntf4	6.193	329	1	0	1.0	0.0	6.193
CXB1_RAT	29584	Gjb1	6.184	336	1	0	1.0	0.0	6.184
HSPB6_RAT	192245	Hspb6	6.163	353	1	0	1.0	0.0	6.163
LSHB_RAT	25329	Lhb	6.154	360	1	0	1.0	0.0	6.154
PAF15_RAT	300795	Pclaf	6.151	363	1	0	1.0	0.0	6.151
D3ZLB7_RAT	100360880	Fosb	6.147	366	1	1	1.0	0.0	6.147
Q5U324_RAT	25439	F2r	6.139	373	1	0	1.0	0.0	6.139
CCL3_RAT	25542	Ccl3	6.103	405	1	0	1.0	0.0	6.103
PGP_RAT	287115	Pgp	6.097	411	1	0	1.0	0.0	6.097
FAK1_RAT	25614	Ptk2	6.096	412	1	0	1.0	0.0	6.096
PO6F1_RAT	116545	Pou6f1	6.086	421	1	0	1.0	0.0	6.086
GHR_RAT	25235	Ghr	6.083	424	1	0	1.0	0.0	6.083
GRP_RAT	171101	Grp	6.08	427	1	0	1.0	0.0	6.08
GCYB2_RAT	25206	Gucy1b2	6.076	431	1	0	1.0	0.0	6.076
CCKAR_RAT	24889	Cckar	6.067	440	1	0	1.0	0.0	6.067
GLP1R_RAT	25051	Glp1r	6.04	468	1	0	1.0	0.0	6.04
PYY_RAT	287730	Pyy	6.039	469	1	0	1.0	0.0	6.039
RASH_RAT	293621	Hras	6.031	478	1	0	1.0	0.0	6.031
SLC31_RAT	29484	Slc3a1	6.027	483	1	0	1.0	0.0	6.027
LDLR_RAT	300438	Ldlr	6.023	487	1	1	1.0	0.0	6.023
LSHR_RAT	25477	Lhcgr	6.02	490	1	0	1.0	0.0	6.02
SYN1_RAT	24949	Syn1	5.97	550	1	0	1.0	0.0	5.97
Q496Y7_RAT	29467	Ddit3	5.958	566	1	0	1.0	0.0	5.958
IKBA_RAT	25493	Nfkbia	5.955	569	1	0	1.0	0.0	5.955
TR11B_RAT	25341	Tnfrsf11b	5.927	608	1	0	1.0	0.0	5.927
DRD2_RAT	24318	Drd2	5.924	612	1	0	1.0	0.0	5.924
IBP3_RAT	24484	Igfbp3	5.902	643	1	1	1.0	0.0	5.902
CNTF_RAT	25707	Cntf	5.902	643	1	0	1.0	0.0	5.902
PNOC_RAT	25516	Pnoc	5.896	652	1	0	1.0	0.0	5.896
CNR2_RAT	57302	Cnr2	5.896	653	1	0	1.0	0.0	5.896
Q4FZY1_RAT	287435	Cd68	5.893	657	1	0	1.0	0.0	5.893
VCAM1_RAT	25361	Vcam1	5.886	668	1	0	1.0	0.0	5.886
TNF11_RAT	117516	Tnfsf11	5.882	674	1	0	1.0	0.0	5.882
OCLN_RAT	83497	Ocln	5.877	682	1	0	1.0	0.0	5.877
CP2CB_RAT	29277	Cyp2c11	5.855	717	1	0	1.0	0.0	5.855
Q8VBU7_RAT	24176	Adrb2	5.851	723	1	0	1.0	0.0	5.851
PRGR_RAT	25154	Pgr	5.844	736	1	0	1.0	0.0	5.844
EDN3_RAT	366270	Edn3	5.841	740	1	0	1.0	0.0	5.841
MTPN_RAT	79215	Mtpn	5.802	810	1	0	1.0	0.0	5.802
MRP2_RAT	25303	Abcc2	5.79	832	1	0	1.0	0.0	5.79
TGFA_RAT	24827	Tgfa	5.786	840	1	0	1.0	0.0	5.786
Q9JI30_RAT	25021	Itgam	5.776	860	1	1	1.0	0.0	5.776
EDNRB_RAT	50672	Ednrb	5.773	866	1	1	1.0	0.0	5.773
SC6A4_RAT	25553	Slc6a4	5.755	902	1	0	1.0	0.0	5.755
GRIA1_RAT	50592	Gria1	5.716	987	1	0	1.0	0.0	5.716
ACHA2_RAT	170945	Chrna2	5.696	1033	1	0	1.0	0.0	5.696
TNR16_RAT	24596	Ngfr	5.675	1084	1	0	1.0	0.0	5.675
CCND1_RAT	58919	Ccnd1	5.647	1157	1	0	1.0	0.0	5.647
NTRK2_RAT	25054	Ntrk2	5.644	1166	1	0	1.0	0.0	5.644
AGTRB_RAT	81638	Agtr1b	5.627	1212	1	0	1.0	0.0	5.627
AGTR2_RAT	24182	Agtr2	5.608	1265	1	0	1.0	0.0	5.608
IGF2_RAT	24483	Igf2	5.584	1337	1	2	1.0	0.0	5.584
IL4_RAT	287287	Il4	5.416	1970	1	0	1.0	0.0	5.416
OSTCN_RAT	25295	Bglap	5.412	1988	1	0	1.0	0.0	5.412
