Big_T	17300
Big_F	1656734
UniProtKB_ID	GeneID	Gene_Name	PPS	Big_P	T+P	Citation	1+Log(T+P)	log10((Cit/yr+1)/10)	1+log10(F/T)+log10(F/P)
ANGT_RAT	24179	Agt	25.222	14480	568	179	3.754	1.255	5.035
CXA1_RAT	24392	Gja1	21.5	1649	73	53	2.863	0.732	5.979
TRI63_RAT	140939	Trim63	20.776	227	33	32	2.519	0.519	6.841
MK08_RAT	116554	Mapk8	20.621	2054	71	44	2.851	0.653	5.884
EDN1_RAT	24323	Edn1	20.345	5741	138	39	3.14	0.602	5.437
AKT1_RAT	24185	Akt1	19.792	4730	80	47	2.903	0.681	5.522
ACE_RAT	24310	Ace	19.684	3881	108	29	3.033	0.477	5.607
IGF1_RAT	24482	Igf1	19.493	6210	104	38	3.017	0.591	5.403
MP2K1_RAT	170851	Map2k1	18.268	676	37	19	2.568	0.301	6.367
RENI_RAT	24715	Ren1	17.716	5109	65	25	2.813	0.415	5.488
CATA_RAT	24248	Cat	17.622	7234	91	21	2.959	0.342	5.338
AGTRA_RAT	24180	Agtr1	17.573	2723	51	21	2.708	0.342	5.762
BCL2_RAT	24224	Bcl2	16.961	5951	56	23	2.748	0.38	5.422
RYR2_RAT	689560	Ryr2	16.541	467	19	17	2.279	0.255	6.528
ANF_RAT	24602	Nppa	16.468	3022	76	2	2.881	0.0	5.717
CALCA_RAT	24241	Calca	16.34	4028	76	10	2.881	0.041	5.592
CP2G1_RAT	25251	Cyp2g1	15.95	6017	44	19	2.643	0.301	5.417
F1LRE1_RAT	116686	Gsr	15.946	2479	56	9	2.748	0.0	5.803
CISY_RAT	170587	Cs	15.815	890	34	6	2.531	0.0	6.247
VIP_RAT	117064	Vip	15.637	2752	52	6	2.716	0.0	5.757
SODC_RAT	24786	Sod1	15.626	1312	12	30	2.079	0.491	6.079
BDNF_RAT	24225	Bdnf	15.612	5296	31	22	2.491	0.362	5.472
NOS1_RAT	24598	Nos1	15.345	2331	33	12	2.519	0.114	5.829
ADRB1_RAT	24925	Adrb1	15.275	744	26	4	2.415	0.0	6.325
GTR4_RAT	25139	Slc2a4	15.216	1801	28	12	2.447	0.114	5.941
NAC1_RAT	29715	Slc8a1	14.913	520	20	7	2.301	0.0	6.481
EPHB1_RAT	24338	Ephb1	14.831	3003	28	13	2.447	0.146	5.719
ACHA2_RAT	170945	Chrna2	14.826	1033	25	1	2.398	0.0	6.183
NEU2_RAT	24221	Avp	14.762	5549	51	0	2.708	0.0	5.452
IL6_RAT	24498	Il6	14.761	10505	31	22	2.491	0.362	5.174
ACES_RAT	83817	Ache	14.75	3939	43	1	2.633	0.0	5.601
ELN_RAT	25043	Eln	14.639	996	23	1	2.362	0.0	6.199
Q9JKC1_RAT	65036	Bche	14.615	1981	30	3	2.477	0.0	5.9
AGTR2_RAT	24182	Agtr2	14.507	1265	15	15	2.176	0.204	6.095
NOS2_RAT	24599	Nos2	14.486	6210	48	7	2.681	0.0	5.403
NPY_RAT	24604	Npy	14.469	3653	37	2	2.568	0.0	5.634
TIMP1_RAT	116510	Timp1	14.435	1355	15	15	2.176	0.204	6.065
Q5BKB0_RAT	24494	Il1b	14.361	11144	44	13	2.643	0.146	5.148
COMT_RAT	24267	Comt	14.254	640	17	0	2.23	0.0	6.391
DCOR_RAT	24609	Odc1	14.248	1980	26	0	2.415	0.0	5.9
ACE2_RAT	302668	Ace2	14.225	404	12	11	2.079	0.079	6.591
Q8VBU7_RAT	24176	Adrb2	14.136	723	17	0	2.23	0.0	6.338
AT2A2_RAT	29693	Atp2a2	14.108	258	12	3	2.079	0.0	6.785
4EBP1_RAT	116636	Eif4ebp1	13.997	219	11	3	2.041	0.0	6.856
EDNRA_RAT	24326	Ednra	13.955	1355	20	1	2.301	0.0	6.065
CAH2_RAT	54231	Ca2	13.919	2710	26	1	2.415	0.0	5.764
NRG1_RAT	112400	Nrg1	13.888	179	10	6	2.0	0.0	6.944
A0A0G2JYQ6_RAT	290567	Chat	13.881	2084	23	2	2.362	0.0	5.878
NKX25_RAT	114109	Nkx2-5	13.871	81	8	7	1.903	0.0	7.288
ANFB_RAT	25105	Nppb	13.866	805	16	5	2.204	0.0	6.291
TNFA_RAT	24835	Tnf	13.832	18872	50	12	2.699	0.114	4.917
MK01_RAT	116590	Mapk1	13.799	5012	27	11	2.431	0.079	5.496
RHOA_RAT	117273	Rhoa	13.773	968	15	10	2.176	0.041	6.211
GTR1_RAT	24778	Slc2a1	13.767	893	16	3	2.204	0.0	6.246
ANDR_RAT	24208	Ar	13.744	1267	18	2	2.255	0.0	6.094
B3GA1_RAT	117108	B3gat1	13.705	99	8	0	1.903	0.0	7.201
ADML_RAT	25026	Adm	13.683	530	13	0	2.114	0.0	6.473
DUS1_RAT	114856	Dusp1	13.682	227	10	5	2.0	0.0	6.841
NGF_RAT	310738	Ngf	13.559	2856	23	9	2.362	0.0	5.741
DOPO_RAT	25699	Dbh	13.43	1060	15	0	2.176	0.0	6.171
CAN2_RAT	29154	Capn2	13.388	222	9	1	1.954	0.0	6.851
MK03_RAT	50689	Mapk3	13.338	5566	28	5	2.447	0.0	5.45
APEL_RAT	58812	Apln	13.288	164	8	5	1.903	0.0	6.982
PTGIS_RAT	25527	Ptgis	13.287	99	7	1	1.845	0.0	7.201
PENK_RAT	29237	Penk	13.235	3914	23	1	2.362	0.0	5.604
PYGL_RAT	64035	Pygl	13.194	279	9	0	1.954	0.0	6.751
THIO_RAT	116484	Txn	13.147	420	10	4	2.0	0.0	6.574
MYG_RAT	59108	Mb	13.14	196	8	0	1.903	0.0	6.905
NK1R_RAT	24807	Tacr1	13.097	1242	14	5	2.146	0.0	6.103
TNNI3_RAT	29248	Tnni3	13.031	480	10	2	2.0	0.0	6.516
F1LS98_RAT	24680	Prkca	13.016	1095	13	2	2.114	0.0	6.157
PP14A_RAT	114004	Ppp1r14a	13.009	76	6	6	1.778	0.0	7.316
NOS3_RAT	24600	Nos3	13.004	1372	14	0	2.146	0.0	6.059
G3V913_RAT	24471	Hspb1	12.987	684	11	4	2.041	0.0	6.362
FGF2_RAT	54250	Fgf2	12.902	3430	19	2	2.279	0.0	5.662
F1LST1_RAT	25661	Fn1	12.879	3505	19	5	2.279	0.0	5.652
HMOX1_RAT	24451	Hmox1	12.876	2652	17	3	2.23	0.0	5.773
ANFC_RAT	114593	Nppc	12.848	279	8	0	1.903	0.0	6.751
TNNT2_RAT	24837	Tnnt2	12.826	176	7	3	1.845	0.0	6.951
MYH7_RAT	29557	Myh7	12.819	289	8	0	1.903	0.0	6.736
G6PD_RAT	24377	G6pdx	12.803	2056	15	0	2.176	0.0	5.884
PAI1_RAT	24617	Serpine1	12.782	862	11	1	2.041	0.0	6.261
TRPV1_RAT	83810	Trpv1	12.775	1584	9	14	1.954	0.176	5.997
E9PTH2_RAT	114509	LOC100912585	12.774	103	6	4	1.778	0.0	7.184
FOS_RAT	314322	Fos	12.747	8957	27	6	2.431	0.0	5.243
CASP3_RAT	25402	Casp3	12.738	8340	20	12	2.301	0.114	5.274
OXYR_RAT	25342	Oxtr	12.728	199	7	1	1.845	0.0	6.898
KNG1_RAT	25087	Kng1	12.676	117	6	0	1.778	0.0	7.129
Q9WTR4_RAT	83511	Slc6a2	12.619	228	7	0	1.845	0.0	6.839
FBX32_RAT	171043	Fbxo32	12.584	238	7	2	1.845	0.0	6.82
M0R590_RAT	108351137	LOC108351137	12.577	577	9	0	1.954	0.0	6.436
VEGFA_RAT	83785	Vegfa	12.561	5329	18	10	2.255	0.041	5.469
Q6P6T6_RAT	171293	Ctsd	12.559	827	10	1	2.0	0.0	6.279
F1M8K0_RAT	114489	Dag1	12.534	66	5	0	1.699	0.0	7.377
KCNA5_RAT	25470	Kcna5	12.495	266	7	3	1.845	0.0	6.772
MYOG_RAT	29148	Myog	12.448	282	7	3	1.845	0.0	6.747
ADA_RAT	24165	Ada	12.445	674	9	1	1.954	0.0	6.368
G3V6P5_RAT	24952	Gcg	12.441	1518	9	12	1.954	0.114	6.016
Q925D6_RAT	114495	Map2k6	12.42	77	5	3	1.699	0.0	7.31
A1L1M0_RAT	25636	Prkaca	12.419	1298	11	6	2.041	0.0	6.084
DMD_RAT	24907	Dmd	12.326	184	6	5	1.778	0.0	6.932
GNRHR_RAT	81668	Gnrhr	12.292	5576	18	0	2.255	0.0	5.45
ASIC3_RAT	286920	Asic3	12.281	93	5	9	1.699	0.0	7.228
ACTH_RAT	25365	Actg2	12.226	1212	10	5	2.0	0.0	6.113
F1M957_RAT	116669	Vwf	12.146	411	7	1	1.845	0.0	6.583
D3ZUM4_RAT	316033	Glb1	12.137	969	9	1	1.954	0.0	6.21
TY3H_RAT	25085	Th	12.117	1823	11	2	2.041	0.0	5.936
NOX1_RAT	114243	Nox1	12.115	242	6	6	1.778	0.0	6.813
GDNF_RAT	25453	Gdnf	12.104	1396	10	5	2.0	0.0	6.052
AL1A1_RAT	24188	Aldh1a1	12.069	124	5	3	1.699	0.0	7.104
LIPL_RAT	24539	Lpl	12.053	1070	9	0	1.954	0.0	6.167
TRFE_RAT	24825	Tf	12.029	2014	11	0	2.041	0.0	5.893
G3V617_RAT	81649	Mapk14	12.011	3982	14	6	2.146	0.0	5.597
TGFB1_RAT	59086	Tgfb1	11.957	8540	17	10	2.23	0.041	5.263
S38A2_RAT	29642	Slc38a2	11.946	55	4	4	1.602	0.0	7.457
EDNRB_RAT	50672	Ednrb	11.912	866	8	0	1.903	0.0	6.259
CADH2_RAT	83501	Cdh2	11.889	324	6	2	1.778	0.0	6.686
LEP_RAT	25608	Lep	11.881	1803	10	7	2.0	0.0	5.941
SYPH_RAT	24804	Syp	11.866	1333	9	1	1.954	0.0	6.072
CNR1_RAT	25248	Cnr1	11.823	1872	9	10	1.954	0.041	5.925
ALBU_RAT	24186	Alb	11.813	1951	10	0	2.0	0.0	5.907
PIP_RAT	64673	Pip	11.809	67	4	0	1.602	0.0	7.371
Q66HL0_RAT	58813	Nt5e	11.808	982	8	0	1.903	0.0	6.205
CCL2_RAT	24770	Ccl2	11.802	1975	10	4	2.0	0.0	5.901
MYC_RAT	24577	Myc	11.788	1461	9	6	1.954	0.0	6.032
BAG1_RAT	297994	Bag1	11.788	69	4	0	1.602	0.0	7.358
CP1A1_RAT	24296	Cyp1a1	11.772	2045	10	1	2.0	0.0	5.886
ALDR_RAT	24192	Akr1b1	11.769	1030	8	0	1.903	0.0	6.184
GNAI3_RAT	25643	Gnai3	11.739	74	4	0	1.602	0.0	7.328
TRH_RAT	25569	Trh	11.715	2185	10	0	2.0	0.0	5.857
ML12B_RAT	50685	Myl12b	11.703	78	4	4	1.602	0.0	7.305
KCNE2_RAT	171138	Kcne2	11.696	19	3	1	1.477	0.0	7.918
TSPO_RAT	24230	Tspo	11.632	452	6	2	1.778	0.0	6.542
PCNA_RAT	25737	Pcna	11.613	2457	10	2	2.0	0.0	5.806
SMN_RAT	64301	Smn1	11.602	22	3	1	1.477	0.0	7.855
Q9QZD1_RAT	24772	Cxcl12	11.599	472	5	11	1.699	0.079	6.523
Q9QX70_RAT	24329	Egfr	11.595	1482	7	11	1.845	0.079	6.026
OSTP_RAT	25353	Spp1	11.581	1292	8	2	1.903	0.0	6.086
UTS2_RAT	29180	Uts2	11.563	246	5	0	1.699	0.0	6.806
MMP2_RAT	81686	Mmp2	11.522	2726	10	2	2.0	0.0	5.761
A0A0G2K0Q7_RAT	288057	Mylk	11.522	260	5	1	1.699	0.0	6.782
SCN5A_RAT	25665	Scn5a	11.516	102	4	4	1.602	0.0	7.188
GDF8_RAT	29152	Mstn	11.503	104	4	2	1.602	0.0	7.18
Q811Y3_RAT	114553	Ncf1	11.5	268	5	0	1.699	0.0	6.769
UCN1_RAT	29151	Ucn	11.478	276	5	0	1.699	0.0	6.756
AT2A3_RAT	25391	Atp2a3	11.471	27	3	0	1.477	0.0	7.766
PARP1_RAT	25591	Parp1	11.461	967	7	4	1.845	0.0	6.211
A4_RAT	54226	App	11.446	1522	8	0	1.903	0.0	6.014
Q8K3R4_RAT	246253	Adipoq	11.438	995	7	7	1.845	0.0	6.199
IRS1_RAT	25467	Irs1	11.392	1053	7	3	1.845	0.0	6.174
HYES_RAT	65030	Ephx2	11.378	316	5	1	1.699	0.0	6.697
PAR2_RAT	116677	F2rl1	11.367	321	5	2	1.699	0.0	6.69
CGL_RAT	24962	Cth	11.358	128	4	4	1.602	0.0	7.09
VCAM1_RAT	25361	Vcam1	11.331	668	6	3	1.778	0.0	6.372
ADT1_RAT	85333	Slc25a4	11.286	36	3	0	1.477	0.0	7.641
Q5PPG5_RAT	24258	Chga	11.284	359	5	1	1.699	0.0	6.642
SL9A1_RAT	24782	Slc9a1	11.26	371	5	1	1.699	0.0	6.628
Q5BKA2_RAT	65210	Cyp2j4	11.252	38	3	3	1.477	0.0	7.617
MCPT1_RAT	100360872	Mcpt1	11.231	760	6	2	1.778	0.0	6.316
GCR_RAT	24413	Nr3c1	11.218	2004	8	3	1.903	0.0	5.895
PTHY_RAT	24694	Pth	11.212	2877	9	1	1.954	0.0	5.737
5HT1A_RAT	24473	Htr1a	11.19	2955	9	1	1.954	0.0	5.726
MLRV_RAT	363925	Myl2	11.19	163	4	3	1.602	0.0	6.985
FAK1_RAT	25614	Ptk2	11.183	412	5	5	1.699	0.0	6.582
CRYAB_RAT	25420	Cryab	11.182	165	4	3	1.602	0.0	6.979
ADA1D_RAT	29413	Adra1d	11.177	166	4	0	1.602	0.0	6.977
Q5FVS5_RAT	50669	Prf1	11.174	417	5	0	1.699	0.0	6.577
PRDX5_RAT	113898	Prdx5	11.173	167	4	3	1.602	0.0	6.974
CALRL_RAT	25029	Calcrl	11.161	170	4	0	1.602	0.0	6.967
PA21B_RAT	29526	Pla2g1b	11.16	2150	8	0	1.903	0.0	5.864
S4A7_RAT	117955	Slc4a7	11.157	44	3	1	1.477	0.0	7.554
CASR_RAT	24247	Casr	11.141	175	4	2	1.602	0.0	6.954
VGFR2_RAT	25589	Kdr	11.138	857	6	1	1.778	0.0	6.264
CAV3_RAT	29161	Cav3	11.137	176	4	3	1.602	0.0	6.951
CD2_RAT	497761	Cd2	11.131	442	5	2	1.699	0.0	6.552
G6PI_RAT	292804	Gpi	11.129	443	5	0	1.699	0.0	6.55
GPX1_RAT	24404	Gpx1	11.102	1512	7	0	1.845	0.0	6.017
GLNA_RAT	24957	Glul	11.084	1548	7	0	1.845	0.0	6.007
RASK_RAT	24525	Kras	11.075	2381	8	4	1.903	0.0	5.82
G3V960_RAT	25257	Gamt	11.075	50	3	1	1.477	0.0	7.498
B2RYE7_RAT	100188935	RT1-A	11.046	496	5	0	1.699	0.0	6.501
ARBK1_RAT	25238	Grk2	11.01	211	4	1	1.602	0.0	6.873
PRVA_RAT	25269	Pvalb	10.984	1047	6	4	1.778	0.0	6.177
AT2A1_RAT	116601	Atp2a1	10.98	58	3	0	1.477	0.0	7.434
KCNA4_RAT	25469	Kcna4	10.978	221	4	2	1.602	0.0	6.853
UCP1_RAT	24860	Ucp1	10.972	548	5	1	1.699	0.0	6.458
JAK2_RAT	24514	Jak2	10.933	578	5	4	1.699	0.0	6.435
IL2_RAT	116562	Il2	10.923	2864	8	0	1.903	0.0	5.74
ESR1_RAT	24890	Esr1	10.92	1898	7	3	1.845	0.0	5.918
RXFP1_RAT	295144	Rxfp1	10.897	66	3	0	1.477	0.0	7.377
PTN6_RAT	116689	Ptpn6	10.888	67	3	0	1.477	0.0	7.371
Q5BJP4_RAT	362251	Rbm39	10.866	7	2	0	1.301	0.0	8.352
HRH3_RAT	85268	Hrh3	10.857	263	4	0	1.602	0.0	6.777
CNTF_RAT	25707	Cntf	10.854	643	5	0	1.699	0.0	6.389
NCAM1_RAT	24586	Ncam1	10.851	646	5	0	1.699	0.0	6.387
CCKN_RAT	25298	Cck	10.847	3140	8	3	1.903	0.0	5.7
CP4AA_RAT	50549	Cyp4a10	10.841	269	4	4	1.602	0.0	6.767
Q4FZY1_RAT	287435	Cd68	10.838	657	5	2	1.699	0.0	6.379
PGH2_RAT	29527	Ptgs2	10.837	3174	8	2	1.903	0.0	5.695
D3ZGE2_RAT	303413	Mpo	10.822	4558	9	1	1.954	0.0	5.538
VGFR3_RAT	114110	Flt4	10.815	75	3	4	1.477	0.0	7.322
COX1_RAT	26195	Mtco1	10.805	1320	6	1	1.778	0.0	6.076
T2CB11_RAT	24954	Insr	10.764	1390	6	1	1.778	0.0	6.054
TRPA1_RAT	312896	Trpa1	10.754	305	4	7	1.602	0.0	6.713
O70253_RAT	25756	Cpt1b	10.725	318	4	4	1.602	0.0	6.694
HDGF_RAT	114499	Hdgf	10.724	9	2	0	1.301	0.0	8.243
B1WC54_RAT	25729	Ccne1	10.719	321	4	0	1.602	0.0	6.69
KHDR1_RAT	117268	Khdrbs1	10.708	326	4	8	1.602	0.0	6.684
IL15_RAT	25670	Il15	10.677	93	3	2	1.477	0.0	7.228
HIF1A_RAT	29560	Hif1a	10.676	1558	6	2	1.778	0.0	6.004
XDH_RAT	497811	Xdh	10.67	344	4	0	1.602	0.0	6.66
NFIL3_RAT	114519	Nfil3	10.665	10	2	0	1.301	0.0	8.197
GFRP_RAT	171128	Gchfr	10.665	10	2	0	1.301	0.0	8.197
TPA_RAT	25692	Plat	10.656	841	5	0	1.699	0.0	6.272
PECA1_RAT	29583	Pecam1	10.65	848	5	2	1.699	0.0	6.268
Q6AYU9_RAT	25296	Bmp4	10.648	355	4	2	1.602	0.0	6.647
IGF1R_RAT	25718	Igf1r	10.638	862	5	8	1.699	0.0	6.261
OGA_RAT	154968	Mgea5	10.63	871	5	3	1.699	0.0	6.257
G3V843_RAT	29251	F2	10.626	1663	6	1	1.778	0.0	5.976
5HT2A_RAT	29595	Htr2a	10.617	886	5	0	1.699	0.0	6.249
ADM2_RAT	399475	Adm2	10.593	106	3	1	1.477	0.0	7.172
CO3_RAT	24232	C3	10.592	385	4	0	1.602	0.0	6.611
CEBPB_RAT	24253	Cebpb	10.59	386	4	1	1.602	0.0	6.61
TA2R_RAT	24816	Tbxa2r	10.587	107	3	0	1.477	0.0	7.168
LEPR_RAT	24536	Lepr	10.574	395	4	2	1.602	0.0	6.6
PDGFB_RAT	24628	Pdgfb	10.562	402	4	0	1.602	0.0	6.593
SEM3A_RAT	29751	Sema3a	10.558	112	3	1	1.477	0.0	7.148
HRH2_RAT	25461	Hrh2	10.522	426	4	0	1.602	0.0	6.568
GCYB2_RAT	25206	Gucy1b2	10.513	431	4	0	1.602	0.0	6.562
P2RX3_RAT	81739	P2rx3	10.51	433	4	6	1.602	0.0	6.56
ITB1_RAT	24511	Itgb1	10.509	121	3	1	1.477	0.0	7.114
DDC_RAT	24311	Ddc	10.496	442	4	0	1.602	0.0	6.552
HINT1_RAT	690660	Hint1	10.474	14	2	0	1.301	0.0	8.051
B1WBN8_RAT	25404	Cav1	10.465	462	4	1	1.602	0.0	6.532
O08718_RAT	60329	Neurog3	10.458	131	3	0	1.477	0.0	7.08
GGT1_RAT	116568	Ggt1	10.448	2092	6	2	1.778	0.0	5.876
EGR1_RAT	24330	Egr1	10.438	1130	5	3	1.699	0.0	6.144
BMP2_RAT	29373	Bmp2	10.438	1130	5	1	1.699	0.0	6.144
PTHR_RAT	24695	Pthlh	10.423	491	4	0	1.602	0.0	6.506
JPH2_RAT	296345	Jph2	10.399	16	2	7	1.301	0.0	7.993
Q5U1Y3_RAT	362650	Fblim1	10.399	16	2	0	1.301	0.0	7.993
AGTRB_RAT	81638	Agtr1b	10.386	1212	5	3	1.699	0.0	6.113
Q6T5E8_RAT	154516	Ugt1a7c	10.375	149	3	1	1.477	0.0	7.024
G3V742_RAT	171052	Mmp13	10.367	532	4	8	1.602	0.0	6.471
ACTC_RAT	29275	Actc1	10.365	17	2	0	1.301	0.0	7.967
TAGL_RAT	25123	Tagln	10.362	152	3	1	1.477	0.0	7.015
MCR_RAT	25672	Nr3c2	10.353	543	4	2	1.602	0.0	6.462
A1A5M4_RAT	24443	Hdc	10.325	565	4	0	1.602	0.0	6.445
IGF2_RAT	24483	Igf2	10.314	1337	5	0	1.699	0.0	6.071
ANPRC_RAT	25339	Npr3	10.313	164	3	1	1.477	0.0	6.982
PCSK5_RAT	116548	Pcsk5	10.31	165	3	0	1.477	0.0	6.979
AMHR2_RAT	29530	Amhr2	10.296	589	4	0	1.602	0.0	6.427
TIMP2_RAT	29543	Timp2	10.296	589	4	1	1.602	0.0	6.427
G3V7S6_RAT	155430	Hey2	10.273	20	2	3	1.301	0.0	7.896
JUN_RAT	24516	Jun	10.271	1417	5	2	1.699	0.0	6.046
GSTA3_RAT	24421	Gsta3	10.25	181	3	0	1.477	0.0	6.939
NEP_RAT	24590	Mme	10.241	637	4	0	1.602	0.0	6.393
IAPP_RAT	24476	Iapp	10.24	638	4	4	1.602	0.0	6.392
PDE5A_RAT	171115	Pde5a	10.229	187	3	0	1.477	0.0	6.925
PNOC_RAT	25516	Pnoc	10.226	652	4	0	1.602	0.0	6.383
PNMT_RAT	24661	Pnmt	10.218	659	4	0	1.602	0.0	6.378
ANPRB_RAT	116564	Npr2	10.216	191	3	0	1.477	0.0	6.916
NMDZ1_RAT	24408	Grin1	10.195	1569	5	0	1.699	0.0	6.001
CXCL2_RAT	114105	Cxcl2	10.184	692	4	5	1.602	0.0	6.357
DNM1L_RAT	114114	Dnm1l	10.184	100	2	12	1.301	0.114	7.197
ANPRA_RAT	24603	Npr1	10.183	201	3	0	1.477	0.0	6.894
MYPT1_RAT	116670	Ppp1r12a	10.177	203	3	0	1.477	0.0	6.889
GHRL_RAT	59301	Ghrl	10.16	1647	5	1	1.699	0.0	5.98
DESM_RAT	64362	Des	10.16	716	4	1	1.602	0.0	6.342
KPCG_RAT	24681	Prkcg	10.153	723	4	0	1.602	0.0	6.338
D4A352_RAT	293736	Myrf	10.147	25	2	0	1.301	0.0	7.799
D4A400_RAT	287610	Lpo	10.143	214	3	0	1.477	0.0	6.867
PGFRB_RAT	24629	Pdgfrb	10.137	216	3	7	1.477	0.0	6.863
IFNG_RAT	25712	Ifng	10.105	3264	6	0	1.778	0.0	5.683
MYO5A_RAT	25017	Myo5a	10.083	28	2	2	1.301	0.0	7.75
AATM_RAT	25721	Got2	10.08	3371	6	1	1.778	0.0	5.669
A0A0G2K4C9_RAT	25540	Sbp	10.072	239	3	0	1.477	0.0	6.819
PTN1_RAT	24697	Ptpn1	10.051	247	3	2	1.477	0.0	6.804
DBP_RAT	24309	Dbp	10.048	248	3	0	1.477	0.0	6.803
G3V9Z3_RAT	29253	Maoa	10.045	1926	5	0	1.699	0.0	5.912
ILRL1_RAT	25556	Il1rl1	10.044	30	2	1	1.301	0.0	7.72
D3ZD03_RAT	100361294	Tyk2	10.044	30	2	3	1.301	0.0	7.72
SL9A2_RAT	24783	Slc9a2	10.033	254	3	0	1.477	0.0	6.792
SC5A7_RAT	85426	Slc5a7	10.025	31	2	0	1.301	0.0	7.706
TPM2_RAT	500450	Tpm2	10.025	31	2	0	1.301	0.0	7.706
TKNK_RAT	29191	Tac3	10.02	259	3	0	1.477	0.0	6.784
EAA3_RAT	25550	Slc1a1	10.008	264	3	0	1.477	0.0	6.775
KAD1_RAT	24183	Ak1	10.007	32	2	0	1.301	0.0	7.692
SC6A4_RAT	25553	Slc6a4	9.999	902	4	2	1.602	0.0	6.242
Q5FVG4_RAT	309111	Slc25a22	9.99	33	2	0	1.301	0.0	7.678
ADRB3_RAT	25645	Adrb3	9.984	274	3	1	1.477	0.0	6.759
AA1R_RAT	29290	Adora1	9.979	276	3	0	1.477	0.0	6.756
D4ABB2_RAT	315215	Mlc1	9.973	34	2	0	1.301	0.0	7.665
BGLR_RAT	24434	Gusb	9.955	961	4	0	1.602	0.0	6.214
TGFB3_RAT	25717	Tgfb3	9.939	294	3	5	1.477	0.0	6.729
Q6MG73_RAT	24231	C2	9.93	298	3	2	1.477	0.0	6.723
KCNH2_RAT	117018	Kcnh2	9.896	39	2	0	1.301	0.0	7.606
PCY1B_RAT	286936	Pcyt1b	9.887	319	3	0	1.477	0.0	6.693
D3Z822_RAT	685055	Atr	9.881	40	2	0	1.301	0.0	7.595
CRFR2_RAT	64680	Crhr2	9.875	325	3	2	1.477	0.0	6.685
AOFB_RAT	25750	Maob	9.873	1081	4	0	1.602	0.0	6.163
TNR16_RAT	24596	Ngfr	9.872	1084	4	0	1.602	0.0	6.162
UD16_RAT	113992	Ugt1a6	9.871	327	3	0	1.477	0.0	6.682
P2RX2_RAT	114115	P2rx2	9.871	327	3	1	1.477	0.0	6.682
ANGP1_RAT	89807	Angpt1	9.855	335	3	2	1.477	0.0	6.672
SDHL_RAT	25044	Sds	9.849	338	3	0	1.477	0.0	6.668
F1M9D6_RAT	25124	Stat1	9.805	362	3	3	1.477	0.0	6.638
ICAM1_RAT	25464	Icam1	9.795	2701	5	3	1.699	0.0	5.765
G3V6J4_RAT	299757	Nts	9.793	1214	4	0	1.602	0.0	6.113
KCMA1_RAT	83731	Kcnma1	9.781	376	3	0	1.477	0.0	6.622
MRI_RAT	500077	Mri	9.778	48	2	1	1.301	0.0	7.516
IC1_RAT	295703	Serping1	9.767	49	2	1	1.301	0.0	7.507
CAH1_RAT	310218	Ca1	9.757	11709	8	3	1.903	0.0	5.127
CAC1I_RAT	56827	Cacna1i	9.744	51	2	0	1.301	0.0	7.489
FKB1B_RAT	58950	Fkbp1b	9.744	51	2	0	1.301	0.0	7.489
G3V9S3_RAT	498331	Ptpn13	9.744	51	2	0	1.301	0.0	7.489
UCHL1_RAT	29545	Uchl1	9.741	400	3	0	1.477	0.0	6.595
O88211_RAT	60584	Lif	9.74	401	3	6	1.477	0.0	6.594
BECN1_RAT	114558	Becn1	9.729	408	3	4	1.477	0.0	6.586
Q498N2_RAT	65029	Aoc1	9.719	414	3	1	1.477	0.0	6.58
TLR4_RAT	29260	Tlr4	9.701	1386	4	7	1.602	0.0	6.055
GRP_RAT	171101	Grp	9.699	427	3	0	1.477	0.0	6.566
G3V8Q2_RAT	24503	Ina	9.691	56	2	0	1.301	0.0	7.449
SNP25_RAT	25012	Snap25	9.689	434	3	5	1.477	0.0	6.559
CCKAR_RAT	24889	Cckar	9.68	440	3	0	1.477	0.0	6.553
SODM_RAT	24787	Sod2	9.679	1429	4	0	1.602	0.0	6.042
HPGDS_RAT	58962	Hpgds	9.659	3247	5	0	1.699	0.0	5.685
G3V7T1_RAT	29358	Npy1r	9.643	61	2	1	1.301	0.0	7.412
CNTFR_RAT	313173	Cntfr	9.625	63	2	0	1.301	0.0	7.398
VIME_RAT	81818	Vim	9.613	1573	4	0	1.602	0.0	6.0
G3V7K3_RAT	24268	Cp	9.593	504	3	0	1.477	0.0	6.495
REG3B_RAT	24618	Reg3b	9.59	67	2	0	1.301	0.0	7.371
LDHB_RAT	24534	Ldhb	9.581	68	2	0	1.301	0.0	7.364
CP27B_RAT	114700	Cyp27b1	9.581	68	2	1	1.301	0.0	7.364
F261_RAT	24638	Pfkfb1	9.557	71	2	0	1.301	0.0	7.346
PAR4_RAT	116498	F2rl3	9.557	71	2	5	1.301	0.0	7.346
G3V928_RAT	299858	Lrp1	9.557	71	2	0	1.301	0.0	7.346
C5AR1_RAT	113959	C5ar1	9.549	72	2	4	1.301	0.0	7.34
F1LQC5_RAT	140590	Bmpr2	9.549	72	2	1	1.301	0.0	7.34
GFAP_RAT	24387	Gfap	9.528	3872	5	1	1.699	0.0	5.608
CP4A2_RAT	24306	Cyp4a2	9.519	76	2	3	1.301	0.0	7.316
Q8K4J7_RAT	246250	Retn	9.519	76	2	1	1.301	0.0	7.316
D3ZRA8_RAT	500574	Pax7	9.511	77	2	1	1.301	0.0	7.31
S10A4_RAT	24615	S100a4	9.504	78	2	3	1.301	0.0	7.305
FABPH_RAT	79131	Fabp3	9.449	86	2	0	1.301	0.0	7.262
RAN_RAT	84509	Ran	9.442	87	2	0	1.301	0.0	7.257
Q8K422_RAT	24664	Pomc	9.439	2019	4	0	1.602	0.0	5.892
CXA4_RAT	25655	Gja4	9.436	88	2	0	1.301	0.0	7.252
B1PLB2_RAT	305081	Cd34	9.436	644	3	1	1.477	0.0	6.388
PMP22_RAT	24660	Pmp22	9.429	89	2	1	1.301	0.0	7.248
KS6B1_RAT	83840	Rps6kb1	9.417	663	3	3	1.477	0.0	6.375
P2RY6_RAT	117264	P2ry6	9.417	91	2	1	1.301	0.0	7.238
PRGC1_RAT	83516	Ppargc1a	9.413	667	3	0	1.477	0.0	6.373
CAN1_RAT	29153	Capn1	9.411	92	2	1	1.301	0.0	7.233
TNF11_RAT	117516	Tnfsf11	9.407	674	3	3	1.477	0.0	6.368
PPLA_RAT	64672	Pln	9.404	93	2	0	1.301	0.0	7.228
NQO1_RAT	24314	Nqo1	9.38	703	3	0	1.477	0.0	6.35
PPARA_RAT	25747	Ppara	9.378	2202	4	3	1.602	0.0	5.854
PLCD1_RAT	24655	Plcd1	9.375	98	2	0	1.301	0.0	7.206
SP1_RAT	24790	Sp1	9.369	715	3	2	1.477	0.0	6.343
HCN4_RAT	59266	Hcn4	9.341	104	2	0	1.301	0.0	7.18
PTN_RAT	24924	Ptn	9.336	105	2	0	1.301	0.0	7.176
Q9ERV8_RAT	25221	Sry	9.336	105	2	6	1.301	0.0	7.176
CCNB1_RAT	25203	Ccnb1	9.331	106	2	0	1.301	0.0	7.172
CD59_RAT	25407	Cd59	9.331	106	2	0	1.301	0.0	7.172
Q5FVT5_RAT	116551	Pdk1	9.331	106	2	1	1.301	0.0	7.172
HMGB1_RAT	25459	Hmgb1	9.306	788	3	1	1.477	0.0	6.3
PLPL9_RAT	360426	Pla2g6	9.304	111	2	4	1.301	0.0	7.152
TNFL6_RAT	25385	Faslg	9.303	792	3	0	1.477	0.0	6.298
F1M7P4_RAT	24688	Prph	9.294	113	2	0	1.301	0.0	7.144
HXK4_RAT	24385	Gck	9.292	806	3	0	1.477	0.0	6.291
MTPN_RAT	79215	Mtpn	9.289	810	3	3	1.477	0.0	6.288
BKRB2_RAT	25245	Bdkrb2	9.275	117	2	0	1.301	0.0	7.129
F1LNQ7_RAT	60395	Trpc3	9.275	117	2	4	1.301	0.0	7.129
A1YKY4_RAT	170896	Ucn2	9.27	118	2	1	1.301	0.0	7.125
CP2J3_RAT	313375	Cyp2j3	9.256	121	2	2	1.301	0.0	7.114
NAMPT_RAT	297508	Nampt	9.251	122	2	6	1.301	0.0	7.111
KCNJ2_RAT	29712	Kcnj2	9.242	124	2	1	1.301	0.0	7.104
ANXA5_RAT	25673	Anxa5	9.239	876	3	0	1.477	0.0	6.254
NF1_RAT	24592	Nf1	9.237	125	2	0	1.301	0.0	7.1
5HT1B_RAT	25075	Htr1b	9.233	883	3	0	1.477	0.0	6.251
K2C1_RAT	300250	Krt1	9.22	129	2	0	1.301	0.0	7.086
CTF1_RAT	29201	Ctf1	9.207	132	2	2	1.301	0.0	7.076
G3V6I6_RAT	289036	Adipor1	9.207	132	2	2	1.301	0.0	7.076
F1LQH2_RAT	81736	Nfkb1	9.201	2838	4	1	1.602	0.0	5.743
OSER1_RAT	296346	Oser1	9.197	1	1	1	1.0	0.0	9.197
Q5U3Y2_RAT	296732	Smarcd3	9.197	1	1	0	1.0	0.0	9.197
B1WC02_RAT	313560	Ctps1	9.197	1	1	0	1.0	0.0	9.197
THEM4_RAT	361992	Them4	9.197	1	1	0	1.0	0.0	9.197
MLRS_RAT	24584	Mylpf	9.194	135	2	0	1.301	0.0	7.067
CPT2_RAT	25413	Cpt2	9.194	135	2	0	1.301	0.0	7.067
PDE3A_RAT	50678	Pde3a	9.154	145	2	0	1.301	0.0	7.036
ACBP_RAT	25045	Dbi	9.138	149	2	0	1.301	0.0	7.024
KCNJ8_RAT	25472	Kcnj8	9.138	149	2	0	1.301	0.0	7.024
FAK2_RAT	50646	Ptk2b	9.127	152	2	0	1.301	0.0	7.015
KCND3_RAT	65195	Kcnd3	9.127	152	2	0	1.301	0.0	7.015
ODO1_RAT	360975	Ogdh	9.123	153	2	0	1.301	0.0	7.012
OREX_RAT	25723	Hcrt	9.122	1051	3	1	1.477	0.0	6.175
LIPE_RAT	291437	Lipg	9.12	1054	3	0	1.477	0.0	6.174
LDHA_RAT	24533	Ldha	9.116	155	2	0	1.301	0.0	7.007
Q5WRG2_RAT	305843	Ang	9.113	1066	3	3	1.477	0.0	6.169
IL1A_RAT	24493	Il1a	9.111	1068	3	2	1.477	0.0	6.168
MTOR_RAT	56718	Mtor	9.109	1072	3	5	1.477	0.0	6.167
G3V7G2_RAT	24254	Cel	9.074	167	2	0	1.301	0.0	6.974
CALR_RAT	64202	Calr	9.074	167	2	0	1.301	0.0	6.974
NTF3_RAT	81737	Ntf3	9.056	1165	3	0	1.477	0.0	6.131
Q6IRH4_RAT	24173	Adra1b	9.041	177	2	0	1.301	0.0	6.949
SCN4A_RAT	25722	Scn4a	9.041	177	2	0	1.301	0.0	6.949
Q66HI4_RAT	25584	F3	9.034	179	2	0	1.301	0.0	6.944
A0A0G2JW78_RAT	24705	Rara	9.031	180	2	2	1.301	0.0	6.942
Q4QQW2_RAT	171369	Cd40	9.025	182	2	2	1.301	0.0	6.937
Q6P7A6_RAT	25671	Smad1	9.016	185	2	0	1.301	0.0	6.93
NEUM_RAT	29423	Gap43	9.012	1247	3	1	1.477	0.0	6.101
KCNB1_RAT	25736	Kcnb1	9.007	188	2	5	1.301	0.0	6.923
V1AR_RAT	25107	Avpr1a	9.004	189	2	0	1.301	0.0	6.92
ABCC8_RAT	25559	Abcc8	9.004	189	2	2	1.301	0.0	6.92
GPER1_RAT	171104	Gper1	9.004	189	2	5	1.301	0.0	6.92
HGF_RAT	24446	Hgf	8.996	1278	3	0	1.477	0.0	6.09
VAMP2_RAT	24803	Vamp2	8.992	193	2	1	1.301	0.0	6.911
S1PR1_RAT	29733	S1pr1	8.992	193	2	0	1.301	0.0	6.911
CSTN2_RAT	171394	Clstn2	8.989	194	2	0	1.301	0.0	6.909
A1A5N3_RAT	65206	Kcnn4	8.975	199	2	2	1.301	0.0	6.898
RET_RAT	24716	Ret	8.966	202	2	1	1.301	0.0	6.892
BMAL1_RAT	29657	Arntl	8.952	207	2	0	1.301	0.0	6.881
F1LYL9_RAT	140586	Sox9	8.944	210	2	3	1.301	0.0	6.875
O35531_RAT	56822	Cd86	8.928	216	2	1	1.301	0.0	6.863
D3ZCD0_RAT	89804	Tek	8.928	216	2	1	1.301	0.0	6.863
FABPI_RAT	25598	Fabp2	8.926	217	2	0	1.301	0.0	6.86
B2MG_RAT	24223	B2m	8.923	218	2	0	1.301	0.0	6.858
SCNAA_RAT	29571	Scn10a	8.92	219	2	1	1.301	0.0	6.856
INS2_RAT	24506	Ins2	8.918	220	2	0	1.301	0.0	6.855
P2RX1_RAT	25505	P2rx1	8.915	221	2	1	1.301	0.0	6.853
GDN_RAT	29366	Serpine2	8.915	221	2	0	1.301	0.0	6.853
KCND2_RAT	65180	Kcnd2	8.913	222	2	1	1.301	0.0	6.851
GPDA_RAT	60666	Gpd1	8.903	226	2	1	1.301	0.0	6.843
ROCK2_RAT	25537	Rock2	8.9	227	2	1	1.301	0.0	6.841
Q5I287_RAT	312516	Gmcl1	8.9	227	2	1	1.301	0.0	6.841
PANK4_RAT	171053	Pank4	8.896	2	1	0	1.0	0.0	8.896
Q6AZ53_RAT	171499	Crlf2	8.896	2	1	0	1.0	0.0	8.896
CTIP_RAT	291787	Rbbp8	8.896	2	1	0	1.0	0.0	8.896
Q4KM69_RAT	312916	Cops5	8.896	2	1	0	1.0	0.0	8.896
UBP19_RAT	361190	Usp19	8.896	2	1	1	1.0	0.0	8.896
PORIM_RAT	363013	Tmem123	8.896	2	1	0	1.0	0.0	8.896
G3V8S9_RAT	316010	Camp	8.878	236	2	0	1.301	0.0	6.824
MOT1_RAT	25027	Slc16a1	8.853	247	2	0	1.301	0.0	6.804
Q5M7T5_RAT	304917	Serpinc1	8.85	248	2	0	1.301	0.0	6.803
CEAM1_RAT	81613	Ceacam1	8.848	249	2	0	1.301	0.0	6.801
CYB_RAT	26192	Mt-Cyb	8.843	251	2	2	1.301	0.0	6.797
GATA4_RAT	54254	Gata4	8.839	253	2	2	1.301	0.0	6.794
ITPR3_RAT	25679	Itpr3	8.821	261	2	0	1.301	0.0	6.78
EPO_RAT	24335	Epo	8.79	1761	3	3	1.477	0.0	5.951
F1M7S3_RAT	29190	Pdyn	8.776	283	2	0	1.301	0.0	6.745
F1LXU5_RAT	681288	T2	8.764	289	2	0	1.301	0.0	6.736
CD5R1_RAT	116671	Cdk5r1	8.76	291	2	0	1.301	0.0	6.733
MC4R_RAT	25635	Mc4r	8.758	292	2	0	1.301	0.0	6.732
MIF_RAT	81683	Mif	8.754	294	2	1	1.301	0.0	6.729
CY24A_RAT	79129	Cyba	8.75	296	2	6	1.301	0.0	6.726
SECR_RAT	24769	Sct	8.739	302	2	0	1.301	0.0	6.717
HMOX2_RAT	79239	Hmox2	8.728	308	2	0	1.301	0.0	6.708
PXMP2_RAT	29533	Pxmp2	8.72	3	1	0	1.0	0.0	8.72
NIT2_RAT	288174	Nit2	8.72	3	1	0	1.0	0.0	8.72
Q6MGC5_RAT	294283	Rgl2	8.72	3	1	0	1.0	0.0	8.72
CAH8_RAT	297814	Ca8	8.72	3	1	0	1.0	0.0	8.72
SPAST_RAT	362700	Spast	8.72	3	1	0	1.0	0.0	8.72
F1M704_RAT	680076	Asb14	8.72	3	1	0	1.0	0.0	8.72
NPY4R_RAT	29471	Npy4r	8.708	319	2	1	1.301	0.0	6.693
NSF1C_RAT	83809	Nsfl1c	8.685	332	2	1	1.301	0.0	6.676
EST1C_RAT	24346	Ces1c	8.68	335	2	2	1.301	0.0	6.672
A0A0G2K1L0_RAT	116640	Tnc	8.643	358	2	0	1.301	0.0	6.643
Q8K3F9_RAT	24337	Erbb2	8.624	370	2	2	1.301	0.0	6.629
GHSR_RAT	84022	Ghsr	8.621	372	2	0	1.301	0.0	6.626
Q5U324_RAT	25439	F2r	8.62	373	2	0	1.301	0.0	6.625
A0A0G2K218_RAT	81722	Ager	8.603	384	2	2	1.301	0.0	6.613
PDLI5_RAT	64353	Pdlim5	8.595	4	1	1	1.0	0.0	8.595
RAB28_RAT	117049	Rab28	8.595	4	1	0	1.0	0.0	8.595
TNI3K_RAT	295531	Tnni3k	8.595	4	1	1	1.0	0.0	8.595
AUGN_RAT	363225	Ecrg4	8.595	4	1	1	1.0	0.0	8.595
B1WC31_RAT	686117	Meis1	8.595	4	1	1	1.0	0.0	8.595
B4F7D2_RAT	100188944	Pnkd	8.595	4	1	0	1.0	0.0	8.595
SCF_RAT	60427	Kitlg	8.59	393	2	1	1.301	0.0	6.603
Q6IMX5_RAT	29184	Cd36	8.58	400	2	2	1.301	0.0	6.595
PGP_RAT	287115	Pgp	8.565	411	2	0	1.301	0.0	6.583
B5DFD5_RAT	300339	Mmp1	8.519	446	2	3	1.301	0.0	6.548
AA2AR_RAT	25369	Adora2a	8.516	448	2	1	1.301	0.0	6.546
Q80W59_RAT	292905	Hrc	8.498	5	1	0	1.0	0.0	8.498
G3V7K1_RAT	306616	Myom2	8.498	5	1	0	1.0	0.0	8.498
D3ZQ41_RAT	362485	Ccne2	8.498	5	1	0	1.0	0.0	8.498
UCP2_RAT	54315	Ucp2	8.483	475	2	1	1.301	0.0	6.52
LSHR_RAT	25477	Lhcgr	8.466	490	2	0	1.301	0.0	6.507
CD4_RAT	24932	Cd4	8.461	2941	3	1	1.477	0.0	5.728
RAC1_RAT	363875	Rac1	8.452	502	2	1	1.301	0.0	6.496
NGAL_RAT	170496	Lcn2	8.451	503	2	5	1.301	0.0	6.495
OX26_RAT	379044	Qrfp	8.45	504	2	1	1.301	0.0	6.495
MT1_RAT	24567	Mt1	8.424	527	2	1	1.301	0.0	6.475
BTG1_RAT	29618	Btg1	8.419	6	1	1	1.0	0.0	8.419
Q5I0C9_RAT	291987	Utp4	8.419	6	1	0	1.0	0.0	8.419
F1M9U4_RAT	295541	Msh4	8.419	6	1	0	1.0	0.0	8.419
C0LSK8_RAT	305355	Tlr10	8.419	6	1	0	1.0	0.0	8.419
LETM1_RAT	305457	Letm1	8.419	6	1	0	1.0	0.0	8.419
UB2D2_RAT	641452	Ube2d2	8.419	6	1	0	1.0	0.0	8.419
CALB2_RAT	117059	Calb2	8.406	544	2	0	1.301	0.0	6.461
AQP1_RAT	25240	Aqp1	8.4	550	2	0	1.301	0.0	6.457
A2MG_RAT	24153	A2m	8.389	561	2	0	1.301	0.0	6.448
PTPRC_RAT	24699	Ptprc	8.378	572	2	6	1.301	0.0	6.44
Q5XIJ3_RAT	25179	Idh3g	8.352	7	1	0	1.0	0.0	8.352
UBF1_RAT	25574	Ubtf	8.352	7	1	0	1.0	0.0	8.352
Q5XID6_RAT	305941	Sgcg	8.352	7	1	1	1.0	0.0	8.352
Q5M963_RAT	312826	Cmas	8.352	7	1	0	1.0	0.0	8.352
K1C42_RAT	450231	Krt42	8.352	7	1	0	1.0	0.0	8.352
TR11B_RAT	25341	Tnfrsf11b	8.343	608	2	0	1.301	0.0	6.413
CCL4_RAT	116637	Ccl4	8.33	3605	3	1	1.477	0.0	5.64
CNR2_RAT	57302	Cnr2	8.303	653	2	0	1.301	0.0	6.382
SH3K1_RAT	84357	Sh3kbp1	8.294	8	1	0	1.0	0.0	8.294
GEMI2_RAT	84404	Gemin2	8.294	8	1	0	1.0	0.0	8.294
SKP1_RAT	287280	Skp1	8.294	8	1	1	1.0	0.0	8.294
TOM70_RAT	304017	Tomm70	8.294	8	1	0	1.0	0.0	8.294
CRIP2_RAT	338401	Crip2	8.294	8	1	0	1.0	0.0	8.294
B5DFL0_RAT	362242	Snta1	8.294	8	1	0	1.0	0.0	8.294
CRP_RAT	25419	Crp	8.272	690	2	0	1.301	0.0	6.358
LOX5_RAT	25290	Alox5	8.253	713	2	0	1.301	0.0	6.344
O08769_RAT	83571	Cdkn1b	8.253	714	2	1	1.301	0.0	6.343
PRS7_RAT	25581	Psmc2	8.243	9	1	0	1.0	0.0	8.243
ERO1A_RAT	171562	Ero1a	8.243	9	1	1	1.0	0.0	8.243
NQO2_RAT	291084	Nqo2	8.243	9	1	0	1.0	0.0	8.243
Q5PQT0_RAT	301617	Pask	8.243	9	1	0	1.0	0.0	8.243
D3ZW08_RAT	315150	Adsl	8.243	9	1	0	1.0	0.0	8.243
NDUAA_RAT	678759	Ndufa10	8.243	9	1	1	1.0	0.0	8.243
CYB5_RAT	64001	Cyb5a	8.233	739	2	0	1.301	0.0	6.328
Q6IN22_RAT	64529	Ctsb	8.224	751	2	0	1.301	0.0	6.321
ACHB_RAT	24261	Chrnb1	8.212	768	2	1	1.301	0.0	6.312
GRP78_RAT	25617	Hspa5	8.212	767	2	1	1.301	0.0	6.312
HAND1_RAT	59112	Hand1	8.197	10	1	0	1.0	0.0	8.197
PIM3_RAT	64534	Pim3	8.197	10	1	0	1.0	0.0	8.197
GLCNE_RAT	114711	Gne	8.197	10	1	1	1.0	0.0	8.197
PON2_RAT	296851	Pon2	8.197	10	1	0	1.0	0.0	8.197
ETFA_RAT	300726	Etfa	8.197	10	1	3	1.0	0.0	8.197
D4A6X1_RAT	312492	Dysf	8.197	10	1	3	1.0	0.0	8.197
Q6MG72_RAT	361798	Ehmt2	8.197	10	1	0	1.0	0.0	8.197
DEFB9_RAT	641633	Defb9	8.197	10	1	0	1.0	0.0	8.197
Q06884_RAT	25642	Cyp3a23/3a1	8.195	791	2	3	1.301	0.0	6.299
AAPK2_RAT	78975	Prkaa2	8.188	801	2	2	1.301	0.0	6.293
ALDOA_RAT	24189	Aldoa	8.156	11	1	1	1.0	0.0	8.156
MYH3_RAT	24583	Myh3	8.156	11	1	0	1.0	0.0	8.156
BEX3_RAT	117089	Bex3	8.156	11	1	1	1.0	0.0	8.156
S38A4_RAT	170573	Slc38a4	8.156	11	1	1	1.0	0.0	8.156
KCMB1_RAT	29747	Kcnmb1	8.118	12	1	1	1.0	0.0	8.118
NTRI_RAT	50864	Ntm	8.118	12	1	0	1.0	0.0	8.118
Q5U2Q8_RAT	312981	Asph	8.118	12	1	0	1.0	0.0	8.118
CRF_RAT	81648	Crh	8.115	5046	3	1	1.477	0.0	5.494
5HT3A_RAT	79246	Htr3a	8.088	956	2	0	1.301	0.0	6.216
Q3MID6_RAT	64366	Calu	8.083	13	1	2	1.0	0.0	8.083
FSTL1_RAT	79210	Fstl1	8.083	13	1	1	1.0	0.0	8.083
F1MAG2_RAT	316351	Npas2	8.083	13	1	0	1.0	0.0	8.083
NTRK1_RAT	59109	Ntrk1	8.079	970	2	1	1.301	0.0	6.21
THY1_RAT	24832	Thy1	8.058	1007	2	0	1.301	0.0	6.194
RXRG_RAT	83574	Rxrg	8.051	14	1	0	1.0	0.0	8.051
CALD1_RAT	25687	Cald1	8.021	15	1	0	1.0	0.0	8.021
G3V8U0_RAT	25752	Cd6	8.021	15	1	0	1.0	0.0	8.021
RL32_RAT	28298	Rpl32	8.021	15	1	0	1.0	0.0	8.021
Q6P9V7_RAT	29630	Psme1	8.021	15	1	2	1.0	0.0	8.021
CUL5_RAT	64624	Cul5	8.021	15	1	0	1.0	0.0	8.021
RK_RAT	81760	Grk1	8.021	15	1	1	1.0	0.0	8.021
CHIA_RAT	113901	Chia	8.021	15	1	2	1.0	0.0	8.021
AURKB_RAT	114592	Aurkb	8.021	15	1	0	1.0	0.0	8.021
A0A0G2JT29_RAT	266681	Tmprss5	8.021	15	1	0	1.0	0.0	8.021
CP4F4_RAT	286904	Cyp4f4	8.021	15	1	1	1.0	0.0	8.021
ADCY5_RAT	64532	Adcy5	7.993	16	1	0	1.0	0.0	7.993
PDPK1_RAT	81745	Pdpk1	7.993	16	1	0	1.0	0.0	7.993
PLK1_RAT	25515	Plk1	7.967	17	1	0	1.0	0.0	7.967
CAN10_RAT	63834	Capn10	7.967	17	1	0	1.0	0.0	7.967
Q9ET75_RAT	78974	Six3	7.967	17	1	0	1.0	0.0	7.967
UBE2B_RAT	81816	Ube2b	7.967	17	1	0	1.0	0.0	7.967
D4A5C0_RAT	288124	Nectin3	7.967	17	1	0	1.0	0.0	7.967
SCAP_RAT	301024	Scap	7.967	17	1	0	1.0	0.0	7.967
EGLN2_RAT	308457	Egln2	7.967	17	1	1	1.0	0.0	7.967
LAMB2_RAT	25473	Lamb2	7.942	18	1	0	1.0	0.0	7.942
MSRA_RAT	29447	Msra	7.942	18	1	0	1.0	0.0	7.942
GBRR2_RAT	29695	Gabrr2	7.942	18	1	0	1.0	0.0	7.942
RAP1B_RAT	171337	Rap1b	7.942	18	1	0	1.0	0.0	7.942
IF5A1_RAT	287444	Eif5a	7.942	18	1	1	1.0	0.0	7.942
EF2K_RAT	25435	Eef2k	7.918	19	1	0	1.0	0.0	7.918
A0A0G2K7L8_RAT	29220	Thbs4	7.918	19	1	1	1.0	0.0	7.918
PP14B_RAT	259225	Ppp1r14b	7.918	19	1	0	1.0	0.0	7.918
A6QR73_RAT	288995	Gpr39	7.918	19	1	0	1.0	0.0	7.918
RNLS_RAT	361751	Rnls	7.918	19	1	0	1.0	0.0	7.918
Q8R427_RAT	24646	Abcb1b	7.912	1304	2	0	1.301	0.0	6.082
RIDA_RAT	65151	Rida	7.896	20	1	0	1.0	0.0	7.896
KALRN_RAT	84009	Kalrn	7.896	20	1	0	1.0	0.0	7.896
EFNA1_RAT	94268	Efna1	7.896	20	1	2	1.0	0.0	7.896
G3V819_RAT	140584	Wnt11	7.896	20	1	1	1.0	0.0	7.896
CBLB_RAT	171136	Cblb	7.896	20	1	0	1.0	0.0	7.896
F1LNP8_RAT	192183	Nectin1	7.896	20	1	0	1.0	0.0	7.896
CP26B_RAT	312495	Cyp26b1	7.896	20	1	1	1.0	0.0	7.896
B1WC09_RAT	685781	Ddr2	7.896	20	1	0	1.0	0.0	7.896
CP2E1_RAT	25086	Cyp2e1	7.893	1349	2	0	1.301	0.0	6.067
GSK3B_RAT	84027	Gsk3b	7.886	1366	2	3	1.301	0.0	6.061
PPARG_RAT	25664	Pparg	7.881	1378	2	0	1.301	0.0	6.058
S23A1_RAT	50621	Slc23a1	7.875	21	1	0	1.0	0.0	7.875
TNMD_RAT	64104	Tnmd	7.875	21	1	0	1.0	0.0	7.875
EFNA5_RAT	116683	Efna5	7.875	21	1	0	1.0	0.0	7.875
PRS4_RAT	117263	Psmc1	7.875	21	1	0	1.0	0.0	7.875
LONM_RAT	170916	Lonp1	7.875	21	1	0	1.0	0.0	7.875
B0BN51_RAT	171365	Snrpb	7.875	21	1	0	1.0	0.0	7.875
G3V749_RAT	290027	Parp2	7.875	21	1	0	1.0	0.0	7.875
PMGT2_RAT	316091	Pomgnt2	7.875	21	1	0	1.0	0.0	7.875
Q6AYC1_RAT	360548	Tnfsf12	7.875	21	1	3	1.0	0.0	7.875
FGF18_RAT	29369	Fgf18	7.855	22	1	1	1.0	0.0	7.855
MK12_RAT	60352	Mapk12	7.855	22	1	0	1.0	0.0	7.855
CNN1_RAT	65204	Cnn1	7.855	22	1	1	1.0	0.0	7.855
Q8R490_RAT	192248	Cdh13	7.855	22	1	0	1.0	0.0	7.855
Q6IMX8_RAT	192272	Acot2	7.855	22	1	1	1.0	0.0	7.855
SYT1_RAT	25716	Syt1	7.849	1459	2	0	1.301	0.0	6.033
PTH2R_RAT	81753	Pth2r	7.835	23	1	0	1.0	0.0	7.835
Q9R019_RAT	114212	Chek2	7.835	23	1	0	1.0	0.0	7.835
HRK_RAT	117271	Hrk	7.835	23	1	0	1.0	0.0	7.835
K1C9_RAT	266717	Krt9	7.835	23	1	0	1.0	0.0	7.835
NLGN1_RAT	116647	Nlgn1	7.817	24	1	0	1.0	0.0	7.817
D3ZYK3_RAT	116695	Kcnd1	7.817	24	1	1	1.0	0.0	7.817
SHAN2_RAT	171093	Shank2	7.817	24	1	0	1.0	0.0	7.817
I6L9G6_RAT	298648	Tardbp	7.817	49	1	10	1.0	0.041	7.507
MPRD_RAT	312689	M6pr	7.817	24	1	0	1.0	0.0	7.817
K2C4_RAT	315323	Krt4	7.817	24	1	0	1.0	0.0	7.817
G3V880_RAT	58954	Klf6	7.799	25	1	2	1.0	0.0	7.799
D3ZFJ0_RAT	298947	Pik3cg	7.784	1636	2	1	1.301	0.0	5.983
ANRE_RAT	24937	Kap	7.782	26	1	0	1.0	0.0	7.782
SHPS1_RAT	25528	Sirpa	7.782	26	1	0	1.0	0.0	7.782
KCAB1_RAT	29737	Kcnab1	7.782	26	1	1	1.0	0.0	7.782
PAWR_RAT	64513	Pawr	7.782	26	1	0	1.0	0.0	7.782
M0R9D3_RAT	114850	Wnt7a	7.782	26	1	1	1.0	0.0	7.782
NPW_RAT	259224	Npw	7.782	26	1	0	1.0	0.0	7.782
IL4RA_RAT	25084	Il4r	7.766	27	1	0	1.0	0.0	7.766
Q6P7B6_RAT	25186	Efnb1	7.766	27	1	0	1.0	0.0	7.766
GNA12_RAT	81663	Gna12	7.766	27	1	0	1.0	0.0	7.766
UTS2B_RAT	378939	Uts2b	7.766	27	1	0	1.0	0.0	7.766
MPIP1_RAT	171102	Cdc25a	7.75	28	1	0	1.0	0.0	7.75
KCC2D_RAT	24246	Camk2d	7.735	29	1	0	1.0	0.0	7.735
PTPS_RAT	29498	Pts	7.735	29	1	1	1.0	0.0	7.735
CSRP3_RAT	117505	Csrp3	7.735	29	1	0	1.0	0.0	7.735
S22A3_RAT	29504	Slc22a3	7.72	30	1	0	1.0	0.0	7.72
BASP1_RAT	64160	Basp1	7.72	30	1	0	1.0	0.0	7.72
BAAT_RAT	29725	Baat	7.706	31	1	0	1.0	0.0	7.706
PSN2_RAT	81751	Psen2	7.706	31	1	0	1.0	0.0	7.706
JIP1_RAT	116457	Mapk8ip1	7.706	31	1	0	1.0	0.0	7.706
APOD_RAT	25239	Apod	7.692	32	1	0	1.0	0.0	7.692
ATIF1_RAT	25392	Atpif1	7.692	32	1	0	1.0	0.0	7.692
E1AW38_RAT	257648	Cacna1b	7.692	32	1	0	1.0	0.0	7.692
Q9TQA6_RAT	294270	RT1-Db1	7.692	32	1	0	1.0	0.0	7.692
IFM3_RAT	361673	ifitm3	7.692	32	1	0	1.0	0.0	7.692
YAP1_RAT	363014	Yap1	7.692	32	1	2	1.0	0.0	7.692
PIM1_RAT	24649	Pim1	7.678	33	1	0	1.0	0.0	7.678
PLCG2_RAT	29337	Plcg2	7.678	33	1	1	1.0	0.0	7.678
HCDH_RAT	113965	Hadh	7.678	33	1	0	1.0	0.0	7.678
CYGB_RAT	170520	Cygb	7.678	33	1	3	1.0	0.0	7.678
B2RYX0_RAT	288770	Naca	7.678	33	1	0	1.0	0.0	7.678
CLCN1_RAT	25688	Clcn1	7.665	34	1	0	1.0	0.0	7.665
RTN1_RAT	116644	Rtn1	7.665	34	1	0	1.0	0.0	7.665
D3ZU59_RAT	361400	Nfatc3	7.665	34	1	0	1.0	0.0	7.665
D4A3U7_RAT	689314	Mapk11	7.665	34	1	0	1.0	0.0	7.665
Q6AYN0_RAT	366473	Azin2	7.653	35	1	0	1.0	0.0	7.653
G3V782_RAT	191570	Serpina12	7.641	36	1	2	1.0	0.0	7.641
MFGM_RAT	25277	Mfge8	7.629	37	1	2	1.0	0.0	7.629
KCNJ6_RAT	25743	Kcnj6	7.629	37	1	1	1.0	0.0	7.629
TRXR2_RAT	50551	Txnrd2	7.629	37	1	4	1.0	0.0	7.629
S38A5_RAT	192208	Slc38a5	7.629	37	1	0	1.0	0.0	7.629
Q5BK77_RAT	297073	Rarres2	7.629	37	1	0	1.0	0.0	7.629
PP1A_RAT	24668	Ppp1ca	7.617	38	1	0	1.0	0.0	7.617
ATX1_RAT	25049	Atxn1	7.617	38	1	1	1.0	0.0	7.617
Q6IMY6_RAT	25055	Lipa	7.617	38	1	0	1.0	0.0	7.617
ID3_RAT	25585	Id3	7.617	38	1	0	1.0	0.0	7.617
Q9Z1J7_RAT	292657	Slc1a5	7.617	38	1	0	1.0	0.0	7.617
GATA6_RAT	29300	Gata6	7.606	39	1	1	1.0	0.0	7.606
Q6Q3E8_RAT	497010	Eng	7.606	39	1	1	1.0	0.0	7.606
CAN3_RAT	29155	Capn3	7.595	40	1	0	1.0	0.0	7.595
AL1A2_RAT	116676	Aldh1a2	7.595	40	1	1	1.0	0.0	7.595
BMP3_RAT	25667	Bmp3	7.584	41	1	0	1.0	0.0	7.584
IOD3_RAT	29475	Dio3	7.584	41	1	1	1.0	0.0	7.584
CIP4_RAT	116717	Trip10	7.584	41	1	0	1.0	0.0	7.584
Q6UY90_RAT	89830	Ptch1	7.574	42	1	1	1.0	0.0	7.574
DDIT4_RAT	140942	Ddit4	7.574	42	1	2	1.0	0.0	7.574
TRPM4_RAT	171143	Trpm4	7.574	42	1	0	1.0	0.0	7.574
S38A3_RAT	252919	Slc38a3	7.574	42	1	0	1.0	0.0	7.574
PRGC2_RAT	291567	Ppargc1b	7.564	43	1	1	1.0	0.0	7.564
ADCY6_RAT	25289	Adcy6	7.554	44	1	1	1.0	0.0	7.554
ASGR2_RAT	29403	Asgr2	7.554	44	1	0	1.0	0.0	7.554
ADCY3_RAT	64508	Adcy3	7.554	44	1	0	1.0	0.0	7.554
MAGT1_RAT	116967	Magt1	7.554	44	1	0	1.0	0.0	7.554
PROK2_RAT	192206	Prok2	7.554	44	1	2	1.0	0.0	7.554
Z354A_RAT	24522	Znf354a	7.544	45	1	0	1.0	0.0	7.544
ACM2_RAT	81645	Chrm2	7.544	45	1	0	1.0	0.0	7.544
TPO_RAT	81811	Thpo	7.544	45	1	0	1.0	0.0	7.544
TGON3_RAT	192152	Ttgn1	7.544	45	1	0	1.0	0.0	7.544
VATE1_RAT	297566	Atp6v1e1	7.544	45	1	0	1.0	0.0	7.544
MP2K7_RAT	363855	Map2k7	7.544	45	1	1	1.0	0.0	7.544
Q6SA19_RAT	500959	LOC500959	7.544	45	1	0	1.0	0.0	7.544
FGF9_RAT	25444	Fgf9	7.534	46	1	0	1.0	0.0	7.534
PF2R_RAT	25652	Ptgfr	7.534	46	1	0	1.0	0.0	7.534
INHA_RAT	24504	Inha	7.525	47	1	0	1.0	0.0	7.525
ACM4_RAT	25111	Chrm4	7.525	47	1	0	1.0	0.0	7.525
G3V6E0_RAT	25480	Mip	7.516	48	1	1	1.0	0.0	7.516
KCIP2_RAT	56817	Kcnip2	7.507	49	1	1	1.0	0.0	7.507
DCMC_RAT	85239	Mlycd	7.507	49	1	0	1.0	0.0	7.507
Q499P2_RAT	299732	Lta4h	7.507	49	1	0	1.0	0.0	7.507
DLL4_RAT	311332	Dll4	7.507	49	1	1	1.0	0.0	7.507
PO3F4_RAT	29589	Pou3f4	7.498	50	1	0	1.0	0.0	7.498
TRIB3_RAT	246273	Trib3	7.498	50	1	3	1.0	0.0	7.498
PGK1_RAT	24644	Pgk1	7.489	51	1	0	1.0	0.0	7.489
P2RX7_RAT	29665	P2rx7	7.489	51	1	0	1.0	0.0	7.489
Q6P6R6_RAT	56083	Tgm2	7.489	51	1	3	1.0	0.0	7.489
BRCA1_RAT	497672	Brca1	7.489	51	1	0	1.0	0.0	7.489
B0BN74_RAT	690038	Bag2	7.489	51	1	0	1.0	0.0	7.489
AAPK1_RAT	65248	Prkaa1	7.473	53	1	2	1.0	0.0	7.473
Q80ZF4_RAT	289014	Mapkapk2	7.473	53	1	0	1.0	0.0	7.473
PI2R_RAT	292661	Ptgir	7.473	53	1	0	1.0	0.0	7.473
S28A1_RAT	116642	Slc28a1	7.465	54	1	0	1.0	0.0	7.465
COX2_RAT	26198	Mtco2	7.461	2899	2	0	1.301	0.0	5.734
Q5U328_RAT	25135	Ncl	7.449	56	1	0	1.0	0.0	7.449
DPYS_RAT	65135	Dpys	7.449	56	1	0	1.0	0.0	7.449
MMP9_RAT	81687	Mmp9	7.447	2972	2	4	1.301	0.0	5.724
Q68G40_RAT	83790	Cyp2c23	7.441	57	1	2	1.0	0.0	7.441
ARBK2_RAT	25372	Grk3	7.434	58	1	1	1.0	0.0	7.434
Q9JK59_RAT	116502	Bak1	7.434	58	1	0	1.0	0.0	7.434
E2AK2_RAT	54287	Eif2ak2	7.426	59	1	0	1.0	0.0	7.426
A0A096MJ09_RAT	499497	Mef2c	7.426	59	1	0	1.0	0.0	7.426
F16P1_RAT	24362	Fbp1	7.419	60	1	0	1.0	0.0	7.419
MYLK3_RAT	291926	Mylk3	7.412	61	1	0	1.0	0.0	7.412
D3ZS29_RAT	414065	Nanog	7.412	61	1	0	1.0	0.0	7.412
D3ZV15_RAT	500985	Cbl	7.412	61	1	0	1.0	0.0	7.412
ASGR1_RAT	24210	Asgr1	7.405	62	1	1	1.0	0.0	7.405
PDE3B_RAT	29516	Pde3b	7.405	62	1	1	1.0	0.0	7.405
UR2R_RAT	57305	Uts2r	7.405	62	1	0	1.0	0.0	7.405
Q8VI80_RAT	170580	Fgf21	7.398	63	1	3	1.0	0.0	7.398
NSMA_RAT	83537	Smpd2	7.391	64	1	0	1.0	0.0	7.391
KCRM_RAT	24265	Ckm	7.384	65	1	0	1.0	0.0	7.384
ADA2B_RAT	24174	Adra2b	7.377	66	1	0	1.0	0.0	7.377
SARCO_RAT	367086	Sln	7.377	66	1	1	1.0	0.0	7.377
PRDX2_RAT	29338	Prdx2	7.371	67	1	0	1.0	0.0	7.371
CTR2_RAT	64554	Slc7a2	7.371	67	1	0	1.0	0.0	7.371
F16P2_RAT	114508	Fbp2	7.371	67	1	0	1.0	0.0	7.371
AAGAB_RAT	171435	Aagab	7.371	67	1	0	1.0	0.0	7.371
Q8R2E7_RAT	266610	Fadd	7.371	67	1	0	1.0	0.0	7.371
SAP_RAT	25524	Psap	7.364	68	1	0	1.0	0.0	7.364
PPCE_RAT	83471	Prep	7.364	68	1	0	1.0	0.0	7.364
ST2A1_RAT	24912	St2a1	7.352	70	1	0	1.0	0.0	7.352
FKB1A_RAT	25639	Fkbp1a	7.352	70	1	0	1.0	0.0	7.352
DPP2_RAT	83799	Dpp7	7.352	70	1	0	1.0	0.0	7.352
LANC1_RAT	114515	Lancl1	7.346	71	1	0	1.0	0.0	7.346
SVS4_RAT	24802	Svs4	7.34	72	1	0	1.0	0.0	7.34
B3AT_RAT	24779	Slc4a1	7.334	73	1	0	1.0	0.0	7.334
RGS2_RAT	84583	Rgs2	7.334	73	1	1	1.0	0.0	7.334
FPPS_RAT	83791	Fdps	7.328	74	1	0	1.0	0.0	7.328
LAMP2_RAT	24944	Lamp2	7.322	75	1	1	1.0	0.0	7.322
FGF10_RAT	25443	Fgf10	7.322	75	1	0	1.0	0.0	7.322
PGS2_RAT	29139	Dcn	7.322	75	1	0	1.0	0.0	7.322
RGS4_RAT	29480	Rgs4	7.322	75	1	1	1.0	0.0	7.322
GNAI2_RAT	81664	Gnai2	7.322	75	1	0	1.0	0.0	7.322
GPAT1_RAT	29653	Gpam	7.316	76	1	0	1.0	0.0	7.316
F1MA87_RAT	114483	Cdk6	7.316	76	1	1	1.0	0.0	7.316
PRDX1_RAT	117254	Prdx1	7.316	76	1	1	1.0	0.0	7.316
FST_RAT	24373	Fst	7.31	77	1	0	1.0	0.0	7.31
ECP_RAT	192264	Rnase3	7.31	77	1	0	1.0	0.0	7.31
LYAG_RAT	367562	Gaa	7.31	77	1	0	1.0	0.0	7.31
COQ9_RAT	498909	Coq9	7.305	78	1	0	1.0	0.0	7.305
G3V933_RAT	24316	Drd1	7.294	80	1	0	1.0	0.0	7.294
AT2B1_RAT	29598	Atp2b1	7.294	80	1	0	1.0	0.0	7.294
XPO1_RAT	85252	Xpo1	7.294	80	1	0	1.0	0.0	7.294
SRR_RAT	303306	Srr	7.294	80	1	0	1.0	0.0	7.294
D4A3Q3_RAT	313929	Ncoa1	7.294	80	1	0	1.0	0.0	7.294
ARLY_RAT	59085	Asl	7.288	81	1	0	1.0	0.0	7.288
A0A0G2K6S9_RAT	24582	Myh11	7.283	82	1	0	1.0	0.0	7.283
GABR1_RAT	81657	Gabbr1	7.283	82	1	0	1.0	0.0	7.283
SPHK1_RAT	170897	Sphk1	7.283	82	1	3	1.0	0.0	7.283
KLK7_RAT	24523	Klk7	7.278	83	1	0	1.0	0.0	7.278
Q923V7_RAT	114505	Klf4	7.278	83	1	3	1.0	0.0	7.278
LCAP_RAT	171105	Lnpep	7.278	83	1	1	1.0	0.0	7.278
CRCM1_RAT	304496	Orai1	7.278	83	1	7	1.0	0.0	7.278
F1M953_RAT	291671	Hspa9	7.273	84	1	1	1.0	0.0	7.273
CAN8_RAT	170808	Capn8	7.268	85	1	0	1.0	0.0	7.268
HEM6_RAT	304024	Cpox	7.268	85	1	2	1.0	0.0	7.268
PLXA3_RAT	309280	Plxna3	7.262	86	1	0	1.0	0.0	7.262
NTCP2_RAT	29500	Slc10a2	7.257	87	1	0	1.0	0.0	7.257
S40A1_RAT	170840	Slc40a1	7.257	87	1	0	1.0	0.0	7.257
SPA3K_RAT	24794	Serpina3k	7.252	88	1	0	1.0	0.0	7.252
TNR6_RAT	246097	Fas	7.252	88	1	1	1.0	0.0	7.252
TERT_RAT	301965	Tert	7.243	90	1	1	1.0	0.0	7.243
D4A5F1_RAT	498328	Pkd2	7.243	90	1	0	1.0	0.0	7.243
LPAR1_RAT	116744	Lpar1	7.238	91	1	0	1.0	0.0	7.238
ILK_RAT	170922	Ilk	7.238	91	1	1	1.0	0.0	7.238
Q66HT1_RAT	24190	Aldob	7.228	93	1	3	1.0	0.0	7.228
SAST_RAT	64669	Olah	7.228	93	1	0	1.0	0.0	7.228
AMRP_RAT	116565	Lrpap1	7.228	93	1	0	1.0	0.0	7.228
PHB_RAT	25344	Phb	7.224	94	1	2	1.0	0.0	7.224
A8IRI0_RAT	100126231	Mln	7.224	94	1	0	1.0	0.0	7.224
DHB3_RAT	117182	Hsd17b3	7.219	95	1	1	1.0	0.0	7.219
PARK7_RAT	117287	Park7	7.215	96	1	0	1.0	0.0	7.215
AGRIN_RAT	25592	Agrn	7.21	97	1	1	1.0	0.0	7.21
Q3MID7_RAT	29469	Lbp	7.206	98	1	0	1.0	0.0	7.206
SQSTM_RAT	113894	Sqstm1	7.206	98	1	0	1.0	0.0	7.206
Q5XIS0_RAT	365601	Atg5	7.201	99	1	1	1.0	0.0	7.201
Q5U330_RAT	497757	Gucy1a3	7.201	99	1	0	1.0	0.0	7.201
HSP74_RAT	266759	Hspa4	7.197	100	1	0	1.0	0.0	7.197
KCNN3_RAT	54263	Kcnn3	7.188	102	1	0	1.0	0.0	7.188
VEGFC_RAT	114111	Vegfc	7.188	102	1	0	1.0	0.0	7.188
ADK_RAT	25368	Adk	7.184	103	1	0	1.0	0.0	7.184
Q6IRL2_RAT	64476	LOC100911485	7.184	103	1	5	1.0	0.0	7.184
E2F1_RAT	399489	E2f1	7.184	103	1	0	1.0	0.0	7.184
SDC1_RAT	25216	Sdc1	7.176	105	1	1	1.0	0.0	7.176
GRIK5_RAT	24407	Grik5	7.168	107	1	0	1.0	0.0	7.168
OLR1_RAT	140914	Olr1	7.168	107	1	0	1.0	0.0	7.168
Q6AZ23_RAT	83584	Casp6	7.164	108	1	1	1.0	0.0	7.164
ARNT_RAT	25242	Arnt	7.152	111	1	1	1.0	0.0	7.152
STX1A_RAT	116470	Stx1a	7.152	111	1	0	1.0	0.0	7.152
AMD_RAT	25508	Pam	7.148	112	1	0	1.0	0.0	7.148
GLSK_RAT	24398	Gls	7.144	113	1	0	1.0	0.0	7.144
LITH_RAT	24714	Reg1	7.144	113	1	0	1.0	0.0	7.144
CXCR2_RAT	29385	Cxcr2	7.14	114	1	1	1.0	0.0	7.14
EPAS1_RAT	29452	Epas1	7.136	115	1	0	1.0	0.0	7.136
LEG1_RAT	56646	Lgals1	7.133	116	1	0	1.0	0.0	7.133
OPRM_RAT	25601	Oprm1	7.125	118	1	0	1.0	0.0	7.125
CASP2_RAT	64314	Casp2	7.118	120	1	0	1.0	0.0	7.118
APEX1_RAT	79116	Apex1	7.118	120	1	0	1.0	0.0	7.118
ATF2_RAT	81647	Atf2	7.111	122	1	1	1.0	0.0	7.111
CALCR_RAT	116506	Calcr	7.107	123	1	0	1.0	0.0	7.107
D3ZHH8_RAT	501099	Srf	7.107	123	1	0	1.0	0.0	7.107
CAH3_RAT	54232	Ca3	7.104	5444	2	0	1.301	0.0	5.461
BASI_RAT	25246	Bsg	7.1	125	1	1	1.0	0.0	7.1
BMP6_RAT	25644	Bmp6	7.097	126	1	0	1.0	0.0	7.097
D3ZKD9_RAT	29477	Mapt	7.097	126	1	1	1.0	0.0	7.097
F1LM37_RAT	117855	Sf1	7.097	126	1	0	1.0	0.0	7.097
G3V9P7_RAT	29424	Htt	7.09	128	1	0	1.0	0.0	7.09
RAMP2_RAT	58966	Ramp2	7.09	128	1	0	1.0	0.0	7.09
IFNB_RAT	24481	Ifnb1	7.086	129	1	0	1.0	0.0	7.086
HCN2_RAT	114244	Hcn2	7.086	129	1	0	1.0	0.0	7.086
ETS1_RAT	24356	Ets1	7.083	130	1	0	1.0	0.0	7.083
G3V8U2_RAT	117519	Keap1	7.083	130	1	0	1.0	0.0	7.083
GALR1_RAT	50577	Galr1	7.073	133	1	0	1.0	0.0	7.073
COTL1_RAT	361422	Cotl1	7.073	133	1	0	1.0	0.0	7.073
NPY5R_RAT	25340	Npy5r	7.07	134	1	1	1.0	0.0	7.07
OXDA_RAT	114027	Dao	7.067	135	1	0	1.0	0.0	7.067
LYOX_RAT	24914	Lox	7.063	136	1	1	1.0	0.0	7.063
TSHR_RAT	25360	Tshr	7.063	136	1	0	1.0	0.0	7.063
MAP2_RAT	64370	Metap2	7.063	136	1	0	1.0	0.0	7.063
FADS1_RAT	84575	Fads1	7.057	138	1	0	1.0	0.0	7.057
METK1_RAT	25331	Mat1a	7.051	140	1	0	1.0	0.0	7.051
CRGE_RAT	24279	Cryge	7.048	141	1	0	1.0	0.0	7.048
AATC_RAT	24401	Got1	7.048	141	1	1	1.0	0.0	7.048
NUCB2_RAT	59295	Nucb2	7.036	145	1	1	1.0	0.0	7.036
PTN11_RAT	25622	Ptpn11	7.033	146	1	0	1.0	0.0	7.033
5HT2B_RAT	29581	Htr2b	7.03	147	1	0	1.0	0.0	7.03
KPCD_RAT	170538	Prkcd	7.03	147	1	3	1.0	0.0	7.03
ROCK1_RAT	81762	Rock1	7.024	149	1	1	1.0	0.0	7.024
GCH1_RAT	29244	Gch1	7.021	150	1	1	1.0	0.0	7.021
KPCE_RAT	29340	Prkce	7.021	150	1	1	1.0	0.0	7.021
KCRB_RAT	24264	Ckb	7.018	151	1	0	1.0	0.0	7.018
ST1A1_RAT	83783	Sult1a1	7.018	151	1	0	1.0	0.0	7.018
TNR1B_RAT	156767	Tnfrsf1b	7.015	152	1	0	1.0	0.0	7.015
MK09_RAT	50658	Mapk9	7.012	153	1	0	1.0	0.0	7.012
NMU_RAT	63887	Nmu	7.009	154	1	0	1.0	0.0	7.009
CP1B1_RAT	25426	Cyp1b1	7.004	156	1	0	1.0	0.0	7.004
SPTN1_RAT	64159	Sptan1	7.004	156	1	0	1.0	0.0	7.004
PSN1_RAT	29192	Psen1	7.001	157	1	0	1.0	0.0	7.001
ARGI2_RAT	29215	Arg2	6.998	158	1	0	1.0	0.0	6.998
ANGP2_RAT	89805	Angpt2	6.996	159	1	0	1.0	0.0	6.996
PLCB1_RAT	24654	Plcb1	6.987	162	1	0	1.0	0.0	6.987
GRIK1_RAT	29559	Grik1	6.982	164	1	0	1.0	0.0	6.982
XIAP_RAT	63879	Xiap	6.977	166	1	0	1.0	0.0	6.977
Q99ND3_RAT	25682	Ppard	6.969	169	1	1	1.0	0.0	6.969
CACP_RAT	311849	Crat	6.967	170	1	0	1.0	0.0	6.967
ADA2A_RAT	25083	Adra2a	6.964	171	1	0	1.0	0.0	6.964
ERBB4_RAT	59323	Erbb4	6.964	171	1	3	1.0	0.0	6.964
PGFRA_RAT	25267	Pdgfra	6.959	173	1	0	1.0	0.0	6.959
PLCB2_RAT	85240	Plcb2	6.959	173	1	0	1.0	0.0	6.959
GRIK2_RAT	54257	Grik2	6.956	174	1	1	1.0	0.0	6.956
DHI2_RAT	25117	Hsd11b2	6.951	176	1	0	1.0	0.0	6.951
CXA5_RAT	50563	Gja5	6.951	176	1	1	1.0	0.0	6.951
Q6T5F2_RAT	396527	Ugt1a2	6.951	176	1	0	1.0	0.0	6.951
TFAM_RAT	83474	Tfam	6.949	177	1	0	1.0	0.0	6.949
D4A543_RAT	499593	Sox2	6.949	177	1	0	1.0	0.0	6.949
G3V8F8_RAT	25491	Nes	6.947	178	1	0	1.0	0.0	6.947
NR1I2_RAT	84385	Nr1i2	6.947	178	1	1	1.0	0.0	6.947
NR1H4_RAT	60351	Nr1h4	6.944	179	1	2	1.0	0.0	6.944
B1WC04_RAT	312195	Nrf1	6.942	180	1	1	1.0	0.0	6.942
PAHO_RAT	24677	Ppy	6.937	182	1	0	1.0	0.0	6.937
TRPM8_RAT	171384	Trpm8	6.935	183	1	3	1.0	0.0	6.935
S10AA_RAT	81778	S100a10	6.927	186	1	0	1.0	0.0	6.927
SMAD4_RAT	50554	Smad4	6.918	190	1	0	1.0	0.0	6.918
Q63116_RAT	64030	Kit	6.916	191	1	0	1.0	0.0	6.916
GRZ2_RAT	54269	Mcpt10	6.914	192	1	0	1.0	0.0	6.914
SCN8A_RAT	29710	Scn8a	6.9	198	1	1	1.0	0.0	6.9
H9BFG4_RAT	25205	Il6st	6.898	199	1	1	1.0	0.0	6.898
HBEGF_RAT	25433	Hbegf	6.896	200	1	0	1.0	0.0	6.896
RET4_RAT	25703	Rbp4	6.892	202	1	2	1.0	0.0	6.892
GGTA1_RAT	246766	Ggta1	6.892	202	1	0	1.0	0.0	6.892
PDIA1_RAT	25506	P4hb	6.889	203	1	5	1.0	0.0	6.889
ARGI1_RAT	29221	Arg1	6.881	207	1	0	1.0	0.0	6.881
D3ZBQ1_RAT	294515	Foxo3	6.875	210	1	1	1.0	0.0	6.875
Q6IN10_RAT	94204	Ece1	6.873	211	1	0	1.0	0.0	6.873
Q6MFX9_RAT	24558	Mog	6.869	213	1	0	1.0	0.0	6.869
MAG_RAT	29409	Mag	6.869	213	1	0	1.0	0.0	6.869
RL4_RAT	64302	Rpl4	6.867	214	1	0	1.0	0.0	6.867
Q5EB99_RAT	293989	Cyp2c6v1	6.863	216	1	0	1.0	0.0	6.863
SGMR1_RAT	29336	Sigmar1	6.858	218	1	0	1.0	0.0	6.858
SPRC_RAT	24791	Sparc	6.849	223	1	0	1.0	0.0	6.849
FADS2_RAT	83512	Fads2	6.849	223	1	0	1.0	0.0	6.849
IKKB_RAT	84351	Ikbkb	6.849	223	1	2	1.0	0.0	6.849
ATF3_RAT	25389	Atf3	6.847	224	1	0	1.0	0.0	6.847
NK2R_RAT	25007	Tacr2	6.845	225	1	0	1.0	0.0	6.845
VACHT_RAT	60422	Slc18a3	6.839	228	1	0	1.0	0.0	6.839
CXL10_RAT	245920	Cxcl10	6.837	229	1	0	1.0	0.0	6.837
PE2R3_RAT	24929	Ptger3	6.835	230	1	0	1.0	0.0	6.835
Q71SA3_RAT	445442	Thbs1	6.831	232	1	2	1.0	0.0	6.831
NEC1_RAT	25204	Pcsk1	6.83	233	1	0	1.0	0.0	6.83
D3ZAB1_RAT	301034	Ltf	6.826	235	1	2	1.0	0.0	6.826
ODBA_RAT	25244	Bckdha	6.824	236	1	0	1.0	0.0	6.824
ANXA3_RAT	25291	Anxa3	6.824	236	1	0	1.0	0.0	6.824
NK3R_RAT	24808	Tacr3	6.822	237	1	0	1.0	0.0	6.822
RTN4_RAT	83765	Rtn4	6.811	243	1	2	1.0	0.0	6.811
SCNNG_RAT	24768	Scnn1g	6.81	244	1	0	1.0	0.0	6.81
PDGFA_RAT	25266	Pdgfa	6.806	246	1	0	1.0	0.0	6.806
CO4_RAT	24233	C4	6.801	249	1	0	1.0	0.0	6.801
PA2GA_RAT	29692	Pla2g2a	6.796	252	1	0	1.0	0.0	6.796
LAT1_RAT	50719	Slc7a5	6.794	253	1	0	1.0	0.0	6.794
VINC_RAT	305679	Vcl	6.789	256	1	0	1.0	0.0	6.789
G3V771_RAT	24324	Edn2	6.774	265	1	0	1.0	0.0	6.774
ITPR1_RAT	25262	Itpr1	6.759	274	1	0	1.0	0.0	6.759
Q63762_RAT	29259	Sell	6.759	274	1	0	1.0	0.0	6.759
ACOD1_RAT	246074	Scd1	6.758	275	1	0	1.0	0.0	6.758
Q5M895_RAT	24538	Lipc	6.751	279	1	0	1.0	0.0	6.751
SC5A1_RAT	25552	Slc5a1	6.748	281	1	1	1.0	0.0	6.748
CO6_RAT	24237	C6	6.745	283	1	0	1.0	0.0	6.745
ACLY_RAT	24159	Acly	6.739	287	1	0	1.0	0.0	6.739
T23O_RAT	64206	Tdo2	6.732	292	1	0	1.0	0.0	6.732
PER2_RAT	63840	Per2	6.727	295	1	0	1.0	0.0	6.727
NTRK3_RAT	29613	Ntrk3	6.718	301	1	1	1.0	0.0	6.718
FOXO1_RAT	84482	Foxo1	6.717	302	1	1	1.0	0.0	6.717
G3P_RAT	24383	Gapdh	6.713	305	1	0	1.0	0.0	6.713
FGFR1_RAT	79114	Fgfr1	6.707	309	1	0	1.0	0.0	6.707
LYAM2_RAT	25544	Sele	6.704	311	1	0	1.0	0.0	6.704
CEBPA_RAT	24252	Cebpa	6.697	316	1	0	1.0	0.0	6.697
IBP4_RAT	360622	Igfbp4	6.697	316	1	1	1.0	0.0	6.697
CFTR_RAT	24255	Cftr	6.693	319	1	0	1.0	0.0	6.693
O54857_RAT	50557	Pten	6.688	323	1	0	1.0	0.0	6.688
D4Q8I2_RAT	317382	Foxp3	6.686	324	1	0	1.0	0.0	6.686
ARRS_RAT	25539	Sag	6.685	325	1	0	1.0	0.0	6.685
S6A12_RAT	50676	Slc6a12	6.678	330	1	0	1.0	0.0	6.678
Q9R2C9_RAT	24497	Il5	6.677	331	1	0	1.0	0.0	6.677
HRH1_RAT	24448	Hrh1	6.669	337	1	0	1.0	0.0	6.669
Q3KR76_RAT	25619	Plau	6.659	345	1	0	1.0	0.0	6.659
STAR_RAT	25557	Star	6.657	347	1	0	1.0	0.0	6.657
SHBG_RAT	24775	Shbg	6.642	359	1	0	1.0	0.0	6.642
VGLU1_RAT	116638	Slc17a7	6.642	359	1	0	1.0	0.0	6.642
RAF1_RAT	24703	Raf1	6.631	368	1	2	1.0	0.0	6.631
Q64315_RAT	114851	Cdkn1a	6.628	371	1	0	1.0	0.0	6.628
Q6MG98_RAT	294269	RT1-Da	6.628	371	1	0	1.0	0.0	6.628
P2RY1_RAT	25265	P2ry1	6.626	372	1	0	1.0	0.0	6.626
UCP3_RAT	25708	Ucp3	6.623	375	1	0	1.0	0.0	6.623
AL3A1_RAT	25375	Aldh3a1	6.622	376	1	0	1.0	0.0	6.622
GSH1_RAT	25283	Gclc	6.616	381	1	0	1.0	0.0	6.616
PER1_RAT	287422	Per1	6.611	385	1	1	1.0	0.0	6.611
F1LM22_RAT	24862	Ugt2b	6.607	389	1	0	1.0	0.0	6.607
Q4V8J0_RAT	24257	Cgm4	6.603	393	1	1	1.0	0.0	6.603
Q6IRF5_RAT	24653	Pla2g4a	6.603	393	1	0	1.0	0.0	6.603
Q6YGU2_RAT	310553	Tlr2	6.586	408	1	0	1.0	0.0	6.586
CN37_RAT	25275	Cnp	6.577	417	1	0	1.0	0.0	6.577
GHR_RAT	25235	Ghr	6.57	424	1	0	1.0	0.0	6.57
RB_RAT	24708	Rb1	6.563	430	1	0	1.0	0.0	6.563
OPSD_RAT	24717	Rho	6.533	461	1	0	1.0	0.0	6.533
Q8VD47_RAT	60628	Cxcr4	6.527	468	1	0	1.0	0.0	6.527
PYY_RAT	287730	Pyy	6.526	469	1	0	1.0	0.0	6.526
A9CMC8_RAT	116569	Lct	6.519	476	1	0	1.0	0.0	6.519
RASH_RAT	293621	Hras	6.517	478	1	1	1.0	0.0	6.517
SLC31_RAT	29484	Slc3a1	6.513	483	1	0	1.0	0.0	6.513
Q66HK3_RAT	24693	Ptgs1	6.505	492	1	1	1.0	0.0	6.505
SFTPA_RAT	24773	Sftpa1	6.501	496	1	0	1.0	0.0	6.501
Q9ER28_RAT	66021	Cybb	6.495	503	1	2	1.0	0.0	6.495
5HT2C_RAT	25187	Htr2c	6.492	507	1	0	1.0	0.0	6.492
G3V7M4_RAT	301289	Il17a	6.49	509	1	2	1.0	0.0	6.49
FGF1_RAT	25317	Fgf1	6.483	517	1	0	1.0	0.0	6.483
VDR_RAT	24873	Vdr	6.478	523	1	1	1.0	0.0	6.478
CD44_RAT	25406	Cd44	6.469	535	1	0	1.0	0.0	6.469
IL1RA_RAT	60582	Il1rn	6.469	535	1	0	1.0	0.0	6.469
CAH4_RAT	29242	Ca4	6.459	547	1	0	1.0	0.0	6.459
SYN1_RAT	24949	Syn1	6.457	550	1	0	1.0	0.0	6.457
DCE1_RAT	24379	Gad1	6.448	561	1	0	1.0	0.0	6.448
EAA1_RAT	29483	Slc1a3	6.446	563	1	0	1.0	0.0	6.446
AQP2_RAT	25386	Aqp2	6.444	566	1	0	1.0	0.0	6.444
ENOG_RAT	24334	Eno2	6.429	586	1	0	1.0	0.0	6.429
IL18_RAT	29197	Il18	6.417	602	1	2	1.0	0.0	6.417
ODO2_RAT	299201	Dlst	6.404	621	1	0	1.0	0.0	6.404
LYAM3_RAT	25651	Selp	6.4	626	1	0	1.0	0.0	6.4
INS1_RAT	24505	Ins1	6.396	632	1	1	1.0	0.0	6.396
SMAD2_RAT	29357	Smad2	6.392	638	1	2	1.0	0.0	6.392
PDLI3_RAT	114108	Pdlim3	6.389	643	1	0	1.0	0.0	6.389
DNAS1_RAT	25633	Dnase1	6.381	654	1	0	1.0	0.0	6.381
GROA_RAT	81503	Cxcl1	6.379	658	1	3	1.0	0.0	6.379
EAA2_RAT	29482	Slc1a2	6.372	668	1	1	1.0	0.0	6.372
APOB_RAT	54225	Apob	6.366	678	1	0	1.0	0.0	6.366
G3V6M2_RAT	25690	Ahr	6.35	703	1	0	1.0	0.0	6.35
CP2CB_RAT	29277	Cyp2c11	6.341	717	1	5	1.0	0.0	6.341
CTGF_RAT	64032	Ctgf	6.328	740	1	1	1.0	0.0	6.328
PCKGC_RAT	362282	Pck1	6.326	743	1	0	1.0	0.0	6.326
ACTB_RAT	81822	Actb	6.321	752	1	0	1.0	0.0	6.321
SC6A3_RAT	24898	Slc6a3	6.315	762	1	0	1.0	0.0	6.315
APOE_RAT	25728	Apoe	6.294	799	1	3	1.0	0.0	6.294
SMAD3_RAT	25631	Smad3	6.289	808	1	0	1.0	0.0	6.289
DPP4_RAT	25253	Dpp4	6.279	828	1	0	1.0	0.0	6.279
CASP8_RAT	64044	Casp8	6.263	859	1	0	1.0	0.0	6.263
Q8CJF2_RAT	170509	Cyp3a62	6.251	882	1	0	1.0	0.0	6.251
ALAT1_RAT	81670	Gpt	6.25	884	1	0	1.0	0.0	6.25
HMDH_RAT	25675	Hmgcr	6.195	1003	1	0	1.0	0.0	6.195
SRC_RAT	83805	Src	6.181	1037	1	0	1.0	0.0	6.181
B2GV28_RAT	24300	Cyp2b1	6.169	1065	1	0	1.0	0.0	6.169
CCND1_RAT	58919	Ccnd1	6.133	1157	1	0	1.0	0.0	6.133
NTRK2_RAT	25054	Ntrk2	6.13	1166	1	0	1.0	0.0	6.13
SMS_RAT	24797	Sst	6.079	1312	1	0	1.0	0.0	6.079
Q9JHK1_RAT	58918	Casp9	6.062	1365	1	0	1.0	0.0	6.062
STAT3_RAT	25125	Stat3	6.044	1420	1	0	1.0	0.0	6.044
NMDE2_RAT	24410	Grin2b	6.037	1445	1	0	1.0	0.0	6.037
G6PC_RAT	25634	G6pc	5.977	1660	1	0	1.0	0.0	5.977
GAST_RAT	25320	Gast	5.916	1908	1	0	1.0	0.0	5.916
OSTCN_RAT	25295	Bglap	5.898	1988	1	0	1.0	0.0	5.898
CREB1_RAT	81646	Creb1	5.898	1988	1	0	1.0	0.0	5.898
MBP_RAT	24547	Mbp	5.869	2126	1	0	1.0	0.0	5.869
GON1_RAT	25194	Gnrh1	5.665	3398	1	0	1.0	0.0	5.665
PRL_RAT	24683	Prl	5.608	3879	1	0	1.0	0.0	5.608
IL10_RAT	25325	Il10	5.606	3898	1	0	1.0	0.0	5.606
