Big_T	7093
Big_F	1656734
UniProtKB_ID	GeneID	Gene_Name	PPS	Big_P	T+P	Citation	1+Log(T+P)	log10((Cit/yr+1)/10)	1+log10(F/T)+log10(F/P)
IAPP_RAT	24476	Iapp	22.438	638	37	54	2.568	0.74	6.782
G3V843_RAT	29251	F2	19.435	1663	113	4	3.053	0.0	6.366
SYUA_RAT	29219	Snca	19.035	214	20	20	2.301	0.322	7.256
KSYK_RAT	25155	Syk	16.997	214	22	9	2.342	0.0	7.256
A4_RAT	54226	App	16.506	1522	27	13	2.431	0.146	6.404
F1M957_RAT	116669	Vwf	15.552	411	17	4	2.23	0.0	6.973
LYAM3_RAT	25651	Selp	15.473	626	19	0	2.279	0.0	6.79
ACHA2_RAT	170945	Chrna2	15.262	1033	21	1	2.322	0.0	6.572
P2RY1_RAT	25265	P2ry1	15.057	372	14	3	2.146	0.0	7.016
P2Y12_RAT	64803	P2ry12	15.026	79	9	1	1.954	0.0	7.689
SFTPD_RAT	25350	Sftpd	15.001	173	10	10	2.0	0.041	7.349
GSTA3_RAT	24421	Gsta3	14.961	181	11	0	2.041	0.0	7.329
F1LST1_RAT	25661	Fn1	14.876	3505	29	4	2.462	0.0	6.041
AGRIN_RAT	25592	Agrn	14.852	97	9	4	1.954	0.0	7.6
PAI1_RAT	24617	Serpine1	14.834	862	17	2	2.23	0.0	6.651
TPA_RAT	25692	Plat	14.683	841	16	0	2.204	0.0	6.662
SFTPA_RAT	24773	Sftpa1	14.567	496	13	0	2.114	0.0	6.891
Q5U324_RAT	25439	F2r	14.32	373	11	1	2.041	0.0	7.015
PAR4_RAT	116498	F2rl3	14.272	71	7	7	1.845	0.0	7.735
Q5BKB0_RAT	24494	Il1b	14.156	11144	30	11	2.477	0.079	5.538
GNDS_RAT	29622	Ralgds	13.952	55	6	1	1.778	0.0	7.846
TA2R_RAT	24816	Tbxa2r	13.944	107	7	0	1.845	0.0	7.557
THY1_RAT	24832	Thy1	13.917	1007	13	1	2.114	0.0	6.584
TNFA_RAT	24835	Tnf	13.866	18872	41	8	2.613	0.0	5.307
NCAM1_RAT	24586	Ncam1	13.833	646	11	2	2.041	0.0	6.776
PA21B_RAT	29526	Pla2g1b	13.784	2150	16	0	2.204	0.0	6.254
ANGT_RAT	24179	Agt	13.661	14480	33	2	2.519	0.0	5.424
LYN_RAT	81515	Lyn	13.626	159	7	1	1.845	0.0	7.385
AKT1_RAT	24185	Akt1	13.602	4730	20	7	2.301	0.0	5.911
ICAM1_RAT	25464	Icam1	13.566	2701	16	2	2.204	0.0	6.155
PAF15_RAT	300795	Pclaf	13.372	363	8	0	1.903	0.0	7.027
KLRG1_RAT	58975	Klrg1	13.274	20	4	0	1.602	0.0	8.286
MBP_RAT	24547	Mbp	13.231	2126	13	3	2.114	0.0	6.259
PTN6_RAT	116689	Ptpn6	13.185	67	5	1	1.699	0.0	7.761
MTAP2_RAT	25595	Map2	13.026	1185	10	4	2.0	0.0	6.513
EDN1_RAT	24323	Edn1	12.996	5741	17	0	2.23	0.0	5.827
F1LRZ7_RAT	24587	Nefh	12.947	202	6	0	1.778	0.0	7.281
Q5M7T5_RAT	304917	Serpinc1	12.789	248	6	0	1.778	0.0	7.192
CEAM1_RAT	81613	Ceacam1	12.786	249	6	0	1.778	0.0	7.19
Q66HK3_RAT	24693	Ptgs1	12.721	492	7	9	1.845	0.0	6.895
PTAFR_RAT	58949	Ptafr	12.713	127	5	0	1.699	0.0	7.483
GEPH_RAT	64845	Gphn	12.673	134	5	6	1.699	0.0	7.459
OSTP_RAT	25353	Spp1	12.654	1292	9	2	1.954	0.0	6.475
PI2R_RAT	292661	Ptgir	12.596	53	4	1	1.602	0.0	7.862
P2RX2_RAT	114115	P2rx2	12.575	327	6	1	1.778	0.0	7.072
RHOA_RAT	117273	Rhoa	12.562	968	8	2	1.903	0.0	6.601
IL6_RAT	24498	Il6	12.547	10505	18	3	2.255	0.0	5.563
MK08_RAT	116554	Mapk8	12.547	2054	10	6	2.0	0.0	6.274
A0A0G2JYQ6_RAT	290567	Chat	12.534	2084	10	2	2.0	0.0	6.267
NPY_RAT	24604	Npy	12.524	3653	12	0	2.079	0.0	6.023
PLF4_RAT	360918	Pf4	12.487	62	4	0	1.602	0.0	7.794
VCAM1_RAT	25361	Vcam1	12.476	668	7	0	1.845	0.0	6.762
CATA_RAT	24248	Cat	12.463	7234	15	6	2.176	0.0	5.727
BECN1_RAT	114558	Becn1	12.404	408	6	5	1.778	0.0	6.976
B5DEX4_RAT	361517	Vasp	12.354	75	4	2	1.602	0.0	7.712
ALBU_RAT	24186	Alb	12.304	1951	9	2	1.954	0.0	6.296
CP2G1_RAT	25251	Cyp2g1	12.275	6017	13	0	2.114	0.0	5.807
OGA_RAT	154968	Mgea5	12.264	871	7	1	1.845	0.0	6.647
PAF1_RAT	361531	Paf1	12.149	23	3	0	1.477	0.0	8.225
NEU2_RAT	24221	Avp	12.146	5549	12	3	2.079	0.0	5.842
ALDR_RAT	24192	Akr1b1	12.129	1030	7	5	1.845	0.0	6.574
NOS2_RAT	24599	Nos2	12.043	6210	12	1	2.079	0.0	5.792
DNAS1_RAT	25633	Dnase1	12.04	654	6	4	1.778	0.0	6.771
CADH2_RAT	83501	Cdh2	12.022	324	5	3	1.699	0.0	7.076
NOS3_RAT	24600	Nos3	11.899	1372	7	0	1.845	0.0	6.449
PTPRZ_RAT	25613	Ptprz1	11.898	34	3	3	1.477	0.0	8.055
BCL2_RAT	24224	Bcl2	11.863	5951	11	2	2.041	0.0	5.811
CAH1_RAT	310218	Ca1	11.839	11709	14	7	2.146	0.0	5.517
HMOX1_RAT	24451	Hmox1	11.728	2652	8	2	1.903	0.0	6.163
TTHY_RAT	24856	Ttr	11.722	186	4	0	1.602	0.0	7.317
TX101_RAT	207113	Tex101	11.689	4	2	0	1.301	0.0	8.985
TY3H_RAT	25085	Th	11.671	1823	7	7	1.845	0.0	6.325
PDIA1_RAT	25506	P4hb	11.662	203	4	2	1.602	0.0	7.279
HSP7C_RAT	24468	Hspa8	11.658	204	4	7	1.602	0.0	7.277
EPHB1_RAT	24338	Ephb1	11.625	3003	8	6	1.903	0.0	6.109
PTPRC_RAT	24699	Ptprc	11.603	572	5	2	1.699	0.0	6.829
ANXA1_RAT	25380	Anxa1	11.548	239	4	0	1.602	0.0	7.208
PLCG1_RAT	25738	Plcg1	11.531	245	4	1	1.602	0.0	7.197
FA12_RAT	306761	F12	11.523	61	3	1	1.477	0.0	7.801
PEX12_RAT	116718	Pex12	11.46	6	2	0	1.301	0.0	8.808
LOX5_RAT	25290	Alox5	11.44	713	5	0	1.699	0.0	6.733
GFAP_RAT	24387	Gfap	11.414	3872	8	1	1.903	0.0	5.998
CALCA_RAT	24241	Calca	11.383	4028	8	0	1.903	0.0	5.981
Q9JI30_RAT	25021	Itgam	11.302	860	5	1	1.699	0.0	6.652
PLS1_RAT	117540	Plscr1	11.298	8	2	1	1.301	0.0	8.684
P2RY6_RAT	117264	P2ry6	11.267	91	3	2	1.477	0.0	7.628
R9PXZ7_RAT	24796	Spn	11.226	97	3	0	1.477	0.0	7.6
PTGIS_RAT	25527	Ptgis	11.213	99	3	0	1.477	0.0	7.591
GCR_RAT	24413	Nr3c1	11.174	2004	6	0	1.778	0.0	6.284
GCYB2_RAT	25206	Gucy1b2	11.138	431	4	2	1.602	0.0	6.952
CASP3_RAT	25402	Casp3	11.069	8340	9	8	1.954	0.0	5.664
D3ZKD9_RAT	29477	Mapt	11.058	126	3	1	1.477	0.0	7.486
G3V9P7_RAT	29424	Htt	11.048	128	3	1	1.477	0.0	7.479
SYN1_RAT	24949	Syn1	10.968	550	4	2	1.602	0.0	6.846
Q6T5E8_RAT	154516	Ugt1a7c	10.951	149	3	0	1.477	0.0	7.413
UROM_RAT	25128	Umod	10.942	15	2	0	1.301	0.0	8.411
APOA1_RAT	25081	Apoa1	10.864	639	4	0	1.602	0.0	6.781
MK01_RAT	116590	Mapk1	10.86	5012	7	6	1.845	0.0	5.886
HSPB8_RAT	113906	Hspb8	10.839	18	2	2	1.301	0.0	8.331
Q66HI4_RAT	25584	F3	10.833	179	3	0	1.477	0.0	7.334
CXA1_RAT	24392	Gja1	10.821	1649	5	1	1.699	0.0	6.369
BDNF_RAT	24225	Bdnf	10.815	5296	7	3	1.845	0.0	5.862
ATX3_RAT	60331	Atxn3	10.809	19	2	1	1.301	0.0	8.308
IFNG_RAT	25712	Ifng	10.798	3264	6	1	1.778	0.0	6.072
Q8VBU7_RAT	24176	Adrb2	10.778	723	4	0	1.602	0.0	6.727
EPO_RAT	24335	Epo	10.772	1761	5	1	1.699	0.0	6.34
MCPT1_RAT	100360872	Mcpt1	10.743	760	4	1	1.602	0.0	6.706
SC6A3_RAT	24898	Slc6a3	10.741	762	4	0	1.602	0.0	6.705
APOE_RAT	25728	Apoe	10.708	799	4	0	1.602	0.0	6.684
CCL2_RAT	24770	Ccl2	10.688	1975	5	1	1.699	0.0	6.291
TRFE_RAT	24825	Tf	10.673	2014	5	0	1.699	0.0	6.282
G3V6V3_RAT	24826	Tg	10.669	231	3	0	1.477	0.0	7.223
PENK_RAT	29237	Penk	10.658	3914	6	0	1.778	0.0	5.994
A1AG_RAT	24614	Orm1	10.642	241	3	0	1.477	0.0	7.205
D2KX21_RAT	288025	Hrasls	10.642	241	3	0	1.477	0.0	7.205
PE2R1_RAT	25637	Ptger1	10.629	246	3	0	1.477	0.0	7.196
D3ZUM4_RAT	316033	Glb1	10.574	969	4	0	1.602	0.0	6.6
D3ZGE2_RAT	303413	Mpo	10.54	4558	6	0	1.778	0.0	5.927
O35849_RAT	24530	Lcat	10.517	293	3	0	1.477	0.0	7.12
F1LS98_RAT	24680	Prkca	10.489	1095	4	0	1.602	0.0	6.547
A0A0G2K684_RAT	289395	Cr2	10.48	34	2	0	1.301	0.0	8.055
PAR2_RAT	116677	F2rl1	10.458	321	3	1	1.477	0.0	7.08
VIP_RAT	117064	Vip	10.443	2752	5	0	1.699	0.0	6.147
NSF1C_RAT	83809	Nsfl1c	10.437	332	3	1	1.477	0.0	7.065
HRH1_RAT	24448	Hrh1	10.427	337	3	0	1.477	0.0	7.059
Q6IMY6_RAT	25055	Lipa	10.417	38	2	0	1.301	0.0	8.007
CASPC_RAT	156117	Casp12	10.408	347	3	4	1.477	0.0	7.046
COX1_RAT	26195	Mtco1	10.359	1320	4	0	1.602	0.0	6.466
T2CB11_RAT	24954	Insr	10.323	1390	4	0	1.602	0.0	6.443
AMBN_RAT	25376	Ambn	10.322	45	2	0	1.301	0.0	7.933
FAK1_RAT	25614	Ptk2	10.298	412	3	1	1.477	0.0	6.972
ONCO_RAT	25503	Ocm	10.285	48	2	0	1.301	0.0	7.905
I6L9G6_RAT	298648	Tardbp	10.273	49	2	5	1.301	0.0	7.896
RB_RAT	24708	Rb1	10.27	430	3	0	1.477	0.0	6.953
P2RX7_RAT	29665	P2rx7	10.251	51	2	0	1.301	0.0	7.879
GLNA_RAT	24957	Glul	10.248	1548	4	0	1.602	0.0	6.397
CCL4_RAT	116637	Ccl4	10.243	3605	5	1	1.699	0.0	6.029
ACE_RAT	24310	Ace	10.188	3881	5	0	1.699	0.0	5.997
L1CAM_RAT	50687	L1cam	10.188	57	2	0	1.301	0.0	7.831
LSHR_RAT	25477	Lhcgr	10.187	490	3	0	1.477	0.0	6.896
CSPG2_RAT	114122	Vcan	10.169	59	2	0	1.301	0.0	7.816
BCAR1_RAT	25414	Bcar1	10.123	64	2	1	1.301	0.0	7.78
A2MG_RAT	24153	A2m	10.1	561	3	0	1.477	0.0	6.838
GGT1_RAT	116568	Ggt1	10.038	2092	4	0	1.602	0.0	6.266
PROC_RAT	25268	Proc	10.033	75	2	0	1.301	0.0	7.712
CADH1_RAT	83502	Cdh1	10.026	629	3	5	1.477	0.0	6.788
PRIO_RAT	24686	Prnp	10.018	77	2	1	1.301	0.0	7.7
G3V913_RAT	24471	Hspb1	9.973	684	3	2	1.477	0.0	6.752
CRP_RAT	25419	Crp	9.967	690	3	0	1.477	0.0	6.748
CXCL2_RAT	114105	Cxcl2	9.965	692	3	0	1.477	0.0	6.746
O35055_RAT	65202	Slc13a2	9.959	699	3	0	1.477	0.0	6.742
P2RX5_RAT	113995	P2rx5	9.917	92	2	0	1.301	0.0	7.623
SQSTM_RAT	113894	Sqstm1	9.882	98	2	1	1.301	0.0	7.595
PECA1_RAT	29583	Pecam1	9.835	848	3	3	1.477	0.0	6.658
NGF_RAT	310738	Ngf	9.822	2856	4	3	1.602	0.0	6.131
IL2_RAT	116562	Il2	9.819	2864	4	1	1.602	0.0	6.129
SCG1_RAT	24259	Chgb	9.806	112	2	0	1.301	0.0	7.537
AMD_RAT	25508	Pam	9.806	112	2	0	1.301	0.0	7.537
5HT1A_RAT	24473	Htr1a	9.797	2955	4	1	1.602	0.0	6.116
SC6A4_RAT	25553	Slc6a4	9.795	902	3	2	1.477	0.0	6.631
ANF_RAT	24602	Nppa	9.782	3022	4	3	1.602	0.0	6.106
D4A2H6_RAT	287847	Rbfox3	9.761	952	3	7	1.477	0.0	6.608
CBS_RAT	24250	Cbs	9.705	134	2	1	1.301	0.0	7.459
GON1_RAT	25194	Gnrh1	9.7	3398	4	0	1.602	0.0	6.055
IL1A_RAT	24493	Il1a	9.687	1068	3	0	1.477	0.0	6.558
TNR1B_RAT	156767	Tnfrsf1b	9.634	152	2	0	1.301	0.0	7.405
TGFB1_RAT	59086	Tgfb1	9.604	8540	5	1	1.699	0.0	5.653
ACES_RAT	83817	Ache	9.597	3939	4	0	1.602	0.0	5.991
CRYAB_RAT	25420	Cryab	9.587	165	2	2	1.301	0.0	7.369
B5DFM1_RAT	287622	Tom1l1	9.587	1	1	0	1.0	0.0	9.587
D3ZHJ4_RAT	290361	Dok2	9.587	1	1	0	1.0	0.0	9.587
TM175_RAT	305623	Tmem175	9.587	1	1	0	1.0	0.0	9.587
LRC4B_RAT	308571	Lrrc4b	9.587	1	1	6	1.0	0.0	9.587
A0A0G2JYI8_RAT	680602	Lcn12	9.587	1	1	0	1.0	0.0	9.587
ANDR_RAT	24208	Ar	9.577	1267	3	1	1.477	0.0	6.484
FOS_RAT	314322	Fos	9.569	8957	5	1	1.699	0.0	5.632
A1L1M0_RAT	25636	Prkaca	9.562	1298	3	0	1.477	0.0	6.473
Q8R427_RAT	24646	Abcb1b	9.559	1304	3	0	1.477	0.0	6.471
SODC_RAT	24786	Sod1	9.555	1312	3	1	1.477	0.0	6.468
EF2_RAT	29565	Eef2	9.535	181	2	0	1.301	0.0	7.329
PDE5A_RAT	171115	Pde5a	9.517	187	2	1	1.301	0.0	7.315
GDNF_RAT	25453	Gdnf	9.515	1396	3	5	1.477	0.0	6.441
F1M9G7_RAT	54244	Crebbp	9.511	189	2	0	1.301	0.0	7.31
VIME_RAT	81818	Vim	9.438	1573	3	0	1.477	0.0	6.39
P2RX1_RAT	25505	P2rx1	9.422	221	2	0	1.301	0.0	7.242
CAN2_RAT	29154	Capn2	9.42	222	2	0	1.301	0.0	7.24
DUS1_RAT	114856	Dusp1	9.407	227	2	0	1.301	0.0	7.231
P2RY2_RAT	29597	P2ry2	9.359	247	2	0	1.301	0.0	7.194
SL9A2_RAT	24783	Slc9a2	9.344	254	2	0	1.301	0.0	7.182
VINC_RAT	305679	Vcl	9.339	256	2	0	1.301	0.0	7.178
AT2A2_RAT	29693	Atp2a2	9.335	258	2	0	1.301	0.0	7.175
ESR1_RAT	24890	Esr1	9.317	1898	3	0	1.477	0.0	6.308
PPR1B_RAT	360616	Ppp1r1b	9.307	271	2	0	1.301	0.0	7.154
G3V7Z8_RAT	116697	Pabpn1	9.286	2	1	1	1.0	0.0	9.286
RTN3_RAT	140945	Rtn3	9.286	2	1	1	1.0	0.0	9.286
SPT19_RAT	171403	Spata19	9.286	2	1	0	1.0	0.0	9.286
D3ZY54_RAT	294698	Slc30a5	9.286	2	1	0	1.0	0.0	9.286
B5DEG9_RAT	295293	Pear1	9.286	2	1	0	1.0	0.0	9.286
B2RZ56_RAT	296612	Med27	9.286	2	1	0	1.0	0.0	9.286
IGF1_RAT	24482	Igf1	9.28	6210	4	2	1.602	0.0	5.792
CUX1_RAT	116639	Cux1	9.273	288	2	0	1.301	0.0	7.127
Q6MG73_RAT	24231	C2	9.253	298	2	0	1.301	0.0	7.112
O70253_RAT	25756	Cpt1b	9.217	318	2	0	1.301	0.0	7.084
IL13_RAT	116553	Il13	9.217	318	2	0	1.301	0.0	7.084
CLUS_RAT	24854	Clu	9.215	319	2	0	1.301	0.0	7.083
FGF2_RAT	54250	Fgf2	9.189	3430	3	10	1.477	0.041	6.051
EST1C_RAT	24346	Ces1c	9.187	335	2	0	1.301	0.0	7.062
CXB1_RAT	29584	Gjb1	9.186	336	2	0	1.301	0.0	7.06
HSPB6_RAT	192245	Hspb6	9.158	353	2	0	1.301	0.0	7.039
Q5PPG5_RAT	24258	Chga	9.148	359	2	0	1.301	0.0	7.031
CRBA4_RAT	64348	Cryba4	9.109	3	1	0	1.0	0.0	9.109
G3V7Q4_RAT	117255	Ptpn12	9.109	3	1	0	1.0	0.0	9.109
D3ZB14_RAT	314756	Cradd	9.109	3	1	0	1.0	0.0	9.109
Q6IMX5_RAT	29184	Cd36	9.087	400	2	0	1.301	0.0	6.984
MMP2_RAT	81686	Mmp2	9.085	2726	3	2	1.477	0.0	6.151
PDGFB_RAT	24628	Pdgfb	9.084	402	2	0	1.301	0.0	6.982
PGP_RAT	287115	Pgp	9.072	411	2	0	1.301	0.0	6.973
OPSD_RAT	24717	Rho	9.007	461	2	3	1.301	0.0	6.923
Q9QZD1_RAT	24772	Cxcl12	8.994	472	2	2	1.301	0.0	6.913
SERP1_RAT	80881	Serp1	8.985	4	1	1	1.0	0.0	8.985
Q6DGG9_RAT	81715	Camlg	8.985	4	1	0	1.0	0.0	8.985
KIF1B_RAT	117548	Kif1b	8.985	4	1	0	1.0	0.0	8.985
PTHR_RAT	24695	Pthlh	8.971	491	2	0	1.301	0.0	6.896
HS90A_RAT	299331	Hsp90aa1	8.961	500	2	3	1.301	0.0	6.888
RAC1_RAT	363875	Rac1	8.959	502	2	2	1.301	0.0	6.886
G3V7K3_RAT	24268	Cp	8.956	504	2	0	1.301	0.0	6.884
5HT2C_RAT	25187	Htr2c	8.953	507	2	0	1.301	0.0	6.882
A1A5M4_RAT	24443	Hdc	8.892	565	2	0	1.301	0.0	6.835
TCPD_RAT	29374	Cct4	8.888	5	1	1	1.0	0.0	8.888
B5DFG4_RAT	50565	Hspb7	8.888	5	1	0	1.0	0.0	8.888
GRIFN_RAT	117130	Grifin	8.888	5	1	0	1.0	0.0	8.888
VMP1_RAT	192129	Vmp1	8.888	5	1	1	1.0	0.0	8.888
CLMP_RAT	286939	Clmp	8.888	5	1	0	1.0	0.0	8.888
B4F772_RAT	294993	Hspa4l	8.888	5	1	0	1.0	0.0	8.888
A0A0G2K5E4_RAT	360481	Dnaja3	8.888	5	1	0	1.0	0.0	8.888
D3ZQL7_RAT	361466	Tppp	8.888	5	1	1	1.0	0.0	8.888
ENOG_RAT	24334	Eno2	8.871	586	2	0	1.301	0.0	6.819
G3V617_RAT	81649	Mapk14	8.843	3982	3	1	1.477	0.0	5.986
DLG4_RAT	29495	Dlg4	8.837	623	2	3	1.301	0.0	6.792
CAD22_RAT	29182	Cdh22	8.808	6	1	0	1.0	0.0	8.808
PHAG1_RAT	64019	Pag1	8.808	6	1	1	1.0	0.0	8.808
Q6IRJ7_RAT	155423	Anxa7	8.808	6	1	0	1.0	0.0	8.808
D3ZEX6_RAT	291100	Irf4	8.808	6	1	3	1.0	0.0	8.808
PNMT_RAT	24661	Pnmt	8.805	659	2	0	1.301	0.0	6.768
Q920L0_RAT	155918	Lcp2	8.742	7	1	0	1.0	0.0	8.742
SSPO_RAT	474348	Sspo	8.742	7	1	0	1.0	0.0	8.742
STEA3_RAT	170824	Steap3	8.684	8	1	0	1.0	0.0	8.684
G3V9K5_RAT	317371	Was	8.684	8	1	0	1.0	0.0	8.684
Q6P6T6_RAT	171293	Ctsd	8.677	827	2	0	1.301	0.0	6.669
G3V6D0_RAT	24177	Afp	8.652	864	2	0	1.301	0.0	6.65
PACA_RAT	24166	Adcyap1	8.644	877	2	0	1.301	0.0	6.644
CAH3_RAT	54232	Ca3	8.641	5444	3	6	1.477	0.0	5.85
5HT1B_RAT	25075	Htr1b	8.64	883	2	0	1.301	0.0	6.641
Q8CJF2_RAT	170509	Cyp3a62	8.64	882	2	0	1.301	0.0	6.641
5HT2A_RAT	29595	Htr2a	8.637	886	2	0	1.301	0.0	6.639
FCERB_RAT	25316	Ms4a2	8.632	9	1	0	1.0	0.0	8.632
PRS6A_RAT	29677	Psmc3	8.632	9	1	0	1.0	0.0	8.632
HAP28_RAT	64527	Pdap1	8.632	9	1	0	1.0	0.0	8.632
GNRHR_RAT	81668	Gnrhr	8.627	5576	3	0	1.477	0.0	5.84
GLCNE_RAT	114711	Gne	8.587	10	1	1	1.0	0.0	8.587
SCG3_RAT	116635	Scg3	8.587	10	1	1	1.0	0.0	8.587
Q66HL0_RAT	58813	Nt5e	8.58	982	2	0	1.301	0.0	6.594
ELN_RAT	25043	Eln	8.572	996	2	1	1.301	0.0	6.588
PRPS2_RAT	24689	Prps2	8.545	11	1	0	1.0	0.0	8.545
GOGA2_RAT	64528	Golga2	8.545	11	1	0	1.0	0.0	8.545
REM2_RAT	64626	Rem2	8.545	11	1	1	1.0	0.0	8.545
GIPC1_RAT	83823	Gipc1	8.545	11	1	0	1.0	0.0	8.545
Q7TN96_RAT	302470	F8	8.545	11	1	0	1.0	0.0	8.545
PD2R_RAT	498475	Ptgdr	8.545	11	1	0	1.0	0.0	8.545
A0A1K0FUA6_RAT	689064	Glna2	8.545	11	1	0	1.0	0.0	8.545
D4A0T9_RAT	102554393	Adamts13	8.545	11	1	0	1.0	0.0	8.545
LIPE_RAT	291437	Lipg	8.539	1054	2	0	1.301	0.0	6.564
DLG2_RAT	64053	Dlg2	8.507	12	1	3	1.0	0.0	8.507
COE1_RAT	116543	Ebf1	8.507	12	1	0	1.0	0.0	8.507
Q63015_RAT	171161	Csap1	8.507	12	1	1	1.0	0.0	8.507
Q5PQK2_RAT	317385	Fus	8.507	12	1	3	1.0	0.0	8.507
REL1_RAT	25616	Rln1	8.473	13	1	1	1.0	0.0	8.473
RIT2_RAT	291713	Rit2	8.473	13	1	0	1.0	0.0	8.473
NK1R_RAT	24807	Tacr1	8.447	1242	2	0	1.301	0.0	6.492
CRBB1_RAT	25421	Crybb1	8.44	14	1	0	1.0	0.0	8.44
M0R4F7_RAT	116591	Fcgr2a	8.44	14	1	0	1.0	0.0	8.44
Q6MGA7_RAT	294273	RT1-DMb	8.44	14	1	0	1.0	0.0	8.44
SMS_RAT	24797	Sst	8.416	1312	2	0	1.301	0.0	6.468
ITA1_RAT	25118	Itga1	8.411	15	1	0	1.0	0.0	8.411
NCTR1_RAT	117547	Ncr1	8.411	15	1	0	1.0	0.0	8.411
SYPH_RAT	24804	Syp	8.407	1333	2	2	1.301	0.0	6.461
TIMP1_RAT	116510	Timp1	8.397	1355	2	0	1.301	0.0	6.454
CRBA1_RAT	25583	Cryba1	8.382	16	1	0	1.0	0.0	8.382
BPIA2_RAT	50585	Bpifa2	8.382	16	1	0	1.0	0.0	8.382
Q5U362_RAT	79124	Anxa4	8.382	16	1	1	1.0	0.0	8.382
D4AEH9_RAT	362029	Agl	8.382	16	1	0	1.0	0.0	8.382
PLK1_RAT	25515	Plk1	8.356	17	1	0	1.0	0.0	8.356
GPX1_RAT	24404	Gpx1	8.335	1512	2	0	1.301	0.0	6.407
G3V6P5_RAT	24952	Gcg	8.333	1518	2	0	1.301	0.0	6.405
C1QBP_RAT	29681	C1qbp	8.331	18	1	0	1.0	0.0	8.331
HIF1A_RAT	29560	Hif1a	8.319	1558	2	1	1.301	0.0	6.394
PP14B_RAT	259225	Ppp1r14b	8.308	19	1	0	1.0	0.0	8.308
D3ZFJ0_RAT	298947	Pik3cg	8.291	1636	2	0	1.301	0.0	6.373
CBLB_RAT	171136	Cblb	8.286	20	1	0	1.0	0.0	8.286
MYP0_RAT	24564	Mpz	8.264	21	1	0	1.0	0.0	8.264
Q3B8Q9_RAT	50558	Npepps	8.264	21	1	2	1.0	0.0	8.264
B0BMV4_RAT	171441	Yif1a	8.244	22	1	0	1.0	0.0	8.244
GTR4_RAT	25139	Slc2a4	8.236	1801	2	0	1.301	0.0	6.331
K1C9_RAT	266717	Krt9	8.225	23	1	0	1.0	0.0	8.225
G3V9Z3_RAT	29253	Maoa	8.199	1926	2	3	1.301	0.0	6.302
Q8K422_RAT	24664	Pomc	8.172	2019	2	0	1.301	0.0	6.281
FCERA_RAT	25047	Fcer1a	8.172	26	1	0	1.0	0.0	8.172
MEF2D_RAT	81518	Mef2d	8.172	26	1	1	1.0	0.0	8.172
G3V881_RAT	315691	Lingo1	8.172	26	1	0	1.0	0.0	8.172
FCGR2_RAT	289211	Fcgr2	8.155	27	1	0	1.0	0.0	8.155
F1MAD3_RAT	24650	Pkd1	8.139	28	1	1	1.0	0.0	8.139
HEP2_RAT	79224	Serpind1	8.139	28	1	0	1.0	0.0	8.139
TRH_RAT	25569	Trh	8.128	2185	2	0	1.301	0.0	6.247
ADNP_RAT	64622	Adnp	8.109	30	1	1	1.0	0.0	8.109
Q80Z26_RAT	316077	Entpd3	8.109	30	1	0	1.0	0.0	8.109
FUBP1_RAT	654496	Fubp1	8.109	30	1	0	1.0	0.0	8.109
ATP6_RAT	26197	Mt-atp6	8.095	31	1	0	1.0	0.0	8.095
MUC18_RAT	78967	Mcam	8.095	31	1	0	1.0	0.0	8.095
CCR3_RAT	117027	Ccr3	8.095	31	1	0	1.0	0.0	8.095
KAD1_RAT	24183	Ak1	8.081	32	1	0	1.0	0.0	8.081
APOD_RAT	25239	Apod	8.081	32	1	1	1.0	0.0	8.081
ERP29_RAT	117030	Erp29	8.081	32	1	0	1.0	0.0	8.081
F1MA79_RAT	360272	Slit2	8.081	32	1	0	1.0	0.0	8.081
PLCG2_RAT	29337	Plcg2	8.068	33	1	0	1.0	0.0	8.068
TF3A_RAT	246299	Gtf3a	8.068	33	1	0	1.0	0.0	8.068
PTPRF_RAT	360406	Ptprf	8.068	33	1	0	1.0	0.0	8.068
F1LRE1_RAT	116686	Gsr	8.056	2479	2	0	1.301	0.0	6.192
Q9QZF6_RAT	113955	Gpnmb	8.055	34	1	2	1.0	0.0	8.055
AP5B1_RAT	361709	Ap5b1	8.055	34	1	0	1.0	0.0	8.055
Q5FVS2_RAT	25048	Klkb1	8.043	35	1	4	1.0	0.0	8.043
G3V802_RAT	114494	Ccna2	8.043	35	1	0	1.0	0.0	8.043
Q68FT8_RAT	287527	Serpinf2	8.043	35	1	0	1.0	0.0	8.043
PLK2_RAT	83722	Plk2	8.03	36	1	8	1.0	0.0	8.03
PPID_RAT	361967	Ppid	8.03	36	1	5	1.0	0.0	8.03
BODG_RAT	64564	Bbox1	8.018	37	1	0	1.0	0.0	8.018
RAB3D_RAT	140665	Rab3d	8.018	37	1	1	1.0	0.0	8.018
F1LNJ1_RAT	300160	Lrrk2	8.018	37	1	0	1.0	0.0	8.018
CAH2_RAT	54231	Ca2	8.006	2710	2	0	1.301	0.0	6.153
BMP3_RAT	25667	Bmp3	7.974	41	1	0	1.0	0.0	7.974
EPCAM_RAT	171577	Epcam	7.974	41	1	0	1.0	0.0	7.974
CD4_RAT	24932	Cd4	7.96	2941	2	0	1.301	0.0	6.118
TPM4_RAT	24852	Tpm4	7.953	43	1	0	1.0	0.0	7.953
PRGC2_RAT	291567	Ppargc1b	7.953	43	1	0	1.0	0.0	7.953
SUMO1_RAT	301442	Sumo1	7.953	43	1	3	1.0	0.0	7.953
MBL1_RAT	24548	Mbl1	7.943	44	1	0	1.0	0.0	7.943
K2C5_RAT	369017	Krt5	7.943	44	1	0	1.0	0.0	7.943
PGH2_RAT	29527	Ptgs2	7.916	3174	2	0	1.301	0.0	6.084
G3V6E0_RAT	25480	Mip	7.905	48	1	0	1.0	0.0	7.905
MFN1_RAT	192647	Mfn1	7.905	48	1	0	1.0	0.0	7.905
LT4R1_RAT	59264	Ltb4r	7.896	49	1	0	1.0	0.0	7.896
Q499P2_RAT	299732	Lta4h	7.896	49	1	0	1.0	0.0	7.896
SIA8B_RAT	117523	St8sia2	7.888	50	1	0	1.0	0.0	7.888
ATP5S_RAT	362749	Atp5s	7.888	50	1	0	1.0	0.0	7.888
CD48_RAT	245962	Cd48	7.862	53	1	0	1.0	0.0	7.862
RIPK3_RAT	246240	Ripk3	7.862	53	1	0	1.0	0.0	7.862
NDF1_RAT	29458	Neurod1	7.854	54	1	2	1.0	0.0	7.854
SNP23_RAT	64630	Snap23	7.823	58	1	0	1.0	0.0	7.823
CP2B3_RAT	286953	Cyp2b3	7.823	58	1	0	1.0	0.0	7.823
D4ADQ8_RAT	292701	Ceacam20	7.823	58	1	0	1.0	0.0	7.823
ACPH_RAT	24206	Apeh	7.816	59	1	0	1.0	0.0	7.816
OPA1_RAT	171116	Opa1	7.816	59	1	1	1.0	0.0	7.816
F16P1_RAT	24362	Fbp1	7.808	60	1	0	1.0	0.0	7.808
IL10_RAT	25325	Il10	7.801	3898	2	0	1.301	0.0	5.996
CD38_RAT	25668	Cd38	7.801	61	1	0	1.0	0.0	7.801
PAXI_RAT	360820	Pxn	7.801	61	1	0	1.0	0.0	7.801
PDE3B_RAT	29516	Pde3b	7.794	62	1	0	1.0	0.0	7.794
F1LM84_RAT	25494	Nid1	7.78	64	1	0	1.0	0.0	7.78
PODXL_RAT	192181	Podxl	7.78	64	1	2	1.0	0.0	7.78
NGB_RAT	85382	Ngb	7.774	65	1	0	1.0	0.0	7.774
OPSB_RAT	81644	Opn1sw	7.767	66	1	0	1.0	0.0	7.767
LPP60_RAT	246266	Aspg	7.767	66	1	0	1.0	0.0	7.767
D3ZAF5_RAT	361945	Postn	7.767	66	1	0	1.0	0.0	7.767
REG3B_RAT	24618	Reg3b	7.761	67	1	1	1.0	0.0	7.761
PDPN_RAT	54320	Pdpn	7.761	67	1	0	1.0	0.0	7.761
AAGAB_RAT	171435	Aagab	7.761	67	1	0	1.0	0.0	7.761
PR3B1_RAT	24283	Prl3b1	7.748	69	1	0	1.0	0.0	7.748
BAG1_RAT	297994	Bag1	7.748	69	1	0	1.0	0.0	7.748
EI2BD_RAT	117019	Eif2b4	7.735	71	1	0	1.0	0.0	7.735
F1M0G3_RAT	64519	Entpd1	7.723	73	1	2	1.0	0.0	7.723
FPPS_RAT	83791	Fdps	7.717	74	1	0	1.0	0.0	7.717
GFPT1_RAT	297417	Gfpt1	7.717	74	1	0	1.0	0.0	7.717
VGFR3_RAT	114110	Flt4	7.712	75	1	0	1.0	0.0	7.712
UDB17_RAT	266685	Ugt2b17	7.712	75	1	0	1.0	0.0	7.712
INSL3_RAT	114215	Insl3	7.706	76	1	1	1.0	0.0	7.706
ECP_RAT	192264	Rnase3	7.7	77	1	0	1.0	0.0	7.7
ATG7_RAT	312647	Atg7	7.7	77	1	5	1.0	0.0	7.7
PSPN_RAT	25525	Pspn	7.695	78	1	0	1.0	0.0	7.695
Q9JKL3_RAT	24887	Bax	7.684	4781	2	0	1.301	0.0	5.906
CNTN2_RAT	25356	Cntn2	7.684	80	1	0	1.0	0.0	7.684
CD47_RAT	29364	Cd47	7.684	80	1	1	1.0	0.0	7.684
VGF_RAT	29461	Vgf	7.684	80	1	0	1.0	0.0	7.684
PDE4D_RAT	24627	Pde4d	7.678	81	1	0	1.0	0.0	7.678
ARLY_RAT	59085	Asl	7.678	81	1	0	1.0	0.0	7.678
GABR1_RAT	81657	Gabbr1	7.673	82	1	1	1.0	0.0	7.673
APJ_RAT	83518	Aplnr	7.673	82	1	1	1.0	0.0	7.673
D4A409_RAT	316758	Lama1	7.673	82	1	0	1.0	0.0	7.673
O35370_RAT	83580	Thbd	7.662	84	1	0	1.0	0.0	7.662
Q69DC0_RAT	246060	Cdkn1c	7.662	84	1	1	1.0	0.0	7.662
GELS_RAT	296654	Gsn	7.662	84	1	0	1.0	0.0	7.662
CRF_RAT	81648	Crh	7.654	5046	2	0	1.301	0.0	5.883
Q99MZ5_RAT	117279	Cflar	7.647	87	1	0	1.0	0.0	7.647
CXA4_RAT	25655	Gja4	7.642	88	1	1	1.0	0.0	7.642
TNR6_RAT	246097	Fas	7.642	88	1	0	1.0	0.0	7.642
PMP22_RAT	24660	Pmp22	7.637	89	1	0	1.0	0.0	7.637
D4A5I4_RAT	685707	Nav1	7.632	90	1	0	1.0	0.0	7.632
LPAR1_RAT	116744	Lpar1	7.628	91	1	2	1.0	0.0	7.628
MGP_RAT	25333	Mgp	7.623	92	1	1	1.0	0.0	7.623
Q6Y1S0_RAT	338457	Tlr9	7.623	92	1	0	1.0	0.0	7.623
Q66HT1_RAT	24190	Aldob	7.618	93	1	0	1.0	0.0	7.618
TNNT3_RAT	24838	Tnnt3	7.604	96	1	0	1.0	0.0	7.604
B3GA1_RAT	117108	B3gat1	7.591	99	1	0	1.0	0.0	7.591
SV2A_RAT	117559	Sv2a	7.591	99	1	3	1.0	0.0	7.591
Q5U330_RAT	497757	Gucy1a3	7.591	99	1	0	1.0	0.0	7.591
DNM1L_RAT	114114	Dnm1l	7.587	100	1	0	1.0	0.0	7.587
HSP74_RAT	266759	Hspa4	7.587	100	1	1	1.0	0.0	7.587
CR1L_RAT	54243	Cr1l	7.578	102	1	0	1.0	0.0	7.578
PHB2_RAT	114766	Phb2	7.578	102	1	1	1.0	0.0	7.578
E9PTH2_RAT	114509	LOC100912585	7.574	103	1	0	1.0	0.0	7.574
DLGP2_RAT	116681	Dlgap2	7.57	104	1	6	1.0	0.0	7.57
PTN_RAT	24924	Ptn	7.565	105	1	0	1.0	0.0	7.565
SDC1_RAT	25216	Sdc1	7.565	105	1	0	1.0	0.0	7.565
Q5FVT5_RAT	116551	Pdk1	7.561	106	1	3	1.0	0.0	7.561
PLD1_RAT	25096	Pld1	7.557	107	1	0	1.0	0.0	7.557
PRRP_RAT	63850	Prlh	7.545	110	1	0	1.0	0.0	7.545
F2Z3U1_RAT	64566	Wnt5a	7.541	111	1	0	1.0	0.0	7.541
Q66HJ7_RAT	25167	Ptpra	7.534	113	1	0	1.0	0.0	7.534
G3V890_RAT	171040	Il11	7.534	113	1	1	1.0	0.0	7.534
LEG1_RAT	56646	Lgals1	7.522	116	1	0	1.0	0.0	7.522
KNG1_RAT	25087	Kng1	7.518	117	1	0	1.0	0.0	7.518
EGR2_RAT	114090	Egr2	7.515	118	1	0	1.0	0.0	7.515
CNTN5_RAT	114589	Cntn5	7.511	119	1	1	1.0	0.0	7.511
ITB1_RAT	24511	Itgb1	7.504	121	1	0	1.0	0.0	7.504
CP2A1_RAT	24894	Cyp2a1	7.504	121	1	0	1.0	0.0	7.504
KCC4_RAT	25050	Camk4	7.504	121	1	0	1.0	0.0	7.504
RBL2_RAT	81758	Rbl2	7.5	122	1	0	1.0	0.0	7.5
DHSO_RAT	24788	Sord	7.49	125	1	0	1.0	0.0	7.49
GRAB_RAT	171528	Gzmb	7.49	125	1	0	1.0	0.0	7.49
K2C1_RAT	300250	Krt1	7.476	129	1	0	1.0	0.0	7.476
SEPT3_RAT	56003	Sept3	7.469	131	1	0	1.0	0.0	7.469
ANXA2_RAT	56611	Anxa2	7.469	131	1	0	1.0	0.0	7.469
Q63242_RAT	25022	Fgfr2	7.463	133	1	0	1.0	0.0	7.463
LYOX_RAT	24914	Lox	7.453	136	1	0	1.0	0.0	7.453
CRGE_RAT	24279	Cryge	7.437	141	1	3	1.0	0.0	7.437
MAP1B_RAT	29456	Map1b	7.437	141	1	0	1.0	0.0	7.437
PDE3A_RAT	50678	Pde3a	7.425	145	1	0	1.0	0.0	7.425
PTN11_RAT	25622	Ptpn11	7.422	146	1	1	1.0	0.0	7.422
D3ZUV3_RAT	502531	Eif2a	7.422	146	1	0	1.0	0.0	7.422
5HT2B_RAT	29581	Htr2b	7.419	147	1	0	1.0	0.0	7.419
X3CL1_RAT	89808	Cx3cl1	7.419	147	1	0	1.0	0.0	7.419
ACBP_RAT	25045	Dbi	7.413	149	1	0	1.0	0.0	7.413
Q3KR94_RAT	29169	Vtn	7.413	149	1	0	1.0	0.0	7.413
F1MAF1_RAT	79245	Hsf1	7.413	149	1	1	1.0	0.0	7.413
KPCE_RAT	29340	Prkce	7.41	150	1	0	1.0	0.0	7.41
KCND3_RAT	65195	Kcnd3	7.405	152	1	0	1.0	0.0	7.405
PODO_RAT	170672	Nphs2	7.405	152	1	0	1.0	0.0	7.405
PSN1_RAT	29192	Psen1	7.391	157	1	0	1.0	0.0	7.391
XBP1_RAT	289754	Xbp1	7.391	157	1	0	1.0	0.0	7.391
IDE_RAT	25700	Ide	7.385	159	1	0	1.0	0.0	7.385
F1MAG9_RAT	308586	Sec1	7.374	163	1	0	1.0	0.0	7.374
AMBP_RAT	25377	Ambp	7.372	164	1	0	1.0	0.0	7.372
APEL_RAT	58812	Apln	7.372	164	1	0	1.0	0.0	7.372
G3V7G2_RAT	24254	Cel	7.364	167	1	0	1.0	0.0	7.364
A0JPM6_RAT	24477	Ibsp	7.361	168	1	0	1.0	0.0	7.361
G3V7D2_RAT	63835	Ctla4	7.361	168	1	0	1.0	0.0	7.361
GRB2_RAT	81504	Grb2	7.361	168	1	0	1.0	0.0	7.361
Q80ZA3_RAT	287526	Serpinf1	7.354	171	1	0	1.0	0.0	7.354
FYN_RAT	25150	Fyn	7.336	178	1	0	1.0	0.0	7.336
G3V8F8_RAT	25491	Nes	7.336	178	1	0	1.0	0.0	7.336
OTC_RAT	25611	Otc	7.336	178	1	0	1.0	0.0	7.336
NR1I2_RAT	84385	Nr1i2	7.336	178	1	1	1.0	0.0	7.336
PAHO_RAT	24677	Ppy	7.326	182	1	0	1.0	0.0	7.326
Q4QQW2_RAT	171369	Cd40	7.326	182	1	1	1.0	0.0	7.326
TRPM8_RAT	171384	Trpm8	7.324	183	1	0	1.0	0.0	7.324
CP2CC_RAT	25011	Cyp2c12	7.315	187	1	0	1.0	0.0	7.315
KCNB1_RAT	25736	Kcnb1	7.312	188	1	2	1.0	0.0	7.312
V1AR_RAT	25107	Avpr1a	7.31	189	1	1	1.0	0.0	7.31
G3V679_RAT	64678	Tfrc	7.303	192	1	1	1.0	0.0	7.303
NFAT5_RAT	307820	Nfat5	7.297	195	1	1	1.0	0.0	7.297
BACE1_RAT	29392	Bace1	7.283	201	1	0	1.0	0.0	7.283
RET_RAT	24716	Ret	7.281	202	1	1	1.0	0.0	7.281
BMAL1_RAT	29657	Arntl	7.271	207	1	0	1.0	0.0	7.271
F1LYL9_RAT	140586	Sox9	7.264	210	1	0	1.0	0.0	7.264
MAG_RAT	29409	Mag	7.258	213	1	1	1.0	0.0	7.258
DPOLB_RAT	29240	Polb	7.256	214	1	0	1.0	0.0	7.256
RL4_RAT	64302	Rpl4	7.256	214	1	0	1.0	0.0	7.256
PGFRB_RAT	24629	Pdgfrb	7.252	216	1	0	1.0	0.0	7.252
D3ZCD0_RAT	89804	Tek	7.252	216	1	0	1.0	0.0	7.252
SCNAA_RAT	29571	Scn10a	7.246	219	1	1	1.0	0.0	7.246
FADS2_RAT	83512	Fads2	7.238	223	1	0	1.0	0.0	7.238
TRI63_RAT	140939	Trim63	7.231	227	1	0	1.0	0.0	7.231
CXL10_RAT	245920	Cxcl10	7.227	229	1	0	1.0	0.0	7.227
PIT1_RAT	25517	Pou1f1	7.217	234	1	0	1.0	0.0	7.217
ANXA3_RAT	25291	Anxa3	7.214	236	1	1	1.0	0.0	7.214
G3V8S9_RAT	316010	Camp	7.214	236	1	0	1.0	0.0	7.214
A0A0G2K4C9_RAT	25540	Sbp	7.208	239	1	0	1.0	0.0	7.208
FABPL_RAT	24360	Fabp1	7.199	244	1	0	1.0	0.0	7.199
DBP_RAT	24309	Dbp	7.192	248	1	0	1.0	0.0	7.192
SOMA_RAT	24391	Gh1	7.19	249	1	0	1.0	0.0	7.19
EAA3_RAT	25550	Slc1a1	7.165	264	1	0	1.0	0.0	7.165
ITPR1_RAT	25262	Itpr1	7.149	274	1	1	1.0	0.0	7.149
ACOD1_RAT	246074	Scd1	7.147	275	1	1	1.0	0.0	7.147
PPA5_RAT	25732	Acp5	7.139	280	1	0	1.0	0.0	7.139
CO6_RAT	24237	C6	7.135	283	1	0	1.0	0.0	7.135
ACLY_RAT	24159	Acly	7.129	287	1	0	1.0	0.0	7.129
F1LXU5_RAT	681288	T2	7.126	289	1	0	1.0	0.0	7.126
CD5R1_RAT	116671	Cdk5r1	7.123	291	1	1	1.0	0.0	7.123
G3P_RAT	24383	Gapdh	7.102	305	1	0	1.0	0.0	7.102
HPT_RAT	24464	Hp	7.099	307	1	0	1.0	0.0	7.099
LYAM2_RAT	25544	Sele	7.094	311	1	0	1.0	0.0	7.094
CATL1_RAT	25697	Ctsl	7.094	311	1	0	1.0	0.0	7.094
CDK5_RAT	140908	Cdk5	7.091	313	1	0	1.0	0.0	7.091
GALA_RAT	29141	Gal	7.083	319	1	0	1.0	0.0	7.083
PCY1B_RAT	286936	Pcyt1b	7.083	319	1	0	1.0	0.0	7.083
B1WC54_RAT	25729	Ccne1	7.08	321	1	1	1.0	0.0	7.08
KHDR1_RAT	117268	Khdrbs1	7.073	326	1	0	1.0	0.0	7.073
PDX1_RAT	29535	Pdx1	7.072	327	1	0	1.0	0.0	7.072
PRLR_RAT	24684	Prlr	7.068	330	1	0	1.0	0.0	7.068
MET_RAT	24553	Met	7.054	341	1	0	1.0	0.0	7.054
XDH_RAT	497811	Xdh	7.05	344	1	1	1.0	0.0	7.05
A0A0G2K1L0_RAT	116640	Tnc	7.033	358	1	0	1.0	0.0	7.033
D3ZLB7_RAT	100360880	Fosb	7.023	366	1	1	1.0	0.0	7.023
Q8K3F9_RAT	24337	Erbb2	7.018	370	1	0	1.0	0.0	7.018
SL9A1_RAT	24782	Slc9a1	7.017	371	1	1	1.0	0.0	7.017
Q6MG98_RAT	294269	RT1-Da	7.017	371	1	0	1.0	0.0	7.017
KCMA1_RAT	83731	Kcnma1	7.011	376	1	1	1.0	0.0	7.011
PER1_RAT	287422	Per1	7.001	385	1	0	1.0	0.0	7.001
F1LM22_RAT	24862	Ugt2b	6.997	389	1	0	1.0	0.0	6.997
Q4V8J0_RAT	24257	Cgm4	6.992	393	1	0	1.0	0.0	6.992
CH60_RAT	63868	Hspd1	6.987	398	1	0	1.0	0.0	6.987
B2RYB8_RAT	309684	Itgb2	6.971	413	1	0	1.0	0.0	6.971
Q498N2_RAT	65029	Aoc1	6.97	414	1	1	1.0	0.0	6.97
Q5FVS5_RAT	50669	Prf1	6.966	417	1	0	1.0	0.0	6.966
TGFB2_RAT	81809	Tgfb2	6.965	418	1	0	1.0	0.0	6.965
THIO_RAT	116484	Txn	6.963	420	1	0	1.0	0.0	6.963
B5DFD5_RAT	300339	Mmp1	6.937	446	1	0	1.0	0.0	6.937
CDN2A_RAT	25163	Cdkn2a	6.936	447	1	0	1.0	0.0	6.936
AA2AR_RAT	25369	Adora2a	6.935	448	1	0	1.0	0.0	6.935
Q8VD47_RAT	60628	Cxcr4	6.916	468	1	1	1.0	0.0	6.916
TNNI3_RAT	29248	Tnni3	6.905	480	1	0	1.0	0.0	6.905
LDLR_RAT	300438	Ldlr	6.899	487	1	0	1.0	0.0	6.899
NGAL_RAT	170496	Lcn2	6.885	503	1	1	1.0	0.0	6.885
MT1_RAT	24567	Mt1	6.865	527	1	0	1.0	0.0	6.865
CP11A_RAT	29680	Cyp11a1	6.864	528	1	0	1.0	0.0	6.864
G3V742_RAT	171052	Mmp13	6.861	532	1	0	1.0	0.0	6.861
MCR_RAT	25672	Nr3c2	6.852	543	1	0	1.0	0.0	6.852
CALB2_RAT	117059	Calb2	6.851	544	1	1	1.0	0.0	6.851
AQP1_RAT	25240	Aqp1	6.846	550	1	5	1.0	0.0	6.846
F1M4A0_RAT	292994	Tjp1	6.845	551	1	0	1.0	0.0	6.845
TIMP2_RAT	29543	Timp2	6.816	589	1	0	1.0	0.0	6.816
AIF1_RAT	29427	Aif1	6.79	626	1	0	1.0	0.0	6.79
CALB1_RAT	83839	Calb1	6.79	626	1	0	1.0	0.0	6.79
NEP_RAT	24590	Mme	6.782	637	1	2	1.0	0.0	6.782
SMAD2_RAT	29357	Smad2	6.782	638	1	0	1.0	0.0	6.782
IBP3_RAT	24484	Igfbp3	6.778	643	1	0	1.0	0.0	6.778
CSF2_RAT	116630	Csf2	6.778	643	1	0	1.0	0.0	6.778
EAA2_RAT	29482	Slc1a2	6.762	668	1	0	1.0	0.0	6.762
ADA_RAT	24165	Ada	6.758	674	1	0	1.0	0.0	6.758
TNF11_RAT	117516	Tnfsf11	6.758	674	1	0	1.0	0.0	6.758
APOB_RAT	54225	Apob	6.755	678	1	0	1.0	0.0	6.755
NQO1_RAT	24314	Nqo1	6.74	703	1	0	1.0	0.0	6.74
G3V6M2_RAT	25690	Ahr	6.74	703	1	0	1.0	0.0	6.74
PRGR_RAT	25154	Pgr	6.72	736	1	0	1.0	0.0	6.72
ADRB1_RAT	24925	Adrb1	6.715	744	1	0	1.0	0.0	6.715
ACTB_RAT	81822	Actb	6.71	752	1	0	1.0	0.0	6.71
PYC_RAT	25104	Pc	6.702	766	1	1	1.0	0.0	6.702
GRP78_RAT	25617	Hspa5	6.702	767	1	0	1.0	0.0	6.702
ACHB_RAT	24261	Chrnb1	6.701	768	1	0	1.0	0.0	6.701
AAPK2_RAT	78975	Prkaa2	6.683	801	1	0	1.0	0.0	6.683
VGFR2_RAT	25589	Kdr	6.654	857	1	1	1.0	0.0	6.654
IGF1R_RAT	25718	Igf1r	6.651	862	1	0	1.0	0.0	6.651
CISY_RAT	170587	Cs	6.637	890	1	0	1.0	0.0	6.637
NMDE1_RAT	24409	Grin2a	6.608	952	1	0	1.0	0.0	6.608
BGLR_RAT	24434	Gusb	6.604	961	1	0	1.0	0.0	6.604
NTRK1_RAT	59109	Ntrk1	6.6	970	1	0	1.0	0.0	6.6
GRIA1_RAT	50592	Gria1	6.592	987	1	1	1.0	0.0	6.592
Q8K3R4_RAT	246253	Adipoq	6.589	995	1	0	1.0	0.0	6.589
GRIA2_RAT	29627	Gria2	6.584	1007	1	0	1.0	0.0	6.584
PRVA_RAT	25269	Pvalb	6.567	1047	1	0	1.0	0.0	6.567
LIPL_RAT	24539	Lpl	6.557	1070	1	0	1.0	0.0	6.557
AOFB_RAT	25750	Maob	6.553	1081	1	0	1.0	0.0	6.553
TNR16_RAT	24596	Ngfr	6.551	1084	1	0	1.0	0.0	6.551
EGR1_RAT	24330	Egr1	6.533	1130	1	0	1.0	0.0	6.533
BMP2_RAT	29373	Bmp2	6.533	1130	1	0	1.0	0.0	6.533
NTRK2_RAT	25054	Ntrk2	6.52	1166	1	2	1.0	0.0	6.52
NTF3_RAT	81737	Ntf3	6.52	1165	1	0	1.0	0.0	6.52
NEUM_RAT	29423	Gap43	6.491	1247	1	1	1.0	0.0	6.491
HGF_RAT	24446	Hgf	6.48	1278	1	0	1.0	0.0	6.48
IGF2_RAT	24483	Igf2	6.46	1337	1	0	1.0	0.0	6.46
EDNRA_RAT	24326	Ednra	6.454	1355	1	0	1.0	0.0	6.454
PPARG_RAT	25664	Pparg	6.447	1378	1	1	1.0	0.0	6.447
NF2L2_RAT	83619	Nfe2l2	6.444	1387	1	1	1.0	0.0	6.444
JUN_RAT	24516	Jun	6.435	1417	1	1	1.0	0.0	6.435
STAT3_RAT	25125	Stat3	6.434	1420	1	0	1.0	0.0	6.434
SODM_RAT	24787	Sod2	6.431	1429	1	1	1.0	0.0	6.431
SYT1_RAT	25716	Syt1	6.422	1459	1	0	1.0	0.0	6.422
Q9QX70_RAT	24329	Egfr	6.415	1482	1	3	1.0	0.0	6.415
NMDZ1_RAT	24408	Grin1	6.391	1569	1	1	1.0	0.0	6.391
GAST_RAT	25320	Gast	6.306	1908	1	0	1.0	0.0	6.306
IL4_RAT	287287	Il4	6.292	1970	1	0	1.0	0.0	6.292
DCOR_RAT	24609	Odc1	6.29	1980	1	0	1.0	0.0	6.29
OSTCN_RAT	25295	Bglap	6.288	1988	1	0	1.0	0.0	6.288
CREB1_RAT	81646	Creb1	6.288	1988	1	0	1.0	0.0	6.288
CP1A1_RAT	24296	Cyp1a1	6.276	2045	1	0	1.0	0.0	6.276
G6PD_RAT	24377	G6pdx	6.273	2056	1	0	1.0	0.0	6.273
PPARA_RAT	25747	Ppara	6.244	2202	1	0	1.0	0.0	6.244
NOS1_RAT	24598	Nos1	6.219	2331	1	0	1.0	0.0	6.219
RASK_RAT	24525	Kras	6.209	2381	1	0	1.0	0.0	6.209
PCNA_RAT	25737	Pcna	6.196	2457	1	0	1.0	0.0	6.196
AGTRA_RAT	24180	Agtr1	6.151	2723	1	0	1.0	0.0	6.151
PTHY_RAT	24694	Pth	6.127	2877	1	0	1.0	0.0	6.127
COX2_RAT	26198	Mtco2	6.124	2899	1	0	1.0	0.0	6.124
MMP9_RAT	81687	Mmp9	6.113	2972	1	1	1.0	0.0	6.113
RENI_RAT	24715	Ren1	5.878	5109	1	0	1.0	0.0	5.878
VEGFA_RAT	83785	Vegfa	5.859	5329	1	1	1.0	0.0	5.859
MK03_RAT	50689	Mapk3	5.84	5566	1	0	1.0	0.0	5.84
