Big_T	70711
Big_F	1656734
UniProtKB_ID	GeneID	Gene_Name	PPS	Big_P	T+P	Citation	1+Log(T+P)	log10((Cit/yr+1)/10)	1+log10(F/T)+log10(F/P)
ANGT_RAT	24179	Agt	25.391	14480	1360	409	4.134	1.613	4.419
RENI_RAT	24715	Ren1	22.554	5109	560	75	3.748	0.881	4.872
ACE_RAT	24310	Ace	19.93	3881	214	45	3.33	0.663	4.991
AGTRA_RAT	24180	Agtr1	19.165	2723	102	51	3.009	0.716	5.146
CP2G1_RAT	25251	Cyp2g1	18.05	6017	250	22	3.398	0.362	4.801
EDN1_RAT	24323	Edn1	16.738	5741	114	25	3.057	0.415	4.821
CP4A2_RAT	24306	Cyp4a2	16.396	76	28	8	2.447	0.0	6.7
NEU2_RAT	24221	Avp	16.04	5549	122	16	3.086	0.23	4.836
CATA_RAT	24248	Cat	15.706	7234	101	20	3.004	0.322	4.722
ANF_RAT	24602	Nppa	15.63	3022	116	3	3.064	0.0	5.101
NOS1_RAT	24598	Nos1	15.35	2331	55	15	2.74	0.204	5.213
ACE2_RAT	302668	Ace2	15.33	404	16	22	2.204	0.362	5.975
KLK7_RAT	24523	Klk7	15.181	83	19	0	2.279	0.0	6.662
AGTR2_RAT	24182	Agtr2	15.14	1265	20	28	2.301	0.462	5.479
LEP_RAT	25608	Lep	14.823	1803	19	31	2.279	0.505	5.325
PTHY_RAT	24694	Pth	14.812	2877	78	3	2.892	0.0	5.121
CP27B_RAT	114700	Cyp27b1	14.685	68	15	4	2.176	0.0	6.748
CP1A1_RAT	24296	Cyp1a1	14.484	2045	56	6	2.748	0.0	5.27
NPT2A_RAT	25548	Slc34a1	14.432	108	16	2	2.204	0.0	6.548
F1LRE1_RAT	116686	Gsr	14.293	2479	57	8	2.756	0.0	5.187
AQP2_RAT	25386	Aqp2	14.17	566	18	14	2.255	0.176	5.828
IGF1_RAT	24482	Igf1	14.046	6210	86	2	2.934	0.0	4.787
GGT1_RAT	116568	Ggt1	13.852	2092	43	1	2.633	0.0	5.26
HMOX1_RAT	24451	Hmox1	13.803	2652	25	18	2.398	0.279	5.157
SC5A2_RAT	64522	Slc5a2	13.634	123	9	13	1.954	0.146	6.491
CP2E1_RAT	25086	Cyp2e1	13.58	1349	31	0	2.491	0.0	5.451
EDNRA_RAT	24326	Ednra	13.575	1355	31	8	2.491	0.0	5.449
Q8CJF2_RAT	170509	Cyp3a62	13.513	882	25	2	2.398	0.0	5.635
CP4AA_RAT	50549	Cyp4a10	13.386	269	15	2	2.176	0.0	6.151
PODO_RAT	170672	Nphs2	13.305	152	12	5	2.079	0.0	6.399
OSTP_RAT	25353	Spp1	13.299	1292	18	14	2.255	0.176	5.47
TGFB1_RAT	59086	Tgfb1	13.193	8540	30	22	2.477	0.362	4.647
Q8K1Q7_RAT	298111	LOC298111	13.155	228	13	2	2.114	0.0	6.223
CP24A_RAT	25279	Cyp24a1	13.136	140	11	0	2.041	0.0	6.435
SL9A3_RAT	24784	Slc9a3	13.03	392	15	5	2.176	0.0	5.988
ANFC_RAT	114593	Nppc	12.97	279	13	0	2.114	0.0	6.135
NPY_RAT	24604	Npy	12.887	3653	37	3	2.568	0.0	5.018
PAI1_RAT	24617	Serpine1	12.864	862	19	4	2.279	0.0	5.645
CALCA_RAT	24241	Calca	12.836	4028	38	8	2.58	0.0	4.976
S22A6_RAT	29509	Slc22a6	12.811	202	11	0	2.041	0.0	6.276
EPO_RAT	24335	Epo	12.793	1761	25	4	2.398	0.0	5.335
HEM2_RAT	25374	Alad	12.783	271	12	0	2.079	0.0	6.148
VDR_RAT	24873	Vdr	12.757	523	15	9	2.176	0.0	5.862
ADML_RAT	25026	Adm	12.569	530	14	0	2.146	0.0	5.857
Q5BKB0_RAT	24494	Il1b	12.541	11144	39	14	2.591	0.176	4.532
TSC2_RAT	24855	Tsc2	12.53	207	10	0	2.0	0.0	6.265
EPHB1_RAT	24338	Ephb1	12.488	3003	20	13	2.301	0.146	5.103
Q5BKA2_RAT	65210	Cyp2j4	12.449	38	6	5	1.778	0.0	7.001
Q9Z1J7_RAT	292657	Slc1a5	12.449	38	6	0	1.778	0.0	7.001
GPX1_RAT	24404	Gpx1	12.428	1512	20	6	2.301	0.0	5.401
TIMP1_RAT	116510	Timp1	12.416	1355	19	5	2.279	0.0	5.449
NEP_RAT	24590	Mme	12.398	637	14	2	2.146	0.0	5.777
ALBU_RAT	24186	Alb	12.393	1951	22	4	2.342	0.0	5.291
SCNNG_RAT	24768	Scnn1g	12.387	244	10	7	2.0	0.0	6.194
MCR_RAT	25672	Nr3c2	12.358	543	13	0	2.114	0.0	5.846
STRAA_RAT	303605	Strada	12.348	2	1	30	1.0	0.491	8.28
CP4B1_RAT	24307	Cyp4b1	12.332	21	5	0	1.699	0.0	7.259
RENR_RAT	302526	Atp6ap2	12.311	81	7	7	1.845	0.0	6.672
Q8VBU7_RAT	24176	Adrb2	12.28	723	14	0	2.146	0.0	5.722
TNFA_RAT	24835	Tnf	12.272	18872	31	22	2.491	0.362	4.301
THIO_RAT	116484	Txn	12.162	420	11	3	2.041	0.0	5.958
DCOR_RAT	24609	Odc1	12.158	1980	20	0	2.301	0.0	5.284
IL6_RAT	24498	Il6	12.153	10505	29	15	2.462	0.204	4.558
Q68G40_RAT	83790	Cyp2c23	12.136	57	6	5	1.778	0.0	6.825
V2R_RAT	25108	Avpr2	12.131	161	8	1	1.903	0.0	6.374
MK08_RAT	116554	Mapk8	12.122	2054	20	8	2.301	0.0	5.268
DDC_RAT	24311	Ddc	12.117	442	11	0	2.041	0.0	5.936
OGA_RAT	154968	Mgea5	12.106	871	14	0	2.146	0.0	5.641
CP1A2_RAT	24297	Cyp1a2	12.073	1269	16	2	2.204	0.0	5.477
RHOA_RAT	117273	Rhoa	12.059	968	13	10	2.114	0.041	5.595
MCPT1_RAT	100360872	Mcpt1	12.049	760	13	9	2.114	0.0	5.7
CCL4_RAT	116637	Ccl4	12.046	3605	25	3	2.398	0.0	5.024
Q811Y3_RAT	114553	Ncf1	12.024	268	9	6	1.954	0.0	6.153
MC3R_RAT	29310	Mc3r	11.996	120	7	9	1.845	0.0	6.502
F1LST1_RAT	25661	Fn1	11.986	3505	24	1	2.38	0.0	5.036
NOS2_RAT	24599	Nos2	11.925	6210	31	9	2.491	0.0	4.787
DOPO_RAT	25699	Dbh	11.923	1060	14	2	2.146	0.0	5.555
B2GV28_RAT	24300	Cyp2b1	11.918	1065	14	1	2.146	0.0	5.553
SC16B_RAT	89868	Sec16b	11.863	15	4	0	1.602	0.0	7.405
NOS3_RAT	24600	Nos3	11.845	1372	15	1	2.176	0.0	5.443
THY1_RAT	24832	Thy1	11.791	1007	13	2	2.114	0.0	5.578
F1LM22_RAT	24862	Ugt2b	11.708	389	9	0	1.954	0.0	5.991
Q6AY35_RAT	116490	Snai1	11.699	19	4	0	1.602	0.0	7.302
DHI2_RAT	25117	Hsd11b2	11.69	176	7	2	1.845	0.0	6.335
LRP2_RAT	29216	Lrp2	11.676	279	8	0	1.903	0.0	6.135
CD59_RAT	25407	Cd59	11.657	106	6	2	1.778	0.0	6.556
ADM2_RAT	399475	Adm2	11.657	106	6	2	1.778	0.0	6.556
AGTRB_RAT	81638	Agtr1b	11.621	1212	13	4	2.114	0.0	5.497
PA21B_RAT	29526	Pla2g1b	11.568	2150	16	0	2.204	0.0	5.248
Q8R427_RAT	24646	Abcb1b	11.554	1304	13	3	2.114	0.0	5.466
S13A1_RAT	58980	Slc13a1	11.536	24	4	0	1.602	0.0	7.201
G3V6U1_RAT	25065	Slc12a1	11.525	216	7	1	1.845	0.0	6.247
ACTH_RAT	25365	Actg2	11.43	1212	12	7	2.079	0.0	5.497
DBP_RAT	24309	Dbp	11.415	248	7	0	1.845	0.0	6.187
Q5WRG2_RAT	305843	Ang	11.336	1066	11	6	2.041	0.0	5.553
PDLI3_RAT	114108	Pdlim3	11.281	643	9	1	1.954	0.0	5.773
MP2K1_RAT	170851	Map2k1	11.239	676	9	9	1.954	0.0	5.751
CNR1_RAT	25248	Cnr1	11.222	1872	13	3	2.114	0.0	5.309
HNMT_RAT	81676	Hnmt	11.188	99	5	0	1.699	0.0	6.585
HPGDS_RAT	58962	Hpgds	11.173	3247	16	1	2.204	0.0	5.069
FOS_RAT	314322	Fos	11.173	8957	26	6	2.415	0.0	4.627
CCL2_RAT	24770	Ccl2	11.172	1975	13	4	2.114	0.0	5.285
ANPRA_RAT	24603	Npr1	11.163	201	6	0	1.778	0.0	6.278
MC4R_RAT	25635	Mc4r	11.127	292	6	10	1.778	0.041	6.116
B2MG_RAT	24223	B2m	11.1	218	6	0	1.778	0.0	6.242
Z354A_RAT	24522	Znf354a	11.099	45	4	2	1.602	0.0	6.928
Q6MG98_RAT	294269	RT1-Da	11.092	371	7	0	1.845	0.0	6.012
TRH_RAT	25569	Trh	11.08	2185	13	0	2.114	0.0	5.241
CP2J3_RAT	313375	Cyp2j3	11.04	121	5	0	1.699	0.0	6.498
VIP_RAT	117064	Vip	11.034	2752	14	1	2.146	0.0	5.141
COMT_RAT	24267	Comt	10.99	640	8	0	1.903	0.0	5.775
PNOC_RAT	25516	Pnoc	10.975	652	8	1	1.903	0.0	5.767
MLRS_RAT	24584	Mylpf	10.959	135	5	0	1.699	0.0	6.451
G6PD_RAT	24377	G6pdx	10.952	2056	12	3	2.079	0.0	5.268
GHRL_RAT	59301	Ghrl	10.95	1647	11	5	2.041	0.0	5.364
UROM_RAT	25128	Umod	10.938	15	3	0	1.477	0.0	7.405
CP4F4_RAT	286904	Cyp4f4	10.938	15	3	1	1.477	0.0	7.405
TSPO_RAT	24230	Tspo	10.934	452	7	0	1.845	0.0	5.926
D3ZUM4_RAT	316033	Glb1	10.933	969	9	1	1.954	0.0	5.594
AKT1_RAT	24185	Akt1	10.879	4730	15	10	2.176	0.041	4.906
S100G_RAT	24249	S100g	10.859	298	6	0	1.778	0.0	6.107
NGAL_RAT	170496	Lcn2	10.848	503	7	6	1.845	0.0	5.879
IL2_RAT	116562	Il2	10.831	2864	13	6	2.114	0.0	5.124
A0A0G2K3R5_RAT	117058	Pou2f2	10.822	67	4	0	1.602	0.0	6.755
5HT1A_RAT	24473	Htr1a	10.802	2955	13	1	2.114	0.0	5.11
S15A1_RAT	117261	Slc15a1	10.798	168	5	1	1.699	0.0	6.356
CP4AC_RAT	266674	Cyp4a12	10.786	19	3	3	1.477	0.0	7.302
S22A1_RAT	24904	Slc22a1	10.781	172	5	0	1.699	0.0	6.345
CRF_RAT	81648	Crh	10.751	5046	16	1	2.204	0.0	4.878
EDNRB_RAT	50672	Ednrb	10.74	866	8	1	1.903	0.0	5.643
LYAG_RAT	367562	Gaa	10.725	77	4	0	1.602	0.0	6.694
G6PC_RAT	25634	G6pc	10.722	1660	10	0	2.0	0.0	5.361
PSPN_RAT	25525	Pspn	10.716	78	4	0	1.602	0.0	6.689
Q3V5G8_RAT	25648	Slc7a1	10.716	78	4	0	1.602	0.0	6.689
GTR1_RAT	24778	Slc2a1	10.715	893	8	3	1.903	0.0	5.63
V1AR_RAT	25107	Avpr1a	10.711	189	5	0	1.699	0.0	6.304
ACES_RAT	83817	Ache	10.698	3939	14	0	2.146	0.0	4.985
CSTN2_RAT	171394	Clstn2	10.692	194	5	0	1.699	0.0	6.293
BGLR_RAT	24434	Gusb	10.654	961	8	0	1.903	0.0	5.598
CD4_RAT	24932	Cd4	10.629	2941	12	4	2.079	0.0	5.112
D3ZBM3_RAT	361338	Fech	10.624	89	4	0	1.602	0.0	6.632
ADA_RAT	24165	Ada	10.614	674	7	0	1.845	0.0	5.752
BCL2_RAT	24224	Bcl2	10.592	5951	16	9	2.204	0.0	4.806
PENK_RAT	29237	Penk	10.544	3914	13	0	2.114	0.0	4.988
CYB5_RAT	64001	Cyb5a	10.54	739	7	0	1.845	0.0	5.712
ADRB1_RAT	24925	Adrb1	10.534	744	7	0	1.845	0.0	5.709
CR1L_RAT	54243	Cr1l	10.529	102	4	0	1.602	0.0	6.572
NMDZ1_RAT	24408	Grin1	10.524	1569	9	8	1.954	0.0	5.385
E9PTH2_RAT	114509	LOC100912585	10.523	103	4	6	1.602	0.0	6.568
TNFL6_RAT	25385	Faslg	10.484	792	7	1	1.845	0.0	5.682
KLK2_RAT	24841	Klk2	10.483	109	4	0	1.602	0.0	6.544
BAAT_RAT	29725	Baat	10.472	31	3	0	1.477	0.0	7.09
Q6P6T6_RAT	171293	Ctsd	10.45	827	7	0	1.845	0.0	5.663
KNG1_RAT	25087	Kng1	10.434	117	4	0	1.602	0.0	6.513
HAVR1_RAT	286934	Havcr1	10.434	275	5	3	1.699	0.0	6.142
VGFR2_RAT	25589	Kdr	10.421	857	7	3	1.845	0.0	5.648
TY3H_RAT	25085	Th	10.396	1823	9	3	1.954	0.0	5.32
AQP1_RAT	25240	Aqp1	10.385	550	6	0	1.778	0.0	5.841
Q5PQK5_RAT	315655	Rdx	10.342	38	3	2	1.477	0.0	7.001
HYES_RAT	65030	Ephx2	10.332	316	5	2	1.699	0.0	6.081
P2RX2_RAT	114115	P2rx2	10.307	327	5	8	1.699	0.0	6.066
Q8K3R4_RAT	246253	Adipoq	10.301	995	7	2	1.845	0.0	5.583
CIP4_RAT	116717	Trip10	10.293	41	3	0	1.477	0.0	6.968
HRH1_RAT	24448	Hrh1	10.284	337	5	0	1.699	0.0	6.053
S38A3_RAT	252919	Slc38a3	10.277	42	3	2	1.477	0.0	6.958
A0A0G2K1L0_RAT	116640	Tnc	10.24	358	5	4	1.699	0.0	6.027
CXA1_RAT	24392	Gja1	10.207	1649	8	2	1.903	0.0	5.363
CO3_RAT	24232	C3	10.186	385	5	2	1.699	0.0	5.995
G3V960_RAT	25257	Gamt	10.166	50	3	1	1.477	0.0	6.882
PYC_RAT	25104	Pc	10.129	766	6	0	1.778	0.0	5.697
FGF23_RAT	170583	Fgf23	10.119	120	2	17	1.301	0.255	6.502
S28A1_RAT	116642	Slc28a1	10.116	54	3	1	1.477	0.0	6.849
COX1_RAT	26195	Mtco1	10.075	1320	7	5	1.845	0.0	5.46
TMM27_RAT	57395	Tmem27	10.065	7	2	0	1.301	0.0	7.736
Q5BJP4_RAT	362251	Rbm39	10.065	7	2	0	1.301	0.0	7.736
SO4C1_RAT	432363	Slco4c1	10.065	7	2	0	1.301	0.0	7.736
MYPT1_RAT	116670	Ppp1r12a	10.05	203	4	0	1.602	0.0	6.273
PTPRN_RAT	116660	Ptprn	10.049	60	3	0	1.477	0.0	6.803
CASP3_RAT	25402	Casp3	10.04	8340	11	12	2.041	0.114	4.658
PODXL_RAT	192181	Podxl	10.007	64	3	6	1.477	0.0	6.775
Q66HK3_RAT	24693	Ptgs1	10.005	492	5	0	1.699	0.0	5.889
CP4F6_RAT	266689	Cyp4f6	9.989	8	2	0	1.301	0.0	7.678
Q9QX70_RAT	24329	Egfr	9.982	1482	7	4	1.845	0.0	5.41
DUS1_RAT	114856	Dusp1	9.973	227	4	3	1.602	0.0	6.225
PE2R3_RAT	24929	Ptger3	9.964	230	4	1	1.602	0.0	6.219
B0BN55_RAT	29421	Urod	9.95	70	3	0	1.477	0.0	6.736
NMD3A_RAT	191573	Grin3a	9.941	71	3	1	1.477	0.0	6.73
KAT1_RAT	311844	Kyat1	9.914	74	3	0	1.477	0.0	6.712
CO4_RAT	24233	C4	9.908	249	4	0	1.602	0.0	6.185
PCNA_RAT	25737	Pcna	9.878	2457	8	0	1.903	0.0	5.19
AMPN_RAT	81641	Anpep	9.878	260	4	0	1.602	0.0	6.166
AATM_RAT	25721	Got2	9.874	3371	9	1	1.954	0.0	5.053
NPHN_RAT	64563	Nphs1	9.786	297	4	2	1.602	0.0	6.108
EAA2_RAT	29482	Slc1a2	9.78	668	5	1	1.699	0.0	5.756
TRPA1_RAT	312896	Trpa1	9.767	305	4	4	1.602	0.0	6.097
NK1R_RAT	24807	Tacr1	9.756	1242	6	2	1.778	0.0	5.487
ANDR_RAT	24208	Ar	9.741	1267	6	2	1.778	0.0	5.478
IL13_RAT	116553	Il13	9.738	318	4	1	1.602	0.0	6.078
PTGIS_RAT	25527	Ptgis	9.727	99	3	0	1.477	0.0	6.585
CP2CB_RAT	29277	Cyp2c11	9.727	717	5	2	1.699	0.0	5.725
UD16_RAT	113992	Ugt1a6	9.719	327	4	2	1.602	0.0	6.066
PCKGC_RAT	362282	Pck1	9.701	743	5	1	1.699	0.0	5.71
IGF2_RAT	24483	Igf2	9.699	1337	6	0	1.778	0.0	5.455
PEBP1_RAT	29542	Pebp1	9.696	104	3	0	1.477	0.0	6.564
OLR1_RAT	140914	Olr1	9.677	107	3	2	1.477	0.0	6.552
CP27A_RAT	301517	Cyp27a1	9.677	107	3	0	1.477	0.0	6.552
PPARG_RAT	25664	Pparg	9.676	1378	6	3	1.778	0.0	5.442
GSTP1_RAT	24426	Gstp1	9.673	772	5	0	1.699	0.0	5.693
T2CB11_RAT	24954	Insr	9.669	1390	6	5	1.778	0.0	5.438
GDNF_RAT	25453	Gdnf	9.666	1396	6	2	1.778	0.0	5.436
PPARA_RAT	25747	Ppara	9.665	2202	7	5	1.845	0.0	5.238
HEM1_RAT	65155	Alas1	9.654	111	3	0	1.477	0.0	6.536
D3ZLB7_RAT	100360880	Fosb	9.64	366	4	6	1.602	0.0	6.017
CUL5_RAT	64624	Cul5	9.634	15	2	0	1.301	0.0	7.405
CART_RAT	29131	Cartpt	9.631	371	4	0	1.602	0.0	6.012
KCMA1_RAT	83731	Kcnma1	9.622	376	4	2	1.602	0.0	6.006
DPP4_RAT	25253	Dpp4	9.621	828	5	1	1.699	0.0	5.663
BKRB2_RAT	25245	Bdkrb2	9.62	117	3	0	1.477	0.0	6.513
D3ZGE2_RAT	303413	Mpo	9.618	4558	9	1	1.954	0.0	4.922
PDGFB_RAT	24628	Pdgfb	9.575	402	4	1	1.602	0.0	5.977
TRPV1_RAT	83810	Trpv1	9.568	1584	6	8	1.778	0.0	5.381
G3V8U2_RAT	117519	Keap1	9.553	130	3	4	1.477	0.0	6.467
GRP_RAT	171101	Grp	9.533	427	4	0	1.602	0.0	5.95
LAMB2_RAT	25473	Lamb2	9.531	18	2	1	1.301	0.0	7.326
TFEC_RAT	26296	Tfec	9.531	18	2	0	1.301	0.0	7.326
G3V843_RAT	29251	F2	9.531	1663	6	0	1.778	0.0	5.36
ADHX_RAT	100145871	Adh5	9.531	18	2	0	1.301	0.0	7.326
OXDA_RAT	114027	Dao	9.528	135	3	1	1.477	0.0	6.451
5HT3A_RAT	79246	Htr3a	9.515	956	5	0	1.699	0.0	5.6
AA2AR_RAT	25369	Adora2a	9.5	448	4	2	1.602	0.0	5.93
BDNF_RAT	24225	Bdnf	9.49	5296	9	6	1.954	0.0	4.856
RIDA_RAT	65151	Rida	9.471	20	2	0	1.301	0.0	7.28
Q6T5E8_RAT	154516	Ugt1a7c	9.465	149	3	2	1.477	0.0	6.408
Q9QZD1_RAT	24772	Cxcl12	9.463	472	4	5	1.602	0.0	5.907
NGF_RAT	310738	Ngf	9.456	2856	7	3	1.845	0.0	5.125
GNRHR_RAT	81668	Gnrhr	9.448	5576	9	0	1.954	0.0	4.834
SLC31_RAT	29484	Slc3a1	9.447	483	4	0	1.602	0.0	5.897
WNK1_RAT	116477	Wnk1	9.444	21	2	1	1.301	0.0	7.259
G3V7K3_RAT	24268	Cp	9.418	504	4	0	1.602	0.0	5.879
F1MAG9_RAT	308586	Sec1	9.407	163	3	2	1.477	0.0	6.369
Q9JKC1_RAT	65036	Bche	9.396	1981	6	0	1.778	0.0	5.284
EGR1_RAT	24330	Egr1	9.392	1130	5	0	1.699	0.0	5.528
PRDX5_RAT	113898	Prdx5	9.392	167	3	1	1.477	0.0	6.358
Q68G05_RAT	29517	Sgk1	9.38	170	3	0	1.477	0.0	6.351
CD1D_RAT	25109	Cd1d	9.355	177	3	0	1.477	0.0	6.333
AK1A1_RAT	78959	Akr1a1	9.342	562	4	0	1.602	0.0	5.831
TRPM8_RAT	171384	Trpm8	9.333	183	3	9	1.477	0.0	6.319
CP2CC_RAT	25011	Cyp2c12	9.319	187	3	0	1.477	0.0	6.309
PDE5A_RAT	171115	Pde5a	9.319	187	3	2	1.477	0.0	6.309
AMHR2_RAT	29530	Amhr2	9.309	589	4	0	1.602	0.0	5.811
TIMP2_RAT	29543	Timp2	9.309	589	4	0	1.602	0.0	5.811
ANPRB_RAT	116564	Npr2	9.306	191	3	0	1.477	0.0	6.3
HGF_RAT	24446	Hgf	9.301	1278	5	2	1.699	0.0	5.474
NOX4_RAT	85431	Nox4	9.3	403	3	11	1.477	0.079	5.976
MYG_RAT	59108	Mb	9.289	196	3	0	1.477	0.0	6.289
AQP4_RAT	25293	Aqp4	9.269	624	4	7	1.602	0.0	5.786
4F2_RAT	50567	Slc3a2	9.261	29	2	0	1.301	0.0	7.119
SMAD2_RAT	29357	Smad2	9.254	638	4	2	1.602	0.0	5.776
GLO2_RAT	24439	Hagh	9.242	30	2	0	1.301	0.0	7.104
RL4_RAT	64302	Rpl4	9.233	214	3	1	1.477	0.0	6.251
D4A400_RAT	287610	Lpo	9.233	214	3	0	1.477	0.0	6.251
PNMT_RAT	24661	Pnmt	9.231	659	4	0	1.602	0.0	5.762
JUN_RAT	24516	Jun	9.225	1417	5	7	1.699	0.0	5.43
TERA_RAT	116643	Vcp	9.224	31	2	0	1.301	0.0	7.09
CCR3_RAT	117027	Ccr3	9.224	31	2	0	1.301	0.0	7.09
PRL_RAT	24683	Prl	9.211	3879	7	0	1.845	0.0	4.992
MYC_RAT	24577	Myc	9.202	1461	5	5	1.699	0.0	5.416
TGFR2_RAT	81810	Tgfbr2	9.201	225	3	0	1.477	0.0	6.229
VACHT_RAT	60422	Slc18a3	9.192	228	3	3	1.477	0.0	6.223
A4_RAT	54226	App	9.172	1522	5	0	1.699	0.0	5.398
NCPR_RAT	29441	Por	9.159	731	4	0	1.602	0.0	5.717
ICAM1_RAT	25464	Icam1	9.156	2701	6	2	1.778	0.0	5.149
Q68FT8_RAT	287527	Serpinf2	9.155	35	2	1	1.301	0.0	7.037
NOX1_RAT	114243	Nox1	9.154	242	3	1	1.477	0.0	6.197
CTGF_RAT	64032	Ctgf	9.15	740	4	0	1.602	0.0	5.712
VIME_RAT	81818	Vim	9.148	1573	5	1	1.699	0.0	5.384
Q5M7T5_RAT	304917	Serpinc1	9.138	248	3	0	1.477	0.0	6.187
SL9A2_RAT	24783	Slc9a2	9.123	254	3	0	1.477	0.0	6.176
Q06884_RAT	25642	Cyp3a23/3a1	9.104	791	4	0	1.602	0.0	5.683
EAA3_RAT	25550	Slc1a1	9.098	264	3	0	1.477	0.0	6.159
B2GUU9_RAT	170917	Cry2	9.094	39	2	0	1.301	0.0	6.99
Q6AYW2_RAT	24616	Pah	9.086	269	3	0	1.477	0.0	6.151
AL1A2_RAT	116676	Aldh1a2	9.08	40	2	0	1.301	0.0	6.979
F1LXU5_RAT	681288	T2	9.04	289	3	0	1.477	0.0	6.12
PACA_RAT	24166	Adcyap1	9.032	877	4	0	1.602	0.0	5.638
PGH2_RAT	29527	Ptgs2	9.03	3174	6	2	1.778	0.0	5.079
MIF_RAT	81683	Mif	9.029	294	3	0	1.477	0.0	6.113
ALAT1_RAT	81670	Gpt	9.027	884	4	0	1.602	0.0	5.634
UT1_RAT	54301	Slc14a1	9.001	46	2	0	1.301	0.0	6.918
D4ACZ2_RAT	293992	Pax2	9.001	46	2	0	1.301	0.0	6.918
G3V9Z3_RAT	29253	Maoa	8.998	1926	5	0	1.699	0.0	5.296
CFTR_RAT	24255	Cftr	8.977	319	3	1	1.477	0.0	6.077
GCR_RAT	24413	Nr3c1	8.968	2004	5	0	1.699	0.0	5.279
CADH2_RAT	83501	Cdh2	8.967	324	3	1	1.477	0.0	6.07
TRFE_RAT	24825	Tf	8.965	2014	5	0	1.699	0.0	5.277
Q8K422_RAT	24664	Pomc	8.963	2019	5	2	1.699	0.0	5.276
SDHL_RAT	25044	Sds	8.94	338	3	0	1.477	0.0	6.052
A0A0G2JYQ6_RAT	290567	Chat	8.939	2084	5	0	1.699	0.0	5.262
CUBN_RAT	80848	Cubn	8.932	52	2	0	1.301	0.0	6.865
XDH_RAT	497811	Xdh	8.928	344	3	0	1.477	0.0	6.044
CASPC_RAT	156117	Casp12	8.923	347	3	3	1.477	0.0	6.041
OREX_RAT	25723	Hcrt	8.906	1051	4	3	1.602	0.0	5.559
VHL_RAT	24874	Vhl	8.9	55	2	0	1.301	0.0	6.841
MTOR_RAT	56718	Mtor	8.892	1072	4	6	1.602	0.0	5.551
GUC2B_RAT	64055	Guca2b	8.89	56	2	0	1.301	0.0	6.833
AOFB_RAT	25750	Maob	8.887	1081	4	0	1.602	0.0	5.547
TNR16_RAT	24596	Ngfr	8.885	1084	4	3	1.602	0.0	5.546
SL9A1_RAT	24782	Slc9a1	8.88	371	3	1	1.477	0.0	6.012
Q64315_RAT	114851	Cdkn1a	8.88	371	3	0	1.477	0.0	6.012
P2RY1_RAT	25265	P2ry1	8.878	372	3	2	1.477	0.0	6.01
F1LS98_RAT	24680	Prkca	8.877	1095	4	3	1.602	0.0	5.541
A0A0G2K218_RAT	81722	Ager	8.858	384	3	1	1.477	0.0	5.997
G3V617_RAT	81649	Mapk14	8.857	3982	6	3	1.778	0.0	4.981
RASK_RAT	24525	Kras	8.841	2381	5	2	1.699	0.0	5.204
FA12_RAT	306761	F12	8.841	61	2	0	1.301	0.0	6.796
LEPR_RAT	24536	Lepr	8.84	395	3	1	1.477	0.0	5.984
F1LM84_RAT	25494	Nid1	8.814	64	2	1	1.301	0.0	6.775
Q6PED1_RAT	81780	Ccl5	8.802	419	3	3	1.477	0.0	5.959
PRDX2_RAT	29338	Prdx2	8.788	67	2	1	1.301	0.0	6.755
P2RX3_RAT	81739	P2rx3	8.781	433	3	3	1.477	0.0	5.944
CD2_RAT	497761	Cd2	8.767	442	3	0	1.477	0.0	5.936
CP2CD_RAT	171521	Cyp2c13	8.756	71	2	0	1.301	0.0	6.73
GUC2A_RAT	25656	Guca2a	8.748	72	2	0	1.301	0.0	6.724
CAH2_RAT	54231	Ca2	8.746	2710	5	0	1.699	0.0	5.148
UD11_RAT	24861	Ugt1a1	8.743	459	3	0	1.477	0.0	5.919
Q9JKL3_RAT	24887	Bax	8.714	4781	6	2	1.778	0.0	4.901
TLR4_RAT	29260	Tlr4	8.714	1386	4	6	1.602	0.0	5.439
Q925D6_RAT	114495	Map2k6	8.71	77	2	0	1.301	0.0	6.694
PTHR_RAT	24695	Pthlh	8.7	491	3	0	1.477	0.0	5.89
B2RYE7_RAT	100188935	RT1-A	8.694	496	3	0	1.477	0.0	5.885
SODM_RAT	24787	Sod2	8.692	1429	4	5	1.602	0.0	5.426
RAC1_RAT	363875	Rac1	8.686	502	3	5	1.477	0.0	5.88
MK01_RAT	116590	Mapk1	8.678	5012	6	1	1.778	0.0	4.88
GNMT_RAT	25134	Gnmt	8.661	84	2	0	1.301	0.0	6.657
G3V8G8_RAT	292866	Klk1c8	8.654	85	2	0	1.301	0.0	6.652
PTH1R_RAT	56813	Pth1r	8.647	86	2	0	1.301	0.0	6.646
GLNA_RAT	24957	Glul	8.637	1548	4	0	1.602	0.0	5.391
SPA3K_RAT	24794	Serpina3k	8.634	88	2	0	1.301	0.0	6.636
CXA4_RAT	25655	Gja4	8.634	88	2	0	1.301	0.0	6.636
CAH4_RAT	29242	Ca4	8.631	547	3	0	1.477	0.0	5.843
D4A5F1_RAT	498328	Pkd2	8.622	90	2	0	1.301	0.0	6.627
A1A5M4_RAT	24443	Hdc	8.61	565	3	0	1.477	0.0	5.829
TXNIP_RAT	117514	Txnip	8.603	93	2	1	1.301	0.0	6.612
PTPRC_RAT	24699	Ptprc	8.602	572	3	2	1.477	0.0	5.824
MK03_RAT	50689	Mapk3	8.596	5566	6	2	1.778	0.0	4.834
STIM1_RAT	361618	Stim1	8.585	96	2	0	1.301	0.0	6.599
SO3A1_RAT	140915	Slco3a1	8.581	1	1	1	1.0	0.0	8.581
F1M1F1_RAT	294862	March6	8.581	1	1	0	1.0	0.0	8.581
Q6AYR7_RAT	294881	Slc7a12	8.581	1	1	0	1.0	0.0	8.581
ANKS3_RAT	302937	Anks3	8.581	1	1	0	1.0	0.0	8.581
D3ZRH6_RAT	360761	Lnx2	8.581	1	1	0	1.0	0.0	8.581
THEM4_RAT	361992	Them4	8.581	1	1	0	1.0	0.0	8.581
Q811V5_RAT	103694550	LOC103694550	8.581	1	1	0	1.0	0.0	8.581
R9PXZ7_RAT	24796	Spn	8.579	97	2	0	1.301	0.0	6.594
GON1_RAT	25194	Gnrh1	8.579	3398	5	0	1.699	0.0	5.049
FGF2_RAT	54250	Fgf2	8.572	3430	5	1	1.699	0.0	5.046
PEPC_RAT	24864	Pgc	8.568	99	2	0	1.301	0.0	6.585
S1PR2_RAT	29415	S1pr2	8.562	100	2	2	1.301	0.0	6.581
S22A2_RAT	29503	Slc22a2	8.556	101	2	0	1.301	0.0	6.577
CLD3_RAT	65130	Cldn3	8.556	101	2	0	1.301	0.0	6.577
HDAC1_RAT	297893	Hdac1	8.556	101	2	4	1.301	0.0	6.577
NCAM1_RAT	24586	Ncam1	8.524	646	3	0	1.477	0.0	5.771
GSTM1_RAT	24423	Gstm1	8.508	110	2	0	1.301	0.0	6.54
GHRHR_RAT	25321	Ghrhr	8.508	110	2	0	1.301	0.0	6.54
F2Z3U1_RAT	64566	Wnt5a	8.503	111	2	6	1.301	0.0	6.536
GAST_RAT	25320	Gast	8.491	1908	4	0	1.602	0.0	5.3
CXCL2_RAT	114105	Cxcl2	8.48	692	3	0	1.477	0.0	5.741
ASMT_RAT	246281	Asmt	8.473	117	2	0	1.301	0.0	6.513
A1YKY4_RAT	170896	Ucn2	8.469	118	2	1	1.301	0.0	6.509
CP2A1_RAT	24894	Cyp2a1	8.454	121	2	0	1.301	0.0	6.498
NF1_RAT	24592	Nf1	8.436	125	2	0	1.301	0.0	6.484
GRAB_RAT	171528	Gzmb	8.436	125	2	2	1.301	0.0	6.484
WT1_RAT	24883	Wt1	8.431	126	2	1	1.301	0.0	6.481
CGL_RAT	24962	Cth	8.423	128	2	0	1.301	0.0	6.474
MBP_RAT	24547	Mbp	8.416	2126	4	0	1.602	0.0	5.253
O08718_RAT	60329	Neurog3	8.409	131	2	0	1.301	0.0	6.464
ANFB_RAT	25105	Nppb	8.383	805	3	0	1.477	0.0	5.675
MRP2_RAT	25303	Abcc2	8.362	832	3	0	1.477	0.0	5.661
KCNJ8_RAT	25472	Kcnj8	8.337	149	2	0	1.301	0.0	6.408
TAGL_RAT	25123	Tagln	8.325	152	2	0	1.301	0.0	6.399
RGN_RAT	25106	Rgn	8.318	154	2	0	1.301	0.0	6.393
NMU_RAT	63887	Nmu	8.318	154	2	0	1.301	0.0	6.393
SC6A4_RAT	25553	Slc6a4	8.31	902	3	1	1.477	0.0	5.626
Q5I0M4_RAT	364773	Akr1c12	8.307	157	2	0	1.301	0.0	6.385
AMBP_RAT	25377	Ambp	8.283	164	2	0	1.301	0.0	6.366
APEL_RAT	58812	Apln	8.283	164	2	2	1.301	0.0	6.366
Q6PW51_RAT	25101	Chrna3	8.28	2	1	0	1.0	0.0	8.28
PSA6_RAT	29673	Psma6	8.28	2	1	0	1.0	0.0	8.28
PLLP_RAT	64364	Pllp	8.28	2	1	0	1.0	0.0	8.28
M0R5R0_RAT	81750	Pros1	8.28	2	1	0	1.0	0.0	8.28
PDZ1I_RAT	81916	Pdzk1ip1	8.28	2	1	0	1.0	0.0	8.28
S6A20_RAT	113918	Slc6a20	8.28	2	1	0	1.0	0.0	8.28
IDH3A_RAT	114096	Idh3a	8.28	2	1	0	1.0	0.0	8.28
F1M947_RAT	313067	Tmem67	8.28	2	1	7	1.0	0.0	8.28
D3ZUU6_RAT	100912012	Clec3b	8.28	2	1	2	1.0	0.0	8.28
CRYAB_RAT	25420	Cryab	8.279	165	2	1	1.301	0.0	6.363
NMDE1_RAT	24409	Grin2a	8.275	952	3	5	1.477	0.0	5.602
CALRL_RAT	25029	Calcrl	8.262	170	2	0	1.301	0.0	6.351
Q6IRH4_RAT	24173	Adra1b	8.239	177	2	0	1.301	0.0	6.333
Q66HI4_RAT	25584	F3	8.233	179	2	0	1.301	0.0	6.328
NRG1_RAT	112400	Nrg1	8.233	179	2	0	1.301	0.0	6.328
ALDR_RAT	24192	Akr1b1	8.225	1030	3	0	1.477	0.0	5.568
ACHA2_RAT	170945	Chrna2	8.223	1033	3	1	1.477	0.0	5.567
URIC_RAT	114768	Uox	8.211	186	2	2	1.301	0.0	6.311
GPER1_RAT	171104	Gper1	8.202	189	2	6	1.301	0.0	6.304
COX2_RAT	26198	Mtco2	8.2	2899	4	0	1.602	0.0	5.118
OX1R_RAT	25593	Hcrtr1	8.188	194	2	0	1.301	0.0	6.293
F1LRZ7_RAT	24587	Nefh	8.165	202	2	0	1.301	0.0	6.276
ARGI1_RAT	29221	Arg1	8.151	207	2	0	1.301	0.0	6.265
CO1A1_RAT	29393	Col1a1	8.145	209	2	1	1.301	0.0	6.261
CCKN_RAT	25298	Cck	8.144	3140	4	0	1.602	0.0	5.084
Q6IN10_RAT	94204	Ece1	8.14	211	2	0	1.301	0.0	6.257
DHI1_RAT	25116	Hsd11b1	8.137	212	2	0	1.301	0.0	6.255
G3V6J4_RAT	299757	Nts	8.119	1214	3	0	1.477	0.0	5.497
P2RX1_RAT	25505	P2rx1	8.114	221	2	2	1.301	0.0	6.237
GDN_RAT	29366	Serpine2	8.114	221	2	0	1.301	0.0	6.237
BKRB1_RAT	81509	Bdkrb1	8.111	222	2	0	1.301	0.0	6.235
SPRC_RAT	24791	Sparc	8.109	223	2	0	1.301	0.0	6.233
G3V949_RAT	29264	Clip2	8.104	3	1	0	1.0	0.0	8.104
RS20_RAT	122772	Rps20	8.104	3	1	0	1.0	0.0	8.104
SIAH2_RAT	140593	Siah2	8.104	3	1	1	1.0	0.0	8.104
NECA2_RAT	170928	Necab2	8.104	3	1	0	1.0	0.0	8.104
NEK8_RAT	287473	Nek8	8.104	3	1	2	1.0	0.0	8.104
CAH8_RAT	297814	Ca8	8.104	3	1	0	1.0	0.0	8.104
B1H273_RAT	305505	Ccm2	8.104	3	1	0	1.0	0.0	8.104
D3ZLL7_RAT	306664	Adamts16	8.104	3	1	1	1.0	0.0	8.104
F1LM60_RAT	361617	Arap1	8.104	3	1	0	1.0	0.0	8.104
G3V8S9_RAT	316010	Camp	8.077	236	2	0	1.301	0.0	6.208
A1L1M0_RAT	25636	Prkaca	8.076	1298	3	0	1.477	0.0	5.468
GSTA1_RAT	24422	Gsta1	8.074	237	2	0	1.301	0.0	6.206
NK3R_RAT	24808	Tacr3	8.074	237	2	0	1.301	0.0	6.206
A0A0G2K4C9_RAT	25540	Sbp	8.07	239	2	0	1.301	0.0	6.203
SODC_RAT	24786	Sod1	8.069	1312	3	0	1.477	0.0	5.463
SMS_RAT	24797	Sst	8.069	1312	3	0	1.477	0.0	5.463
REPI1_RAT	445541	Repin1	8.067	240	2	0	1.301	0.0	6.201
A1AG_RAT	24614	Orm1	8.065	241	2	0	1.301	0.0	6.199
D2KX21_RAT	288025	Hrasls	8.065	241	2	0	1.301	0.0	6.199
PE2R1_RAT	25637	Ptger1	8.053	246	2	1	1.301	0.0	6.19
UTS2_RAT	29180	Uts2	8.053	246	2	0	1.301	0.0	6.19
CEAM1_RAT	81613	Ceacam1	8.047	249	2	0	1.301	0.0	6.185
CYB_RAT	26192	Mt-Cyb	8.042	251	2	1	1.301	0.0	6.181
Q9JK64_RAT	170913	Abcb1a	8.042	251	2	1	1.301	0.0	6.181
PA2GA_RAT	29692	Pla2g2a	8.04	252	2	1	1.301	0.0	6.18
TKNK_RAT	29191	Tac3	8.024	259	2	0	1.301	0.0	6.168
KCNA5_RAT	25470	Kcna5	8.009	266	2	2	1.301	0.0	6.156
NMDE2_RAT	24410	Grin2b	8.007	1445	3	0	1.477	0.0	5.421
SYT1_RAT	25716	Syt1	8.001	1459	3	1	1.477	0.0	5.417
IL10_RAT	25325	Il10	7.994	3898	4	0	1.602	0.0	4.99
CBG_RAT	299270	Serpina6	7.992	274	2	0	1.301	0.0	6.143
ZN423_RAT	94188	Znf423	7.979	4	1	2	1.0	0.0	7.979
MFS4B_RAT	337920	Mfsd4b	7.979	4	1	0	1.0	0.0	7.979
G3V6P5_RAT	24952	Gcg	7.976	1518	3	1	1.477	0.0	5.4
MYH7_RAT	29557	Myh7	7.962	289	2	1	1.301	0.0	6.12
HIF1A_RAT	29560	Hif1a	7.959	1558	3	0	1.477	0.0	5.388
TGFB3_RAT	25717	Tgfb3	7.953	294	2	0	1.301	0.0	6.113
Q6MG73_RAT	24231	C2	7.945	298	2	0	1.301	0.0	6.107
G3P_RAT	24383	Gapdh	7.932	305	2	1	1.301	0.0	6.097
HPT_RAT	24464	Hp	7.928	307	2	0	1.301	0.0	6.094
D3ZFJ0_RAT	298947	Pik3cg	7.928	1636	3	2	1.477	0.0	5.367
LYAM2_RAT	25544	Sele	7.921	311	2	1	1.301	0.0	6.088
CLUS_RAT	24854	Clu	7.907	319	2	0	1.301	0.0	6.077
NPY4R_RAT	29471	Npy4r	7.907	319	2	0	1.301	0.0	6.077
NSF1C_RAT	83809	Nsfl1c	7.884	332	2	2	1.301	0.0	6.06
S26A2_RAT	117267	Slc26a2	7.882	5	1	0	1.0	0.0	7.882
NLRP6_RAT	171390	Nlrp6	7.882	5	1	1	1.0	0.0	7.882
FMO4_RAT	246247	Fmo4	7.882	5	1	0	1.0	0.0	7.882
ARHG2_RAT	310635	Arhgef2	7.882	5	1	0	1.0	0.0	7.882
D3ZCP0_RAT	362831	Dot1l	7.882	5	1	1	1.0	0.0	7.882
Q05KA7_RAT	499721	Clca4l	7.882	5	1	0	1.0	0.0	7.882
EST1C_RAT	24346	Ces1c	7.879	335	2	0	1.301	0.0	6.056
MET_RAT	24553	Met	7.869	341	2	0	1.301	0.0	6.048
Q3KR76_RAT	25619	Plau	7.862	345	2	0	1.301	0.0	6.043
DRD3_RAT	29238	Drd3	7.845	356	2	0	1.301	0.0	6.029
Q5PPG5_RAT	24258	Chga	7.84	359	2	0	1.301	0.0	6.026
ESR1_RAT	24890	Esr1	7.832	1898	3	2	1.477	0.0	5.302
AL3A1_RAT	25375	Aldh3a1	7.814	376	2	0	1.301	0.0	6.006
OSTCN_RAT	25295	Bglap	7.803	1988	3	0	1.477	0.0	5.282
GBRB2_RAT	25451	Gabrb2	7.803	6	1	0	1.0	0.0	7.803
NACC2_RAT	296583	Nacc2	7.803	6	1	0	1.0	0.0	7.803
Q8CGQ5_RAT	103694552	LOC103694552	7.803	6	1	1	1.0	0.0	7.803
PER1_RAT	287422	Per1	7.8	385	2	3	1.301	0.0	5.995
Q6IRF5_RAT	24653	Pla2g4a	7.789	393	2	0	1.301	0.0	5.987
Q6IMX5_RAT	29184	Cd36	7.779	400	2	4	1.301	0.0	5.979
UCHL1_RAT	29545	Uchl1	7.779	400	2	1	1.301	0.0	5.979
VEGFA_RAT	83785	Vegfa	7.775	5329	4	4	1.602	0.0	4.853
Q6YGU2_RAT	310553	Tlr2	7.767	408	2	3	1.301	0.0	5.97
PGP_RAT	287115	Pgp	7.763	411	2	0	1.301	0.0	5.967
Q498N2_RAT	65029	Aoc1	7.759	414	2	0	1.301	0.0	5.964
Q5FVS5_RAT	50669	Prf1	7.755	417	2	1	1.301	0.0	5.961
Q5XIJ3_RAT	25179	Idh3g	7.736	7	1	0	1.0	0.0	7.736
GCYB2_RAT	25206	Gucy1b2	7.736	431	2	0	1.301	0.0	5.946
Q4V7G0_RAT	25300	Cd247	7.736	7	1	7	1.0	0.0	7.736
DPEP1_RAT	94199	Dpep1	7.736	7	1	0	1.0	0.0	7.736
ZN384_RAT	171018	Znf384	7.736	7	1	0	1.0	0.0	7.736
Q5M963_RAT	312826	Cmas	7.736	7	1	0	1.0	0.0	7.736
CCKAR_RAT	24889	Cckar	7.725	440	2	0	1.301	0.0	5.937
G6PI_RAT	292804	Gpi	7.721	443	2	0	1.301	0.0	5.934
CDN2A_RAT	25163	Cdkn2a	7.716	447	2	0	1.301	0.0	5.931
B1WBN8_RAT	25404	Cav1	7.697	462	2	0	1.301	0.0	5.916
GLP1R_RAT	25051	Glp1r	7.69	468	2	3	1.301	0.0	5.911
A9CMC8_RAT	116569	Lct	7.68	476	2	0	1.301	0.0	5.903
MEP1B_RAT	25727	Mep1b	7.678	8	1	0	1.0	0.0	7.678
Q99NG8_RAT	114521	Tdg	7.678	8	1	0	1.0	0.0	7.678
SO2B1_RAT	140860	Slco2b1	7.678	8	1	0	1.0	0.0	7.678
Q8R492_RAT	192203	Fap	7.678	8	1	0	1.0	0.0	7.678
RASH_RAT	293621	Hras	7.678	478	2	1	1.301	0.0	5.901
D3ZVM6_RAT	311426	Siglec1	7.678	8	1	1	1.0	0.0	7.678
FGF1_RAT	25317	Fgf1	7.634	517	2	0	1.301	0.0	5.867
NAC1_RAT	29715	Slc8a1	7.631	520	2	0	1.301	0.0	5.865
GLRB_RAT	25456	Glrb	7.627	9	1	0	1.0	0.0	7.627
PRS6A_RAT	29677	Psmc3	7.627	9	1	0	1.0	0.0	7.627
STC2_RAT	63878	Stc2	7.627	9	1	0	1.0	0.0	7.627
Q75T81_RAT	114518	Slc7a10	7.627	9	1	0	1.0	0.0	7.627
DLRB1_RAT	170714	Dynlrb1	7.627	9	1	0	1.0	0.0	7.627
Q8VBT7_RAT	246306	Rmt1	7.627	9	1	0	1.0	0.0	7.627
D3ZG92_RAT	308760	Rccd1	7.627	9	1	0	1.0	0.0	7.627
S6A19_RAT	664630	Slc6a19	7.627	9	1	0	1.0	0.0	7.627
MT1_RAT	24567	Mt1	7.623	527	2	1	1.301	0.0	5.859
G3V742_RAT	171052	Mmp13	7.618	532	2	0	1.301	0.0	5.855
MMP2_RAT	81686	Mmp2	7.6	2726	3	0	1.477	0.0	5.145
CP3A2_RAT	266682	Cyp3a2	7.589	560	2	0	1.301	0.0	5.833
SYN3_RAT	29130	Syn3	7.581	10	1	0	1.0	0.0	7.581
HNRPF_RAT	64200	Hnrnpf	7.581	10	1	0	1.0	0.0	7.581
FSTL3_RAT	114031	Fstl3	7.581	10	1	0	1.0	0.0	7.581
DX39B_RAT	114612	Ddx39b	7.581	10	1	0	1.0	0.0	7.581
Q8VHI2_RAT	171436	Mk1	7.581	10	1	0	1.0	0.0	7.581
Q63483_RAT	252916	Rab38	7.581	10	1	0	1.0	0.0	7.581
D3ZT90_RAT	364975	Gcdh	7.581	10	1	0	1.0	0.0	7.581
IKBA_RAT	25493	Nfkbia	7.58	569	2	0	1.301	0.0	5.826
Q68FZ1_RAT	25351	Slc2a2	7.572	577	2	0	1.301	0.0	5.82
ENOG_RAT	24334	Eno2	7.563	586	2	0	1.301	0.0	5.813
ALDOA_RAT	24189	Aldoa	7.54	11	1	1	1.0	0.0	7.54
TNFL4_RAT	89814	Tnfsf4	7.54	11	1	0	1.0	0.0	7.54
G3V877_RAT	114501	Lmx1b	7.54	11	1	0	1.0	0.0	7.54
HXB7_RAT	497985	Hoxb7	7.54	11	1	0	1.0	0.0	7.54
CALB1_RAT	83839	Calb1	7.526	626	2	0	1.301	0.0	5.784
IAPP_RAT	24476	Iapp	7.515	638	2	0	1.301	0.0	5.776
SH2B3_RAT	58838	Sh2b3	7.502	12	1	5	1.0	0.0	7.502
PNPO_RAT	64533	Pnpo	7.502	12	1	0	1.0	0.0	7.502
FEV_RAT	246271	Fev	7.502	12	1	0	1.0	0.0	7.502
G3V7Q7_RAT	361598	Iqgap1	7.502	12	1	1	1.0	0.0	7.502
Q4FZY1_RAT	287435	Cd68	7.498	657	2	0	1.301	0.0	5.763
G3V913_RAT	24471	Hspb1	7.476	684	2	0	1.301	0.0	5.746
A0A0G2JYG5_RAT	25486	Myo9b	7.467	13	1	0	1.0	0.0	7.467
TPM3_RAT	117557	Tpm3	7.467	13	1	0	1.0	0.0	7.467
Q5M8C3_RAT	246328	Serpina4	7.467	13	1	0	1.0	0.0	7.467
PCFT_RAT	303333	Slc46a1	7.467	13	1	0	1.0	0.0	7.467
Q76GL9_RAT	305540	Slc1a4	7.467	13	1	0	1.0	0.0	7.467
GLT13_RAT	311039	Galnt13	7.467	13	1	0	1.0	0.0	7.467
F1MAG2_RAT	316351	Npas2	7.467	13	1	0	1.0	0.0	7.467
G3V6X7_RAT	108348172	LOC108348172	7.467	13	1	0	1.0	0.0	7.467
O35055_RAT	65202	Slc13a2	7.463	699	2	0	1.301	0.0	5.736
NQO1_RAT	24314	Nqo1	7.46	703	2	0	1.301	0.0	5.734
LOX5_RAT	25290	Alox5	7.452	713	2	0	1.301	0.0	5.728
TNR8_RAT	25069	Tnfrsf8	7.435	14	1	0	1.0	0.0	7.435
Q924W3_RAT	114517	Itga6	7.435	14	1	0	1.0	0.0	7.435
OBP_RAT	192267	Obp1f	7.435	14	1	0	1.0	0.0	7.435
NR1D2_RAT	259241	Nr1d2	7.435	14	1	0	1.0	0.0	7.435
RHCG_RAT	293048	Rhcg	7.435	14	1	0	1.0	0.0	7.435
D3ZIP3_RAT	313052	Epb41	7.435	14	1	0	1.0	0.0	7.435
EDN3_RAT	366270	Edn3	7.431	740	2	0	1.301	0.0	5.712
Q6IN22_RAT	64529	Ctsb	7.423	751	2	2	1.301	0.0	5.705
ACHB_RAT	24261	Chrnb1	7.41	768	2	3	1.301	0.0	5.696
CELA1_RAT	24331	Cela1	7.405	15	1	0	1.0	0.0	7.405
CALD1_RAT	25687	Cald1	7.405	15	1	0	1.0	0.0	7.405
G3V8U0_RAT	25752	Cd6	7.405	15	1	0	1.0	0.0	7.405
LIMK2_RAT	29524	Limk2	7.405	15	1	0	1.0	0.0	7.405
BAF_RAT	114087	Banf1	7.405	15	1	0	1.0	0.0	7.405
F1MAA7_RAT	117036	Lamc1	7.405	15	1	0	1.0	0.0	7.405
A0A0G2JZ52_RAT	117280	Hnrnpu	7.405	15	1	0	1.0	0.0	7.405
KIRR1_RAT	310695	Kirrel	7.405	15	1	2	1.0	0.0	7.405
PTTG_RAT	365548	Pttg1ip	7.405	15	1	0	1.0	0.0	7.405
HMGB1_RAT	25459	Hmgb1	7.396	788	2	3	1.301	0.0	5.684
APOE_RAT	25728	Apoe	7.388	799	2	3	1.301	0.0	5.678
BCKD_RAT	29603	Bckdk	7.377	16	1	0	1.0	0.0	7.377
Q62797_RAT	50677	Ptpro	7.377	16	1	0	1.0	0.0	7.377
Q91ZH4_RAT	171054	Ccr4	7.377	16	1	0	1.0	0.0	7.377
B6ZGR5_RAT	102552838	Mc1r	7.377	16	1	2	1.0	0.0	7.377
GFAP_RAT	24387	Gfap	7.374	3872	3	0	1.477	0.0	4.992
TGFA_RAT	24827	Tgfa	7.359	840	2	0	1.301	0.0	5.657
TPA_RAT	25692	Plat	7.359	841	2	0	1.301	0.0	5.656
FGR_RAT	79113	Fgr	7.351	17	1	0	1.0	0.0	7.351
BGAT2_RAT	100301568	Abo2	7.351	17	1	0	1.0	0.0	7.351
G3V6D0_RAT	24177	Afp	7.343	864	2	0	1.301	0.0	5.644
ANXA5_RAT	25673	Anxa5	7.336	876	2	2	1.301	0.0	5.638
CISY_RAT	170587	Cs	7.327	890	2	0	1.301	0.0	5.631
EF2K_RAT	25435	Eef2k	7.302	19	1	0	1.0	0.0	7.302
PHS_RAT	29700	Pcbd1	7.302	19	1	0	1.0	0.0	7.302
DIEXF_RAT	305076	Diexf	7.302	19	1	0	1.0	0.0	7.302
RNLS_RAT	361751	Rnls	7.302	19	1	1	1.0	0.0	7.302
A0A0G2JV79_RAT	24546	Slco2a1	7.28	20	1	0	1.0	0.0	7.28
PARP1_RAT	25591	Parp1	7.28	967	2	3	1.301	0.0	5.595
HFE_RAT	29199	Hfe	7.28	20	1	0	1.0	0.0	7.28
G3V819_RAT	140584	Wnt11	7.28	20	1	0	1.0	0.0	7.28
NR2C1_RAT	252924	Nr2c1	7.28	20	1	0	1.0	0.0	7.28
DISC1_RAT	307940	Disc1	7.28	20	1	4	1.0	0.0	7.28
ELN_RAT	25043	Eln	7.263	996	2	2	1.301	0.0	5.583
Q66HK8_RAT	56266	Cyp4f1	7.259	21	1	1	1.0	0.0	7.259
RAB2A_RAT	65158	Rab2a	7.259	21	1	1	1.0	0.0	7.259
B0BN51_RAT	171365	Snrpb	7.259	21	1	0	1.0	0.0	7.259
SRC_RAT	83805	Src	7.24	1037	2	1	1.301	0.0	5.565
Q5FVT6_RAT	85497	Klf15	7.239	22	1	1	1.0	0.0	7.239
WNK4_RAT	287715	Wnk4	7.239	22	1	0	1.0	0.0	7.239
FLCN_RAT	303185	Flcn	7.239	22	1	0	1.0	0.0	7.239
TACD2_RAT	494343	Tacstd2	7.239	22	1	0	1.0	0.0	7.239
Q7TQN4_RAT	309165	Rela	7.234	1049	2	0	1.301	0.0	5.56
IRS1_RAT	25467	Irs1	7.232	1053	2	3	1.301	0.0	5.558
LIPE_RAT	291437	Lipg	7.231	1054	2	0	1.301	0.0	5.558
CAH1_RAT	310218	Ca1	7.227	11709	4	0	1.602	0.0	4.511
IL1A_RAT	24493	Il1a	7.224	1068	2	0	1.301	0.0	5.552
PTH2R_RAT	81753	Pth2r	7.219	23	1	0	1.0	0.0	7.219
A0A0G2K5L1_RAT	83720	Fat1	7.219	23	1	0	1.0	0.0	7.219
HRK_RAT	117271	Hrk	7.219	23	1	0	1.0	0.0	7.219
CAPON_RAT	192363	Nos1ap	7.219	23	1	3	1.0	0.0	7.219
NPFF2_RAT	78964	Npffr2	7.183	25	1	0	1.0	0.0	7.183
NHRF2_RAT	116501	Slc9a3r2	7.183	25	1	1	1.0	0.0	7.183
Q5S3S9_RAT	353227	Zbtb16	7.183	25	1	0	1.0	0.0	7.183
CCND1_RAT	58919	Ccnd1	7.178	1157	2	0	1.301	0.0	5.517
M0R9D3_RAT	114850	Wnt7a	7.166	26	1	1	1.0	0.0	7.166
Q8VIL0_RAT	154985	Cyp26a1	7.166	26	1	2	1.0	0.0	7.166
D4A7E8_RAT	362657	Mthfr	7.166	26	1	0	1.0	0.0	7.166
GNAL_RAT	24611	Gnal	7.15	27	1	0	1.0	0.0	7.15
KGP2_RAT	25523	Prkg2	7.15	27	1	0	1.0	0.0	7.15
Q6AZ42_RAT	84403	Gjb6	7.15	27	1	2	1.0	0.0	7.15
Q5U1Y2_RAT	366957	Rac2	7.15	27	1	0	1.0	0.0	7.15
F1MAD3_RAT	24650	Pkd1	7.134	28	1	3	1.0	0.0	7.134
PTMS_RAT	83801	Ptms	7.134	28	1	0	1.0	0.0	7.134
D4AAY7_RAT	363464	Piga	7.134	28	1	0	1.0	0.0	7.134
FRIH_RAT	25319	Fth1	7.119	29	1	0	1.0	0.0	7.119
Q6U7S0_RAT	117052	Kcnj12	7.119	29	1	0	1.0	0.0	7.119
GATA2_RAT	25159	Gata2	7.104	30	1	1	1.0	0.0	7.104
S22A3_RAT	29504	Slc22a3	7.104	30	1	0	1.0	0.0	7.104
ATP6_RAT	26197	Mt-atp6	7.09	31	1	0	1.0	0.0	7.09
JIP1_RAT	116457	Mapk8ip1	7.09	31	1	0	1.0	0.0	7.09
AT1A2_RAT	24212	Atp1a2	7.076	32	1	0	1.0	0.0	7.076
TFF2_RAT	116592	Tff2	7.076	32	1	0	1.0	0.0	7.076
D4A1J7_RAT	299117	Nin	7.076	32	1	0	1.0	0.0	7.076
IFM3_RAT	361673	ifitm3	7.076	32	1	0	1.0	0.0	7.076
STAT3_RAT	25125	Stat3	7.063	1420	2	4	1.301	0.0	5.428
ADDA_RAT	24170	Add1	7.062	33	1	0	1.0	0.0	7.062
CLCKA_RAT	79425	Clcnka	7.062	33	1	1	1.0	0.0	7.062
SC6A7_RAT	117100	Slc6a7	7.062	33	1	0	1.0	0.0	7.062
S38A1_RAT	170567	Slc38a1	7.062	33	1	1	1.0	0.0	7.062
GRIP2_RAT	171571	Grip2	7.062	33	1	0	1.0	0.0	7.062
GALT_RAT	298003	Galt	7.062	33	1	0	1.0	0.0	7.062
G3V779_RAT	313325	Lad1	7.062	33	1	0	1.0	0.0	7.062
A0A0G2K628_RAT	313757	Ski	7.062	33	1	0	1.0	0.0	7.062
S47A1_RAT	360539	Slc47a1	7.062	33	1	0	1.0	0.0	7.062
Q68EJ2_RAT	79252	Adamts1	7.049	34	1	0	1.0	0.0	7.049
A0A0G2K684_RAT	289395	Cr2	7.049	34	1	0	1.0	0.0	7.049
BPI_RAT	296321	Bpi	7.049	34	1	0	1.0	0.0	7.049
MAL_RAT	25263	Mal	7.037	35	1	0	1.0	0.0	7.037
Q9WV22_RAT	79237	Hhex	7.037	35	1	0	1.0	0.0	7.037
G3V8X3_RAT	680712	Scx	7.037	35	1	0	1.0	0.0	7.037
S6A13_RAT	171163	Slc6a13	7.025	36	1	0	1.0	0.0	7.025
HG2A_RAT	25599	Cd74	7.013	37	1	0	1.0	0.0	7.013
BODG_RAT	64564	Bbox1	7.013	37	1	0	1.0	0.0	7.013
PO3F1_RAT	192110	Pou3f1	7.013	37	1	0	1.0	0.0	7.013
RED_RAT	291659	Ik	7.013	37	1	0	1.0	0.0	7.013
Q2KTA6_RAT	364241	Kcnk5	7.001	38	1	0	1.0	0.0	7.001
TRXR1_RAT	58819	Txnrd1	6.99	39	1	0	1.0	0.0	6.99
Q6Q3E8_RAT	497010	Eng	6.99	39	1	0	1.0	0.0	6.99
Q5M893_RAT	25709	Hmbs	6.979	40	1	0	1.0	0.0	6.979
NTAL_RAT	317676	Lat2	6.979	40	1	0	1.0	0.0	6.979
BMP3_RAT	25667	Bmp3	6.968	41	1	0	1.0	0.0	6.968
NRAM2_RAT	25715	Slc11a2	6.968	41	1	0	1.0	0.0	6.968
S12A3_RAT	54300	Slc12a3	6.968	41	1	1	1.0	0.0	6.968
Q7TP15_RAT	298227	Mtap	6.968	41	1	0	1.0	0.0	6.968
D4A1U5_RAT	362481	Tox	6.968	41	1	0	1.0	0.0	6.968
CD24_RAT	25145	Cd24	6.958	42	1	1	1.0	0.0	6.958
FMO1_RAT	25256	Fmo1	6.958	42	1	0	1.0	0.0	6.958
A0A0G2QC50_RAT	64036	Cd55	6.958	42	1	0	1.0	0.0	6.958
LTC4S_RAT	114097	Ltc4s	6.958	42	1	0	1.0	0.0	6.958
CP4AE_RAT	298423	Cyp4a14	6.958	42	1	1	1.0	0.0	6.958
ARY2_RAT	116632	Nat2	6.948	43	1	0	1.0	0.0	6.948
S4A7_RAT	117955	Slc4a7	6.938	44	1	1	1.0	0.0	6.938
GTR4_RAT	25139	Slc2a4	6.928	1801	2	2	1.301	0.0	5.325
NHRF1_RAT	59114	Slc9a3r1	6.928	45	1	1	1.0	0.0	6.928
ACM2_RAT	81645	Chrm2	6.928	45	1	0	1.0	0.0	6.928
TPO_RAT	81811	Thpo	6.928	45	1	0	1.0	0.0	6.928
TGON3_RAT	192152	Ttgn1	6.928	45	1	0	1.0	0.0	6.928
SRC8_RAT	60465	Cttn	6.918	46	1	2	1.0	0.0	6.918
PICK1_RAT	84591	Pick1	6.918	46	1	1	1.0	0.0	6.918
SDC3_RAT	116673	Sdc3	6.918	46	1	0	1.0	0.0	6.918
Q32KK2_RAT	315222	Arsa	6.918	46	1	0	1.0	0.0	6.918
ACM4_RAT	25111	Chrm4	6.909	47	1	0	1.0	0.0	6.909
PPBT_RAT	25586	Alpl	6.909	47	1	0	1.0	0.0	6.909
DHRS4_RAT	266686	Dhrs4	6.909	47	1	0	1.0	0.0	6.909
CASA1_RAT	24284	Csn1s1	6.9	48	1	0	1.0	0.0	6.9
ICAL_RAT	25403	Cast	6.9	48	1	0	1.0	0.0	6.9
ARSB_RAT	25227	Arsb	6.882	50	1	0	1.0	0.0	6.882
IL2RA_RAT	25704	Il2ra	6.882	50	1	0	1.0	0.0	6.882
PO3F4_RAT	29589	Pou3f4	6.882	50	1	0	1.0	0.0	6.882
SIA8B_RAT	117523	St8sia2	6.882	50	1	0	1.0	0.0	6.882
M0R4F9_RAT	24559	Mos	6.873	51	1	0	1.0	0.0	6.873
PIGR_RAT	25046	Pigr	6.873	51	1	2	1.0	0.0	6.873
MAS_RAT	25153	Mas1	6.873	51	1	1	1.0	0.0	6.873
GATM_RAT	81660	Gatm	6.873	51	1	0	1.0	0.0	6.873
Q8VD38_RAT	140933	Trpc5	6.873	51	1	4	1.0	0.0	6.873
MCP_RAT	29333	Cd46	6.865	52	1	0	1.0	0.0	6.865
GGLO_RAT	60671	Gulo	6.865	52	1	0	1.0	0.0	6.865
CDO1_RAT	81718	Cdo1	6.865	52	1	0	1.0	0.0	6.865
O70534_RAT	114587	Dlk1	6.865	52	1	0	1.0	0.0	6.865
SC6A8_RAT	50690	Slc6a8	6.849	54	1	0	1.0	0.0	6.849
DDAH2_RAT	294239	Ddah2	6.849	54	1	0	1.0	0.0	6.849
CFAD_RAT	54249	Cfd	6.833	56	1	1	1.0	0.0	6.833
BFSP1_RAT	25394	Bfsp1	6.825	57	1	0	1.0	0.0	6.825
Q9JHF3_RAT	59103	Ptges	6.818	58	1	0	1.0	0.0	6.818
CO3A1_RAT	84032	Col3a1	6.818	58	1	0	1.0	0.0	6.818
CP2D3_RAT	24303	Cyp2d3	6.81	59	1	0	1.0	0.0	6.81
GUC2C_RAT	25711	Gucy2c	6.81	59	1	0	1.0	0.0	6.81
S4A4_RAT	84484	Slc4a4	6.81	59	1	1	1.0	0.0	6.81
F16P1_RAT	24362	Fbp1	6.803	60	1	0	1.0	0.0	6.803
SCTR_RAT	81779	Sctr	6.803	60	1	0	1.0	0.0	6.803
CCL7_RAT	287561	Ccl7	6.796	61	1	0	1.0	0.0	6.796
D4A9G4_RAT	308800	Tyr	6.796	61	1	0	1.0	0.0	6.796
PDE3B_RAT	29516	Pde3b	6.789	62	1	0	1.0	0.0	6.789
UR2R_RAT	57305	Uts2r	6.789	62	1	1	1.0	0.0	6.789
TRPV6_RAT	114246	Trpv6	6.775	64	1	0	1.0	0.0	6.775
A0A0G2JYW2_RAT	24521	Kcnj1	6.768	65	1	0	1.0	0.0	6.768
Q6P9U6_RAT	302642	Sat1	6.768	65	1	1	1.0	0.0	6.768
ADA2B_RAT	24174	Adra2b	6.761	66	1	0	1.0	0.0	6.761
OPSB_RAT	81644	Opn1sw	6.761	66	1	0	1.0	0.0	6.761
SARCO_RAT	367086	Sln	6.761	66	1	0	1.0	0.0	6.761
CTR2_RAT	64554	Slc7a2	6.755	67	1	0	1.0	0.0	6.755
PIP_RAT	64673	Pip	6.755	67	1	0	1.0	0.0	6.755
F16P2_RAT	114508	Fbp2	6.755	67	1	0	1.0	0.0	6.755
Q6F6B2_RAT	652956	Mpp1	6.755	67	1	0	1.0	0.0	6.755
PPCE_RAT	83471	Prep	6.748	68	1	0	1.0	0.0	6.748
Q7TMB9_RAT	299282	LOC299282	6.748	68	1	1	1.0	0.0	6.748
GPX3_RAT	64317	Gpx3	6.742	69	1	0	1.0	0.0	6.742
ADH1_RAT	24172	Adh1	6.736	70	1	0	1.0	0.0	6.736
STC1_RAT	81801	Stc1	6.736	70	1	0	1.0	0.0	6.736
ACOX1_RAT	50681	Acox1	6.73	71	1	0	1.0	0.0	6.73
YBOX3_RAT	83807	Ybx3	6.724	72	1	0	1.0	0.0	6.724
C5AR1_RAT	113959	C5ar1	6.724	72	1	0	1.0	0.0	6.724
F1LQC5_RAT	140590	Bmpr2	6.724	72	1	0	1.0	0.0	6.724
ENOA_RAT	24333	Eno1	6.718	73	1	2	1.0	0.0	6.718
B3AT_RAT	24779	Slc4a1	6.718	73	1	0	1.0	0.0	6.718
AQP8_RAT	29172	Aqp8	6.712	74	1	1	1.0	0.0	6.712
LAMP2_RAT	24944	Lamp2	6.706	75	1	0	1.0	0.0	6.706
PROC_RAT	25268	Proc	6.706	75	1	0	1.0	0.0	6.706
UDB17_RAT	266685	Ugt2b17	6.706	75	1	0	1.0	0.0	6.706
PP14A_RAT	114004	Ppp1r14a	6.7	76	1	1	1.0	0.0	6.7
F1MA87_RAT	114483	Cdk6	6.7	76	1	1	1.0	0.0	6.7
PRDX1_RAT	117254	Prdx1	6.7	76	1	0	1.0	0.0	6.7
FST_RAT	24373	Fst	6.694	77	1	0	1.0	0.0	6.694
ECP_RAT	192264	Rnase3	6.694	77	1	0	1.0	0.0	6.694
S10A4_RAT	24615	S100a4	6.689	78	1	0	1.0	0.0	6.689
COQ9_RAT	498909	Coq9	6.689	78	1	0	1.0	0.0	6.689
HXK1_RAT	25058	Hk1	6.683	79	1	0	1.0	0.0	6.683
G3V933_RAT	24316	Drd1	6.678	80	1	0	1.0	0.0	6.678
CD47_RAT	29364	Cd47	6.678	80	1	0	1.0	0.0	6.678
METH_RAT	81522	Mtr	6.678	80	1	0	1.0	0.0	6.678
CP2DQ_RAT	25053	Cyp2d26	6.672	81	1	0	1.0	0.0	6.672
NSF_RAT	60355	Nsf	6.672	81	1	0	1.0	0.0	6.672
F1LQH2_RAT	81736	Nfkb1	6.671	2838	2	0	1.301	0.0	5.127
S22A5_RAT	29726	Slc22a5	6.667	82	1	0	1.0	0.0	6.667
GABR1_RAT	81657	Gabbr1	6.667	82	1	0	1.0	0.0	6.667
APJ_RAT	83518	Aplnr	6.667	82	1	0	1.0	0.0	6.667
MCHR1_RAT	83567	Mchr1	6.667	82	1	2	1.0	0.0	6.667
SPHK1_RAT	170897	Sphk1	6.667	82	1	1	1.0	0.0	6.667
SCNNA_RAT	25122	Scnn1a	6.662	83	1	1	1.0	0.0	6.662
FOSL2_RAT	25446	Fosl2	6.657	84	1	0	1.0	0.0	6.657
LGUL_RAT	294320	Glo1	6.657	84	1	0	1.0	0.0	6.657
FABPH_RAT	79131	Fabp3	6.646	86	1	0	1.0	0.0	6.646
CO9_RAT	117512	C9	6.646	86	1	0	1.0	0.0	6.646
MLXPL_RAT	171078	Mlxipl	6.646	86	1	1	1.0	0.0	6.646
NTCP2_RAT	29500	Slc10a2	6.641	87	1	0	1.0	0.0	6.641
S40A1_RAT	170840	Slc40a1	6.641	87	1	0	1.0	0.0	6.641
CCND2_RAT	64033	Ccnd2	6.636	88	1	0	1.0	0.0	6.636
PGDH_RAT	79242	Hpgd	6.636	88	1	0	1.0	0.0	6.636
TNR6_RAT	246097	Fas	6.636	88	1	0	1.0	0.0	6.636
D4A563_RAT	315686	Peak1	6.627	90	1	1	1.0	0.0	6.627
P2RY6_RAT	117264	P2ry6	6.622	91	1	0	1.0	0.0	6.622
PPIA_RAT	25518	Ppia	6.617	92	1	0	1.0	0.0	6.617
P2RX5_RAT	113995	P2rx5	6.617	92	1	1	1.0	0.0	6.617
E9PU84_RAT	246775	Tnfsf10	6.617	92	1	0	1.0	0.0	6.617
F1LN63_RAT	364594	Tlr3	6.617	92	1	2	1.0	0.0	6.617
F1LN48_RAT	54314	Tpo	6.612	93	1	0	1.0	0.0	6.612
SAST_RAT	64669	Olah	6.612	93	1	0	1.0	0.0	6.612
ASIC3_RAT	286920	Asic3	6.612	93	1	3	1.0	0.0	6.612
TNFB_RAT	25008	Lta	6.594	97	1	0	1.0	0.0	6.594
LAMP1_RAT	25328	Lamp1	6.594	97	1	0	1.0	0.0	6.594
AGRIN_RAT	25592	Agrn	6.594	97	1	0	1.0	0.0	6.594
IFNG_RAT	25712	Ifng	6.592	3264	2	0	1.301	0.0	5.067
Q3MID7_RAT	29469	Lbp	6.59	98	1	0	1.0	0.0	6.59
KLOT_RAT	83504	Kl	6.585	99	1	0	1.0	0.0	6.585
HSP74_RAT	266759	Hspa4	6.581	100	1	0	1.0	0.0	6.581
RAMP3_RAT	56820	Ramp3	6.577	101	1	0	1.0	0.0	6.577
CABIN_RAT	94165	Cabin1	6.577	101	1	0	1.0	0.0	6.577
PHB2_RAT	114766	Phb2	6.572	102	1	0	1.0	0.0	6.572
HPCA_RAT	29177	Hpca	6.568	103	1	0	1.0	0.0	6.568
HUTH_RAT	29301	Hal	6.568	103	1	0	1.0	0.0	6.568
ACADM_RAT	24158	Acadm	6.564	104	1	0	1.0	0.0	6.564
STA5B_RAT	25126	Stat5b	6.56	105	1	0	1.0	0.0	6.56
SDC1_RAT	25216	Sdc1	6.56	105	1	2	1.0	0.0	6.56
IOD1_RAT	25430	Dio1	6.556	106	1	3	1.0	0.0	6.556
F7ENH8_RAT	84577	Hdac2	6.556	106	1	1	1.0	0.0	6.556
Q5FVT5_RAT	116551	Pdk1	6.556	106	1	0	1.0	0.0	6.556
TA2R_RAT	24816	Tbxa2r	6.552	107	1	0	1.0	0.0	6.552
A1M_RAT	252922	A1m	6.552	107	1	0	1.0	0.0	6.552
KCJ10_RAT	29718	Kcnj10	6.54	110	1	1	1.0	0.0	6.54
ABCG2_RAT	312382	Abcg2	6.536	111	1	1	1.0	0.0	6.536
AMD_RAT	25508	Pam	6.532	112	1	0	1.0	0.0	6.532
GLSK_RAT	24398	Gls	6.528	113	1	0	1.0	0.0	6.528
ATTY_RAT	24813	Tat	6.528	113	1	0	1.0	0.0	6.528
EPAS1_RAT	29452	Epas1	6.52	115	1	4	1.0	0.0	6.52
PDIA3_RAT	29468	Pdia3	6.513	117	1	0	1.0	0.0	6.513
F1LMW7_RAT	25603	Marcks	6.502	120	1	0	1.0	0.0	6.502
APEX1_RAT	79116	Apex1	6.502	120	1	0	1.0	0.0	6.502
RPGF3_RAT	59326	Rapgef3	6.491	123	1	2	1.0	0.0	6.491
CALCR_RAT	116506	Calcr	6.491	123	1	0	1.0	0.0	6.491
MMP7_RAT	25335	Mmp7	6.488	124	1	2	1.0	0.0	6.488
BMP6_RAT	25644	Bmp6	6.481	126	1	0	1.0	0.0	6.481
AMPE_RAT	64017	Enpep	6.477	127	1	0	1.0	0.0	6.477
SC6A9_RAT	116509	Slc6a9	6.477	127	1	0	1.0	0.0	6.477
SO1A1_RAT	50572	Slco1a1	6.474	128	1	0	1.0	0.0	6.474
F1LLX2_RAT	25432	Drd4	6.467	130	1	0	1.0	0.0	6.467
SSR3_RAT	171044	Sstr3	6.464	131	1	0	1.0	0.0	6.464
CTF1_RAT	29201	Ctf1	6.46	132	1	2	1.0	0.0	6.46
UD2B1_RAT	286954	Ugt2b1	6.46	132	1	0	1.0	0.0	6.46
COTL1_RAT	361422	Cotl1	6.457	133	1	0	1.0	0.0	6.457
CBS_RAT	24250	Cbs	6.454	134	1	2	1.0	0.0	6.454
LYOX_RAT	24914	Lox	6.447	136	1	0	1.0	0.0	6.447
CBPE_RAT	25669	Cpe	6.447	136	1	0	1.0	0.0	6.447
FADS1_RAT	84575	Fads1	6.441	138	1	0	1.0	0.0	6.441
AATC_RAT	24401	Got1	6.432	141	1	0	1.0	0.0	6.432
CP2D4_RAT	171522	Cyp2d4	6.432	141	1	0	1.0	0.0	6.432
TFPI1_RAT	29436	Tfpi	6.429	142	1	0	1.0	0.0	6.429
SO1A4_RAT	170698	Slco1a4	6.423	144	1	0	1.0	0.0	6.423
RET1_RAT	25056	Rbp1	6.42	145	1	0	1.0	0.0	6.42
NUCB2_RAT	59295	Nucb2	6.42	145	1	1	1.0	0.0	6.42
Q5HZE3_RAT	25357	Thrsp	6.417	146	1	0	1.0	0.0	6.417
GSTA4_RAT	300850	Gsta4	6.411	148	1	0	1.0	0.0	6.411
ACBP_RAT	25045	Dbi	6.408	149	1	0	1.0	0.0	6.408
Q3KR94_RAT	29169	Vtn	6.408	149	1	0	1.0	0.0	6.408
D3ZT88_RAT	363672	Sp6	6.405	150	1	0	1.0	0.0	6.405
KCRB_RAT	24264	Ckb	6.402	151	1	0	1.0	0.0	6.402
CP1B1_RAT	25426	Cyp1b1	6.388	156	1	0	1.0	0.0	6.388
SPTN1_RAT	64159	Sptan1	6.388	156	1	0	1.0	0.0	6.388
PSN1_RAT	29192	Psen1	6.385	157	1	0	1.0	0.0	6.385
ARGI2_RAT	29215	Arg2	6.382	158	1	0	1.0	0.0	6.382
CP2BC_RAT	29295	Cyp2b12	6.38	159	1	0	1.0	0.0	6.38
ANGP2_RAT	89805	Angpt2	6.38	159	1	1	1.0	0.0	6.38
SDC2_RAT	25615	Sdc2	6.377	160	1	0	1.0	0.0	6.377
RTN4R_RAT	113912	Rtn4r	6.377	160	1	0	1.0	0.0	6.377
KCNA1_RAT	24520	Kcna1	6.369	163	1	0	1.0	0.0	6.369
ANPRC_RAT	25339	Npr3	6.366	164	1	0	1.0	0.0	6.366
PCSK5_RAT	116548	Pcsk5	6.363	165	1	0	1.0	0.0	6.363
ADA1D_RAT	29413	Adra1d	6.361	166	1	0	1.0	0.0	6.361
XIAP_RAT	63879	Xiap	6.361	166	1	0	1.0	0.0	6.361
CALR_RAT	64202	Calr	6.358	167	1	5	1.0	0.0	6.358
Q99N78_RAT	89823	Trpc6	6.358	167	1	6	1.0	0.0	6.358
G3V7D2_RAT	63835	Ctla4	6.356	168	1	0	1.0	0.0	6.356
CACP_RAT	311849	Crat	6.351	170	1	0	1.0	0.0	6.351
MRP1_RAT	24565	Abcc1	6.343	173	1	0	1.0	0.0	6.343
GRIK2_RAT	54257	Grik2	6.34	174	1	1	1.0	0.0	6.34
CASR_RAT	24247	Casr	6.338	175	1	0	1.0	0.0	6.338
OTC_RAT	25611	Otc	6.331	178	1	0	1.0	0.0	6.331
P2RX4_RAT	29659	P2rx4	6.331	178	1	0	1.0	0.0	6.331
AOC3_RAT	29473	Aoc3	6.328	179	1	0	1.0	0.0	6.328
A0A0G2JW78_RAT	24705	Rara	6.326	180	1	0	1.0	0.0	6.326
PAHO_RAT	24677	Ppy	6.321	182	1	0	1.0	0.0	6.321
Q4QQW2_RAT	171369	Cd40	6.321	182	1	0	1.0	0.0	6.321
HPRT_RAT	24465	Hprt1	6.319	183	1	0	1.0	0.0	6.319
CYTC_RAT	25307	Cst3	6.311	186	1	0	1.0	0.0	6.311
LEG3_RAT	83781	Lgals3	6.309	187	1	1	1.0	0.0	6.309
AMPL_RAT	289668	Lap3	6.298	192	1	0	1.0	0.0	6.298
VAMP2_RAT	24803	Vamp2	6.295	193	1	0	1.0	0.0	6.295
PLGF_RAT	94203	Pgf	6.295	193	1	0	1.0	0.0	6.295
NFAT5_RAT	307820	Nfat5	6.291	195	1	0	1.0	0.0	6.291
TGFR1_RAT	29591	Tgfbr1	6.289	196	1	0	1.0	0.0	6.289
A1A5N3_RAT	65206	Kcnn4	6.282	199	1	2	1.0	0.0	6.282
CP2B2_RAT	361523	Cyp2b2	6.28	200	1	0	1.0	0.0	6.28
JUND_RAT	24518	Jund	6.276	202	1	1	1.0	0.0	6.276
RET_RAT	24716	Ret	6.276	202	1	0	1.0	0.0	6.276
RET4_RAT	25703	Rbp4	6.276	202	1	0	1.0	0.0	6.276
MRP3_RAT	140668	Abcc3	6.276	202	1	0	1.0	0.0	6.276
GGTA1_RAT	246766	Ggta1	6.276	202	1	0	1.0	0.0	6.276
NTCP_RAT	24777	Slc10a1	6.273	203	1	0	1.0	0.0	6.273
K1C18_RAT	294853	Krt18	6.273	203	1	0	1.0	0.0	6.273
HSP7C_RAT	24468	Hspa8	6.271	204	1	3	1.0	0.0	6.271
P97688_RAT	24495	Il3	6.267	206	1	0	1.0	0.0	6.267
AQP3_RAT	65133	Aqp3	6.267	206	1	1	1.0	0.0	6.267
ARBK1_RAT	25238	Grk2	6.257	211	1	0	1.0	0.0	6.257
LIPS_RAT	25330	Lipe	6.255	212	1	0	1.0	0.0	6.255
S12A5_RAT	171373	Slc12a5	6.255	212	1	4	1.0	0.0	6.255
G3V671_RAT	25408	Cd80	6.249	215	1	0	1.0	0.0	6.249
PGFRB_RAT	24629	Pdgfrb	6.247	216	1	0	1.0	0.0	6.247
D3ZCD0_RAT	89804	Tek	6.247	216	1	0	1.0	0.0	6.247
Q5EB99_RAT	293989	Cyp2c6v1	6.247	216	1	1	1.0	0.0	6.247
Q0VJ96_RAT	25271	Rxra	6.242	218	1	1	1.0	0.0	6.242
4EBP1_RAT	116636	Eif4ebp1	6.24	219	1	0	1.0	0.0	6.24
KCNA4_RAT	25469	Kcna4	6.237	221	1	0	1.0	0.0	6.237
CAN2_RAT	29154	Capn2	6.235	222	1	0	1.0	0.0	6.235
FADS2_RAT	83512	Fads2	6.233	223	1	0	1.0	0.0	6.233
IKKB_RAT	84351	Ikbkb	6.233	223	1	7	1.0	0.0	6.233
CD28_RAT	25660	Cd28	6.231	224	1	0	1.0	0.0	6.231
NK2R_RAT	25007	Tacr2	6.229	225	1	0	1.0	0.0	6.229
ROCK2_RAT	25537	Rock2	6.225	227	1	1	1.0	0.0	6.225
TRI63_RAT	140939	Trim63	6.225	227	1	1	1.0	0.0	6.225
Q9WTR4_RAT	83511	Slc6a2	6.223	228	1	2	1.0	0.0	6.223
SHH_RAT	29499	Shh	6.214	233	1	0	1.0	0.0	6.214
PIT1_RAT	25517	Pou1f1	6.212	234	1	1	1.0	0.0	6.212
HNF1A_RAT	24817	Hnf1a	6.195	243	1	0	1.0	0.0	6.195
PDGFA_RAT	25266	Pdgfa	6.19	246	1	0	1.0	0.0	6.19
MOT1_RAT	25027	Slc16a1	6.188	247	1	0	1.0	0.0	6.188
P2RY2_RAT	29597	P2ry2	6.188	247	1	1	1.0	0.0	6.188
S22A8_RAT	83500	Slc22a8	6.188	247	1	0	1.0	0.0	6.188
ITPR3_RAT	25679	Itpr3	6.164	261	1	2	1.0	0.0	6.164
VMAT2_RAT	25549	Slc18a2	6.163	262	1	0	1.0	0.0	6.163
HRH3_RAT	85268	Hrh3	6.161	263	1	1	1.0	0.0	6.161
ADRB3_RAT	25645	Adrb3	6.143	274	1	0	1.0	0.0	6.143
IBP5_RAT	25285	Igfbp5	6.142	275	1	0	1.0	0.0	6.142
ACOD1_RAT	246074	Scd1	6.142	275	1	0	1.0	0.0	6.142
AA1R_RAT	29290	Adora1	6.14	276	1	1	1.0	0.0	6.14
INHBA_RAT	29200	Inhba	6.138	277	1	0	1.0	0.0	6.138
Q5M895_RAT	24538	Lipc	6.135	279	1	0	1.0	0.0	6.135
SC5A1_RAT	25552	Slc5a1	6.132	281	1	3	1.0	0.0	6.132
CD5R1_RAT	116671	Cdk5r1	6.117	291	1	0	1.0	0.0	6.117
SNAT_RAT	25120	Aanat	6.116	292	1	0	1.0	0.0	6.116
PER2_RAT	63840	Per2	6.111	295	1	0	1.0	0.0	6.111
CY24A_RAT	79129	Cyba	6.11	296	1	2	1.0	0.0	6.11
F1MAG1_RAT	25582	Agrp	6.092	308	1	0	1.0	0.0	6.092
CATL1_RAT	25697	Ctsl	6.088	311	1	0	1.0	0.0	6.088
SOCS3_RAT	89829	Socs3	6.083	315	1	0	1.0	0.0	6.083
CEBPA_RAT	24252	Cebpa	6.081	316	1	0	1.0	0.0	6.081
E9PTE1_RAT	304092	Son	6.081	316	1	0	1.0	0.0	6.081
IBP4_RAT	360622	Igfbp4	6.081	316	1	0	1.0	0.0	6.081
GALA_RAT	29141	Gal	6.077	319	1	0	1.0	0.0	6.077
PCY1B_RAT	286936	Pcyt1b	6.077	319	1	0	1.0	0.0	6.077
SMAD7_RAT	81516	Smad7	6.076	320	1	3	1.0	0.0	6.076
B1WC54_RAT	25729	Ccne1	6.074	321	1	0	1.0	0.0	6.074
PAR2_RAT	116677	F2rl1	6.074	321	1	0	1.0	0.0	6.074
CRFR2_RAT	64680	Crhr2	6.069	325	1	1	1.0	0.0	6.069
KHDR1_RAT	117268	Khdrbs1	6.068	326	1	2	1.0	0.0	6.068
PRLR_RAT	24684	Prlr	6.062	330	1	0	1.0	0.0	6.062
ANGP1_RAT	89807	Angpt1	6.056	335	1	1	1.0	0.0	6.056
FAAH1_RAT	29347	Faah	6.036	351	1	0	1.0	0.0	6.036
SHBG_RAT	24775	Shbg	6.026	359	1	0	1.0	0.0	6.026
VGLU1_RAT	116638	Slc17a7	6.026	359	1	0	1.0	0.0	6.026
PAF15_RAT	300795	Pclaf	6.021	363	1	0	1.0	0.0	6.021
RAF1_RAT	24703	Raf1	6.015	368	1	0	1.0	0.0	6.015
KPCB_RAT	25023	Prkcb	6.012	371	1	1	1.0	0.0	6.012
GSH1_RAT	25283	Gclc	6.0	381	1	0	1.0	0.0	6.0
G3V633_RAT	54251	Flt1	5.991	389	1	0	1.0	0.0	5.991
Q4V8J0_RAT	24257	Cgm4	5.987	393	1	0	1.0	0.0	5.987
F1M957_RAT	116669	Vwf	5.967	411	1	0	1.0	0.0	5.967
CORT_RAT	25305	Cort	5.944	433	1	0	1.0	0.0	5.944
GABT_RAT	81632	Abat	5.918	460	1	0	1.0	0.0	5.918
OPSD_RAT	24717	Rho	5.917	461	1	0	1.0	0.0	5.917
Q8VD47_RAT	60628	Cxcr4	5.911	468	1	1	1.0	0.0	5.911
TNNI3_RAT	29248	Tnni3	5.9	480	1	0	1.0	0.0	5.9
SFTPA_RAT	24773	Sftpa1	5.885	496	1	0	1.0	0.0	5.885
HS90A_RAT	299331	Hsp90aa1	5.882	500	1	1	1.0	0.0	5.882
OX26_RAT	379044	Qrfp	5.879	504	1	1	1.0	0.0	5.879
5HT2C_RAT	25187	Htr2c	5.876	507	1	0	1.0	0.0	5.876
CD44_RAT	25406	Cd44	5.853	535	1	0	1.0	0.0	5.853
IL1RA_RAT	60582	Il1rn	5.853	535	1	0	1.0	0.0	5.853
UCP1_RAT	24860	Ucp1	5.842	548	1	0	1.0	0.0	5.842
F1M4A0_RAT	292994	Tjp1	5.84	551	1	1	1.0	0.0	5.84
A2MG_RAT	24153	A2m	5.832	561	1	0	1.0	0.0	5.832
DCE1_RAT	24379	Gad1	5.832	561	1	4	1.0	0.0	5.832
JAK2_RAT	24514	Jak2	5.819	578	1	0	1.0	0.0	5.819
TR11B_RAT	25341	Tnfrsf11b	5.797	608	1	0	1.0	0.0	5.797
CRFR1_RAT	58959	Crhr1	5.79	618	1	0	1.0	0.0	5.79
ODO2_RAT	299201	Dlst	5.788	621	1	0	1.0	0.0	5.788
APOA1_RAT	25081	Apoa1	5.775	639	1	0	1.0	0.0	5.775
IBP3_RAT	24484	Igfbp3	5.773	643	1	0	1.0	0.0	5.773
DNAS1_RAT	25633	Dnase1	5.765	654	1	0	1.0	0.0	5.765
TNF11_RAT	117516	Tnfsf11	5.752	674	1	1	1.0	0.0	5.752
G3V6M2_RAT	25690	Ahr	5.734	703	1	0	1.0	0.0	5.734
SP1_RAT	24790	Sp1	5.727	715	1	2	1.0	0.0	5.727
O08769_RAT	83571	Cdkn1b	5.727	714	1	0	1.0	0.0	5.727
DESM_RAT	64362	Des	5.726	716	1	0	1.0	0.0	5.726
KPCG_RAT	24681	Prkcg	5.722	723	1	0	1.0	0.0	5.722
AAPK2_RAT	78975	Prkaa2	5.677	801	1	0	1.0	0.0	5.677
HXK4_RAT	24385	Gck	5.675	806	1	1	1.0	0.0	5.675
SMAD3_RAT	25631	Smad3	5.673	808	1	0	1.0	0.0	5.673
MTPN_RAT	79215	Mtpn	5.672	810	1	2	1.0	0.0	5.672
PECA1_RAT	29583	Pecam1	5.652	848	1	0	1.0	0.0	5.652
CASP8_RAT	64044	Casp8	5.647	859	1	0	1.0	0.0	5.647
IGF1R_RAT	25718	Igf1r	5.645	862	1	0	1.0	0.0	5.645
B2CL1_RAT	24888	Bcl2l1	5.614	927	1	0	1.0	0.0	5.614
Q66HL0_RAT	58813	Nt5e	5.589	982	1	0	1.0	0.0	5.589
HMDH_RAT	25675	Hmgcr	5.579	1003	1	0	1.0	0.0	5.579
GRIA2_RAT	29627	Gria2	5.578	1007	1	0	1.0	0.0	5.578
LIPL_RAT	24539	Lpl	5.551	1070	1	0	1.0	0.0	5.551
NTF3_RAT	81737	Ntf3	5.515	1165	1	0	1.0	0.0	5.515
NEUM_RAT	29423	Gap43	5.485	1247	1	0	1.0	0.0	5.485
SYPH_RAT	24804	Syp	5.456	1333	1	0	1.0	0.0	5.456
Q9JHK1_RAT	58918	Casp9	5.446	1365	1	0	1.0	0.0	5.446
MMP9_RAT	81687	Mmp9	5.108	2972	1	1	1.0	0.0	5.108
