Big_T	15148
Big_F	1656734
UniProtKB_ID	GeneID	Gene_Name	PPS	Big_P	T+P	Citation	1+Log(T+P)	log10((Cit/yr+1)/10)	1+log10(F/T)+log10(F/P)
KISS1_RAT	289023	Kiss1	22.587	184	34	49	2.531	0.699	6.992
BDNF_RAT	24225	Bdnf	19.836	5296	82	46	2.914	0.672	5.532
ANGT_RAT	24179	Agt	19.24	14480	130	45	3.114	0.663	5.094
GON1_RAT	25194	Gnrh1	19.171	3398	186	11	3.27	0.079	5.725
ANDR_RAT	24208	Ar	19.104	1267	53	23	2.724	0.38	6.154
ESR1_RAT	24890	Esr1	18.796	1898	41	33	2.613	0.531	5.978
IGF1_RAT	24482	Igf1	18.69	6210	88	29	2.944	0.477	5.462
GCR_RAT	24413	Nr3c1	18.386	2004	34	35	2.531	0.556	5.954
PRL_RAT	24683	Prl	17.369	3879	116	5	3.064	0.0	5.668
Q8K422_RAT	24664	Pomc	16.826	2019	28	23	2.447	0.38	5.951
Q5BKB0_RAT	24494	Il1b	16.558	11144	56	26	2.748	0.431	5.208
GFAP_RAT	24387	Gfap	16.485	3872	45	17	2.653	0.255	5.668
NEU2_RAT	24221	Avp	16.343	5549	71	12	2.851	0.114	5.512
AGTRA_RAT	24180	Agtr1	16.272	2723	26	23	2.415	0.38	5.821
CAH1_RAT	310218	Ca1	16.134	11709	43	29	2.633	0.477	5.187
AKT1_RAT	24185	Akt1	16.06	4730	29	25	2.462	0.415	5.581
CRF_RAT	81648	Crh	15.94	5046	53	13	2.724	0.146	5.553
RENI_RAT	24715	Ren1	15.852	5109	40	17	2.602	0.255	5.548
BCL2_RAT	24224	Bcl2	15.791	5951	40	18	2.602	0.279	5.481
CP2G1_RAT	25251	Cyp2g1	15.714	6017	74	0	2.869	0.0	5.477
EPHB1_RAT	24338	Ephb1	15.685	3003	14	36	2.146	0.568	5.779
PYC_RAT	25104	Pc	15.493	766	27	9	2.431	0.0	6.372
F1LRE1_RAT	116686	Gsr	15.378	2479	42	7	2.623	0.0	5.862
INSL3_RAT	114215	Insl3	15.336	76	12	9	2.079	0.0	7.376
KISSR_RAT	78976	Kiss1r	15.269	97	9	13	1.954	0.146	7.27
OXYR_RAT	25342	Oxtr	15.141	199	15	6	2.176	0.0	6.958
CATA_RAT	24248	Cat	15.071	7234	62	2	2.792	0.0	5.397
SHBG_RAT	24775	Shbg	14.947	359	17	0	2.23	0.0	6.702
TY3H_RAT	25085	Th	14.937	1823	31	6	2.491	0.0	5.996
CP1A1_RAT	24296	Cyp1a1	14.895	2045	32	1	2.505	0.0	5.946
NPY_RAT	24604	Npy	14.688	3653	38	8	2.58	0.0	5.694
ZBT7A_RAT	117107	Zbtb7a	14.534	66	9	0	1.954	0.0	7.437
SYPH_RAT	24804	Syp	14.527	1333	18	12	2.255	0.114	6.132
B3GA1_RAT	117108	B3gat1	14.522	99	10	1	2.0	0.0	7.261
FOS_RAT	314322	Fos	14.513	8957	42	12	2.623	0.114	5.302
NOS1_RAT	24598	Nos1	14.411	2331	28	6	2.447	0.0	5.889
CORT_RAT	25305	Cort	14.406	433	15	9	2.176	0.0	6.62
CD5R1_RAT	116671	Cdk5r1	14.405	291	12	10	2.079	0.041	6.793
IL6_RAT	24498	Il6	14.3	10505	30	17	2.477	0.255	5.233
LEP_RAT	25608	Lep	14.282	1803	24	9	2.38	0.0	6.0
ACES_RAT	83817	Ache	14.256	3939	33	1	2.519	0.0	5.661
SC6A4_RAT	25553	Slc6a4	14.211	902	15	11	2.176	0.079	6.301
NCAM1_RAT	24586	Ncam1	14.209	646	16	2	2.204	0.0	6.446
GDNF_RAT	25453	Gdnf	14.167	1396	16	12	2.204	0.114	6.112
NMDZ1_RAT	24408	Grin1	14.074	1569	21	9	2.322	0.0	6.061
TNFL6_RAT	25385	Faslg	14.013	792	16	0	2.204	0.0	6.358
TRH_RAT	25569	Trh	13.975	2185	23	0	2.362	0.0	5.917
DCOR_RAT	24609	Odc1	13.96	1980	22	0	2.342	0.0	5.96
VIP_RAT	117064	Vip	13.949	2752	25	1	2.398	0.0	5.817
PENK_RAT	29237	Penk	13.946	3914	29	5	2.462	0.0	5.664
RASK_RAT	24525	Kras	13.772	2381	22	8	2.342	0.0	5.879
G3V6D0_RAT	24177	Afp	13.753	864	15	0	2.176	0.0	6.32
A0A0G2JYQ6_RAT	290567	Chat	13.662	2084	20	2	2.301	0.0	5.937
GNRHR_RAT	81668	Gnrhr	13.649	5576	30	2	2.477	0.0	5.51
MBP_RAT	24547	Mbp	13.643	2126	20	7	2.301	0.0	5.929
CASP3_RAT	25402	Casp3	13.636	8340	30	11	2.477	0.079	5.334
CP17A_RAT	25146	Cyp17a1	13.61	283	10	3	2.0	0.0	6.805
NGF_RAT	310738	Ngf	13.588	2856	22	0	2.342	0.0	5.801
PSPB_RAT	192155	Sftpb	13.58	203	9	2	1.954	0.0	6.949
AKC1H_RAT	171516	Akr1c18	13.556	136	8	0	1.903	0.0	7.123
5HT1A_RAT	24473	Htr1a	13.552	2955	22	5	2.342	0.0	5.786
TNR16_RAT	24596	Ngfr	13.539	1084	15	8	2.176	0.0	6.222
GGT1_RAT	116568	Ggt1	13.526	2092	19	2	2.279	0.0	5.936
PRGR_RAT	25154	Pgr	13.507	736	13	2	2.114	0.0	6.39
LALBA_RAT	24528	Lalba	13.492	147	8	0	1.903	0.0	7.089
ENOG_RAT	24334	Eno2	13.491	586	12	0	2.079	0.0	6.489
CNR1_RAT	25248	Cnr1	13.438	1872	16	10	2.204	0.041	5.984
STAR_RAT	25557	Star	13.433	347	10	4	2.0	0.0	6.716
LAT1_RAT	50719	Slc7a5	13.393	253	9	1	1.954	0.0	6.854
G3V997_RAT	84394	Dcx	13.386	366	10	2	2.0	0.0	6.693
PNMT_RAT	24661	Pnmt	13.385	659	12	0	2.079	0.0	6.438
EPO_RAT	24335	Epo	13.375	1761	6	27	1.778	0.447	6.011
LEPR_RAT	24536	Lepr	13.32	395	10	4	2.0	0.0	6.66
GRP_RAT	171101	Grp	13.252	427	10	2	2.0	0.0	6.626
NEU1_RAT	25504	Oxt	13.237	200	8	4	1.903	0.0	6.956
PAX6_RAT	25509	Pax6	13.137	137	7	4	1.845	0.0	7.12
S38A2_RAT	29642	Slc38a2	13.081	55	5	10	1.699	0.041	7.516
FGF2_RAT	54250	Fgf2	13.038	3430	19	5	2.279	0.0	5.721
DCE1_RAT	24379	Gad1	13.015	561	10	3	2.0	0.0	6.508
IL2_RAT	116562	Il2	12.935	2864	17	4	2.23	0.0	5.799
CRFR1_RAT	58959	Crhr1	12.931	618	10	4	2.0	0.0	6.466
S100G_RAT	24249	S100g	12.908	298	8	0	1.903	0.0	6.782
RXRG_RAT	83574	Rxrg	12.904	14	3	12	1.477	0.114	8.111
PACA_RAT	24166	Adcyap1	12.889	877	11	0	2.041	0.0	6.314
MTAP2_RAT	25595	Map2	12.855	1185	12	1	2.079	0.0	6.183
LSHR_RAT	25477	Lhcgr	12.832	490	9	2	1.954	0.0	6.566
D4A2H6_RAT	287847	Rbfox3	12.816	952	10	10	2.0	0.041	6.278
TRFE_RAT	24825	Tf	12.774	2014	14	1	2.146	0.0	5.952
HSPB6_RAT	192245	Hspb6	12.768	353	8	2	1.903	0.0	6.709
CD4_RAT	24932	Cd4	12.757	2941	16	2	2.204	0.0	5.788
SC6A3_RAT	24898	Slc6a3	12.749	762	10	9	2.0	0.0	6.375
CALCA_RAT	24241	Calca	12.745	4028	18	0	2.255	0.0	5.651
ACE_RAT	24310	Ace	12.64	3881	17	7	2.23	0.0	5.667
G3V9Z3_RAT	29253	Maoa	12.624	1926	13	1	2.114	0.0	5.972
Q9JKC1_RAT	65036	Bche	12.598	1981	13	4	2.114	0.0	5.96
CBG_RAT	299270	Serpina6	12.582	274	7	2	1.845	0.0	6.819
NEUM_RAT	29423	Gap43	12.576	1247	11	2	2.041	0.0	6.161
IL1A_RAT	24493	Il1a	12.456	1068	10	0	2.0	0.0	6.228
NRG1_RAT	112400	Nrg1	12.454	179	6	4	1.778	0.0	7.004
PRLR_RAT	24684	Prlr	12.433	330	7	1	1.845	0.0	6.738
TNFA_RAT	24835	Tnf	12.399	18872	31	2	2.491	0.0	4.977
S100B_RAT	25742	S100b	12.302	620	8	1	1.903	0.0	6.464
3BHS1_RAT	360348	Hsd3b1	12.302	218	6	0	1.778	0.0	6.918
CN37_RAT	25275	Cnp	12.245	417	7	1	1.845	0.0	6.636
Q9QX70_RAT	24329	Egfr	12.171	1482	10	5	2.0	0.0	6.085
F1LM37_RAT	117855	Sf1	12.158	126	5	1	1.699	0.0	7.156
GLNA_RAT	24957	Glul	12.134	1548	10	2	2.0	0.0	6.067
TCP4_RAT	192269	Sub1	12.086	139	5	0	1.699	0.0	7.114
TYRO3_RAT	25232	Tyro3	12.079	12	3	4	1.477	0.0	8.177
NOTC1_RAT	25496	Notch1	12.073	293	6	6	1.778	0.0	6.79
CP11A_RAT	29680	Cyp11a1	12.056	528	7	2	1.845	0.0	6.534
CP51A_RAT	25427	Cyp51a1	12.042	55	4	0	1.602	0.0	7.516
E9PTE1_RAT	304092	Son	12.015	316	6	1	1.778	0.0	6.757
NMU_RAT	63887	Nmu	12.01	154	5	0	1.699	0.0	7.069
SODC_RAT	24786	Sod1	11.996	1312	9	0	1.954	0.0	6.138
SPG11_RAT	246305	Spag11	11.98	14	3	2	1.477	0.0	8.111
PCNA_RAT	25737	Pcna	11.975	2457	11	0	2.041	0.0	5.866
CCKN_RAT	25298	Cck	11.974	3140	12	0	2.079	0.0	5.759
SCRB1_RAT	25073	Scarb1	11.964	164	5	2	1.699	0.0	7.042
T2CB11_RAT	24954	Insr	11.947	1390	9	1	1.954	0.0	6.113
PNOC_RAT	25516	Pnoc	11.887	652	7	2	1.845	0.0	6.442
PRVA_RAT	25269	Pvalb	11.869	1047	8	5	1.903	0.0	6.237
B2GV28_RAT	24300	Cyp2b1	11.855	1065	8	0	1.903	0.0	6.229
CSTN2_RAT	171394	Clstn2	11.84	194	5	0	1.699	0.0	6.969
PTHY_RAT	24694	Pth	11.834	2877	11	0	2.041	0.0	5.797
RET_RAT	24716	Ret	11.81	202	5	0	1.699	0.0	6.951
GHRL_RAT	59301	Ghrl	11.803	1647	9	1	1.954	0.0	6.04
G3V843_RAT	29251	F2	11.795	1663	9	1	1.954	0.0	6.036
PO6F1_RAT	116545	Pou6f1	11.793	421	6	1	1.778	0.0	6.632
ANF_RAT	24602	Nppa	11.792	3022	11	0	2.041	0.0	5.776
S12A5_RAT	171373	Slc12a5	11.774	212	5	3	1.699	0.0	6.93
SHH_RAT	29499	Shh	11.705	233	5	2	1.699	0.0	6.889
DHB3_RAT	117182	Hsd17b3	11.661	95	4	0	1.602	0.0	7.279
OX26_RAT	379044	Qrfp	11.654	504	6	4	1.778	0.0	6.554
Q8CJF2_RAT	170509	Cyp3a62	11.645	882	7	0	1.845	0.0	6.311
GTR1_RAT	24778	Slc2a1	11.635	893	7	1	1.845	0.0	6.306
ADML_RAT	25026	Adm	11.615	530	6	0	1.778	0.0	6.532
EAA3_RAT	25550	Slc1a1	11.613	264	5	2	1.699	0.0	6.835
Q8VIL0_RAT	154985	Cyp26a1	11.583	26	3	9	1.477	0.0	7.842
GPX1_RAT	24404	Gpx1	11.565	1512	8	0	1.903	0.0	6.077
Q6P7B6_RAT	25186	Efnb1	11.559	27	3	0	1.477	0.0	7.825
A4_RAT	54226	App	11.559	1522	8	0	1.903	0.0	6.074
NOS2_RAT	24599	Nos2	11.547	6210	13	0	2.114	0.0	5.462
F1M7P4_RAT	24688	Prph	11.541	113	4	1	1.602	0.0	7.204
ACHA2_RAT	170945	Chrna2	11.518	1033	7	1	1.845	0.0	6.242
KNG1_RAT	25087	Kng1	11.516	117	4	0	1.602	0.0	7.188
ODO2_RAT	299201	Dlst	11.493	621	6	1	1.778	0.0	6.463
AOFB_RAT	25750	Maob	11.481	1081	7	0	1.845	0.0	6.223
CAH3_RAT	54232	Ca3	11.478	5444	12	6	2.079	0.0	5.52
MP2K1_RAT	170851	Map2k1	11.427	676	6	5	1.778	0.0	6.427
NTCP7_RAT	291942	Slc10a7	11.402	138	4	0	1.602	0.0	7.117
Q6AYU9_RAT	25296	Bmp4	11.394	355	5	7	1.699	0.0	6.706
VGLU1_RAT	116638	Slc17a7	11.386	359	5	5	1.699	0.0	6.702
LSHB_RAT	25329	Lhb	11.384	360	5	0	1.699	0.0	6.7
D3ZLB7_RAT	100360880	Fosb	11.371	366	5	1	1.699	0.0	6.693
PO3F1_RAT	192110	Pou3f1	11.357	37	3	1	1.477	0.0	7.688
ALBU_RAT	24186	Alb	11.354	1951	8	1	1.903	0.0	5.966
MK08_RAT	116554	Mapk8	11.312	2054	8	4	1.903	0.0	5.944
Q5I0M4_RAT	364773	Akr1c12	11.312	157	4	3	1.602	0.0	7.061
G6PD_RAT	24377	G6pdx	11.31	2056	8	1	1.903	0.0	5.943
AL1A2_RAT	116676	Aldh1a2	11.307	40	3	1	1.477	0.0	7.655
UCHL1_RAT	29545	Uchl1	11.306	400	5	1	1.699	0.0	6.655
TIMP1_RAT	116510	Timp1	11.3	1355	7	4	1.845	0.0	6.124
FSHR_RAT	25449	Fshr	11.261	169	4	0	1.602	0.0	7.029
MK03_RAT	50689	Mapk3	11.248	5566	11	3	2.041	0.0	5.51
PAI1_RAT	24617	Serpine1	11.24	862	6	1	1.778	0.0	6.321
DHI2_RAT	25117	Hsd11b2	11.232	176	4	5	1.602	0.0	7.011
EDN1_RAT	24323	Edn1	11.221	5741	11	2	2.041	0.0	5.497
INHA_RAT	24504	Inha	11.203	47	3	0	1.477	0.0	7.585
S10AA_RAT	81778	S100a10	11.194	186	4	2	1.602	0.0	6.987
CASA1_RAT	24284	Csn1s1	11.19	48	3	0	1.477	0.0	7.575
PDE5A_RAT	171115	Pde5a	11.19	187	4	0	1.602	0.0	6.985
A9CMC8_RAT	116569	Lct	11.178	476	5	0	1.699	0.0	6.579
SLC31_RAT	29484	Slc3a1	11.167	483	5	0	1.699	0.0	6.573
CCL4_RAT	116637	Ccl4	11.138	3605	9	2	1.954	0.0	5.699
Q8K3R4_RAT	246253	Adipoq	11.129	995	6	2	1.778	0.0	6.259
VDR_RAT	24873	Vdr	11.108	523	5	0	1.699	0.0	6.538
CD44_RAT	25406	Cd44	11.091	535	5	0	1.699	0.0	6.528
Q9WTR4_RAT	83511	Slc6a2	11.052	228	4	1	1.602	0.0	6.899
H2B1A_RAT	24829	Hist1h2ba	11.005	64	3	0	1.477	0.0	7.45
G3V6J4_RAT	299757	Nts	10.975	1214	6	0	1.778	0.0	6.172
PR3B1_RAT	24283	Prl3b1	10.957	69	3	0	1.477	0.0	7.418
PDLI3_RAT	114108	Pdlim3	10.956	643	5	0	1.699	0.0	6.448
AGTR2_RAT	24182	Agtr2	10.943	1265	6	4	1.778	0.0	6.154
HGF_RAT	24446	Hgf	10.936	1278	6	1	1.778	0.0	6.15
HPGDS_RAT	58962	Hpgds	10.933	3247	8	0	1.903	0.0	5.745
STP1_RAT	24839	Tnp1	10.93	72	3	0	1.477	0.0	7.399
SMS_RAT	24797	Sst	10.915	1312	6	0	1.778	0.0	6.138
F1M7S3_RAT	29190	Pdyn	10.902	283	4	2	1.602	0.0	6.805
IGF2_RAT	24483	Igf2	10.901	1337	6	2	1.778	0.0	6.13
G3V6M2_RAT	25690	Ahr	10.89	703	5	1	1.699	0.0	6.41
GALP_RAT	64568	Galp	10.887	77	3	0	1.477	0.0	7.37
MC4R_RAT	25635	Mc4r	10.88	292	4	0	1.602	0.0	6.791
PSPN_RAT	25525	Pspn	10.878	78	3	0	1.477	0.0	7.365
TGFB3_RAT	25717	Tgfb3	10.875	294	4	1	1.602	0.0	6.788
VGF_RAT	29461	Vgf	10.862	80	3	1	1.477	0.0	7.354
PO4F1_RAT	114503	Pou4f1	10.862	80	3	0	1.477	0.0	7.354
NCPR_RAT	29441	Por	10.861	731	5	0	1.699	0.0	6.393
CDN2B_RAT	25164	Cdkn2b	10.827	315	4	4	1.602	0.0	6.758
ACHB_RAT	24261	Chrnb1	10.825	768	5	3	1.699	0.0	6.371
SDHL_RAT	25044	Sds	10.778	338	4	0	1.602	0.0	6.728
SAST_RAT	64669	Olah	10.766	93	3	0	1.477	0.0	7.288
Q3KR76_RAT	25619	Plau	10.764	345	4	1	1.602	0.0	6.719
ESR2_RAT	25149	Esr2	10.753	846	5	5	1.699	0.0	6.329
FAAH1_RAT	29347	Faah	10.752	351	4	1	1.602	0.0	6.711
CXA1_RAT	24392	Gja1	10.739	1649	6	1	1.778	0.0	6.039
A0A0G2K1L0_RAT	116640	Tnc	10.738	358	4	3	1.602	0.0	6.703
A2VD06_RAT	25312	Dmp1	10.719	100	3	3	1.477	0.0	7.257
PHB2_RAT	114766	Phb2	10.706	102	3	0	1.477	0.0	7.248
COX2_RAT	26198	Mtco2	10.691	2899	7	1	1.845	0.0	5.794
A0A0G2K470_RAT	170921	Itga2	10.688	11	2	2	1.301	0.0	8.215
IOD1_RAT	25430	Dio1	10.682	106	3	2	1.477	0.0	7.231
F1LM22_RAT	24862	Ugt2b	10.68	389	4	0	1.602	0.0	6.667
DPYL2_RAT	25416	Dpysl2	10.676	107	3	1	1.477	0.0	7.227
NMDE1_RAT	24409	Grin2a	10.666	952	5	4	1.699	0.0	6.278
TGFB1_RAT	59086	Tgfb1	10.646	8540	10	5	2.0	0.0	5.323
Q5FVS5_RAT	50669	Prf1	10.632	417	4	0	1.602	0.0	6.636
IBP2_RAT	25662	Igfbp2	10.611	430	4	0	1.602	0.0	6.623
CREB1_RAT	81646	Creb1	10.594	1988	6	5	1.778	0.0	5.958
Q8R5G4_RAT	54238	Cdkn2c	10.591	122	3	0	1.477	0.0	7.17
DOPO_RAT	25699	Dbh	10.586	1060	5	0	1.699	0.0	6.231
MIS_RAT	25378	Amh	10.566	127	3	0	1.477	0.0	7.153
F1LS98_RAT	24680	Prkca	10.562	1095	5	0	1.699	0.0	6.217
SLIB_RAT	29446	Ghrh	10.553	1110	5	0	1.699	0.0	6.211
SI1L1_RAT	246212	Sipa1l1	10.552	14	2	0	1.301	0.0	8.111
D4A0P8_RAT	680486	Dazl	10.552	14	2	2	1.301	0.0	8.111
EGR1_RAT	24330	Egr1	10.54	1130	5	0	1.699	0.0	6.204
F1LST1_RAT	25661	Fn1	10.538	3505	7	7	1.845	0.0	5.711
Q63242_RAT	25022	Fgfr2	10.536	133	3	6	1.477	0.0	7.133
S10A9_RAT	94195	S100a9	10.531	482	4	2	1.602	0.0	6.574
VEGFA_RAT	83785	Vegfa	10.522	5329	8	4	1.903	0.0	5.529
Q66HK3_RAT	24693	Ptgs1	10.517	492	4	4	1.602	0.0	6.565
CRGE_RAT	24279	Cryge	10.499	141	3	0	1.477	0.0	7.107
ACTH_RAT	25365	Actg2	10.488	1212	5	0	1.699	0.0	6.173
NK1R_RAT	24807	Tacr1	10.469	1242	5	0	1.699	0.0	6.162
KCRB_RAT	24264	Ckb	10.455	151	3	0	1.477	0.0	7.078
NGN1_RAT	29410	Neurog1	10.442	17	2	0	1.301	0.0	8.026
F7FPN3_RAT	171059	Wfdc18	10.442	17	2	0	1.301	0.0	8.026
SYN1_RAT	24949	Syn1	10.439	550	4	3	1.602	0.0	6.516
CP1B1_RAT	25426	Cyp1b1	10.434	156	3	0	1.477	0.0	7.064
COX1_RAT	26195	Mtco1	10.425	1320	5	2	1.699	0.0	6.136
PLCB1_RAT	24654	Plcb1	10.409	162	3	0	1.477	0.0	7.047
CP2E1_RAT	25086	Cyp2e1	10.409	1349	5	0	1.699	0.0	6.127
APEL_RAT	58812	Apln	10.402	164	3	1	1.477	0.0	7.042
G3V7H9_RAT	117097	Gpr50	10.38	19	2	2	1.301	0.0	7.978
Q4V8J0_RAT	24257	Cgm4	10.368	393	3	11	1.477	0.079	6.662
DRD2_RAT	24318	Drd2	10.365	612	4	0	1.602	0.0	6.47
MARE1_RAT	114764	Mapre1	10.351	20	2	4	1.301	0.0	7.956
PARI_RAT	100310874	Parpbp	10.351	20	2	1	1.301	0.0	7.956
COMT_RAT	24267	Comt	10.334	640	4	0	1.602	0.0	6.45
GPER1_RAT	171104	Gper1	10.311	189	3	5	1.477	0.0	6.98
OX1R_RAT	25593	Hcrtr1	10.294	194	3	1	1.477	0.0	6.969
SYCP3_RAT	25561	Sycp3	10.272	23	2	1	1.301	0.0	7.895
SP1_RAT	24790	Sp1	10.257	715	4	3	1.602	0.0	6.402
G6PC_RAT	25634	G6pc	10.256	1660	5	0	1.699	0.0	6.037
Q8VBU7_RAT	24176	Adrb2	10.249	723	4	0	1.602	0.0	6.397
D4A400_RAT	287610	Lpo	10.231	214	3	2	1.477	0.0	6.926
GDN_RAT	29366	Serpine2	10.21	221	3	4	1.477	0.0	6.912
G3V8S9_RAT	316010	Camp	10.168	236	3	0	1.477	0.0	6.884
NK3R_RAT	24808	Tacr3	10.165	237	3	4	1.477	0.0	6.882
FGF7_RAT	29348	Fgf7	10.16	239	3	2	1.477	0.0	6.878
PCSK4_RAT	171085	Pcsk4	10.16	28	2	1	1.301	0.0	7.81
Q6P6T6_RAT	171293	Ctsd	10.156	827	4	2	1.602	0.0	6.339
DBP_RAT	24309	Dbp	10.136	248	3	0	1.477	0.0	6.862
VGFR2_RAT	25589	Kdr	10.131	857	4	0	1.602	0.0	6.324
OGA_RAT	154968	Mgea5	10.12	871	4	0	1.602	0.0	6.317
TERA_RAT	116643	Vcp	10.103	31	2	0	1.301	0.0	7.765
F1MA79_RAT	360272	Slit2	10.085	32	2	3	1.301	0.0	7.752
HEM2_RAT	25374	Alad	10.079	271	3	0	1.477	0.0	6.824
AA1R_RAT	29290	Adora1	10.068	276	3	0	1.477	0.0	6.816
CSPG4_RAT	81651	Cspg4	10.031	292	3	5	1.477	0.0	6.791
NTRK3_RAT	29613	Ntrk3	10.012	301	3	0	1.477	0.0	6.778
S27A5_RAT	79111	Slc27a5	10.003	37	2	0	1.301	0.0	7.688
F1MAG1_RAT	25582	Agrp	9.997	308	3	3	1.477	0.0	6.768
Q9QZD1_RAT	24772	Cxcl12	9.996	472	3	10	1.477	0.041	6.583
CDK5_RAT	140908	Cdk5	9.987	313	3	1	1.477	0.0	6.761
LIPL_RAT	24539	Lpl	9.976	1070	4	2	1.602	0.0	6.227
O54857_RAT	50557	Pten	9.967	323	3	3	1.477	0.0	6.747
F1LRG0_RAT	24298	Cyp21a1	9.959	40	2	0	1.301	0.0	7.655
PDX1_RAT	29535	Pdx1	9.959	327	3	0	1.477	0.0	6.742
ASGR2_RAT	29403	Asgr2	9.905	44	2	0	1.301	0.0	7.613
PROK2_RAT	192206	Prok2	9.905	44	2	0	1.301	0.0	7.613
ICAM1_RAT	25464	Icam1	9.896	2701	5	0	1.699	0.0	5.825
PF2R_RAT	25652	Ptgfr	9.88	46	2	0	1.301	0.0	7.594
MK01_RAT	116590	Mapk1	9.879	5012	6	1	1.778	0.0	5.556
SYF2_RAT	170933	Syf2	9.856	48	2	3	1.301	0.0	7.575
CO3_RAT	24232	C3	9.854	385	3	0	1.477	0.0	6.671
SCF_RAT	60427	Kitlg	9.841	393	3	1	1.477	0.0	6.662
ARSB_RAT	25227	Arsb	9.833	50	2	0	1.301	0.0	7.558
G3V960_RAT	25257	Gamt	9.833	50	2	1	1.301	0.0	7.558
DCE2_RAT	24380	Gad2	9.83	400	3	0	1.477	0.0	6.655
O88211_RAT	60584	Lif	9.828	401	3	0	1.477	0.0	6.653
ACE2_RAT	302668	Ace2	9.823	404	3	3	1.477	0.0	6.65
ACBG1_RAT	171410	Acsbg1	9.822	51	2	0	1.301	0.0	7.549
EDNRA_RAT	24326	Ednra	9.812	1355	4	0	1.602	0.0	6.124
F1M957_RAT	116669	Vwf	9.812	411	3	1	1.477	0.0	6.643
JUN_RAT	24516	Jun	9.781	1417	4	0	1.602	0.0	6.105
STAT3_RAT	25125	Stat3	9.779	1420	4	8	1.602	0.0	6.104
G3V8Q2_RAT	24503	Ina	9.769	56	2	0	1.301	0.0	7.508
NMDE2_RAT	24410	Grin2b	9.767	1445	4	1	1.602	0.0	6.097
AA2AR_RAT	25369	Adora2a	9.757	448	3	2	1.477	0.0	6.605
IFNG_RAT	25712	Ifng	9.756	3264	5	1	1.699	0.0	5.742
TSPO_RAT	24230	Tspo	9.751	452	3	0	1.477	0.0	6.602
CP2D3_RAT	24303	Cyp2d3	9.739	59	2	0	1.301	0.0	7.486
OPSD_RAT	24717	Rho	9.738	461	3	1	1.477	0.0	6.593
PTMA_RAT	29222	Ptma	9.73	60	2	0	1.301	0.0	7.479
VIME_RAT	81818	Vim	9.708	1573	4	1	1.602	0.0	6.06
Q8R5L6_RAT	116499	Fgf4	9.702	63	2	0	1.301	0.0	7.457
OPRX_RAT	29256	Oprl1	9.69	497	3	1	1.477	0.0	6.56
NGAL_RAT	170496	Lcn2	9.683	503	3	2	1.477	0.0	6.555
5HT2C_RAT	25187	Htr2c	9.677	507	3	0	1.477	0.0	6.552
ADA2B_RAT	24174	Adra2b	9.676	66	2	1	1.301	0.0	7.437
FGF1_RAT	25317	Fgf1	9.665	517	3	1	1.477	0.0	6.543
MT1_RAT	24567	Mt1	9.653	527	3	0	1.477	0.0	6.535
FCGRN_RAT	29558	Fcgrt	9.635	71	2	0	1.301	0.0	7.405
MCR_RAT	25672	Nr3c2	9.634	543	3	0	1.477	0.0	6.522
CALB2_RAT	117059	Calb2	9.632	544	3	3	1.477	0.0	6.521
CAH4_RAT	29242	Ca4	9.629	547	3	0	1.477	0.0	6.519
C5AR1_RAT	113959	C5ar1	9.627	72	2	0	1.301	0.0	7.399
F1LQC5_RAT	140590	Bmpr2	9.627	72	2	0	1.301	0.0	7.399
AQP1_RAT	25240	Aqp1	9.625	550	3	1	1.477	0.0	6.516
ENOA_RAT	24333	Eno1	9.619	73	2	1	1.301	0.0	7.393
A2MG_RAT	24153	A2m	9.613	561	3	0	1.477	0.0	6.508
Q496Y7_RAT	29467	Ddit3	9.607	566	3	0	1.477	0.0	6.504
FGF10_RAT	25443	Fgf10	9.604	75	2	0	1.301	0.0	7.382
PTPRC_RAT	24699	Ptprc	9.6	572	3	0	1.477	0.0	6.499
OMP_RAT	24612	Omp	9.596	76	2	0	1.301	0.0	7.376
G3V933_RAT	24316	Drd1	9.567	80	2	1	1.301	0.0	7.354
APJ_RAT	83518	Aplnr	9.553	82	2	2	1.301	0.0	7.343
Q69DC0_RAT	246060	Cdkn1c	9.54	84	2	1	1.301	0.0	7.332
IBP3_RAT	24484	Igfbp3	9.525	643	3	0	1.477	0.0	6.448
CSF2_RAT	116630	Csf2	9.525	643	3	1	1.477	0.0	6.448
CO2A1_RAT	25412	Col2a1	9.52	87	2	1	1.301	0.0	7.317
TNR6_RAT	246097	Fas	9.513	88	2	0	1.301	0.0	7.312
Q6AYX2_RAT	29634	Ldhc	9.482	93	2	0	1.301	0.0	7.288
Q9JKL3_RAT	24887	Bax	9.474	4781	5	0	1.699	0.0	5.577
AGRIN_RAT	25592	Agrn	9.458	97	2	0	1.301	0.0	7.27
CP2CB_RAT	29277	Cyp2c11	9.455	717	3	0	1.477	0.0	6.401
PTGIS_RAT	25527	Ptgis	9.447	99	2	0	1.301	0.0	7.261
HDAC1_RAT	297893	Hdac1	9.436	101	2	4	1.301	0.0	7.252
HUTH_RAT	29301	Hal	9.424	103	2	0	1.301	0.0	7.244
PTN_RAT	24924	Ptn	9.414	105	2	1	1.301	0.0	7.235
S10A8_RAT	116547	S100a8	9.398	108	2	0	1.301	0.0	7.223
SEM3A_RAT	29751	Sema3a	9.377	112	2	1	1.301	0.0	7.207
GLSK_RAT	24398	Gls	9.372	113	2	0	1.301	0.0	7.204
TGFA_RAT	24827	Tgfa	9.354	840	3	0	1.477	0.0	6.332
TPA_RAT	25692	Plat	9.353	841	3	0	1.477	0.0	6.332
BKRB2_RAT	25245	Bdkrb2	9.352	117	2	0	1.301	0.0	7.188
ASMT_RAT	246281	Asmt	9.352	117	2	0	1.301	0.0	7.188
EGR2_RAT	114090	Egr2	9.348	118	2	0	1.301	0.0	7.185
A1YKY4_RAT	170896	Ucn2	9.348	118	2	0	1.301	0.0	7.185
CALCR_RAT	116506	Calcr	9.324	123	2	0	1.301	0.0	7.167
D4A1W6_RAT	499194	Nmb	9.32	124	2	1	1.301	0.0	7.163
5HT2A_RAT	29595	Htr2a	9.319	886	3	1	1.477	0.0	6.309
NF1_RAT	24592	Nf1	9.315	125	2	0	1.301	0.0	7.16
BASI_RAT	25246	Bsg	9.315	125	2	1	1.301	0.0	7.16
CREM_RAT	25620	Crem	9.306	127	2	0	1.301	0.0	7.153
BGLR_RAT	24434	Gusb	9.267	961	3	0	1.477	0.0	6.274
PARP1_RAT	25591	Parp1	9.263	967	3	0	1.477	0.0	6.271
RHOA_RAT	117273	Rhoa	9.263	968	3	2	1.477	0.0	6.271
NTRK1_RAT	59109	Ntrk1	9.261	970	3	0	1.477	0.0	6.27
SCAM4_RAT	65170	Scamp4	9.257	1	1	0	1.0	0.0	9.257
CNCG_RAT	114248	Pde6h	9.257	1	1	0	1.0	0.0	9.257
SO3A1_RAT	140915	Slco3a1	9.257	1	1	1	1.0	0.0	9.257
T132D_RAT	288750	Tmem132d	9.257	1	1	0	1.0	0.0	9.257
D3ZEV8_RAT	294335	Susd2	9.257	1	1	0	1.0	0.0	9.257
D3ZNS8_RAT	300259	Aaas	9.257	1	1	0	1.0	0.0	9.257
MGRN1_RAT	302938	Mgrn1	9.257	1	1	0	1.0	0.0	9.257
MARH7_RAT	311059	March7	9.257	1	1	1	1.0	0.0	9.257
TOX2_RAT	311615	Tox2	9.257	1	1	0	1.0	0.0	9.257
A8QIC3_RAT	364240	Dnajc9	9.257	1	1	0	1.0	0.0	9.257
D3ZDZ9_RAT	100361710	Setdb2	9.257	1	1	0	1.0	0.0	9.257
MAP1B_RAT	29456	Map1b	9.247	141	2	0	1.301	0.0	7.107
CP2D4_RAT	171522	Cyp2d4	9.247	141	2	1	1.301	0.0	7.107
ACBP_RAT	25045	Dbi	9.216	149	2	0	1.301	0.0	7.083
D3ZT88_RAT	363672	Sp6	9.212	150	2	0	1.301	0.0	7.081
AATM_RAT	25721	Got2	9.177	3371	4	0	1.602	0.0	5.729
GRIK1_RAT	29559	Grik1	9.162	164	2	0	1.301	0.0	7.042
ADA1D_RAT	29413	Adra1d	9.155	166	2	0	1.301	0.0	7.037
NTF3_RAT	81737	Ntf3	9.144	1165	3	2	1.477	0.0	6.19
NTRK2_RAT	25054	Ntrk2	9.143	1166	3	0	1.477	0.0	6.19
CACP_RAT	311849	Crat	9.141	170	2	0	1.301	0.0	7.026
ARY1_RAT	116631	Nat1	9.131	173	2	0	1.301	0.0	7.019
AGTRB_RAT	81638	Agtr1b	9.118	1212	3	5	1.477	0.0	6.173
A0A0G2JW78_RAT	24705	Rara	9.109	180	2	0	1.301	0.0	7.001
HPRT_RAT	24465	Hprt1	9.1	183	2	0	1.301	0.0	6.994
CP1A2_RAT	24297	Cyp1a2	9.089	1269	3	0	1.477	0.0	6.153
V1AR_RAT	25107	Avpr1a	9.081	189	2	1	1.301	0.0	6.98
IL10_RAT	25325	Il10	9.077	3898	4	1	1.602	0.0	5.666
ANPRB_RAT	116564	Npr2	9.076	191	2	0	1.301	0.0	6.976
A1L1M0_RAT	25636	Prkaca	9.074	1298	3	0	1.477	0.0	6.143
TGFR1_RAT	29591	Tgfbr1	9.061	196	2	0	1.301	0.0	6.964
CP2B2_RAT	361523	Cyp2b2	9.049	200	2	1	1.301	0.0	6.956
F1LRZ7_RAT	24587	Nefh	9.044	202	2	2	1.301	0.0	6.951
GSK3B_RAT	84027	Gsk3b	9.041	1366	3	0	1.477	0.0	6.121
TLR4_RAT	29260	Tlr4	9.032	1386	3	2	1.477	0.0	6.115
BMAL1_RAT	29657	Arntl	9.03	207	2	1	1.301	0.0	6.941
DHI1_RAT	25116	Hsd11b1	9.017	212	2	0	1.301	0.0	6.93
Q6MFX9_RAT	24558	Mog	9.014	213	2	0	1.301	0.0	6.928
DIDH_RAT	191574	Akr1c9	9.003	217	2	2	1.301	0.0	6.92
Q0VJ96_RAT	25271	Rxra	9.001	218	2	2	1.301	0.0	6.918
SPRC_RAT	24791	Sparc	8.988	223	2	0	1.301	0.0	6.908
AQP5_RAT	25241	Aqp5	8.978	227	2	1	1.301	0.0	6.901
VACHT_RAT	60422	Slc18a3	8.975	228	2	0	1.301	0.0	6.899
G3V6P5_RAT	24952	Gcg	8.974	1518	3	1	1.477	0.0	6.075
PE2R3_RAT	24929	Ptger3	8.971	230	2	0	1.301	0.0	6.895
D3ZGE2_RAT	303413	Mpo	8.967	4558	4	0	1.602	0.0	5.597
PIT1_RAT	25517	Pou1f1	8.961	234	2	0	1.301	0.0	6.887
RTN3_RAT	140945	Rtn3	8.956	2	1	0	1.0	0.0	8.956
MOFA1_RAT	282585	Mrfap1	8.956	2	1	0	1.0	0.0	8.956
Q5U2Y4_RAT	291044	Nedd9	8.956	2	1	1	1.0	0.0	8.956
PTSS2_RAT	293620	Ptdss2	8.956	2	1	0	1.0	0.0	8.956
ODFP4_RAT	303236	Odf4	8.956	2	1	1	1.0	0.0	8.956
D4A0E2_RAT	307382	Napg	8.956	2	1	0	1.0	0.0	8.956
F1M947_RAT	313067	Tmem67	8.956	2	1	7	1.0	0.0	8.956
D3ZWZ8_RAT	362489	Runx1t1	8.956	2	1	0	1.0	0.0	8.956
G3V6P0_RAT	405133	Olr818	8.956	2	1	0	1.0	0.0	8.956
D3ZEG0_RAT	502875	H1foo	8.956	2	1	3	1.0	0.0	8.956
HXA2_RAT	103690123	Hoxa2	8.956	2	1	0	1.0	0.0	8.956
NR4A1_RAT	79240	Nr4a1	8.954	237	2	0	1.301	0.0	6.882
TPH1_RAT	24848	Tph1	8.944	241	2	0	1.301	0.0	6.875
FSHB_RAT	25447	Fshb	8.914	254	2	0	1.301	0.0	6.852
VMAT2_RAT	25549	Slc18a2	8.897	262	2	0	1.301	0.0	6.838
Q6AYW2_RAT	24616	Pah	8.882	269	2	0	1.301	0.0	6.827
CP4AA_RAT	50549	Cyp4a10	8.882	269	2	0	1.301	0.0	6.827
PPR1B_RAT	360616	Ppp1r1b	8.878	271	2	0	1.301	0.0	6.824
IBP5_RAT	25285	Igfbp5	8.87	275	2	1	1.301	0.0	6.817
INHBA_RAT	29200	Inhba	8.865	277	2	0	1.301	0.0	6.814
ACLY_RAT	24159	Acly	8.845	287	2	0	1.301	0.0	6.799
OSTCN_RAT	25295	Bglap	8.801	1988	3	0	1.477	0.0	5.958
CLUS_RAT	24854	Clu	8.786	319	2	0	1.301	0.0	6.753
O88206_RAT	64509	Tpbpa	8.78	3	1	0	1.0	0.0	8.78
TSN2_RAT	64521	Tspan2	8.78	3	1	0	1.0	0.0	8.78
INHBE_RAT	83711	Inhbe	8.78	3	1	0	1.0	0.0	8.78
SEM6B_RAT	84609	Sema6b	8.78	3	1	0	1.0	0.0	8.78
Q62788_RAT	170849	Zfp111	8.78	3	1	0	1.0	0.0	8.78
F1M8G0_RAT	252962	Phtf1	8.78	3	1	0	1.0	0.0	8.78
B1WC93_RAT	286998	Zfand4	8.78	3	1	0	1.0	0.0	8.78
D3ZXD0_RAT	289264	Grem2	8.78	3	1	0	1.0	0.0	8.78
CAH8_RAT	297814	Ca8	8.78	3	1	0	1.0	0.0	8.78
D3ZLL7_RAT	306664	Adamts16	8.78	3	1	1	1.0	0.0	8.78
D3ZZL3_RAT	360630	Naglu	8.78	3	1	0	1.0	0.0	8.78
CADH2_RAT	83501	Cdh2	8.777	324	2	0	1.301	0.0	6.746
UD16_RAT	113992	Ugt1a6	8.772	327	2	0	1.301	0.0	6.742
P2RX2_RAT	114115	P2rx2	8.772	327	2	3	1.301	0.0	6.742
EST1C_RAT	24346	Ces1c	8.758	335	2	1	1.301	0.0	6.732
HRH1_RAT	24448	Hrh1	8.755	337	2	0	1.301	0.0	6.729
MET_RAT	24553	Met	8.748	341	2	0	1.301	0.0	6.724
RAF1_RAT	24703	Raf1	8.705	368	2	1	1.301	0.0	6.691
Q8K3F9_RAT	24337	Erbb2	8.702	370	2	0	1.301	0.0	6.688
Q64315_RAT	114851	Cdkn1a	8.7	371	2	2	1.301	0.0	6.687
Q5U324_RAT	25439	F2r	8.697	373	2	0	1.301	0.0	6.685
GSH1_RAT	25283	Gclc	8.685	381	2	0	1.301	0.0	6.676
Q6IRF5_RAT	24653	Pla2g4a	8.668	393	2	0	1.301	0.0	6.662
STMN3_RAT	29246	Stmn3	8.655	4	1	0	1.0	0.0	8.655
D3ZKY9_RAT	360565	Spata22	8.655	4	1	1	1.0	0.0	8.655
GPSM3_RAT	406163	Gpsm3	8.655	4	1	0	1.0	0.0	8.655
BECN1_RAT	114558	Becn1	8.647	408	2	0	1.301	0.0	6.646
THIO_RAT	116484	Txn	8.63	420	2	0	1.301	0.0	6.633
GHR_RAT	25235	Ghr	8.625	424	2	0	1.301	0.0	6.629
GCYB2_RAT	25206	Gucy1b2	8.616	431	2	0	1.301	0.0	6.622
P2RX3_RAT	81739	P2rx3	8.613	433	2	0	1.301	0.0	6.62
CDN2A_RAT	25163	Cdkn2a	8.595	447	2	0	1.301	0.0	6.606
UD11_RAT	24861	Ugt1a1	8.58	459	2	0	1.301	0.0	6.595
Q8VD47_RAT	60628	Cxcr4	8.569	468	2	2	1.301	0.0	6.586
PR8A4_RAT	59088	Prl8a4	8.558	5	1	0	1.0	0.0	8.558
CAPG_RAT	297339	Capg	8.558	5	1	1	1.0	0.0	8.558
SELT_RAT	365802	Selenot	8.558	5	1	0	1.0	0.0	8.558
S6A17_RAT	613226	Slc6a17	8.558	5	1	0	1.0	0.0	8.558
E9PT77_RAT	100912525	Hoxa4	8.558	5	1	0	1.0	0.0	8.558
LDLR_RAT	300438	Ldlr	8.547	487	2	1	1.301	0.0	6.569
PTHR_RAT	24695	Pthlh	8.542	491	2	0	1.301	0.0	6.566
SFTPA_RAT	24773	Sftpa1	8.536	496	2	0	1.301	0.0	6.561
CTNB1_RAT	84353	Ctnnb1	8.525	506	2	2	1.301	0.0	6.553
SNG1_RAT	29205	Syngr1	8.479	6	1	3	1.0	0.0	8.479
Q66HL5_RAT	65051	Serpina5	8.479	6	1	0	1.0	0.0	8.479
Q6IRJ7_RAT	155423	Anxa7	8.479	6	1	0	1.0	0.0	8.479
G3V8M6_RAT	171049	Folr1	8.479	6	1	1	1.0	0.0	8.479
Q6RKB3_RAT	288280	Ncam2	8.479	6	1	0	1.0	0.0	8.479
NACC2_RAT	296583	Nacc2	8.479	6	1	0	1.0	0.0	8.479
CP3A2_RAT	266682	Cyp3a2	8.468	560	2	1	1.301	0.0	6.508
AK1A1_RAT	78959	Akr1a1	8.466	562	2	0	1.301	0.0	6.507
M0R590_RAT	108351137	LOC108351137	8.451	577	2	0	1.301	0.0	6.495
AMHR2_RAT	29530	Amhr2	8.439	589	2	0	1.301	0.0	6.486
IL18_RAT	29197	Il18	8.427	602	2	0	1.301	0.0	6.477
TEF_RAT	29362	Tef	8.412	7	1	0	1.0	0.0	8.412
ASIC4_RAT	63882	Asic4	8.412	7	1	1	1.0	0.0	8.412
SYNJ2_RAT	84018	Synj2	8.412	7	1	0	1.0	0.0	8.412
AKAP1_RAT	114124	Akap1	8.412	7	1	0	1.0	0.0	8.412
Q925D2_RAT	114496	Bik	8.412	7	1	0	1.0	0.0	8.412
Q63910_RAT	287167	Hba-a3	8.412	7	1	0	1.0	0.0	8.412
D3ZES7_RAT	312213	Plxna4	8.412	7	1	0	1.0	0.0	8.412
SYNG1_RAT	362235	Syndig1	8.412	7	1	4	1.0	0.0	8.412
SSPO_RAT	474348	Sspo	8.412	7	1	0	1.0	0.0	8.412
CALB1_RAT	83839	Calb1	8.405	626	2	0	1.301	0.0	6.46
CNTF_RAT	25707	Cntf	8.39	643	2	0	1.301	0.0	6.448
EAA2_RAT	29482	Slc1a2	8.368	668	2	4	1.301	0.0	6.432
ADA_RAT	24165	Ada	8.363	674	2	0	1.301	0.0	6.428
DCTN1_RAT	29167	Dctn1	8.354	8	1	0	1.0	0.0	8.354
RSSA_RAT	29236	Rpsa	8.354	8	1	0	1.0	0.0	8.354
SH3K1_RAT	84357	Sh3kbp1	8.354	8	1	0	1.0	0.0	8.354
Q99NG8_RAT	114521	Tdg	8.354	8	1	0	1.0	0.0	8.354
NEUS_RAT	116459	Serpini1	8.354	8	1	0	1.0	0.0	8.354
AMPO_RAT	290963	Aopep	8.354	8	1	0	1.0	0.0	8.354
Q32PX6_RAT	308875	Rhog	8.354	8	1	0	1.0	0.0	8.354
F1LR18_RAT	500901	Arhgap39	8.354	8	1	0	1.0	0.0	8.354
CXCL2_RAT	114105	Cxcl2	8.348	692	2	4	1.301	0.0	6.417
NQO1_RAT	24314	Nqo1	8.339	703	2	0	1.301	0.0	6.41
CTGF_RAT	64032	Ctgf	8.31	740	2	0	1.301	0.0	6.387
PCKGC_RAT	362282	Pck1	8.308	743	2	0	1.301	0.0	6.386
Q499Q4_RAT	24645	Pgm1	8.302	9	1	0	1.0	0.0	8.302
O35977_RAT	25136	Gfra2	8.302	9	1	0	1.0	0.0	8.302
MYO1D_RAT	25485	Myo1d	8.302	9	1	0	1.0	0.0	8.302
MAK_RAT	25677	Mak	8.302	9	1	0	1.0	0.0	8.302
STC2_RAT	63878	Stc2	8.302	9	1	0	1.0	0.0	8.302
ABCA2_RAT	79248	Abca2	8.302	9	1	0	1.0	0.0	8.302
B7X945_RAT	114211	Mtnr1a	8.302	9	1	0	1.0	0.0	8.302
HDGF_RAT	114499	Hdgf	8.302	9	1	0	1.0	0.0	8.302
BIEA_RAT	116599	Blvra	8.302	9	1	0	1.0	0.0	8.302
A1KQY6_RAT	116696	St8sia4	8.302	9	1	0	1.0	0.0	8.302
D4A8I8_RAT	291526	Poli	8.302	9	1	0	1.0	0.0	8.302
CCNA1_RAT	295052	Ccna1	8.302	9	1	0	1.0	0.0	8.302
MCPT1_RAT	100360872	Mcpt1	8.295	760	2	1	1.301	0.0	6.376
GSTP1_RAT	24426	Gstp1	8.286	772	2	0	1.301	0.0	6.369
APOE_RAT	25728	Apoe	8.267	799	2	0	1.301	0.0	6.354
HXK4_RAT	24385	Gck	8.262	806	2	0	1.301	0.0	6.35
MTPN_RAT	79215	Mtpn	8.259	810	2	2	1.301	0.0	6.348
HAND1_RAT	59112	Hand1	8.257	10	1	0	1.0	0.0	8.257
F1MA19_RAT	84358	Efna2	8.257	10	1	0	1.0	0.0	8.257
Q3C2P9_RAT	296072	Spred1	8.257	10	1	0	1.0	0.0	8.257
DPP4_RAT	25253	Dpp4	8.247	828	2	0	1.301	0.0	6.338
PTPRS_RAT	25529	Ptprs	8.215	11	1	0	1.0	0.0	8.215
ANXA5_RAT	25673	Anxa5	8.215	876	2	2	1.301	0.0	6.314
CLCN7_RAT	29233	Clcn7	8.215	11	1	0	1.0	0.0	8.215
LSAMP_RAT	29561	Lsamp	8.215	11	1	0	1.0	0.0	8.215
S38A4_RAT	170573	Slc38a4	8.215	11	1	1	1.0	0.0	8.215
ALAT1_RAT	81670	Gpt	8.21	884	2	0	1.301	0.0	6.31
NTRI_RAT	50864	Ntm	8.177	12	1	0	1.0	0.0	8.177
5HT3A_RAT	79246	Htr3a	8.165	956	2	0	1.301	0.0	6.276
D3ZUM4_RAT	316033	Glb1	8.158	969	2	0	1.301	0.0	6.27
Q66HL0_RAT	58813	Nt5e	8.15	982	2	0	1.301	0.0	6.265
REL1_RAT	25616	Rln1	8.143	13	1	0	1.0	0.0	8.143
BOK_RAT	29884	Bok	8.143	13	1	0	1.0	0.0	8.143
FOXJ1_RAT	116557	Foxj1	8.143	13	1	0	1.0	0.0	8.143
DMBT1_RAT	170568	Dmbt1	8.143	13	1	0	1.0	0.0	8.143
CDIPT_RAT	192260	Cdipt	8.143	13	1	0	1.0	0.0	8.143
PPR3B_RAT	192280	Ppp1r3b	8.143	13	1	0	1.0	0.0	8.143
Q76GL9_RAT	305540	Slc1a4	8.143	13	1	0	1.0	0.0	8.143
ELN_RAT	25043	Eln	8.142	996	2	0	1.301	0.0	6.258
HMDH_RAT	25675	Hmgcr	8.138	1003	2	0	1.301	0.0	6.255
ALDR_RAT	24192	Akr1b1	8.123	1030	2	0	1.301	0.0	6.244
SRC_RAT	83805	Src	8.119	1037	2	1	1.301	0.0	6.241
OREX_RAT	25723	Hcrt	8.112	1051	2	1	1.301	0.0	6.235
NU4M_RAT	26201	Mtnd4	8.111	14	1	0	1.0	0.0	8.111
Q561K2_RAT	81734	Nell2	8.111	14	1	0	1.0	0.0	8.111
G3V6K9_RAT	84600	Rag1	8.111	14	1	0	1.0	0.0	8.111
Q6BC88_RAT	140585	Ryk	8.111	14	1	0	1.0	0.0	8.111
D3ZXS8_RAT	289623	Ube2k	8.111	14	1	0	1.0	0.0	8.111
TUB_RAT	25609	Tub	8.081	15	1	0	1.0	0.0	8.081
LIMK2_RAT	29524	Limk2	8.081	15	1	0	1.0	0.0	8.081
Q6P9V7_RAT	29630	Psme1	8.081	15	1	0	1.0	0.0	8.081
HNRPD_RAT	79256	Hnrnpd	8.081	15	1	1	1.0	0.0	8.081
MLH1_RAT	81685	Mlh1	8.081	15	1	0	1.0	0.0	8.081
CTL1_RAT	85254	Slc44a1	8.081	15	1	0	1.0	0.0	8.081
BAF_RAT	114087	Banf1	8.081	15	1	0	1.0	0.0	8.081
AURKB_RAT	114592	Aurkb	8.081	15	1	0	1.0	0.0	8.081
NCTR1_RAT	117547	Ncr1	8.081	15	1	0	1.0	0.0	8.081
Q8CJE3_RAT	266714	Myo7a	8.081	15	1	0	1.0	0.0	8.081
CCND1_RAT	58919	Ccnd1	8.057	1157	2	2	1.301	0.0	6.193
Q63545_RAT	24315	Prl8a2	8.053	16	1	0	1.0	0.0	8.053
RHOX5_RAT	24631	Rhox5	8.053	16	1	0	1.0	0.0	8.053
ATRN_RAT	83526	Atrn	8.053	16	1	0	1.0	0.0	8.053
HNRPK_RAT	117282	Hnrnpk	8.053	16	1	2	1.0	0.0	8.053
Q91ZH4_RAT	171054	Ccr4	8.053	16	1	0	1.0	0.0	8.053
TEST2_RAT	286916	Testin	8.053	16	1	0	1.0	0.0	8.053
D4AEH9_RAT	362029	Agl	8.053	16	1	0	1.0	0.0	8.053
Q68G21_RAT	29719	Kcnj16	8.026	17	1	0	1.0	0.0	8.026
Q9WUW1_RAT	59302	Bmp15	8.026	17	1	2	1.0	0.0	8.026
Q9Z1D6_RAT	59313	Psgb1	8.026	17	1	0	1.0	0.0	8.026
HSP72_RAT	60460	Hspa2	8.026	17	1	1	1.0	0.0	8.026
Q9ET75_RAT	78974	Six3	8.026	17	1	0	1.0	0.0	8.026
DUS5_RAT	171109	Dusp5	8.026	17	1	1	1.0	0.0	8.026
OAS1A_RAT	192281	Oas1a	8.026	17	1	0	1.0	0.0	8.026
SLIT1_RAT	65047	Slit1	8.001	18	1	1	1.0	0.0	8.001
D3ZMH5_RAT	310467	Tiparp	8.001	18	1	0	1.0	0.0	8.001
ELOV2_RAT	498728	Elovl2	8.001	18	1	0	1.0	0.0	8.001
G3V8C9_RAT	116464	Ncoa6	7.978	19	1	0	1.0	0.0	7.978
PLAP_RAT	116645	Plaa	7.978	19	1	2	1.0	0.0	7.978
LEG2_RAT	171134	Lgals2	7.978	19	1	0	1.0	0.0	7.978
Q3SWU2_RAT	293624	Irf7	7.978	19	1	0	1.0	0.0	7.978
NOS3_RAT	24600	Nos3	7.961	1372	2	1	1.301	0.0	6.119
PPARG_RAT	25664	Pparg	7.959	1378	2	4	1.301	0.0	6.117
LXN_RAT	59073	Lxn	7.956	20	1	0	1.0	0.0	7.956
EPHA5_RAT	79208	Epha5	7.956	20	1	0	1.0	0.0	7.956
KALRN_RAT	84009	Kalrn	7.956	20	1	0	1.0	0.0	7.956
GLHA_RAT	116700	Cga	7.956	20	1	0	1.0	0.0	7.956
G3V819_RAT	140584	Wnt11	7.956	20	1	0	1.0	0.0	7.956
F1LNP8_RAT	192183	Nectin1	7.956	20	1	0	1.0	0.0	7.956
SODM_RAT	24787	Sod2	7.938	1429	2	2	1.301	0.0	6.102
MYP0_RAT	24564	Mpz	7.934	21	1	0	1.0	0.0	7.934
AVR2A_RAT	29263	Acvr2a	7.934	21	1	0	1.0	0.0	7.934
Q66HK8_RAT	56266	Cyp4f1	7.934	21	1	0	1.0	0.0	7.934
CLCB_RAT	116561	Cltb	7.934	21	1	0	1.0	0.0	7.934
EFNA5_RAT	116683	Efna5	7.934	21	1	0	1.0	0.0	7.934
Q5PXK5_RAT	117101	Kcnc3	7.934	21	1	0	1.0	0.0	7.934
Q6AYC1_RAT	360548	Tnfsf12	7.934	21	1	3	1.0	0.0	7.934
MYC_RAT	24577	Myc	7.925	1461	2	0	1.301	0.0	6.092
VPS52_RAT	25218	Vps52	7.914	22	1	0	1.0	0.0	7.914
MA2A1_RAT	25478	Man2a1	7.914	22	1	0	1.0	0.0	7.914
NFIA_RAT	25492	Nfia	7.914	22	1	0	1.0	0.0	7.914
FAAA_RAT	29383	Fah	7.914	22	1	0	1.0	0.0	7.914
A2IBE0_RAT	791259	Car14	7.914	22	1	0	1.0	0.0	7.914
PR3D4_RAT	24282	Prl3d4	7.895	23	1	0	1.0	0.0	7.895
A0A0G2K5L1_RAT	83720	Fat1	7.895	23	1	4	1.0	0.0	7.895
Q9R019_RAT	114212	Chek2	7.895	23	1	2	1.0	0.0	7.895
CABP1_RAT	171051	Cabp1	7.895	23	1	0	1.0	0.0	7.895
HIF1A_RAT	29560	Hif1a	7.889	1558	2	2	1.301	0.0	6.064
RABP1_RAT	25061	Crabp1	7.876	24	1	1	1.0	0.0	7.876
RABP2_RAT	29563	Crabp2	7.876	24	1	0	1.0	0.0	7.876
ECEL1_RAT	60417	Ecel1	7.876	24	1	0	1.0	0.0	7.876
SHAN2_RAT	171093	Shank2	7.876	24	1	0	1.0	0.0	7.876
NPTX1_RAT	266777	Nptx1	7.876	24	1	0	1.0	0.0	7.876
OXR1_RAT	117520	Oxr1	7.859	25	1	0	1.0	0.0	7.859
Q5S3S9_RAT	353227	Zbtb16	7.859	25	1	0	1.0	0.0	7.859
DLGP1_RAT	65040	Dlgap1	7.842	26	1	0	1.0	0.0	7.842
M0R9D3_RAT	114850	Wnt7a	7.842	26	1	2	1.0	0.0	7.842
A0A096MJ89_RAT	171107	Arr3	7.842	26	1	4	1.0	0.0	7.842
AT2A3_RAT	25391	Atp2a3	7.825	27	1	0	1.0	0.0	7.825
D4AAY7_RAT	363464	Piga	7.81	28	1	0	1.0	0.0	7.81
GTR4_RAT	25139	Slc2a4	7.807	1801	2	0	1.301	0.0	6.001
ADRO_RAT	79122	Fdxr	7.794	29	1	0	1.0	0.0	7.794
NFASC_RAT	116690	Nfasc	7.794	29	1	0	1.0	0.0	7.794
Q80XX9_RAT	302965	Tnfrsf12a	7.794	29	1	0	1.0	0.0	7.794
CD9_RAT	24936	Cd9	7.78	30	1	0	1.0	0.0	7.78
PCSK6_RAT	25507	Pcsk6	7.78	30	1	0	1.0	0.0	7.78
Q9WUQ4_RAT	84386	Slpi	7.78	30	1	0	1.0	0.0	7.78
A0A0G2JUC1_RAT	296510	Sp5	7.78	30	1	0	1.0	0.0	7.78
B2RYC9_RAT	684536	Gba	7.78	30	1	0	1.0	0.0	7.78
AVR2B_RAT	25366	Acvr2b	7.765	31	1	0	1.0	0.0	7.765
BAAT_RAT	29725	Baat	7.765	31	1	0	1.0	0.0	7.765
PITX2_RAT	54284	Pitx2	7.765	31	1	1	1.0	0.0	7.765
A0A140TAB0_RAT	81806	Serpina7	7.765	31	1	0	1.0	0.0	7.765
F1MAK4_RAT	501177	Gpr55	7.765	31	1	0	1.0	0.0	7.765
IL4_RAT	287287	Il4	7.756	1970	2	0	1.301	0.0	5.962
CCL2_RAT	24770	Ccl2	7.755	1975	2	3	1.301	0.0	5.961
APOD_RAT	25239	Apod	7.752	32	1	0	1.0	0.0	7.752
PDCD4_RAT	64031	Pdcd4	7.752	32	1	1	1.0	0.0	7.752
F1M101_RAT	252961	Tank	7.752	32	1	0	1.0	0.0	7.752
IFM3_RAT	361673	ifitm3	7.752	32	1	0	1.0	0.0	7.752
G3V8S3_RAT	499149	Pth2	7.752	32	1	1	1.0	0.0	7.752
ACRO_RAT	24163	Acr	7.738	33	1	0	1.0	0.0	7.738
SCNNB_RAT	24767	Scnn1b	7.738	33	1	0	1.0	0.0	7.738
MERL_RAT	25744	Nf2	7.738	33	1	0	1.0	0.0	7.738
F1LLX7_RAT	84402	Sfrp1	7.738	33	1	1	1.0	0.0	7.738
S38A1_RAT	170567	Slc38a1	7.738	33	1	2	1.0	0.0	7.738
GALT_RAT	298003	Galt	7.738	33	1	0	1.0	0.0	7.738
GLP2R_RAT	60432	Glp2r	7.725	34	1	0	1.0	0.0	7.725
NPVF_RAT	60570	Npvf	7.725	34	1	5	1.0	0.0	7.725
Q68EJ2_RAT	79252	Adamts1	7.725	34	1	0	1.0	0.0	7.725
RTN1_RAT	116644	Rtn1	7.725	34	1	0	1.0	0.0	7.725
Q8CH92_RAT	266805	Has3	7.725	34	1	0	1.0	0.0	7.725
BPI_RAT	296321	Bpi	7.725	34	1	0	1.0	0.0	7.725
OPRD_RAT	24613	Oprd1	7.713	35	1	0	1.0	0.0	7.713
Q9WV22_RAT	79237	Hhex	7.713	35	1	0	1.0	0.0	7.713
PA21B_RAT	29526	Pla2g1b	7.707	2150	2	0	1.301	0.0	5.924
PPARA_RAT	25747	Ppara	7.694	2202	2	0	1.301	0.0	5.914
BODG_RAT	64564	Bbox1	7.688	37	1	0	1.0	0.0	7.688
RED_RAT	291659	Ik	7.688	37	1	0	1.0	0.0	7.688
Q5BK77_RAT	297073	Rarres2	7.688	37	1	1	1.0	0.0	7.688
GLPC_RAT	364837	Gypc	7.688	37	1	0	1.0	0.0	7.688
ATX1_RAT	25049	Atxn1	7.677	38	1	2	1.0	0.0	7.677
GGH_RAT	25455	Ggh	7.677	38	1	0	1.0	0.0	7.677
ID3_RAT	25585	Id3	7.677	38	1	1	1.0	0.0	7.677
Q5BKA2_RAT	65210	Cyp2j4	7.677	38	1	0	1.0	0.0	7.677
FABP5_RAT	140868	Fabp5	7.677	38	1	0	1.0	0.0	7.677
FA10_RAT	29243	F10	7.666	39	1	0	1.0	0.0	7.666
KCNH2_RAT	117018	Kcnh2	7.666	39	1	0	1.0	0.0	7.666
B2GUU9_RAT	170917	Cry2	7.666	39	1	0	1.0	0.0	7.666
SMR1_RAT	24867	Vcsa1	7.655	40	1	1	1.0	0.0	7.655
COT2_RAT	113984	Nr2f2	7.655	40	1	0	1.0	0.0	7.655
D3Z822_RAT	685055	Atr	7.655	40	1	1	1.0	0.0	7.655
CP2A3_RAT	24299	Cyp2a3	7.644	41	1	0	1.0	0.0	7.644
INHBB_RAT	25196	Inhbb	7.644	41	1	0	1.0	0.0	7.644
BMP3_RAT	25667	Bmp3	7.644	41	1	0	1.0	0.0	7.644
IOD3_RAT	29475	Dio3	7.644	41	1	2	1.0	0.0	7.644
Q9JJ76_RAT	58822	Csnk1e	7.644	41	1	0	1.0	0.0	7.644
D4A1U5_RAT	362481	Tox	7.644	41	1	0	1.0	0.0	7.644
CD24_RAT	25145	Cd24	7.633	42	1	1	1.0	0.0	7.633
CCNG1_RAT	25405	Ccng1	7.633	42	1	1	1.0	0.0	7.633
A0A0G2QC50_RAT	64036	Cd55	7.633	42	1	0	1.0	0.0	7.633
GDF10_RAT	79216	Gdf10	7.633	42	1	0	1.0	0.0	7.633
S38A3_RAT	252919	Slc38a3	7.633	42	1	0	1.0	0.0	7.633
PEPD_RAT	292808	Pepd	7.633	42	1	0	1.0	0.0	7.633
CP4AE_RAT	298423	Cyp4a14	7.633	42	1	1	1.0	0.0	7.633
O88996_RAT	60434	Bcl2l2	7.623	43	1	0	1.0	0.0	7.623
SUOX_RAT	81805	Suox	7.623	43	1	0	1.0	0.0	7.623
APC_RAT	24205	Apc	7.613	44	1	0	1.0	0.0	7.613
ADCY3_RAT	64508	Adcy3	7.613	44	1	0	1.0	0.0	7.613
RALB_RAT	116546	Ralb	7.603	45	1	0	1.0	0.0	7.603
VATE1_RAT	297566	Atp6v1e1	7.603	45	1	0	1.0	0.0	7.603
REST_RAT	83618	Rest	7.594	46	1	0	1.0	0.0	7.594
SDC3_RAT	116673	Sdc3	7.594	46	1	0	1.0	0.0	7.594
Q6MGC9_RAT	294287	Phf1	7.594	46	1	0	1.0	0.0	7.594
HMOX1_RAT	24451	Hmox1	7.588	2652	2	1	1.301	0.0	5.833
DHRS4_RAT	266686	Dhrs4	7.585	47	1	0	1.0	0.0	7.585
B2B9A9_RAT	306636	Efnb2	7.585	47	1	0	1.0	0.0	7.585
ITF2_RAT	84382	Tcf4	7.575	48	1	0	1.0	0.0	7.575
CATE_RAT	25424	Ctse	7.566	49	1	0	1.0	0.0	7.566
DLL4_RAT	311332	Dll4	7.566	49	1	0	1.0	0.0	7.566
SIA8B_RAT	117523	St8sia2	7.558	50	1	0	1.0	0.0	7.558
M0R4F9_RAT	24559	Mos	7.549	51	1	0	1.0	0.0	7.549
PGK1_RAT	24644	Pgk1	7.549	51	1	0	1.0	0.0	7.549
PDE4A_RAT	25638	Pde4a	7.549	51	1	0	1.0	0.0	7.549
Q8VD38_RAT	140933	Trpc5	7.549	51	1	1	1.0	0.0	7.549
ECHP_RAT	171142	Ehhadh	7.549	51	1	0	1.0	0.0	7.549
KLRBA_RAT	362443	Klrb1a	7.549	51	1	0	1.0	0.0	7.549
MCP_RAT	29333	Cd46	7.541	52	1	0	1.0	0.0	7.541
ASGL1_RAT	246307	Asrgl1	7.516	55	1	0	1.0	0.0	7.516
Q5U328_RAT	25135	Ncl	7.508	56	1	0	1.0	0.0	7.508
COX41_RAT	29445	Cox4i1	7.508	56	1	0	1.0	0.0	7.508
Q9JK59_RAT	116502	Bak1	7.493	58	1	0	1.0	0.0	7.493
CP2B3_RAT	286953	Cyp2b3	7.493	58	1	0	1.0	0.0	7.493
Q45QJ4_RAT	29322	Plcb3	7.486	59	1	0	1.0	0.0	7.486
CSPG2_RAT	114122	Vcan	7.486	59	1	0	1.0	0.0	7.486
GRPR_RAT	24938	Grpr	7.479	60	1	0	1.0	0.0	7.479
HYAS2_RAT	25694	Has2	7.479	60	1	0	1.0	0.0	7.479
TFF1_RAT	117270	Tff1	7.479	60	1	0	1.0	0.0	7.479
FFAR1_RAT	266607	Ffar1	7.479	60	1	0	1.0	0.0	7.479
FOXE3_RAT	171302	Foxe3	7.471	61	1	1	1.0	0.0	7.471
FA12_RAT	306761	F12	7.471	61	1	0	1.0	0.0	7.471
D3ZS29_RAT	414065	Nanog	7.471	61	1	0	1.0	0.0	7.471
PDE3B_RAT	29516	Pde3b	7.464	62	1	0	1.0	0.0	7.464
MK_RAT	81517	Mdk	7.457	63	1	1	1.0	0.0	7.457
M0RAY4_RAT	252835	Gdf5	7.457	63	1	1	1.0	0.0	7.457
BCAR1_RAT	25414	Bcar1	7.45	64	1	0	1.0	0.0	7.45
F1LM84_RAT	25494	Nid1	7.45	64	1	0	1.0	0.0	7.45
KCNQ2_RAT	170848	Kcnq2	7.45	64	1	0	1.0	0.0	7.45
PODXL_RAT	192181	Podxl	7.45	64	1	0	1.0	0.0	7.45
HDAC4_RAT	363287	Hdac4	7.45	64	1	1	1.0	0.0	7.45
ALD1_RAT	116463	Akr1b7	7.444	65	1	0	1.0	0.0	7.444
KCNQ1_RAT	84020	Kcnq1	7.437	66	1	0	1.0	0.0	7.437
F16P2_RAT	114508	Fbp2	7.431	67	1	0	1.0	0.0	7.431
A0A0G2K3R5_RAT	117058	Pou2f2	7.431	67	1	0	1.0	0.0	7.431
Q6F6B2_RAT	652956	Mpp1	7.431	67	1	0	1.0	0.0	7.431
D4A9J2_RAT	24881	Wnt1	7.424	68	1	2	1.0	0.0	7.424
PPCE_RAT	83471	Prep	7.424	68	1	0	1.0	0.0	7.424
PTGDS_RAT	25526	Ptgds	7.418	69	1	0	1.0	0.0	7.418
REL3_RAT	266997	Rln3	7.418	69	1	2	1.0	0.0	7.418
STC1_RAT	81801	Stc1	7.412	70	1	0	1.0	0.0	7.412
Q9QUG4_RAT	24218	Atp7b	7.405	71	1	0	1.0	0.0	7.405
GRM1_RAT	24414	Grm1	7.405	71	1	0	1.0	0.0	7.405
F261_RAT	24638	Pfkfb1	7.405	71	1	0	1.0	0.0	7.405
STP2_RAT	24840	Tnp2	7.405	71	1	1	1.0	0.0	7.405
LANC1_RAT	114515	Lancl1	7.405	71	1	0	1.0	0.0	7.405
EI2BD_RAT	117019	Eif2b4	7.405	71	1	0	1.0	0.0	7.405
DPYL1_RAT	25415	Crmp1	7.399	72	1	2	1.0	0.0	7.399
GUC2A_RAT	25656	Guca2a	7.399	72	1	0	1.0	0.0	7.399
Q99NH5_RAT	85471	Gata3	7.399	72	1	0	1.0	0.0	7.399
B3A2_RAT	24780	Slc4a2	7.387	74	1	0	1.0	0.0	7.387
ID1_RAT	25261	Id1	7.382	75	1	0	1.0	0.0	7.382
TYB4_RAT	81814	Tmsb4x	7.382	75	1	0	1.0	0.0	7.382
DLL1_RAT	84010	Dll1	7.382	75	1	0	1.0	0.0	7.382
CATH_RAT	25425	Ctsh	7.376	76	1	0	1.0	0.0	7.376
F1MA87_RAT	114483	Cdk6	7.376	76	1	0	1.0	0.0	7.376
NR0B2_RAT	117274	Nr0b2	7.376	76	1	0	1.0	0.0	7.376
Q8K4J7_RAT	246250	Retn	7.376	76	1	0	1.0	0.0	7.376
S10A4_RAT	24615	S100a4	7.365	78	1	0	1.0	0.0	7.365
TPH2_RAT	317675	Tph2	7.365	78	1	3	1.0	0.0	7.365
G3V6U5_RAT	29588	Pou3f2	7.359	79	1	0	1.0	0.0	7.359
CD8A_RAT	24930	Cd8a	7.354	80	1	0	1.0	0.0	7.354
CNTN2_RAT	25356	Cntn2	7.354	80	1	0	1.0	0.0	7.354
METH_RAT	81522	Mtr	7.354	80	1	0	1.0	0.0	7.354
XPO1_RAT	85252	Xpo1	7.354	80	1	0	1.0	0.0	7.354
D3ZEM0_RAT	24561	Mpg	7.348	81	1	2	1.0	0.0	7.348
PDE4D_RAT	24627	Pde4d	7.348	81	1	1	1.0	0.0	7.348
NKX25_RAT	114109	Nkx2-5	7.348	81	1	0	1.0	0.0	7.348
A0A0G2K6S9_RAT	24582	Myh11	7.343	82	1	0	1.0	0.0	7.343
S22A5_RAT	29726	Slc22a5	7.343	82	1	0	1.0	0.0	7.343
SPHK1_RAT	170897	Sphk1	7.343	82	1	1	1.0	0.0	7.343
D4A409_RAT	316758	Lama1	7.343	82	1	0	1.0	0.0	7.343
KLK7_RAT	24523	Klk7	7.338	83	1	0	1.0	0.0	7.338
GNMT_RAT	25134	Gnmt	7.332	84	1	0	1.0	0.0	7.332
DAD1_RAT	192275	Dad1	7.332	84	1	0	1.0	0.0	7.332
LGUL_RAT	294320	Glo1	7.332	84	1	1	1.0	0.0	7.332
STMN1_RAT	29332	Stmn1	7.322	86	1	0	1.0	0.0	7.322
PLXA3_RAT	309280	Plxna3	7.322	86	1	1	1.0	0.0	7.322
ISL1_RAT	64444	Isl1	7.317	87	1	0	1.0	0.0	7.317
CCND2_RAT	64033	Ccnd2	7.312	88	1	0	1.0	0.0	7.312
CRY1_RAT	299691	Cry1	7.312	88	1	0	1.0	0.0	7.312
LPAR1_RAT	116744	Lpar1	7.298	91	1	0	1.0	0.0	7.298
ILK_RAT	170922	Ilk	7.298	91	1	2	1.0	0.0	7.298
PPIA_RAT	25518	Ppia	7.293	92	1	0	1.0	0.0	7.293
F1LN63_RAT	364594	Tlr3	7.293	92	1	2	1.0	0.0	7.293
LEG4_RAT	25474	Lgals4	7.288	93	1	0	1.0	0.0	7.288
IL15_RAT	25670	Il15	7.288	93	1	0	1.0	0.0	7.288
F1LN48_RAT	54314	Tpo	7.288	93	1	0	1.0	0.0	7.288
AMRP_RAT	116565	Lrpap1	7.288	93	1	0	1.0	0.0	7.288
PHB_RAT	25344	Phb	7.284	94	1	0	1.0	0.0	7.284
G3V612_RAT	304103	Olig2	7.284	94	1	2	1.0	0.0	7.284
R9PXZ7_RAT	24796	Spn	7.27	97	1	0	1.0	0.0	7.27
PLCD1_RAT	24655	Plcd1	7.265	98	1	0	1.0	0.0	7.265
Q3MID7_RAT	29469	Lbp	7.265	98	1	0	1.0	0.0	7.265
SV2A_RAT	117559	Sv2a	7.261	99	1	1	1.0	0.0	7.261
SUIS_RAT	497756	Si	7.261	99	1	0	1.0	0.0	7.261
Q5U330_RAT	497757	Gucy1a3	7.261	99	1	1	1.0	0.0	7.261
S1PR2_RAT	29415	S1pr2	7.257	100	1	0	1.0	0.0	7.257
E2F1_RAT	399489	E2f1	7.244	103	1	0	1.0	0.0	7.244
DLGP2_RAT	116681	Dlgap2	7.24	104	1	1	1.0	0.0	7.24
SSR1_RAT	25033	Sstr1	7.235	105	1	0	1.0	0.0	7.235
Q9ERV8_RAT	25221	Sry	7.235	105	1	1	1.0	0.0	7.235
ADM2_RAT	399475	Adm2	7.231	106	1	1	1.0	0.0	7.231
GRIK5_RAT	24407	Grik5	7.227	107	1	2	1.0	0.0	7.227
PLD1_RAT	25096	Pld1	7.227	107	1	0	1.0	0.0	7.227
G3V6X8_RAT	140589	Gli1	7.227	107	1	0	1.0	0.0	7.227
PDIA6_RAT	286906	Pdia6	7.227	107	1	0	1.0	0.0	7.227
NPT2A_RAT	25548	Slc34a1	7.223	108	1	0	1.0	0.0	7.223
Q9ET45_RAT	84480	Bnip3	7.223	108	1	0	1.0	0.0	7.223
KLK2_RAT	24841	Klk2	7.219	109	1	0	1.0	0.0	7.219
IBP6_RAT	25641	Igfbp6	7.219	109	1	0	1.0	0.0	7.219
GHRHR_RAT	25321	Ghrhr	7.215	110	1	0	1.0	0.0	7.215
ARNT_RAT	25242	Arnt	7.211	111	1	0	1.0	0.0	7.211
STX1A_RAT	116470	Stx1a	7.211	111	1	0	1.0	0.0	7.211
STS_RAT	24800	Sts	7.204	113	1	0	1.0	0.0	7.204
HXK2_RAT	25059	Hk2	7.2	114	1	0	1.0	0.0	7.2
RAB3A_RAT	25531	Rab3a	7.2	114	1	0	1.0	0.0	7.2
EPAS1_RAT	29452	Epas1	7.196	115	1	3	1.0	0.0	7.196
MECP2_RAT	29386	Mecp2	7.192	116	1	2	1.0	0.0	7.192
OGG1_RAT	81528	Ogg1	7.192	116	1	0	1.0	0.0	7.192
CCR5_RAT	117029	Ccr5	7.192	116	1	0	1.0	0.0	7.192
CX3C1_RAT	171056	Cx3cr1	7.188	117	1	0	1.0	0.0	7.188
F1LQ07_RAT	24831	Thrb	7.177	120	1	1	1.0	0.0	7.177
F1LMW7_RAT	25603	Marcks	7.177	120	1	0	1.0	0.0	7.177
THOP1_RAT	64517	Thop1	7.177	120	1	0	1.0	0.0	7.177
SCN2A_RAT	24766	Scn2a	7.163	124	1	0	1.0	0.0	7.163
AQP9_RAT	65054	Aqp9	7.16	125	1	0	1.0	0.0	7.16
GRAB_RAT	171528	Gzmb	7.16	125	1	0	1.0	0.0	7.16
BMP6_RAT	25644	Bmp6	7.156	126	1	0	1.0	0.0	7.156
D3ZKD9_RAT	29477	Mapt	7.156	126	1	0	1.0	0.0	7.156
AMPE_RAT	64017	Enpep	7.153	127	1	0	1.0	0.0	7.153
SC6A9_RAT	116509	Slc6a9	7.153	127	1	1	1.0	0.0	7.153
MGMT_RAT	25332	Mgmt	7.149	128	1	0	1.0	0.0	7.149
SO1A1_RAT	50572	Slco1a1	7.149	128	1	0	1.0	0.0	7.149
HCN1_RAT	84390	Hcn1	7.149	128	1	1	1.0	0.0	7.149
HYEP_RAT	25315	Ephx1	7.146	129	1	0	1.0	0.0	7.146
HCN2_RAT	114244	Hcn2	7.146	129	1	0	1.0	0.0	7.146
K2C1_RAT	300250	Krt1	7.146	129	1	0	1.0	0.0	7.146
F1LLX2_RAT	25432	Drd4	7.143	130	1	0	1.0	0.0	7.143
SEPT3_RAT	56003	Sept3	7.139	131	1	2	1.0	0.0	7.139
SSR3_RAT	171044	Sstr3	7.139	131	1	0	1.0	0.0	7.139
GEPH_RAT	64845	Gphn	7.13	134	1	0	1.0	0.0	7.13
TSHR_RAT	25360	Tshr	7.123	136	1	1	1.0	0.0	7.123
CBPE_RAT	25669	Cpe	7.123	136	1	0	1.0	0.0	7.123
MT3_RAT	117038	Mt3	7.117	138	1	2	1.0	0.0	7.117
G3V8Q4_RAT	24711	Rbp3	7.107	141	1	0	1.0	0.0	7.107
F1LQT9_RAT	84350	Dnmt1	7.098	144	1	2	1.0	0.0	7.098
RET1_RAT	25056	Rbp1	7.095	145	1	0	1.0	0.0	7.095
KCNJ8_RAT	25472	Kcnj8	7.083	149	1	0	1.0	0.0	7.083
Q3KR94_RAT	29169	Vtn	7.083	149	1	1	1.0	0.0	7.083
Q6T5E8_RAT	154516	Ugt1a7c	7.083	149	1	0	1.0	0.0	7.083
GCH1_RAT	29244	Gch1	7.081	150	1	0	1.0	0.0	7.081
MK09_RAT	50658	Mapk9	7.072	153	1	0	1.0	0.0	7.072
TSHB_RAT	25653	Tshb	7.069	154	1	0	1.0	0.0	7.069
LDHA_RAT	24533	Ldha	7.066	155	1	0	1.0	0.0	7.066
NEC2_RAT	25121	Pcsk2	7.055	159	1	0	1.0	0.0	7.055
SGPL1_RAT	286896	Sgpl1	7.047	162	1	0	1.0	0.0	7.047
XIAP_RAT	63879	Xiap	7.037	166	1	0	1.0	0.0	7.037
PRDX5_RAT	113898	Prdx5	7.034	167	1	0	1.0	0.0	7.034
Q99ND3_RAT	25682	Ppard	7.029	169	1	0	1.0	0.0	7.029
ADA2A_RAT	25083	Adra2a	7.024	171	1	0	1.0	0.0	7.024
S22A1_RAT	24904	Slc22a1	7.021	172	1	0	1.0	0.0	7.021
MRP1_RAT	24565	Abcc1	7.019	173	1	4	1.0	0.0	7.019
SFTPD_RAT	25350	Sftpd	7.019	173	1	0	1.0	0.0	7.019
Q6IRH4_RAT	24173	Adra1b	7.009	177	1	0	1.0	0.0	7.009
CD1D_RAT	25109	Cd1d	7.009	177	1	0	1.0	0.0	7.009
Q2IBD1_RAT	114487	Wnt2	7.009	177	1	0	1.0	0.0	7.009
D4A543_RAT	499593	Sox2	7.009	177	1	0	1.0	0.0	7.009
G3V8F8_RAT	25491	Nes	7.006	178	1	0	1.0	0.0	7.006
P2RX4_RAT	29659	P2rx4	7.006	178	1	1	1.0	0.0	7.006
TRPC1_RAT	89821	Trpc1	7.001	180	1	0	1.0	0.0	7.001
B1WC04_RAT	312195	Nrf1	7.001	180	1	0	1.0	0.0	7.001
EF2_RAT	29565	Eef2	6.999	181	1	0	1.0	0.0	6.999
Q6P7A6_RAT	25671	Smad1	6.989	185	1	0	1.0	0.0	6.989
URIC_RAT	114768	Uox	6.987	186	1	0	1.0	0.0	6.987
ADA1A_RAT	29412	Adra1a	6.983	188	1	1	1.0	0.0	6.983
G3V679_RAT	64678	Tfrc	6.973	192	1	0	1.0	0.0	6.973
NFAT5_RAT	307820	Nfat5	6.967	195	1	1	1.0	0.0	6.967
SCN8A_RAT	29710	Scn8a	6.96	198	1	0	1.0	0.0	6.96
BACE1_RAT	29392	Bace1	6.953	201	1	2	1.0	0.0	6.953
MRP3_RAT	140668	Abcc3	6.951	202	1	0	1.0	0.0	6.951
GGTA1_RAT	246766	Ggta1	6.951	202	1	0	1.0	0.0	6.951
HSP7C_RAT	24468	Hspa8	6.947	204	1	0	1.0	0.0	6.947
TSC2_RAT	24855	Tsc2	6.941	207	1	0	1.0	0.0	6.941
F1LYL9_RAT	140586	Sox9	6.934	210	1	1	1.0	0.0	6.934
ARBK1_RAT	25238	Grk2	6.932	211	1	0	1.0	0.0	6.932
Q9QX10_RAT	83629	Slc12a2	6.93	212	1	1	1.0	0.0	6.93
SYUA_RAT	29219	Snca	6.926	214	1	0	1.0	0.0	6.926
CD5_RAT	54236	Cd5	6.926	214	1	0	1.0	0.0	6.926
O35531_RAT	56822	Cd86	6.922	216	1	0	1.0	0.0	6.922
4EBP1_RAT	116636	Eif4ebp1	6.916	219	1	0	1.0	0.0	6.916
CAN2_RAT	29154	Capn2	6.91	222	1	0	1.0	0.0	6.91
GPDA_RAT	60666	Gpd1	6.903	226	1	1	1.0	0.0	6.903
G3V6V3_RAT	24826	Tg	6.893	231	1	1	1.0	0.0	6.893
NEC1_RAT	25204	Pcsk1	6.889	233	1	0	1.0	0.0	6.889
D3ZAB1_RAT	301034	Ltf	6.886	235	1	0	1.0	0.0	6.886
ANXA1_RAT	25380	Anxa1	6.878	239	1	0	1.0	0.0	6.878
NOX1_RAT	114243	Nox1	6.873	242	1	2	1.0	0.0	6.873
HNF1A_RAT	24817	Hnf1a	6.871	243	1	1	1.0	0.0	6.871
RTN4_RAT	83765	Rtn4	6.871	243	1	1	1.0	0.0	6.871
FABPL_RAT	24360	Fabp1	6.869	244	1	0	1.0	0.0	6.869
Q5M7T5_RAT	304917	Serpinc1	6.862	248	1	0	1.0	0.0	6.862
SOMA_RAT	24391	Gh1	6.86	249	1	0	1.0	0.0	6.86
CEAM1_RAT	81613	Ceacam1	6.86	249	1	0	1.0	0.0	6.86
Q9JK64_RAT	170913	Abcb1a	6.857	251	1	0	1.0	0.0	6.857
PA2GA_RAT	29692	Pla2g2a	6.855	252	1	0	1.0	0.0	6.855
HNF4A_RAT	25735	Hnf4a	6.843	259	1	0	1.0	0.0	6.843
TKNK_RAT	29191	Tac3	6.843	259	1	1	1.0	0.0	6.843
HRH3_RAT	85268	Hrh3	6.837	263	1	0	1.0	0.0	6.837
MYPR_RAT	24943	Plp1	6.835	264	1	0	1.0	0.0	6.835
G3V771_RAT	24324	Edn2	6.833	265	1	0	1.0	0.0	6.833
ITPR1_RAT	25262	Itpr1	6.819	274	1	0	1.0	0.0	6.819
PYGL_RAT	64035	Pygl	6.811	279	1	0	1.0	0.0	6.811
ANFC_RAT	114593	Nppc	6.811	279	1	0	1.0	0.0	6.811
PPA5_RAT	25732	Acp5	6.809	280	1	0	1.0	0.0	6.809
SC5A1_RAT	25552	Slc5a1	6.808	281	1	0	1.0	0.0	6.808
MYOG_RAT	29148	Myog	6.806	282	1	0	1.0	0.0	6.806
F1LXU5_RAT	681288	T2	6.796	289	1	0	1.0	0.0	6.796
PER2_RAT	63840	Per2	6.787	295	1	1	1.0	0.0	6.787
3BHS5_RAT	24470	Hsd3b5	6.785	296	1	1	1.0	0.0	6.785
Q6MG73_RAT	24231	C2	6.782	298	1	1	1.0	0.0	6.782
G3P_RAT	24383	Gapdh	6.772	305	1	2	1.0	0.0	6.772
TRPA1_RAT	312896	Trpa1	6.772	305	1	1	1.0	0.0	6.772
HMOX2_RAT	79239	Hmox2	6.768	308	1	0	1.0	0.0	6.768
FGFR1_RAT	79114	Fgfr1	6.767	309	1	0	1.0	0.0	6.767
CATL1_RAT	25697	Ctsl	6.764	311	1	0	1.0	0.0	6.764
BAD_RAT	64639	Bad	6.763	312	1	0	1.0	0.0	6.763
CEBPA_RAT	24252	Cebpa	6.757	316	1	0	1.0	0.0	6.757
IBP4_RAT	360622	Igfbp4	6.757	316	1	1	1.0	0.0	6.757
IL13_RAT	116553	Il13	6.754	318	1	0	1.0	0.0	6.754
GALA_RAT	29141	Gal	6.753	319	1	0	1.0	0.0	6.753
PCY1B_RAT	286936	Pcyt1b	6.753	319	1	0	1.0	0.0	6.753
B1WC54_RAT	25729	Ccne1	6.75	321	1	0	1.0	0.0	6.75
CRFR2_RAT	64680	Crhr2	6.745	325	1	0	1.0	0.0	6.745
NTF4_RAT	25730	Ntf4	6.739	329	1	2	1.0	0.0	6.739
ANGP1_RAT	89807	Angpt1	6.732	335	1	1	1.0	0.0	6.732
CXB1_RAT	29584	Gjb1	6.73	336	1	0	1.0	0.0	6.73
GRIA3_RAT	29628	Gria3	6.728	338	1	0	1.0	0.0	6.728
CASPC_RAT	156117	Casp12	6.716	347	1	0	1.0	0.0	6.716
DRD3_RAT	29238	Drd3	6.705	356	1	0	1.0	0.0	6.705
Q5PPG5_RAT	24258	Chga	6.702	359	1	0	1.0	0.0	6.702
CART_RAT	29131	Cartpt	6.687	371	1	0	1.0	0.0	6.687
P2RY1_RAT	25265	P2ry1	6.686	372	1	0	1.0	0.0	6.686
GHSR_RAT	84022	Ghsr	6.686	372	1	0	1.0	0.0	6.686
AL3A1_RAT	25375	Aldh3a1	6.681	376	1	0	1.0	0.0	6.681
KCMA1_RAT	83731	Kcnma1	6.681	376	1	2	1.0	0.0	6.681
PER1_RAT	287422	Per1	6.671	385	1	2	1.0	0.0	6.671
G3V633_RAT	54251	Flt1	6.667	389	1	0	1.0	0.0	6.667
NMDE3_RAT	24411	Grin2c	6.663	392	1	1	1.0	0.0	6.663
SL9A3_RAT	24784	Slc9a3	6.663	392	1	1	1.0	0.0	6.663
E9PU71_RAT	64546	Il12b	6.662	393	1	0	1.0	0.0	6.662
Q6YGU2_RAT	310553	Tlr2	6.646	408	1	1	1.0	0.0	6.646
Q498N2_RAT	65029	Aoc1	6.64	414	1	0	1.0	0.0	6.64
TGFB2_RAT	81809	Tgfb2	6.635	418	1	0	1.0	0.0	6.635
Q6PED1_RAT	81780	Ccl5	6.634	419	1	0	1.0	0.0	6.634
HRH2_RAT	25461	Hrh2	6.627	426	1	0	1.0	0.0	6.627
RB_RAT	24708	Rb1	6.623	430	1	0	1.0	0.0	6.623
SNP25_RAT	25012	Snap25	6.619	434	1	0	1.0	0.0	6.619
CD2_RAT	497761	Cd2	6.611	442	1	0	1.0	0.0	6.611
GABT_RAT	81632	Abat	6.594	460	1	0	1.0	0.0	6.594
B1WBN8_RAT	25404	Cav1	6.592	462	1	0	1.0	0.0	6.592
GLP1R_RAT	25051	Glp1r	6.586	468	1	0	1.0	0.0	6.586
B2RYE7_RAT	100188935	RT1-A	6.561	496	1	2	1.0	0.0	6.561
RAC1_RAT	363875	Rac1	6.556	502	1	0	1.0	0.0	6.556
G3V7K3_RAT	24268	Cp	6.554	504	1	0	1.0	0.0	6.554
G3V7M4_RAT	301289	Il17a	6.55	509	1	0	1.0	0.0	6.55
Q91W32_RAT	25166	Casp1	6.532	530	1	0	1.0	0.0	6.532
G3V742_RAT	171052	Mmp13	6.531	532	1	1	1.0	0.0	6.531
UCP1_RAT	24860	Ucp1	6.518	548	1	0	1.0	0.0	6.518
EAA1_RAT	29483	Slc1a3	6.506	563	1	3	1.0	0.0	6.506
A1A5M4_RAT	24443	Hdc	6.505	565	1	0	1.0	0.0	6.505
AQP2_RAT	25386	Aqp2	6.504	566	1	1	1.0	0.0	6.504
IKBA_RAT	25493	Nfkbia	6.501	569	1	0	1.0	0.0	6.501
Q68FZ1_RAT	25351	Slc2a2	6.495	577	1	0	1.0	0.0	6.495
CP7A1_RAT	25428	Cyp7a1	6.483	594	1	0	1.0	0.0	6.483
AIF1_RAT	29427	Aif1	6.46	626	1	0	1.0	0.0	6.46
CADH1_RAT	83502	Cdh1	6.458	629	1	0	1.0	0.0	6.458
IAPP_RAT	24476	Iapp	6.452	638	1	0	1.0	0.0	6.452
SMAD2_RAT	29357	Smad2	6.452	638	1	0	1.0	0.0	6.452
APOA1_RAT	25081	Apoa1	6.451	639	1	0	1.0	0.0	6.451
DNAS1_RAT	25633	Dnase1	6.441	654	1	0	1.0	0.0	6.441
VCAM1_RAT	25361	Vcam1	6.432	668	1	0	1.0	0.0	6.432
TNF11_RAT	117516	Tnfsf11	6.428	674	1	1	1.0	0.0	6.428
G3V913_RAT	24471	Hspb1	6.422	684	1	0	1.0	0.0	6.422
O35055_RAT	65202	Slc13a2	6.412	699	1	0	1.0	0.0	6.412
LOX5_RAT	25290	Alox5	6.403	713	1	0	1.0	0.0	6.403
Q06884_RAT	25642	Cyp3a23/3a1	6.358	791	1	0	1.0	0.0	6.358
AAPK2_RAT	78975	Prkaa2	6.353	801	1	0	1.0	0.0	6.353
PECA1_RAT	29583	Pecam1	6.328	848	1	1	1.0	0.0	6.328
Q9JI30_RAT	25021	Itgam	6.322	860	1	0	1.0	0.0	6.322
IGF1R_RAT	25718	Igf1r	6.321	862	1	0	1.0	0.0	6.321
EDNRB_RAT	50672	Ednrb	6.319	866	1	0	1.0	0.0	6.319
5HT1B_RAT	25075	Htr1b	6.311	883	1	0	1.0	0.0	6.311
GRIA1_RAT	50592	Gria1	6.262	987	1	0	1.0	0.0	6.262
THY1_RAT	24832	Thy1	6.254	1007	1	3	1.0	0.0	6.254
GRIA2_RAT	29627	Gria2	6.254	1007	1	0	1.0	0.0	6.254
IRS1_RAT	25467	Irs1	6.234	1053	1	0	1.0	0.0	6.234
BMP2_RAT	29373	Bmp2	6.204	1130	1	0	1.0	0.0	6.204
Q8R427_RAT	24646	Abcb1b	6.141	1304	1	0	1.0	0.0	6.141
TRPV1_RAT	83810	Trpv1	6.057	1584	1	0	1.0	0.0	6.057
D3ZFJ0_RAT	298947	Pik3cg	6.043	1636	1	0	1.0	0.0	6.043
GAST_RAT	25320	Gast	5.976	1908	1	0	1.0	0.0	5.976
CAH2_RAT	54231	Ca2	5.823	2710	1	2	1.0	0.0	5.823
MMP2_RAT	81686	Mmp2	5.821	2726	1	0	1.0	0.0	5.821
F1LQH2_RAT	81736	Nfkb1	5.803	2838	1	0	1.0	0.0	5.803
MMP9_RAT	81687	Mmp9	5.783	2972	1	0	1.0	0.0	5.783
