Big_T	743
Big_F	1656734
UniProtKB_ID	GeneID	Gene_Name	PPS	Big_P	T+P	Citation	1+Log(T+P)	log10((Cit/yr+1)/10)	1+log10(F/T)+log10(F/P)
ALBU_RAT	24186	Alb	13.849	1951	8	0	1.903	0.0	7.277
Q5BKB0_RAT	24494	Il1b	13.779	11144	13	2	2.114	0.0	6.518
IL6_RAT	24498	Il6	12.789	10505	9	0	1.954	0.0	6.544
TNFA_RAT	24835	Tnf	12.575	18872	10	3	2.0	0.0	6.288
TNF11_RAT	117516	Tnfsf11	11.431	674	3	0	1.477	0.0	7.739
CD4_RAT	24932	Cd4	11.372	2941	4	3	1.602	0.0	7.099
D3ZGE2_RAT	303413	Mpo	11.067	4558	4	0	1.602	0.0	6.908
ERAP1_RAT	80897	Erap1	10.567	1	1	0	1.0	0.0	10.567
HPT_RAT	24464	Hp	10.513	307	2	0	1.301	0.0	8.08
IL2_RAT	116562	Il2	10.502	2864	3	0	1.477	0.0	7.11
A2MG_RAT	24153	A2m	10.172	561	2	0	1.301	0.0	7.818
PDLI3_RAT	114108	Pdlim3	10.095	643	2	1	1.301	0.0	7.759
CRP_RAT	25419	Crp	10.055	690	2	0	1.301	0.0	7.729
MCPT1_RAT	100360872	Mcpt1	10.0	760	2	0	1.301	0.0	7.686
COX1_RAT	26195	Mtco1	9.688	1320	2	0	1.301	0.0	7.447
GPX1_RAT	24404	Gpx1	9.611	1512	2	0	1.301	0.0	7.388
D4A2T8_RAT	681112	Il20	9.567	10	1	2	1.0	0.0	9.567
IL23A_RAT	155140	Il23a	9.488	12	1	1	1.0	0.0	9.488
PPM1A_RAT	24666	Ppm1a	9.363	16	1	0	1.0	0.0	9.363
F1LRE1_RAT	116686	Gsr	9.332	2479	2	0	1.301	0.0	7.173
NPTX1_RAT	266777	Nptx1	9.187	24	1	0	1.0	0.0	9.187
TAP2_RAT	24812	Tap2	9.105	29	1	0	1.0	0.0	9.105
TFF2_RAT	116592	Tff2	9.062	32	1	0	1.0	0.0	9.062
AKT1_RAT	24185	Akt1	8.967	4730	2	0	1.301	0.0	6.892
D4A915_RAT	309135	Ano1	8.924	44	1	0	1.0	0.0	8.924
AMRP_RAT	116565	Lrpap1	8.599	93	1	0	1.0	0.0	8.599
LITH_RAT	24714	Reg1	8.514	113	1	1	1.0	0.0	8.514
PCSK5_RAT	116548	Pcsk5	8.35	165	1	0	1.0	0.0	8.35
Q63116_RAT	64030	Kit	8.286	191	1	0	1.0	0.0	8.286
F1LYL9_RAT	140586	Sox9	8.245	210	1	0	1.0	0.0	8.245
KSYK_RAT	25155	Syk	8.237	214	1	4	1.0	0.0	8.237
B2MG_RAT	24223	B2m	8.229	218	1	0	1.0	0.0	8.229
Q9JK64_RAT	170913	Abcb1a	8.168	251	1	0	1.0	0.0	8.168
PPA5_RAT	25732	Acp5	8.12	280	1	0	1.0	0.0	8.12
G3P_RAT	24383	Gapdh	8.083	305	1	0	1.0	0.0	8.083
ARRS_RAT	25539	Sag	8.055	325	1	0	1.0	0.0	8.055
CO3_RAT	24232	C3	7.982	385	1	0	1.0	0.0	7.982
CCL3_RAT	25542	Ccl3	7.96	405	1	0	1.0	0.0	7.96
BECN1_RAT	114558	Becn1	7.957	408	1	0	1.0	0.0	7.957
CORT_RAT	25305	Cort	7.931	433	1	0	1.0	0.0	7.931
Q66HK3_RAT	24693	Ptgs1	7.875	492	1	0	1.0	0.0	7.875
SFTPA_RAT	24773	Sftpa1	7.872	496	1	0	1.0	0.0	7.872
G3V7K3_RAT	24268	Cp	7.865	504	1	0	1.0	0.0	7.865
LOX5_RAT	25290	Alox5	7.714	713	1	0	1.0	0.0	7.714
SMAD3_RAT	25631	Smad3	7.66	808	1	0	1.0	0.0	7.66
Q8CJF2_RAT	170509	Cyp3a62	7.622	882	1	0	1.0	0.0	7.622
BGLR_RAT	24434	Gusb	7.584	961	1	0	1.0	0.0	7.584
MTAP2_RAT	25595	Map2	7.494	1185	1	0	1.0	0.0	7.494
TIMP1_RAT	116510	Timp1	7.435	1355	1	1	1.0	0.0	7.435
VIME_RAT	81818	Vim	7.371	1573	1	0	1.0	0.0	7.371
G3V843_RAT	29251	F2	7.346	1663	1	0	1.0	0.0	7.346
OSTCN_RAT	25295	Bglap	7.269	1988	1	0	1.0	0.0	7.269
MK08_RAT	116554	Mapk8	7.254	2054	1	0	1.0	0.0	7.254
PPARA_RAT	25747	Ppara	7.224	2202	1	2	1.0	0.0	7.224
VIP_RAT	117064	Vip	7.128	2752	1	0	1.0	0.0	7.128
COX2_RAT	26198	Mtco2	7.105	2899	1	0	1.0	0.0	7.105
AATM_RAT	25721	Got2	7.039	3371	1	0	1.0	0.0	7.039
F1LST1_RAT	25661	Fn1	7.022	3505	1	0	1.0	0.0	7.022
EDN1_RAT	24323	Edn1	6.808	5741	1	0	1.0	0.0	6.808
NOS2_RAT	24599	Nos2	6.773	6210	1	0	1.0	0.0	6.773
CATA_RAT	24248	Cat	6.708	7234	1	0	1.0	0.0	6.708
FOS_RAT	314322	Fos	6.613	8957	1	0	1.0	0.0	6.613
