Big_T	4489
Big_F	1656734
UniProtKB_ID	GeneID	Gene_Name	PPS	Big_P	T+P	Citation	1+Log(T+P)	log10((Cit/yr+1)/10)	1+log10(F/T)+log10(F/P)
TRI63_RAT	140939	Trim63	21.732	227	29	28	2.462	0.462	7.43
IGF1_RAT	24482	Igf1	19.357	6210	68	24	2.833	0.398	5.992
ANGT_RAT	24179	Agt	17.882	14480	54	27	2.732	0.447	5.624
AKT1_RAT	24185	Akt1	16.214	4730	25	17	2.398	0.255	6.111
CISY_RAT	170587	Cs	16.147	890	23	2	2.362	0.0	6.837
GTR4_RAT	25139	Slc2a4	16.041	1801	22	12	2.342	0.114	6.53
RL3_RAT	300079	Rpl3	15.674	89	10	0	2.0	0.0	7.837
MK08_RAT	116554	Mapk8	14.839	2054	14	13	2.146	0.146	6.473
CALCA_RAT	24241	Calca	14.821	4028	25	6	2.398	0.0	6.181
TNF11_RAT	117516	Tnfsf11	14.708	674	10	12	2.0	0.114	6.958
GTR1_RAT	24778	Slc2a1	14.45	893	13	3	2.114	0.0	6.835
CAN2_RAT	29154	Capn2	14.159	222	8	1	1.903	0.0	7.44
FBX32_RAT	171043	Fbxo32	14.101	238	8	2	1.903	0.0	7.41
BDNF_RAT	24225	Bdnf	13.894	5296	14	13	2.146	0.146	6.061
ACHA2_RAT	170945	Chrna2	13.824	1033	11	1	2.041	0.0	6.772
F1LRE1_RAT	116686	Gsr	13.512	2479	13	5	2.114	0.0	6.392
OSTCN_RAT	25295	Bglap	13.489	1988	12	2	2.079	0.0	6.488
LEP_RAT	25608	Lep	13.33	1803	10	10	2.0	0.041	6.53
MYG_RAT	59108	Mb	13.325	196	6	0	1.778	0.0	7.494
G3V6P5_RAT	24952	Gcg	13.322	1518	8	12	1.903	0.114	6.605
ASIC3_RAT	286920	Asic3	13.282	93	5	9	1.699	0.0	7.818
4EBP1_RAT	116636	Eif4ebp1	13.24	219	6	2	1.778	0.0	7.446
CATA_RAT	24248	Cat	13.22	7234	17	5	2.23	0.0	5.927
EDN1_RAT	24323	Edn1	13.007	5741	12	11	2.079	0.079	6.026
IRS1_RAT	25467	Irs1	12.872	1053	8	3	1.903	0.0	6.764
Q8K3R4_RAT	246253	Adipoq	12.806	995	7	10	1.845	0.041	6.788
NOS1_RAT	24598	Nos1	12.543	2331	9	2	1.954	0.0	6.418
IL6_RAT	24498	Il6	12.541	10505	15	9	2.176	0.0	5.763
MYOG_RAT	29148	Myog	12.464	282	5	2	1.699	0.0	7.336
GDF8_RAT	29152	Mstn	12.447	104	4	2	1.602	0.0	7.769
O70253_RAT	25756	Cpt1b	12.375	318	5	4	1.699	0.0	7.284
PTHY_RAT	24694	Pth	12.364	2877	9	0	1.954	0.0	6.327
GDNF_RAT	25453	Gdnf	12.254	1396	7	4	1.845	0.0	6.641
RENI_RAT	24715	Ren1	12.155	5109	10	3	2.0	0.0	6.078
TNFA_RAT	24835	Tnf	12.137	18872	16	5	2.204	0.0	5.507
MLRV_RAT	363925	Myl2	12.134	163	4	3	1.602	0.0	7.574
RYR2_RAT	689560	Ryr2	12.091	467	5	4	1.699	0.0	7.117
DMD_RAT	24907	Dmd	12.05	184	4	5	1.602	0.0	7.521
CP2G1_RAT	25251	Cyp2g1	12.013	6017	10	2	2.0	0.0	6.006
GCR_RAT	24413	Nr3c1	11.964	2004	7	3	1.845	0.0	6.484
S38A2_RAT	29642	Slc38a2	11.885	55	3	4	1.477	0.0	8.046
IL15_RAT	25670	Il15	11.548	93	3	2	1.477	0.0	7.818
Q9JKC1_RAT	65036	Bche	11.539	1981	6	1	1.778	0.0	6.489
PTGIS_RAT	25527	Ptgis	11.508	99	3	0	1.477	0.0	7.791
CASP3_RAT	25402	Casp3	11.459	8340	9	9	1.954	0.0	5.864
BMP2_RAT	29373	Bmp2	11.439	1130	5	3	1.699	0.0	6.733
ACE_RAT	24310	Ace	11.433	3881	7	2	1.845	0.0	6.196
ACES_RAT	83817	Ache	11.422	3939	7	0	1.845	0.0	6.19
SYPH_RAT	24804	Syp	11.317	1333	5	4	1.699	0.0	6.661
CPT2_RAT	25413	Cpt2	11.309	135	3	1	1.477	0.0	7.656
UCP1_RAT	24860	Ucp1	11.29	548	4	1	1.602	0.0	7.047
ARGI2_RAT	29215	Arg2	11.208	158	3	1	1.477	0.0	7.588
JPH2_RAT	296345	Jph2	11.166	16	2	7	1.301	0.0	8.582
CXA1_RAT	24392	Gja1	11.16	1649	5	3	1.699	0.0	6.569
SCN4A_RAT	25722	Scn4a	11.135	177	3	0	1.477	0.0	7.538
NPY_RAT	24604	Npy	11.066	3653	6	2	1.778	0.0	6.223
NOS2_RAT	24599	Nos2	11.056	6210	7	1	1.845	0.0	5.992
FABPI_RAT	25598	Fabp2	11.004	217	3	0	1.477	0.0	7.45
Q6P6T6_RAT	171293	Ctsd	11.004	827	4	0	1.602	0.0	6.869
G6PD_RAT	24377	G6pdx	10.997	2056	5	1	1.699	0.0	6.473
PTN1_RAT	24697	Ptpn1	10.921	247	3	6	1.477	0.0	7.394
SL9A2_RAT	24783	Slc9a2	10.903	254	3	0	1.477	0.0	7.381
D3ZUM4_RAT	316033	Glb1	10.894	969	4	2	1.602	0.0	6.8
PRVA_RAT	25269	Pvalb	10.84	1047	4	4	1.602	0.0	6.766
LIPL_RAT	24539	Lpl	10.825	1070	4	0	1.602	0.0	6.757
TPM2_RAT	500450	Tpm2	10.792	31	2	0	1.301	0.0	8.295
AGTRA_RAT	24180	Agtr1	10.79	2723	5	3	1.699	0.0	6.351
Q5FVG4_RAT	309111	Slc25a22	10.757	33	2	0	1.301	0.0	8.268
MK03_RAT	50689	Mapk3	10.74	5566	6	3	1.778	0.0	6.04
GNRHR_RAT	81668	Gnrhr	10.74	5576	6	0	1.778	0.0	6.04
T2CB11_RAT	24954	Insr	10.642	1390	4	1	1.602	0.0	6.643
MYC_RAT	24577	Myc	10.608	1461	4	5	1.602	0.0	6.621
S4A7_RAT	117955	Slc4a7	10.594	44	2	1	1.301	0.0	8.143
FAK1_RAT	25614	Ptk2	10.593	412	3	2	1.477	0.0	7.171
A4_RAT	54226	App	10.579	1522	4	0	1.602	0.0	6.604
GLNA_RAT	24957	Glul	10.568	1548	4	0	1.602	0.0	6.596
TRPV1_RAT	83810	Trpv1	10.551	1584	4	8	1.602	0.0	6.586
B2RYE7_RAT	100188935	RT1-A	10.474	496	3	0	1.477	0.0	7.091
AT2A1_RAT	116601	Atp2a1	10.438	58	2	0	1.301	0.0	8.023
CNR1_RAT	25248	Cnr1	10.436	1872	4	7	1.602	0.0	6.514
TRFE_RAT	24825	Tf	10.384	2014	4	0	1.602	0.0	6.482
CP1A1_RAT	24296	Cyp1a1	10.374	2045	4	0	1.602	0.0	6.476
F1M8K0_RAT	114489	Dag1	10.365	66	2	0	1.301	0.0	7.967
RXFP1_RAT	295144	Rxfp1	10.365	66	2	0	1.301	0.0	7.967
F261_RAT	24638	Pfkfb1	10.324	71	2	0	1.301	0.0	7.935
CNTF_RAT	25707	Cntf	10.307	643	3	0	1.477	0.0	6.978
NCAM1_RAT	24586	Ncam1	10.304	646	3	1	1.477	0.0	6.976
VEGFA_RAT	83785	Vegfa	10.293	5329	5	1	1.699	0.0	6.058
Q8K4J7_RAT	246250	Retn	10.285	76	2	1	1.301	0.0	7.905
D3ZRA8_RAT	500574	Pax7	10.278	77	2	1	1.301	0.0	7.9
MP2K1_RAT	170851	Map2k1	10.275	676	3	4	1.477	0.0	6.956
Q8VBU7_RAT	24176	Adrb2	10.232	723	3	0	1.477	0.0	6.927
MLXPL_RAT	171078	Mlxipl	10.215	86	2	1	1.301	0.0	7.852
RAN_RAT	84509	Ran	10.209	87	2	1	1.301	0.0	7.847
S40A1_RAT	170840	Slc40a1	10.209	87	2	0	1.301	0.0	7.847
MCPT1_RAT	100360872	Mcpt1	10.2	760	3	1	1.477	0.0	6.905
ILK_RAT	170922	Ilk	10.183	91	2	1	1.301	0.0	7.827
CAH2_RAT	54231	Ca2	10.178	2710	4	0	1.602	0.0	6.353
HXK4_RAT	24385	Gck	10.162	806	3	1	1.477	0.0	6.88
Q9ERV8_RAT	25221	Sry	10.103	105	2	0	1.301	0.0	7.765
HPGDS_RAT	58962	Hpgds	10.052	3247	4	0	1.602	0.0	6.275
HMDH_RAT	25675	Hmgcr	10.022	1003	3	1	1.477	0.0	6.785
BMP6_RAT	25644	Bmp6	10.0	126	2	0	1.301	0.0	7.686
TGFB1_RAT	59086	Tgfb1	9.943	8540	5	3	1.699	0.0	5.853
NTF3_RAT	81737	Ntf3	9.926	1165	3	0	1.477	0.0	6.72
PENK_RAT	29237	Penk	9.922	3914	4	1	1.602	0.0	6.193
KCRB_RAT	24264	Ckb	9.897	151	2	0	1.301	0.0	7.607
COX1_RAT	26195	Mtco1	9.846	1320	3	1	1.477	0.0	6.666
G3V8F8_RAT	25491	Nes	9.804	178	2	0	1.301	0.0	7.536
NRG1_RAT	112400	Nrg1	9.801	179	2	0	1.301	0.0	7.533
ADPRH_RAT	25371	Adprh	9.786	1	1	0	1.0	0.0	9.786
MK01_RAT	116590	Mapk1	9.749	5012	4	1	1.602	0.0	6.086
G3V843_RAT	29251	F2	9.698	1663	3	1	1.477	0.0	6.565
B2MG_RAT	24223	B2m	9.69	218	2	0	1.301	0.0	7.448
SGMR1_RAT	29336	Sigmar1	9.69	218	2	0	1.301	0.0	7.448
INS2_RAT	24506	Ins2	9.685	220	2	0	1.301	0.0	7.444
DUS1_RAT	114856	Dusp1	9.667	227	2	1	1.301	0.0	7.43
VACHT_RAT	60422	Slc18a3	9.664	228	2	3	1.301	0.0	7.428
BCL2_RAT	24224	Bcl2	9.63	5951	4	0	1.602	0.0	6.011
RTN4_RAT	83765	Rtn4	9.628	243	2	8	1.301	0.0	7.401
MOT1_RAT	25027	Slc16a1	9.619	247	2	0	1.301	0.0	7.394
ESR1_RAT	24890	Esr1	9.612	1898	3	2	1.477	0.0	6.508
A0A0G2JYQ6_RAT	290567	Chat	9.552	2084	3	0	1.477	0.0	6.467
PYGL_RAT	64035	Pygl	9.55	279	2	0	1.301	0.0	7.341
TRH_RAT	25569	Trh	9.523	2185	3	0	1.477	0.0	6.447
3BHS5_RAT	24470	Hsd3b5	9.517	296	2	0	1.301	0.0	7.315
TRPA1_RAT	312896	Trpa1	9.5	305	2	1	1.301	0.0	7.302
G3V6Y1_RAT	24457	Hoxb8	9.485	2	1	0	1.0	0.0	9.485
PANK4_RAT	171053	Pank4	9.485	2	1	0	1.0	0.0	9.485
TRAK2_RAT	171086	Trak2	9.485	2	1	1	1.0	0.0	9.485
CTIP_RAT	291787	Rbbp8	9.485	2	1	0	1.0	0.0	9.485
D3ZQ07_RAT	300340	Mmp27	9.485	2	1	0	1.0	0.0	9.485
UBP19_RAT	361190	Usp19	9.485	2	1	1	1.0	0.0	9.485
CADH2_RAT	83501	Cdh2	9.466	324	2	0	1.301	0.0	7.276
CRFR2_RAT	64680	Crhr2	9.464	325	2	2	1.301	0.0	7.274
KHDR1_RAT	117268	Khdrbs1	9.462	326	2	5	1.301	0.0	7.273
A0A0G2K1L0_RAT	116640	Tnc	9.409	358	2	0	1.301	0.0	7.232
Q5U324_RAT	25439	F2r	9.386	373	2	0	1.301	0.0	7.215
UCP3_RAT	25708	Ucp3	9.383	375	2	0	1.301	0.0	7.212
NGF_RAT	310738	Ngf	9.351	2856	3	1	1.477	0.0	6.33
O88211_RAT	60584	Lif	9.345	401	2	0	1.301	0.0	7.183
FOS_RAT	314322	Fos	9.343	8957	4	0	1.602	0.0	5.832
Q498N2_RAT	65029	Aoc1	9.327	414	2	0	1.301	0.0	7.169
EPHB1_RAT	24338	Ephb1	9.318	3003	3	3	1.477	0.0	6.308
A3LT2_RAT	171553	A3galt2	9.309	3	1	0	1.0	0.0	9.309
MSTN1_RAT	290553	Mustn1	9.309	3	1	0	1.0	0.0	9.309
P2RX3_RAT	81739	P2rx3	9.302	433	2	2	1.301	0.0	7.15
LSHR_RAT	25477	Lhcgr	9.232	490	2	0	1.301	0.0	7.096
F1LST1_RAT	25661	Fn1	9.219	3505	3	0	1.477	0.0	6.241
Q5BKB0_RAT	24494	Il1b	9.191	11144	4	0	1.602	0.0	5.737
PKHO1_RAT	310674	Plekho1	9.184	4	1	7	1.0	0.0	9.184
AUGN_RAT	363225	Ecrg4	9.184	4	1	1	1.0	0.0	9.184
IL1RA_RAT	60582	Il1rn	9.182	535	2	0	1.301	0.0	7.058
M0R590_RAT	108351137	LOC108351137	9.14	577	2	0	1.301	0.0	7.025
TR11B_RAT	25341	Tnfrsf11b	9.11	608	2	2	1.301	0.0	7.002
G3V7K1_RAT	306616	Myom2	9.087	5	1	0	1.0	0.0	9.087
IAPP_RAT	24476	Iapp	9.083	638	2	1	1.301	0.0	6.981
D3ZGE2_RAT	303413	Mpo	9.05	4558	3	1	1.477	0.0	6.127
DESM_RAT	64362	Des	9.018	716	2	0	1.301	0.0	6.931
B2RYS8_RAT	293991	Ndufb8	9.008	6	1	0	1.0	0.0	9.008
PCKGC_RAT	362282	Pck1	8.997	743	2	0	1.301	0.0	6.915
Q6IN22_RAT	64529	Ctsb	8.991	751	2	0	1.301	0.0	6.911
MAFG_RAT	64188	Mafg	8.941	7	1	0	1.0	0.0	8.941
Q5M963_RAT	312826	Cmas	8.941	7	1	0	1.0	0.0	8.941
Q5BJP4_RAT	362251	Rbm39	8.941	7	1	0	1.0	0.0	8.941
SH3K1_RAT	84357	Sh3kbp1	8.883	8	1	0	1.0	0.0	8.883
BGLR_RAT	24434	Gusb	8.851	961	2	0	1.301	0.0	6.803
PRS7_RAT	25581	Psmc2	8.832	9	1	0	1.0	0.0	8.832
Q6IN14_RAT	83628	Cd82	8.832	9	1	0	1.0	0.0	8.832
D3ZW08_RAT	315150	Adsl	8.832	9	1	0	1.0	0.0	8.832
ALDR_RAT	24192	Akr1b1	8.812	1030	2	0	1.301	0.0	6.773
OREX_RAT	25723	Hcrt	8.801	1051	2	1	1.301	0.0	6.765
B2GV28_RAT	24300	Cyp2b1	8.793	1065	2	0	1.301	0.0	6.759
MTOR_RAT	56718	Mtor	8.79	1072	2	4	1.301	0.0	6.756
GLCNE_RAT	114711	Gne	8.786	10	1	1	1.0	0.0	8.786
ETFA_RAT	300726	Etfa	8.786	10	1	3	1.0	0.0	8.786
D4A6X1_RAT	312492	Dysf	8.786	10	1	3	1.0	0.0	8.786
Q6MG72_RAT	361798	Ehmt2	8.786	10	1	0	1.0	0.0	8.786
DEFB9_RAT	641633	Defb9	8.786	10	1	0	1.0	0.0	8.786
TNR16_RAT	24596	Ngfr	8.783	1084	2	1	1.301	0.0	6.751
ALDOA_RAT	24189	Aldoa	8.745	11	1	1	1.0	0.0	8.745
BEX3_RAT	117089	Bex3	8.745	11	1	1	1.0	0.0	8.745
S38A4_RAT	170573	Slc38a4	8.745	11	1	1	1.0	0.0	8.745
AGTRB_RAT	81638	Agtr1b	8.72	1212	2	3	1.301	0.0	6.702
GSLG1_RAT	29476	Glg1	8.707	12	1	0	1.0	0.0	8.707
AGTR2_RAT	24182	Agtr2	8.696	1265	2	3	1.301	0.0	6.684
ANDR_RAT	24208	Ar	8.695	1267	2	0	1.301	0.0	6.683
A1L1M0_RAT	25636	Prkaca	8.682	1298	2	0	1.301	0.0	6.673
SODC_RAT	24786	Sod1	8.675	1312	2	4	1.301	0.0	6.668
SRCN1_RAT	56029	Srcin1	8.672	13	1	0	1.0	0.0	8.672
TPM3_RAT	117557	Tpm3	8.672	13	1	0	1.0	0.0	8.672
IGF2_RAT	24483	Igf2	8.665	1337	2	0	1.301	0.0	6.66
CP2E1_RAT	25086	Cyp2e1	8.66	1349	2	0	1.301	0.0	6.656
TIMP1_RAT	116510	Timp1	8.657	1355	2	1	1.301	0.0	6.654
NOS3_RAT	24600	Nos3	8.65	1372	2	0	1.301	0.0	6.649
MPI_RAT	300741	Mpi	8.64	14	1	0	1.0	0.0	8.64
RL32_RAT	28298	Rpl32	8.61	15	1	0	1.0	0.0	8.61
CUL5_RAT	64624	Cul5	8.61	15	1	0	1.0	0.0	8.61
CHIA_RAT	113901	Chia	8.61	15	1	2	1.0	0.0	8.61
THTPA_RAT	305889	Thtpa	8.61	15	1	0	1.0	0.0	8.61
GPX1_RAT	24404	Gpx1	8.595	1512	2	1	1.301	0.0	6.606
VIME_RAT	81818	Vim	8.573	1573	2	0	1.301	0.0	6.589
UBE2B_RAT	81816	Ube2b	8.556	17	1	0	1.0	0.0	8.556
GBRL1_RAT	689161	Gabarapl1	8.556	17	1	0	1.0	0.0	8.556
D3ZFJ0_RAT	298947	Pik3cg	8.551	1636	2	1	1.301	0.0	6.572
IF5A1_RAT	287444	Eif5a	8.531	18	1	1	1.0	0.0	8.531
A0A0G2K7L8_RAT	29220	Thbs4	8.508	19	1	1	1.0	0.0	8.508
A6QR73_RAT	288995	Gpr39	8.508	19	1	0	1.0	0.0	8.508
TY3H_RAT	25085	Th	8.489	1823	2	2	1.301	0.0	6.525
KALRN_RAT	84009	Kalrn	8.485	20	1	0	1.0	0.0	8.485
CBLB_RAT	171136	Cblb	8.485	20	1	0	1.0	0.0	8.485
S23A1_RAT	50621	Slc23a1	8.464	21	1	0	1.0	0.0	8.464
Q5PXK5_RAT	117101	Kcnc3	8.464	21	1	2	1.0	0.0	8.464
LONM_RAT	170916	Lonp1	8.464	21	1	0	1.0	0.0	8.464
PMGT2_RAT	316091	Pomgnt2	8.464	21	1	0	1.0	0.0	8.464
CCL2_RAT	24770	Ccl2	8.444	1975	2	1	1.301	0.0	6.49
ASIC2_RAT	25364	Asic2	8.444	22	1	0	1.0	0.0	8.444
MK12_RAT	60352	Mapk12	8.444	22	1	0	1.0	0.0	8.444
Q8R490_RAT	192248	Cdh13	8.444	22	1	0	1.0	0.0	8.444
CRTC2_RAT	310615	Crtc2	8.444	22	1	2	1.0	0.0	8.444
I6L9G6_RAT	298648	Tardbp	8.431	49	1	10	1.0	0.041	8.096
HRK_RAT	117271	Hrk	8.425	23	1	0	1.0	0.0	8.425
GGT1_RAT	116568	Ggt1	8.411	2092	2	1	1.301	0.0	6.465
MPRD_RAT	312689	M6pr	8.406	24	1	0	1.0	0.0	8.406
D4A352_RAT	293736	Myrf	8.388	25	1	0	1.0	0.0	8.388
SHPS1_RAT	25528	Sirpa	8.371	26	1	0	1.0	0.0	8.371
M0R9D3_RAT	114850	Wnt7a	8.371	26	1	1	1.0	0.0	8.371
Q9EQZ8_RAT	117184	Ctrl	8.371	26	1	0	1.0	0.0	8.371
IL4RA_RAT	25084	Il4r	8.355	27	1	0	1.0	0.0	8.355
Q6P7B6_RAT	25186	Efnb1	8.355	27	1	0	1.0	0.0	8.355
AT2A3_RAT	25391	Atp2a3	8.355	27	1	0	1.0	0.0	8.355
ENPP1_RAT	85496	Enpp1	8.355	27	1	0	1.0	0.0	8.355
PTPS_RAT	29498	Pts	8.324	29	1	1	1.0	0.0	8.324
THIOM_RAT	79462	Txn2	8.324	29	1	0	1.0	0.0	8.324
KCNK4_RAT	116489	Kcnk4	8.324	29	1	0	1.0	0.0	8.324
PCNA_RAT	25737	Pcna	8.321	2457	2	0	1.301	0.0	6.396
AVR2B_RAT	25366	Acvr2b	8.295	31	1	0	1.0	0.0	8.295
BAAT_RAT	29725	Baat	8.295	31	1	0	1.0	0.0	8.295
JIP1_RAT	116457	Mapk8ip1	8.295	31	1	0	1.0	0.0	8.295
KAD1_RAT	24183	Ak1	8.281	32	1	0	1.0	0.0	8.281
E1AW38_RAT	257648	Cacna1b	8.281	32	1	0	1.0	0.0	8.281
HCDH_RAT	113965	Hadh	8.268	33	1	0	1.0	0.0	8.268
S47A1_RAT	360539	Slc47a1	8.268	33	1	0	1.0	0.0	8.268
VIP_RAT	117064	Vip	8.257	2752	2	0	1.301	0.0	6.347
CLCN1_RAT	25688	Clcn1	8.255	34	1	0	1.0	0.0	8.255
ADT1_RAT	85333	Slc25a4	8.23	36	1	0	1.0	0.0	8.23
CD4_RAT	24932	Cd4	8.219	2941	2	0	1.301	0.0	6.318
TRXR2_RAT	50551	Txnrd2	8.218	37	1	4	1.0	0.0	8.218
PO3F1_RAT	192110	Pou3f1	8.218	37	1	1	1.0	0.0	8.218
S38A5_RAT	192208	Slc38a5	8.218	37	1	0	1.0	0.0	8.218
Q5BKA2_RAT	65210	Cyp2j4	8.206	38	1	0	1.0	0.0	8.206
ANF_RAT	24602	Nppa	8.204	3022	2	0	1.301	0.0	6.306
CAN3_RAT	29155	Capn3	8.184	40	1	0	1.0	0.0	8.184
IFNG_RAT	25712	Ifng	8.16	3264	2	0	1.301	0.0	6.272
PRGC2_RAT	291567	Ppargc1b	8.153	43	1	1	1.0	0.0	8.153
ASGR2_RAT	29403	Asgr2	8.143	44	1	0	1.0	0.0	8.143
Z354A_RAT	24522	Znf354a	8.133	45	1	0	1.0	0.0	8.133
FGF2_RAT	54250	Fgf2	8.133	3430	2	0	1.301	0.0	6.251
TPO_RAT	81811	Thpo	8.133	45	1	0	1.0	0.0	8.133
TGON3_RAT	192152	Ttgn1	8.133	45	1	0	1.0	0.0	8.133
INHA_RAT	24504	Inha	8.114	47	1	0	1.0	0.0	8.114
G3V960_RAT	25257	Gamt	8.087	50	1	1	1.0	0.0	8.087
Q6P6R6_RAT	56083	Tgm2	8.079	51	1	3	1.0	0.0	8.079
CAC1I_RAT	56827	Cacna1i	8.079	51	1	0	1.0	0.0	8.079
G3V9S3_RAT	498331	Ptpn13	8.079	51	1	0	1.0	0.0	8.079
GFAP_RAT	24387	Gfap	8.063	3872	2	2	1.301	0.0	6.197
AAPK1_RAT	65248	Prkaa1	8.062	53	1	2	1.0	0.0	8.062
Q80ZF4_RAT	289014	Mapkapk2	8.062	53	1	0	1.0	0.0	8.062
SC6A8_RAT	50690	Slc6a8	8.054	54	1	1	1.0	0.0	8.054
G3V617_RAT	81649	Mapk14	8.048	3982	2	2	1.301	0.0	6.186
H10_RAT	24437	H1f0	8.046	55	1	0	1.0	0.0	8.046
G3V7T1_RAT	29358	Npy1r	8.001	61	1	1	1.0	0.0	8.001
Q498R2_RAT	252856	Tcf21	8.001	61	1	0	1.0	0.0	8.001
CNTFR_RAT	313173	Cntfr	7.987	63	1	0	1.0	0.0	7.987
F16P2_RAT	114508	Fbp2	7.96	67	1	0	1.0	0.0	7.96
E9PT20_RAT	311860	Abl1	7.954	68	1	0	1.0	0.0	7.954
DPP2_RAT	83799	Dpp7	7.941	70	1	0	1.0	0.0	7.941
LANC1_RAT	114515	Lancl1	7.935	71	1	0	1.0	0.0	7.935
KCNJ3_RAT	50599	Kcnj3	7.929	72	1	0	1.0	0.0	7.929
F1LQC5_RAT	140590	Bmpr2	7.929	72	1	0	1.0	0.0	7.929
RGS2_RAT	84583	Rgs2	7.923	73	1	1	1.0	0.0	7.923
LAMP2_RAT	24944	Lamp2	7.911	75	1	1	1.0	0.0	7.911
PGS2_RAT	29139	Dcn	7.911	75	1	0	1.0	0.0	7.911
ECP_RAT	192264	Rnase3	7.9	77	1	0	1.0	0.0	7.9
LYAG_RAT	367562	Gaa	7.9	77	1	0	1.0	0.0	7.9
PSPN_RAT	25525	Pspn	7.894	78	1	0	1.0	0.0	7.894
COQ9_RAT	498909	Coq9	7.894	78	1	0	1.0	0.0	7.894
D4A3Q3_RAT	313929	Ncoa1	7.883	80	1	0	1.0	0.0	7.883
ARLY_RAT	59085	Asl	7.878	81	1	0	1.0	0.0	7.878
CAH3_RAT	54232	Ca3	7.871	5444	2	0	1.301	0.0	6.05
LCAP_RAT	171105	Lnpep	7.867	83	1	1	1.0	0.0	7.867
NEU2_RAT	24221	Avp	7.86	5549	2	0	1.301	0.0	6.041
CAN8_RAT	170808	Capn8	7.857	85	1	0	1.0	0.0	7.857
HEM6_RAT	304024	Cpox	7.857	85	1	2	1.0	0.0	7.857
PTH1R_RAT	56813	Pth1r	7.852	86	1	0	1.0	0.0	7.852
FABPH_RAT	79131	Fabp3	7.852	86	1	0	1.0	0.0	7.852
CO2A1_RAT	25412	Col2a1	7.847	87	1	1	1.0	0.0	7.847
SPA3K_RAT	24794	Serpina3k	7.842	88	1	0	1.0	0.0	7.842
CXA4_RAT	25655	Gja4	7.842	88	1	0	1.0	0.0	7.842
TERT_RAT	301965	Tert	7.832	90	1	1	1.0	0.0	7.832
P2RY6_RAT	117264	P2ry6	7.827	91	1	1	1.0	0.0	7.827
CAN1_RAT	29153	Capn1	7.822	92	1	1	1.0	0.0	7.822
Q66HT1_RAT	24190	Aldob	7.818	93	1	3	1.0	0.0	7.818
PPLA_RAT	64672	Pln	7.818	93	1	0	1.0	0.0	7.818
PHB_RAT	25344	Phb	7.813	94	1	2	1.0	0.0	7.813
DHB3_RAT	117182	Hsd17b3	7.809	95	1	1	1.0	0.0	7.809
AGRIN_RAT	25592	Agrn	7.799	97	1	0	1.0	0.0	7.799
B3GA1_RAT	117108	B3gat1	7.791	99	1	0	1.0	0.0	7.791
HSP74_RAT	266759	Hspa4	7.786	100	1	0	1.0	0.0	7.786
CXG1_RAT	266706	Gjc1	7.782	101	1	0	1.0	0.0	7.782
ADK_RAT	25368	Adk	7.773	103	1	0	1.0	0.0	7.773
Q5FVT5_RAT	116551	Pdk1	7.761	106	1	1	1.0	0.0	7.761
CP27A_RAT	301517	Cyp27a1	7.757	107	1	0	1.0	0.0	7.757
IBP6_RAT	25641	Igfbp6	7.749	109	1	0	1.0	0.0	7.749
STX1A_RAT	116470	Stx1a	7.741	111	1	0	1.0	0.0	7.741
KNG1_RAT	25087	Kng1	7.718	117	1	0	1.0	0.0	7.718
BKRB2_RAT	25245	Bdkrb2	7.718	117	1	0	1.0	0.0	7.718
A1YKY4_RAT	170896	Ucn2	7.714	118	1	1	1.0	0.0	7.714
FGF23_RAT	170583	Fgf23	7.707	120	1	0	1.0	0.0	7.707
NAMPT_RAT	297508	Nampt	7.7	122	1	0	1.0	0.0	7.7
NF1_RAT	24592	Nf1	7.689	125	1	0	1.0	0.0	7.689
GRAB_RAT	171528	Gzmb	7.689	125	1	1	1.0	0.0	7.689
D3ZKD9_RAT	29477	Mapt	7.686	126	1	1	1.0	0.0	7.686
ETS1_RAT	24356	Ets1	7.672	130	1	0	1.0	0.0	7.672
G3V6I6_RAT	289036	Adipor1	7.666	132	1	1	1.0	0.0	7.666
GALR1_RAT	50577	Galr1	7.662	133	1	0	1.0	0.0	7.662
MLRS_RAT	24584	Mylpf	7.656	135	1	0	1.0	0.0	7.656
LYOX_RAT	24914	Lox	7.653	136	1	0	1.0	0.0	7.653
NR4A2_RAT	54278	Nr4a2	7.64	140	1	0	1.0	0.0	7.64
CRGE_RAT	24279	Cryge	7.637	141	1	0	1.0	0.0	7.637
PDE3A_RAT	50678	Pde3a	7.625	145	1	0	1.0	0.0	7.625
NUCB2_RAT	59295	Nucb2	7.625	145	1	1	1.0	0.0	7.625
ACBP_RAT	25045	Dbi	7.613	149	1	0	1.0	0.0	7.613
KCNJ8_RAT	25472	Kcnj8	7.613	149	1	0	1.0	0.0	7.613
ROCK1_RAT	81762	Rock1	7.613	149	1	0	1.0	0.0	7.613
Q6T5E8_RAT	154516	Ugt1a7c	7.613	149	1	0	1.0	0.0	7.613
KPCE_RAT	29340	Prkce	7.61	150	1	1	1.0	0.0	7.61
TAGL_RAT	25123	Tagln	7.604	152	1	0	1.0	0.0	7.604
K2C8_RAT	25626	Krt8	7.604	152	1	1	1.0	0.0	7.604
RGN_RAT	25106	Rgn	7.599	154	1	0	1.0	0.0	7.599
SPTN1_RAT	64159	Sptan1	7.593	156	1	0	1.0	0.0	7.593
AMBP_RAT	25377	Ambp	7.571	164	1	0	1.0	0.0	7.571
GRIK1_RAT	29559	Grik1	7.571	164	1	0	1.0	0.0	7.571
APEL_RAT	58812	Apln	7.571	164	1	0	1.0	0.0	7.571
CRYAB_RAT	25420	Cryab	7.569	165	1	1	1.0	0.0	7.569
CALR_RAT	64202	Calr	7.564	167	1	0	1.0	0.0	7.564
PRDX5_RAT	113898	Prdx5	7.564	167	1	1	1.0	0.0	7.564
A0JPM6_RAT	24477	Ibsp	7.561	168	1	1	1.0	0.0	7.561
CALRL_RAT	25029	Calcrl	7.556	170	1	0	1.0	0.0	7.556
TNNT2_RAT	24837	Tnnt2	7.541	176	1	1	1.0	0.0	7.541
CAV3_RAT	29161	Cav3	7.541	176	1	2	1.0	0.0	7.541
TFAM_RAT	83474	Tfam	7.538	177	1	0	1.0	0.0	7.538
B1WC04_RAT	312195	Nrf1	7.531	180	1	1	1.0	0.0	7.531
CP2CC_RAT	25011	Cyp2c12	7.514	187	1	0	1.0	0.0	7.514
LEG3_RAT	83781	Lgals3	7.514	187	1	0	1.0	0.0	7.514
KCNB1_RAT	25736	Kcnb1	7.512	188	1	0	1.0	0.0	7.512
GPER1_RAT	171104	Gper1	7.51	189	1	0	1.0	0.0	7.51
SMAD4_RAT	50554	Smad4	7.507	190	1	0	1.0	0.0	7.507
VAMP2_RAT	24803	Vamp2	7.501	193	1	0	1.0	0.0	7.501
CSTN2_RAT	171394	Clstn2	7.498	194	1	0	1.0	0.0	7.498
TGFR1_RAT	29591	Tgfbr1	7.494	196	1	0	1.0	0.0	7.494
SCN8A_RAT	29710	Scn8a	7.49	198	1	1	1.0	0.0	7.49
H9BFG4_RAT	25205	Il6st	7.487	199	1	1	1.0	0.0	7.487
F1LRZ7_RAT	24587	Nefh	7.481	202	1	1	1.0	0.0	7.481
RET_RAT	24716	Ret	7.481	202	1	0	1.0	0.0	7.481
RET4_RAT	25703	Rbp4	7.481	202	1	2	1.0	0.0	7.481
ARGI1_RAT	29221	Arg1	7.47	207	1	0	1.0	0.0	7.47
S12A5_RAT	171373	Slc12a5	7.46	212	1	0	1.0	0.0	7.46
Q6MFX9_RAT	24558	Mog	7.458	213	1	0	1.0	0.0	7.458
O35531_RAT	56822	Cd86	7.452	216	1	0	1.0	0.0	7.452
D3ZCD0_RAT	89804	Tek	7.452	216	1	1	1.0	0.0	7.452
SCNAA_RAT	29571	Scn10a	7.446	219	1	0	1.0	0.0	7.446
SSR2_RAT	54305	Sstr2	7.444	220	1	1	1.0	0.0	7.444
KCNA4_RAT	25469	Kcna4	7.442	221	1	0	1.0	0.0	7.442
GDN_RAT	29366	Serpine2	7.442	221	1	0	1.0	0.0	7.442
SPRC_RAT	24791	Sparc	7.438	223	1	0	1.0	0.0	7.438
IKKB_RAT	84351	Ikbkb	7.438	223	1	2	1.0	0.0	7.438
CAH1_RAT	310218	Ca1	7.437	11709	2	0	1.301	0.0	5.716
GPDA_RAT	60666	Gpd1	7.432	226	1	0	1.0	0.0	7.432
PIT1_RAT	25517	Pou1f1	7.417	234	1	2	1.0	0.0	7.417
SCNNG_RAT	24768	Scnn1g	7.399	244	1	0	1.0	0.0	7.399
DBP_RAT	24309	Dbp	7.392	248	1	0	1.0	0.0	7.392
CO4_RAT	24233	C4	7.39	249	1	0	1.0	0.0	7.39
CEAM1_RAT	81613	Ceacam1	7.39	249	1	0	1.0	0.0	7.39
CYB_RAT	26192	Mt-Cyb	7.387	251	1	0	1.0	0.0	7.387
A0A0G2K0Q7_RAT	288057	Mylk	7.371	260	1	0	1.0	0.0	7.371
EAA3_RAT	25550	Slc1a1	7.365	264	1	0	1.0	0.0	7.365
KCNA5_RAT	25470	Kcna5	7.361	266	1	0	1.0	0.0	7.361
CP4AA_RAT	50549	Cyp4a10	7.356	269	1	0	1.0	0.0	7.356
ITPR1_RAT	25262	Itpr1	7.348	274	1	0	1.0	0.0	7.348
ADRB3_RAT	25645	Adrb3	7.348	274	1	0	1.0	0.0	7.348
Q63762_RAT	29259	Sell	7.348	274	1	0	1.0	0.0	7.348
ACOD1_RAT	246074	Scd1	7.347	275	1	0	1.0	0.0	7.347
PPA5_RAT	25732	Acp5	7.339	280	1	0	1.0	0.0	7.339
MYH7_RAT	29557	Myh7	7.325	289	1	0	1.0	0.0	7.325
MC4R_RAT	25635	Mc4r	7.321	292	1	0	1.0	0.0	7.321
CY24A_RAT	79129	Cyba	7.315	296	1	2	1.0	0.0	7.315
Q6MG73_RAT	24231	C2	7.312	298	1	2	1.0	0.0	7.312
S100G_RAT	24249	S100g	7.312	298	1	0	1.0	0.0	7.312
FOXO1_RAT	84482	Foxo1	7.306	302	1	1	1.0	0.0	7.306
HMOX2_RAT	79239	Hmox2	7.298	308	1	0	1.0	0.0	7.298
A0A0G2K4Q6_RAT	78965	Csf1	7.291	313	1	0	1.0	0.0	7.291
B1WC54_RAT	25729	Ccne1	7.28	321	1	0	1.0	0.0	7.28
Q9R290_RAT	79451	Fabp4	7.28	321	1	0	1.0	0.0	7.28
PAR2_RAT	116677	F2rl1	7.28	321	1	0	1.0	0.0	7.28
UD16_RAT	113992	Ugt1a6	7.272	327	1	0	1.0	0.0	7.272
SDHL_RAT	25044	Sds	7.257	338	1	0	1.0	0.0	7.257
Q6AYU9_RAT	25296	Bmp4	7.236	355	1	0	1.0	0.0	7.236
SHBG_RAT	24775	Shbg	7.231	359	1	0	1.0	0.0	7.231
VGLU1_RAT	116638	Slc17a7	7.231	359	1	0	1.0	0.0	7.231
SL9A1_RAT	24782	Slc9a1	7.217	371	1	3	1.0	0.0	7.217
CART_RAT	29131	Cartpt	7.217	371	1	0	1.0	0.0	7.217
CO3_RAT	24232	C3	7.201	385	1	0	1.0	0.0	7.201
PER1_RAT	287422	Per1	7.201	385	1	0	1.0	0.0	7.201
CEBPB_RAT	24253	Cebpb	7.2	386	1	0	1.0	0.0	7.2
SCF_RAT	60427	Kitlg	7.192	393	1	0	1.0	0.0	7.192
Q6IMX5_RAT	29184	Cd36	7.184	400	1	0	1.0	0.0	7.184
UCHL1_RAT	29545	Uchl1	7.184	400	1	0	1.0	0.0	7.184
ACE2_RAT	302668	Ace2	7.18	404	1	0	1.0	0.0	7.18
CCL3_RAT	25542	Ccl3	7.179	405	1	0	1.0	0.0	7.179
BECN1_RAT	114558	Becn1	7.176	408	1	3	1.0	0.0	7.176
THIO_RAT	116484	Txn	7.163	420	1	0	1.0	0.0	7.163
GRP_RAT	171101	Grp	7.156	427	1	0	1.0	0.0	7.156
RB_RAT	24708	Rb1	7.153	430	1	0	1.0	0.0	7.153
CD2_RAT	497761	Cd2	7.141	442	1	0	1.0	0.0	7.141
G6PI_RAT	292804	Gpi	7.14	443	1	0	1.0	0.0	7.14
AA2AR_RAT	25369	Adora2a	7.135	448	1	0	1.0	0.0	7.135
TNNI3_RAT	29248	Tnni3	7.105	480	1	1	1.0	0.0	7.105
Q9ER28_RAT	66021	Cybb	7.085	503	1	2	1.0	0.0	7.085
OX26_RAT	379044	Qrfp	7.084	504	1	1	1.0	0.0	7.084
VDR_RAT	24873	Vdr	7.068	523	1	0	1.0	0.0	7.068
MT1_RAT	24567	Mt1	7.064	527	1	1	1.0	0.0	7.064
CD44_RAT	25406	Cd44	7.058	535	1	0	1.0	0.0	7.058
CAH4_RAT	29242	Ca4	7.048	547	1	2	1.0	0.0	7.048
DCE1_RAT	24379	Gad1	7.037	561	1	0	1.0	0.0	7.037
AQP2_RAT	25386	Aqp2	7.033	566	1	0	1.0	0.0	7.033
Q68FZ1_RAT	25351	Slc2a2	7.025	577	1	0	1.0	0.0	7.025
ENOG_RAT	24334	Eno2	7.018	586	1	0	1.0	0.0	7.018
AQP4_RAT	25293	Aqp4	6.991	624	1	3	1.0	0.0	6.991
SMAD2_RAT	29357	Smad2	6.981	638	1	2	1.0	0.0	6.981
COMT_RAT	24267	Comt	6.98	640	1	0	1.0	0.0	6.98
CSF2_RAT	116630	Csf2	6.978	643	1	0	1.0	0.0	6.978
Q4FZY1_RAT	287435	Cd68	6.969	657	1	0	1.0	0.0	6.969
PNMT_RAT	24661	Pnmt	6.967	659	1	0	1.0	0.0	6.967
KS6B1_RAT	83840	Rps6kb1	6.965	663	1	3	1.0	0.0	6.965
VCAM1_RAT	25361	Vcam1	6.961	668	1	0	1.0	0.0	6.961
EAA2_RAT	29482	Slc1a2	6.961	668	1	1	1.0	0.0	6.961
ADA_RAT	24165	Ada	6.958	674	1	0	1.0	0.0	6.958
G3V913_RAT	24471	Hspb1	6.951	684	1	0	1.0	0.0	6.951
F1M9C5_RAT	367218	Runx2	6.942	699	1	1	1.0	0.0	6.942
NQO1_RAT	24314	Nqo1	6.939	703	1	0	1.0	0.0	6.939
KPCG_RAT	24681	Prkcg	6.927	723	1	0	1.0	0.0	6.927
SC6A3_RAT	24898	Slc6a3	6.904	762	1	0	1.0	0.0	6.904
ACHB_RAT	24261	Chrnb1	6.901	768	1	1	1.0	0.0	6.901
GRP78_RAT	25617	Hspa5	6.901	767	1	0	1.0	0.0	6.901
PECA1_RAT	29583	Pecam1	6.858	848	1	0	1.0	0.0	6.858
IGF1R_RAT	25718	Igf1r	6.851	862	1	1	1.0	0.0	6.851
OGA_RAT	154968	Mgea5	6.846	871	1	0	1.0	0.0	6.846
ANXA5_RAT	25673	Anxa5	6.844	876	1	0	1.0	0.0	6.844
5HT2A_RAT	29595	Htr2a	6.839	886	1	0	1.0	0.0	6.839
NMDE1_RAT	24409	Grin2a	6.808	952	1	0	1.0	0.0	6.808
PARP1_RAT	25591	Parp1	6.801	967	1	0	1.0	0.0	6.801
RHOA_RAT	117273	Rhoa	6.8	968	1	0	1.0	0.0	6.8
ELN_RAT	25043	Eln	6.788	996	1	0	1.0	0.0	6.788
SRC_RAT	83805	Src	6.77	1037	1	0	1.0	0.0	6.77
LIPE_RAT	291437	Lipg	6.763	1054	1	0	1.0	0.0	6.763
IL1A_RAT	24493	Il1a	6.758	1068	1	0	1.0	0.0	6.758
Q5WRG2_RAT	305843	Ang	6.758	1066	1	1	1.0	0.0	6.758
EGR1_RAT	24330	Egr1	6.733	1130	1	0	1.0	0.0	6.733
NEUM_RAT	29423	Gap43	6.69	1247	1	1	1.0	0.0	6.69
HGF_RAT	24446	Hgf	6.68	1278	1	0	1.0	0.0	6.68
EDNRA_RAT	24326	Ednra	6.654	1355	1	1	1.0	0.0	6.654
SODM_RAT	24787	Sod2	6.631	1429	1	0	1.0	0.0	6.631
Q9QX70_RAT	24329	Egfr	6.615	1482	1	0	1.0	0.0	6.615
HIF1A_RAT	29560	Hif1a	6.594	1558	1	3	1.0	0.0	6.594
NMDZ1_RAT	24408	Grin1	6.59	1569	1	0	1.0	0.0	6.59
GHRL_RAT	59301	Ghrl	6.569	1647	1	0	1.0	0.0	6.569
ALBU_RAT	24186	Alb	6.496	1951	1	0	1.0	0.0	6.496
Q8K422_RAT	24664	Pomc	6.481	2019	1	0	1.0	0.0	6.481
PPARA_RAT	25747	Ppara	6.443	2202	1	2	1.0	0.0	6.443
HMOX1_RAT	24451	Hmox1	6.362	2652	1	0	1.0	0.0	6.362
ICAM1_RAT	25464	Icam1	6.354	2701	1	0	1.0	0.0	6.354
IL2_RAT	116562	Il2	6.329	2864	1	0	1.0	0.0	6.329
5HT1A_RAT	24473	Htr1a	6.315	2955	1	0	1.0	0.0	6.315
CCKN_RAT	25298	Cck	6.289	3140	1	0	1.0	0.0	6.289
GON1_RAT	25194	Gnrh1	6.255	3398	1	0	1.0	0.0	6.255
CCL4_RAT	116637	Ccl4	6.229	3605	1	0	1.0	0.0	6.229
CRF_RAT	81648	Crh	6.083	5046	1	0	1.0	0.0	6.083
