Big_T	29282
Big_F	1656734
UniProtKB_ID	GeneID	Gene_Name	PPS	Big_P	T+P	Citation	1+Log(T+P)	log10((Cit/yr+1)/10)	1+log10(F/T)+log10(F/P)
Q9QZD1_RAT	24772	Cxcl12	26.51	472	114	142	3.057	1.155	6.293
BDNF_RAT	24225	Bdnf	25.47	5296	282	255	3.45	1.408	5.242
GFAP_RAT	24387	Gfap	24.918	3872	294	145	3.468	1.164	5.379
PTPRC_RAT	24699	Ptprc	24.578	572	121	74	3.083	0.875	6.21
HGF_RAT	24446	Hgf	24.02	1278	123	101	3.09	1.009	5.861
OSTCN_RAT	25295	Bglap	23.706	1988	190	79	3.279	0.903	5.669
AKT1_RAT	24185	Akt1	23.7	4730	146	205	3.164	1.314	5.292
D4A2H6_RAT	287847	Rbfox3	23.066	952	64	110	2.806	1.045	5.989
BMP2_RAT	29373	Bmp2	22.986	1130	100	76	3.0	0.886	5.914
BCL2_RAT	24224	Bcl2	22.72	5951	165	143	3.217	1.158	5.192
CXA1_RAT	24392	Gja1	22.507	1649	108	75	3.033	0.881	5.75
IGF1_RAT	24482	Igf1	22.31	6210	137	149	3.137	1.176	5.173
F1LYL9_RAT	140586	Sox9	22.241	210	57	38	2.756	0.591	6.645
FGF2_RAT	54250	Fgf2	22.194	3430	140	86	3.146	0.94	5.432
NKX25_RAT	114109	Nkx2-5	21.986	81	42	30	2.623	0.491	7.059
F1M957_RAT	116669	Vwf	21.721	411	61	42	2.785	0.633	6.353
Q8VD47_RAT	60628	Cxcr4	21.599	468	39	68	2.591	0.839	6.297
GDNF_RAT	25453	Gdnf	21.525	1396	79	62	2.898	0.799	5.822
B1PLB2_RAT	305081	Cd34	21.508	644	74	41	2.869	0.623	6.158
MBP_RAT	24547	Mbp	21.489	2126	85	75	2.929	0.881	5.64
THY1_RAT	24832	Thy1	20.702	1007	87	33	2.94	0.531	5.964
SCF_RAT	60427	Kitlg	20.485	393	63	25	2.799	0.415	6.373
VEGFA_RAT	83785	Vegfa	20.415	5329	105	74	3.021	0.875	5.24
MTAP2_RAT	25595	Map2	20.212	1185	56	47	2.748	0.681	5.894
EPO_RAT	24335	Epo	20.196	1761	77	43	2.886	0.643	5.721
CSPG4_RAT	81651	Cspg4	20.129	292	29	42	2.462	0.633	6.502
G3V997_RAT	84394	Dcx	19.787	366	30	40	2.477	0.613	6.404
Q5BKB0_RAT	24494	Il1b	19.758	11144	101	102	3.004	1.013	4.918
MSI1H_RAT	259272	Msi1	19.698	42	13	36	2.114	0.568	7.344
G3V8F8_RAT	25491	Nes	19.628	178	44	18	2.643	0.279	6.717
PAX6_RAT	25509	Pax6	19.55	137	26	27	2.415	0.447	6.831
CASP3_RAT	25402	Casp3	19.527	8340	94	78	2.973	0.898	5.045
D3ZRA8_RAT	500574	Pax7	19.382	77	21	25	2.322	0.415	7.081
Q8R5L6_RAT	116499	Fgf4	19.371	63	24	20	2.38	0.322	7.168
NOTC1_RAT	25496	Notch1	19.363	293	34	27	2.531	0.447	6.501
PECA1_RAT	29583	Pecam1	19.145	848	40	36	2.602	0.568	6.039
ENOG_RAT	24334	Eno2	19.103	586	67	17	2.826	0.255	6.2
EPHB1_RAT	24338	Ephb1	19.063	3003	54	54	2.732	0.74	5.489
SYPH_RAT	24804	Syp	19.039	1333	33	54	2.519	0.74	5.842
A0A0G2K1L0_RAT	116640	Tnc	19.002	358	27	33	2.431	0.531	6.413
CCL4_RAT	116637	Ccl4	18.915	3605	64	48	2.806	0.69	5.41
Q9ERV8_RAT	25221	Sry	18.878	105	18	28	2.255	0.462	6.946
TNR16_RAT	24596	Ngfr	18.767	1084	47	30	2.672	0.491	5.932
HIF1A_RAT	29560	Hif1a	18.687	1558	41	41	2.613	0.623	5.775
Q6AYU9_RAT	25296	Bmp4	18.671	355	29	27	2.462	0.447	6.417
G3V6D0_RAT	24177	Afp	18.66	864	69	17	2.839	0.255	6.031
D4A543_RAT	499593	Sox2	18.658	177	23	25	2.362	0.415	6.719
VGFR2_RAT	25589	Kdr	18.559	857	35	33	2.544	0.531	6.034
IL6_RAT	24498	Il6	18.442	10505	79	67	2.898	0.833	4.944
TGFB1_RAT	59086	Tgfb1	18.394	8540	82	54	2.914	0.74	5.034
Q91XN5_RAT	60357	Prom1	18.385	131	21	22	2.322	0.362	6.85
CD44_RAT	25406	Cd44	18.377	535	42	20	2.623	0.322	6.239
F1LST1_RAT	25661	Fn1	18.248	3505	58	39	2.763	0.602	5.422
PCNA_RAT	25737	Pcna	18.172	2457	49	36	2.69	0.568	5.577
PDLI3_RAT	114108	Pdlim3	17.877	643	47	16	2.672	0.23	6.159
D3ZUM4_RAT	316033	Glb1	17.829	969	33	28	2.519	0.462	5.981
CSF2_RAT	116630	Csf2	17.813	643	52	14	2.716	0.176	6.159
NTF3_RAT	81737	Ntf3	17.754	1165	34	29	2.531	0.477	5.901
IL10_RAT	25325	Il10	17.455	3898	36	48	2.556	0.69	5.377
TNFA_RAT	24835	Tnf	17.406	18872	82	62	2.914	0.799	4.688
ANGT_RAT	24179	Agt	17.378	14480	94	43	2.973	0.643	4.805
DPP4_RAT	25253	Dpp4	17.357	828	20	36	2.301	0.568	6.049
SODC_RAT	24786	Sod1	17.336	1312	20	45	2.301	0.663	5.849
CD4_RAT	24932	Cd4	17.115	2941	54	23	2.732	0.38	5.499
MCPT1_RAT	100360872	Mcpt1	17.112	760	27	23	2.431	0.38	6.086
F1M9C5_RAT	367218	Runx2	17.102	699	27	22	2.431	0.362	6.123
IL2_RAT	116562	Il2	17.03	2864	56	21	2.748	0.342	5.51
FOS_RAT	314322	Fos	16.879	8957	97	23	2.987	0.38	5.013
Q4FZY1_RAT	287435	Cd68	16.862	657	23	23	2.362	0.38	6.15
TIMP1_RAT	116510	Timp1	16.843	1355	35	21	2.544	0.342	5.835
RASK_RAT	24525	Kras	16.709	2381	39	24	2.591	0.398	5.59
HMOX1_RAT	24451	Hmox1	16.685	2652	33	30	2.519	0.491	5.543
ALBU_RAT	24186	Alb	16.419	1951	26	29	2.415	0.477	5.677
Q64315_RAT	114851	Cdkn1a	16.386	371	26	13	2.415	0.146	6.398
ELN_RAT	25043	Eln	16.367	996	23	23	2.362	0.38	5.969
MYOG_RAT	29148	Myog	16.318	282	29	10	2.462	0.041	6.517
D4A2E3_RAT	295475	Neurog2	16.301	26	8	17	1.903	0.255	7.552
NOX1_RAT	114243	Nox1	16.299	242	13	22	2.114	0.362	6.584
SHH_RAT	29499	Shh	16.291	233	14	20	2.146	0.322	6.6
Q923V7_RAT	114505	Klf4	16.188	83	18	10	2.255	0.041	7.048
CCL2_RAT	24770	Ccl2	16.111	1975	21	32	2.322	0.519	5.671
NCAM1_RAT	24586	Ncam1	16.054	646	27	14	2.431	0.176	6.157
NOS1_RAT	24598	Nos1	16.053	2331	32	22	2.505	0.362	5.599
PGFRA_RAT	25267	Pdgfra	16.017	173	15	15	2.176	0.204	6.729
EPCAM_RAT	171577	Epcam	15.874	41	9	15	1.954	0.204	7.355
D3ZS29_RAT	414065	Nanog	15.751	61	13	11	2.114	0.079	7.182
PDX1_RAT	29535	Pdx1	15.689	327	27	7	2.431	0.0	6.453
OPSD_RAT	24717	Rho	15.615	461	15	19	2.176	0.301	6.304
TNNT2_RAT	24837	Tnnt2	15.582	176	16	12	2.204	0.114	6.722
Q9QX70_RAT	24329	Egfr	15.572	1482	27	17	2.431	0.255	5.796
STAT3_RAT	25125	Stat3	15.57	1420	28	16	2.447	0.23	5.815
CNTF_RAT	25707	Cntf	15.455	643	19	16	2.279	0.23	6.159
ATX1_RAT	25049	Atxn1	15.36	38	12	6	2.079	0.0	7.388
CAH1_RAT	310218	Ca1	15.136	11709	56	21	2.748	0.342	4.897
VIME_RAT	81818	Vim	15.114	1573	26	15	2.415	0.204	5.771
O70534_RAT	114587	Dlk1	15.077	52	10	11	2.0	0.079	7.251
ACTH_RAT	25365	Actg2	15.04	1212	24	14	2.38	0.176	5.884
MK08_RAT	116554	Mapk8	14.902	2054	36	11	2.556	0.079	5.655
NEUM_RAT	29423	Gap43	14.878	1247	19	17	2.279	0.255	5.871
OSTP_RAT	25353	Spp1	14.832	1292	31	10	2.491	0.041	5.856
TNF11_RAT	117516	Tnfsf11	14.742	674	21	11	2.322	0.079	6.139
RTN4R_RAT	113912	Rtn4r	14.718	160	15	3	2.176	0.0	6.763
NRG1_RAT	112400	Nrg1	14.688	179	14	10	2.146	0.041	6.715
GCR_RAT	24413	Nr3c1	14.679	2004	15	25	2.176	0.415	5.665
G3V6X8_RAT	140589	Gli1	14.667	107	13	8	2.114	0.0	6.938
TY3H_RAT	25085	Th	14.655	1823	37	3	2.568	0.0	5.706
MP2K1_RAT	170851	Map2k1	14.608	676	15	15	2.176	0.204	6.137
AIF1_RAT	29427	Aif1	14.467	626	13	16	2.114	0.23	6.171
NOS2_RAT	24599	Nos2	14.449	6210	27	22	2.431	0.362	5.173
CCND1_RAT	58919	Ccnd1	14.448	1157	14	19	2.146	0.301	5.904
PGFRB_RAT	24629	Pdgfrb	14.434	216	10	14	2.0	0.176	6.633
CEBPA_RAT	24252	Cebpa	14.426	316	17	5	2.23	0.0	6.468
K1C19_RAT	360626	Krt19	14.399	272	16	6	2.204	0.0	6.533
NOS3_RAT	24600	Nos3	14.347	1372	17	16	2.23	0.23	5.83
ANXA5_RAT	25673	Anxa5	14.34	876	20	11	2.301	0.079	6.025
GRP_RAT	171101	Grp	14.291	427	9	19	1.954	0.301	6.337
MYC_RAT	24577	Myc	14.244	1461	19	14	2.279	0.176	5.802
DESM_RAT	64362	Des	14.194	716	21	8	2.322	0.0	6.112
Q75NI5_RAT	361432	Cdh15	14.151	34	8	1	1.903	0.0	7.436
Q8CHK8_RAT	282817	Pycard	14.069	119	11	7	2.041	0.0	6.892
CALB2_RAT	117059	Calb2	14.054	544	18	4	2.255	0.0	6.232
G3V8X8_RAT	25495	Nog	13.958	94	9	10	1.954	0.041	6.994
EDN1_RAT	24323	Edn1	13.891	5741	31	14	2.491	0.176	5.208
K2C8_RAT	25626	Krt8	13.852	152	11	4	2.041	0.0	6.786
G3V890_RAT	171040	Il11	13.829	113	10	0	2.0	0.0	6.914
S10A4_RAT	24615	S100a4	13.827	78	9	6	1.954	0.0	7.075
SGPL1_RAT	286896	Sgpl1	13.796	162	11	4	2.041	0.0	6.758
NTRK3_RAT	29613	Ntrk3	13.76	301	11	11	2.041	0.079	6.489
BMP6_RAT	25644	Bmp6	13.734	126	10	3	2.0	0.0	6.867
Q2IBD1_RAT	114487	Wnt2	13.717	177	11	7	2.041	0.0	6.719
TERT_RAT	301965	Tert	13.705	90	9	0	1.954	0.0	7.013
SMAD3_RAT	25631	Smad3	13.696	808	14	12	2.146	0.114	6.06
O88211_RAT	60584	Lif	13.658	401	14	6	2.146	0.0	6.364
Q8VBY1_RAT	25254	Dspp	13.651	96	9	3	1.954	0.0	6.985
LAT1_RAT	50719	Slc7a5	13.648	253	12	0	2.079	0.0	6.564
Q9JKL3_RAT	24887	Bax	13.64	4781	19	19	2.279	0.301	5.287
CXCL2_RAT	114105	Cxcl2	13.635	692	12	13	2.079	0.146	6.127
NGF_RAT	310738	Ngf	13.572	2856	29	7	2.462	0.0	5.512
FAK1_RAT	25614	Ptk2	13.553	412	8	16	1.903	0.23	6.353
A0A0G2JYQ6_RAT	290567	Chat	13.544	2084	25	5	2.398	0.0	5.648
S100B_RAT	25742	S100b	13.543	620	12	12	2.079	0.114	6.175
SPRC_RAT	24791	Sparc	13.512	223	11	0	2.041	0.0	6.619
MMP9_RAT	81687	Mmp9	13.495	2972	13	21	2.114	0.342	5.494
IL1A_RAT	24493	Il1a	13.492	1068	17	10	2.23	0.041	5.939
LEF1_RAT	161452	Lef1	13.478	46	7	4	1.845	0.0	7.305
B2RYE7_RAT	100188935	RT1-A	13.46	496	14	8	2.146	0.0	6.272
TNR1B_RAT	156767	Tnfrsf1b	13.451	152	8	11	1.903	0.079	6.786
F1M077_RAT	303181	Wnt3a	13.4	129	9	7	1.954	0.0	6.857
TRFE_RAT	24825	Tf	13.375	2014	23	9	2.362	0.0	5.663
DCE1_RAT	24379	Gad1	13.346	561	14	9	2.146	0.0	6.218
Q6MG27_RAT	294562	Pou5f1	13.343	13	5	4	1.699	0.0	7.853
VHL_RAT	24874	Vhl	13.335	55	7	0	1.845	0.0	7.227
Q5PPG5_RAT	24258	Chga	13.332	359	12	5	2.079	0.0	6.412
K1C14_RAT	287701	Krt14	13.311	94	8	7	1.903	0.0	6.994
G3V612_RAT	304103	Olig2	13.311	94	8	8	1.903	0.0	6.994
P97688_RAT	24495	Il3	13.307	206	10	0	2.0	0.0	6.654
Q76LI5_RAT	29349	Fgf8	13.306	57	7	3	1.845	0.0	7.212
P53_RAT	24842	Tp53	13.285	97	5	15	1.699	0.204	6.981
TGFB3_RAT	25717	Tgfb3	13.267	294	11	6	2.041	0.0	6.499
S12A5_RAT	171373	Slc12a5	13.224	212	7	13	1.845	0.146	6.641
PNMT_RAT	24661	Pnmt	13.196	659	14	6	2.146	0.0	6.149
A0JPM6_RAT	24477	Ibsp	13.176	168	9	8	1.954	0.0	6.742
PO3F1_RAT	192110	Pou3f1	13.157	37	6	2	1.778	0.0	7.399
NGN1_RAT	29410	Neurog1	13.145	17	5	4	1.699	0.0	7.737
CALCA_RAT	24241	Calca	13.122	4028	28	6	2.447	0.0	5.362
GGT1_RAT	116568	Ggt1	13.112	2092	21	9	2.322	0.0	5.646
ANDR_RAT	24208	Ar	13.08	1267	17	7	2.23	0.0	5.864
RHOA_RAT	117273	Rhoa	13.016	968	15	2	2.176	0.0	5.981
D3ZCR1_RAT	24882	Wnt3	12.989	21	5	1	1.699	0.0	7.645
LIPL_RAT	24539	Lpl	12.922	1070	15	1	2.176	0.0	5.938
GLNA_RAT	24957	Glul	12.887	1548	17	2	2.23	0.0	5.778
R9PXZ7_RAT	24796	Spn	12.88	97	7	0	1.845	0.0	6.981
EGR2_RAT	114090	Egr2	12.723	118	7	7	1.845	0.0	6.896
VIP_RAT	117064	Vip	12.72	2752	20	4	2.301	0.0	5.528
BECN1_RAT	114558	Becn1	12.713	408	10	5	2.0	0.0	6.357
G3V877_RAT	114501	Lmx1b	12.698	11	4	4	1.602	0.0	7.926
GNL3_RAT	290556	Gnl3	12.698	11	4	1	1.602	0.0	7.926
PENK_RAT	29237	Penk	12.693	3914	23	2	2.362	0.0	5.375
D4A9J2_RAT	24881	Wnt1	12.687	68	6	5	1.778	0.0	7.135
PPARG_RAT	25664	Pparg	12.682	1378	10	14	2.0	0.176	5.828
D3ZDQ2_RAT	366214	Nkx2-2	12.678	32	5	4	1.699	0.0	7.462
IFNG_RAT	25712	Ifng	12.595	3264	17	11	2.23	0.079	5.453
NR4A2_RAT	54278	Nr4a2	12.586	140	7	2	1.845	0.0	6.821
ESR1_RAT	24890	Esr1	12.539	1898	16	4	2.204	0.0	5.689
D4A0P8_RAT	680486	Dazl	12.53	14	4	2	1.602	0.0	7.821
ISL1_RAT	64444	Isl1	12.497	87	6	1	1.778	0.0	7.028
IL13_RAT	116553	Il13	12.474	318	5	16	1.699	0.23	6.465
AQP1_RAT	25240	Aqp1	12.454	550	10	7	2.0	0.0	6.227
PTHY_RAT	24694	Pth	12.422	2877	18	9	2.255	0.0	5.508
REST_RAT	83618	Rest	12.41	46	5	2	1.699	0.0	7.305
D4ACZ2_RAT	293992	Pax2	12.41	46	5	4	1.699	0.0	7.305
CN37_RAT	25275	Cnp	12.404	417	9	4	1.954	0.0	6.347
Q4QQW2_RAT	171369	Cd40	12.376	182	7	2	1.845	0.0	6.707
CDN2A_RAT	25163	Cdkn2a	12.345	447	9	1	1.954	0.0	6.317
TGFA_RAT	24827	Tgfa	12.336	840	11	8	2.041	0.0	6.043
ASCL1_RAT	64186	Ascl1	12.32	52	5	2	1.699	0.0	7.251
EGR1_RAT	24330	Egr1	12.297	1130	12	4	2.079	0.0	5.914
PO4F1_RAT	114503	Pou4f1	12.295	80	5	10	1.699	0.041	7.064
G3V819_RAT	140584	Wnt11	12.282	20	4	6	1.602	0.0	7.666
Q8VH47_RAT	140936	Rcvrn	12.279	55	5	6	1.699	0.0	7.227
MMP2_RAT	81686	Mmp2	12.266	2726	15	10	2.176	0.041	5.531
NMDZ1_RAT	24408	Grin1	12.239	1569	12	10	2.079	0.041	5.771
G3V6P5_RAT	24952	Gcg	12.231	1518	10	12	2.0	0.114	5.786
INS2_RAT	24506	Ins2	12.224	220	5	13	1.699	0.146	6.625
CDNF_RAT	361276	Cdnf	12.216	22	4	2	1.602	0.0	7.625
PSMD9_RAT	161475	Psmd9	12.214	5	3	3	1.477	0.0	8.268
G3V6W8_RAT	85272	Bmp7	12.205	358	8	1	1.903	0.0	6.413
K1C15_RAT	287700	Krt15	12.185	23	4	0	1.602	0.0	7.606
O08718_RAT	60329	Neurog3	12.181	131	6	6	1.778	0.0	6.85
M0RAY4_RAT	252835	Gdf5	12.178	63	5	2	1.699	0.0	7.168
HEMGN_RAT	113882	Hemgn	12.097	6	3	1	1.477	0.0	8.189
PGH2_RAT	29527	Ptgs2	12.075	3174	9	17	1.954	0.255	5.465
RB_RAT	24708	Rb1	12.054	430	8	4	1.903	0.0	6.334
PACA_RAT	24166	Adcyap1	12.049	877	10	3	2.0	0.0	6.024
DDC_RAT	24311	Ddc	12.031	442	8	1	1.903	0.0	6.322
JAG1_RAT	29146	Jag1	12.027	114	5	10	1.699	0.041	6.911
Q8CJH7_RAT	266738	Prop1	11.955	32	4	2	1.602	0.0	7.462
D3ZYL0_RAT	306886	Ripk1	11.932	88	5	3	1.699	0.0	7.023
ICAM1_RAT	25464	Icam1	11.931	2701	11	12	2.041	0.114	5.536
NPY_RAT	24604	Npy	11.912	3653	16	3	2.204	0.0	5.404
E9PSL7_RAT	83620	Cit	11.912	8	3	1	1.477	0.0	8.064
ILK_RAT	170922	Ilk	11.907	91	5	3	1.699	0.0	7.008
UD16_RAT	113992	Ugt1a6	11.906	327	7	1	1.845	0.0	6.453
CASPC_RAT	156117	Casp12	11.859	347	7	0	1.845	0.0	6.427
NK1R_RAT	24807	Tacr1	11.846	1242	8	12	1.903	0.114	5.873
A2VD06_RAT	25312	Dmp1	11.837	100	5	5	1.699	0.0	6.967
SOX10_RAT	29361	Sox10	11.835	38	4	3	1.602	0.0	7.388
FOXA2_RAT	25099	Foxa2	11.83	101	5	1	1.699	0.0	6.963
D3ZLB7_RAT	100360880	Fosb	11.816	366	7	2	1.845	0.0	6.404
Q6MFX9_RAT	24558	Mog	11.805	213	6	4	1.778	0.0	6.639
G3V7K0_RAT	171360	Vsx2	11.769	10	3	0	1.477	0.0	7.967
CD24_RAT	25145	Cd24	11.766	42	4	2	1.602	0.0	7.344
ACE_RAT	24310	Ace	11.764	3881	11	13	2.041	0.146	5.378
D3Z9J1_RAT	293897	Dkk1	11.76	111	5	6	1.699	0.0	6.922
UCHL1_RAT	29545	Uchl1	11.745	400	7	1	1.845	0.0	6.365
CCKN_RAT	25298	Cck	11.739	3140	14	4	2.146	0.0	5.47
GHRL_RAT	59301	Ghrl	11.739	1647	10	10	2.0	0.041	5.75
PIT1_RAT	25517	Pou1f1	11.733	234	6	0	1.778	0.0	6.598
CCR5_RAT	117029	Ccr5	11.728	116	5	8	1.699	0.0	6.903
CX3C1_RAT	171056	Cx3cr1	11.722	117	5	3	1.699	0.0	6.899
Q5FVS5_RAT	50669	Prf1	11.711	417	7	2	1.845	0.0	6.347
CALCR_RAT	116506	Calcr	11.685	123	5	1	1.699	0.0	6.878
MYPR_RAT	24943	Plp1	11.639	264	6	4	1.778	0.0	6.546
Q63242_RAT	25022	Fgfr2	11.627	133	5	9	1.699	0.0	6.844
PO3F3_RAT	192109	Pou3f3	11.604	53	4	3	1.602	0.0	7.243
FOXJ1_RAT	116557	Foxj1	11.601	13	3	0	1.477	0.0	7.853
ACHB_RAT	24261	Chrnb1	11.575	768	8	2	1.903	0.0	6.082
HES1_RAT	29577	Hes1	11.563	145	5	5	1.699	0.0	6.806
Q924W3_RAT	114517	Itga6	11.553	14	3	0	1.477	0.0	7.821
CSPG2_RAT	114122	Vcan	11.529	59	4	2	1.602	0.0	7.197
PO4F2_RAT	171355	Pou4f2	11.509	15	3	1	1.477	0.0	7.791
Q8CJE3_RAT	266714	Myo7a	11.509	15	3	0	1.477	0.0	7.791
MK03_RAT	50689	Mapk3	11.508	5566	16	5	2.204	0.0	5.221
SYN1_RAT	24949	Syn1	11.49	550	7	3	1.845	0.0	6.227
P2RX2_RAT	114115	P2rx2	11.474	327	6	8	1.778	0.0	6.453
Q68FZ1_RAT	25351	Slc2a2	11.451	577	7	5	1.845	0.0	6.206
D3ZAF5_RAT	361945	Postn	11.451	66	4	3	1.602	0.0	7.148
MET_RAT	24553	Met	11.442	341	6	2	1.778	0.0	6.435
AAGAB_RAT	171435	Aagab	11.441	67	4	2	1.602	0.0	7.141
Q5EB91_RAT	294051	Dntt	11.44	342	6	2	1.778	0.0	6.433
ANF_RAT	24602	Nppa	11.428	3022	11	10	2.041	0.041	5.487
GSK3B_RAT	84027	Gsk3b	11.397	1366	9	4	1.954	0.0	5.832
Q6P7A6_RAT	25671	Smad1	11.384	185	5	1	1.699	0.0	6.7
Q9JI30_RAT	25021	Itgam	11.381	860	7	10	1.845	0.041	6.033
PDE5A_RAT	171115	Pde5a	11.376	187	5	4	1.699	0.0	6.696
ID1_RAT	25261	Id1	11.362	75	4	1	1.602	0.0	7.092
FGF10_RAT	25443	Fgf10	11.362	75	4	4	1.602	0.0	7.092
VGFR3_RAT	114110	Flt4	11.362	75	4	3	1.602	0.0	7.092
INSL3_RAT	114215	Insl3	11.353	76	4	0	1.602	0.0	7.087
G3V617_RAT	81649	Mapk14	11.346	3982	13	3	2.114	0.0	5.367
Q4V8J0_RAT	24257	Cgm4	11.332	393	6	3	1.778	0.0	6.373
PRVA_RAT	25269	Pvalb	11.318	1047	8	2	1.903	0.0	5.947
G3V913_RAT	24471	Hspb1	11.315	684	7	5	1.845	0.0	6.132
A0A0G2K6S9_RAT	24582	Myh11	11.3	82	4	2	1.602	0.0	7.054
MAG_RAT	29409	Mag	11.28	213	5	2	1.699	0.0	6.639
CNTN1_RAT	117258	Cntn1	11.275	2	2	3	1.301	0.0	8.666
CO2A1_RAT	25412	Col2a1	11.259	87	4	1	1.602	0.0	7.028
MTPN_RAT	79215	Mtpn	11.253	810	6	11	1.778	0.079	6.059
TRI63_RAT	140939	Trim63	11.233	227	5	3	1.699	0.0	6.611
Q5I287_RAT	312516	Gmcl1	11.233	227	5	0	1.699	0.0	6.611
Q68FU6_RAT	140924	Il2rg	11.211	7	2	11	1.301	0.079	8.122
HMGB1_RAT	25459	Hmgb1	11.201	788	7	4	1.845	0.0	6.071
FGF7_RAT	29348	Fgf7	11.194	239	5	1	1.699	0.0	6.589
LSHR_RAT	25477	Lhcgr	11.162	490	6	4	1.778	0.0	6.277
D4ABA5_RAT	289734	Smtn	11.156	26	3	1	1.477	0.0	7.552
E9PTH2_RAT	114509	LOC100912585	11.142	103	4	3	1.602	0.0	6.955
CTNB1_RAT	84353	Ctnnb1	11.137	506	6	7	1.778	0.0	6.263
CATA_RAT	24248	Cat	11.116	7234	15	7	2.176	0.0	5.108
IGF2_RAT	24483	Igf2	11.116	1337	8	2	1.903	0.0	5.841
AATM_RAT	25721	Got2	11.104	3371	11	7	2.041	0.0	5.439
INHBA_RAT	29200	Inhba	11.086	277	5	1	1.699	0.0	6.525
SEM3A_RAT	29751	Sema3a	11.083	112	4	4	1.602	0.0	6.918
JUN_RAT	24516	Jun	11.068	1417	8	0	1.903	0.0	5.816
A1A5M4_RAT	24443	Hdc	11.052	565	6	2	1.778	0.0	6.215
CD5R1_RAT	116671	Cdk5r1	11.049	291	5	0	1.699	0.0	6.504
A1L122_RAT	84019	Nae1	11.046	3	2	0	1.301	0.0	8.49
PITX2_RAT	54284	Pitx2	11.043	31	3	1	1.477	0.0	7.476
CCR3_RAT	117027	Ccr3	11.043	31	3	0	1.477	0.0	7.476
GALNS_RAT	292073	Galns	11.037	50	3	10	1.477	0.041	7.268
APEX1_RAT	79116	Apex1	11.035	120	4	3	1.602	0.0	6.888
ITB1_RAT	24511	Itgb1	11.03	121	4	1	1.602	0.0	6.885
ACRO_RAT	24163	Acr	11.003	33	3	2	1.477	0.0	7.449
SC6A9_RAT	116509	Slc6a9	10.996	127	4	1	1.602	0.0	6.864
5HT1A_RAT	24473	Htr1a	10.993	2955	10	3	2.0	0.0	5.496
CLUS_RAT	24854	Clu	10.981	319	5	4	1.699	0.0	6.464
PCY1B_RAT	286936	Pcyt1b	10.981	319	5	1	1.699	0.0	6.464
CALB1_RAT	83839	Calb1	10.973	626	6	2	1.778	0.0	6.171
CADH2_RAT	83501	Cdh2	10.97	324	5	1	1.699	0.0	6.457
MERTK_RAT	65037	Mertk	10.969	83	3	11	1.477	0.079	7.048
INS1_RAT	24505	Ins1	10.965	632	6	4	1.778	0.0	6.167
G3V802_RAT	114494	Ccna2	10.965	35	3	1	1.477	0.0	7.423
G3V8X3_RAT	680712	Scx	10.965	35	3	7	1.477	0.0	7.423
DOPO_RAT	25699	Dbh	10.963	1060	7	2	1.845	0.0	5.942
D3ZFJ0_RAT	298947	Pik3cg	10.949	1636	8	0	1.903	0.0	5.753
DPYL3_RAT	25418	Dpysl3	10.947	36	3	2	1.477	0.0	7.411
CD53_RAT	24251	Cd53	10.93	37	3	0	1.477	0.0	7.399
VCAM1_RAT	25361	Vcam1	10.923	668	6	4	1.778	0.0	6.143
GRN_RAT	29143	Grn	10.896	39	3	1	1.477	0.0	7.376
VGLU1_RAT	116638	Slc17a7	10.894	359	5	6	1.699	0.0	6.412
G3V6M2_RAT	25690	Ahr	10.883	703	6	3	1.778	0.0	6.12
GEPH_RAT	64845	Gphn	10.883	134	3	12	1.477	0.114	6.84
MMP11_RAT	25481	Mmp11	10.88	40	3	0	1.477	0.0	7.365
AL1A2_RAT	116676	Aldh1a2	10.88	40	3	9	1.477	0.0	7.365
Q8K3F9_RAT	24337	Erbb2	10.872	370	5	1	1.699	0.0	6.399
TAGL_RAT	25123	Tagln	10.871	152	4	1	1.602	0.0	6.786
GON1_RAT	25194	Gnrh1	10.871	3398	10	1	2.0	0.0	5.436
DDIT4_RAT	140942	Ddit4	10.848	42	3	2	1.477	0.0	7.344
CEBPB_RAT	24253	Cebpb	10.841	386	5	5	1.699	0.0	6.381
PPARA_RAT	25747	Ppara	10.823	2202	7	11	1.845	0.079	5.624
AGTR2_RAT	24182	Agtr2	10.822	1265	7	2	1.845	0.0	5.865
TPO_RAT	81811	Thpo	10.804	45	3	0	1.477	0.0	7.314
CREB1_RAT	81646	Creb1	10.788	1988	8	3	1.903	0.0	5.669
CYR61_RAT	83476	Cyr61	10.776	47	3	8	1.477	0.0	7.295
Q8K422_RAT	24664	Pomc	10.775	2019	8	4	1.903	0.0	5.662
G6PD_RAT	24377	G6pdx	10.76	2056	8	3	1.903	0.0	5.654
D3Z921_RAT	313507	Tal1	10.758	5	2	0	1.301	0.0	8.268
A0A0G2JW78_RAT	24705	Rara	10.753	180	4	2	1.602	0.0	6.712
TLR4_RAT	29260	Tlr4	10.749	1386	7	2	1.845	0.0	5.826
HPRT_RAT	24465	Hprt1	10.742	183	4	3	1.602	0.0	6.705
GPER1_RAT	171104	Gper1	10.719	189	4	2	1.602	0.0	6.691
Q4V8L0_RAT	25358	Timp3	10.716	190	4	7	1.602	0.0	6.689
GTR1_RAT	24778	Slc2a1	10.698	893	6	3	1.778	0.0	6.017
A4_RAT	54226	App	10.674	1522	7	1	1.845	0.0	5.785
K1C18_RAT	294853	Krt18	10.67	203	4	0	1.602	0.0	6.66
B2CL1_RAT	24888	Bcl2l1	10.669	927	6	3	1.778	0.0	6.0
G3V8D1_RAT	25483	Msx2	10.664	56	3	2	1.477	0.0	7.219
KCNC1_RAT	25327	Kcnc1	10.652	57	3	4	1.477	0.0	7.212
ACOC_RAT	50655	Aco1	10.652	57	3	0	1.477	0.0	7.212
CO1A1_RAT	29393	Col1a1	10.649	209	4	3	1.602	0.0	6.647
Q9JK59_RAT	116502	Bak1	10.641	58	3	3	1.477	0.0	7.204
PK3CA_RAT	170911	Pik3ca	10.619	60	3	1	1.477	0.0	7.189
LCK_RAT	313050	Lck	10.619	60	3	0	1.477	0.0	7.189
Q8K3R4_RAT	246253	Adipoq	10.615	995	6	2	1.778	0.0	5.97
G3V742_RAT	171052	Mmp13	10.604	532	5	5	1.699	0.0	6.242
IL1RA_RAT	60582	Il1rn	10.6	535	5	3	1.699	0.0	6.239
ASGR1_RAT	24210	Asgr1	10.598	62	3	1	1.477	0.0	7.175
K1C10_RAT	450225	Krt10	10.588	63	3	0	1.477	0.0	7.168
ACHA2_RAT	170945	Chrna2	10.586	1033	6	2	1.778	0.0	5.953
COLQ_RAT	29755	Colq	10.567	7	2	0	1.301	0.0	8.122
CAH3_RAT	54232	Ca3	10.551	5444	8	12	1.903	0.114	5.231
A0A0G2QC23_RAT	314360	Galc	10.549	67	3	0	1.477	0.0	7.141
M0R590_RAT	108351137	LOC108351137	10.544	577	5	2	1.699	0.0	6.206
F1LS98_RAT	24680	Prkca	10.54	1095	6	2	1.778	0.0	5.928
GTR4_RAT	25139	Slc2a4	10.538	1801	7	2	1.845	0.0	5.712
PDGFA_RAT	25266	Pdgfa	10.536	246	4	4	1.602	0.0	6.576
UTS2_RAT	29180	Uts2	10.536	246	4	1	1.602	0.0	6.576
MK01_RAT	116590	Mapk1	10.533	5012	10	2	2.0	0.0	5.267
ID2_RAT	25587	Id2	10.53	69	3	2	1.477	0.0	7.129
AGTRA_RAT	24180	Agtr1	10.528	2723	8	4	1.903	0.0	5.532
HNF4A_RAT	25735	Hnf4a	10.5	259	4	2	1.602	0.0	6.554
ACES_RAT	83817	Ache	10.497	3939	9	0	1.954	0.0	5.371
G3V669_RAT	296500	Dlx1	10.492	8	2	1	1.301	0.0	8.064
D3ZP96_RAT	312538	Mcm2	10.492	8	2	0	1.301	0.0	8.064
EAA3_RAT	25550	Slc1a1	10.487	264	4	1	1.602	0.0	6.546
LYAM3_RAT	25651	Selp	10.484	626	5	6	1.699	0.0	6.171
SMAD2_RAT	29357	Smad2	10.47	638	5	5	1.699	0.0	6.162
PPR1B_RAT	360616	Ppp1r1b	10.469	271	4	9	1.602	0.0	6.534
PPA5_RAT	25732	Acp5	10.446	280	4	0	1.602	0.0	6.52
NEU2_RAT	24221	Avp	10.445	5549	10	6	2.0	0.0	5.222
CP1A1_RAT	24296	Cyp1a1	10.437	2045	7	3	1.845	0.0	5.657
D4ACX5_RAT	303539	Kat2a	10.425	9	2	1	1.301	0.0	8.013
STMN1_RAT	29332	Stmn1	10.388	86	3	0	1.477	0.0	7.033
CDK5_RAT	140908	Cdk5	10.368	313	4	2	1.602	0.0	6.472
B1WC30_RAT	304947	Pbx1	10.366	10	2	0	1.301	0.0	7.967
CFTR_RAT	24255	Cftr	10.355	319	4	2	1.602	0.0	6.464
F1LSN4_RAT	84489	Fgfr3	10.345	92	3	0	1.477	0.0	7.004
E9PU84_RAT	246775	Tnfsf10	10.345	92	3	2	1.477	0.0	7.004
PHB_RAT	25344	Phb	10.331	94	3	0	1.477	0.0	6.994
I23O1_RAT	66029	Ido1	10.331	94	3	4	1.477	0.0	6.994
NRP1_RAT	246331	Nrp1	10.331	94	3	3	1.477	0.0	6.994
DHB3_RAT	117182	Hsd17b3	10.325	95	3	3	1.477	0.0	6.99
O35531_RAT	56822	Cd86	10.323	216	3	11	1.477	0.079	6.633
SC5A5_RAT	114613	Slc5a5	10.318	96	3	5	1.477	0.0	6.985
LENEP_RAT	113917	Lenep	10.312	11	2	0	1.301	0.0	7.926
PTGIS_RAT	25527	Ptgis	10.298	99	3	3	1.477	0.0	6.972
DNM1L_RAT	114114	Dnm1l	10.292	100	3	3	1.477	0.0	6.967
ADK_RAT	25368	Adk	10.273	103	3	6	1.477	0.0	6.955
GDF8_RAT	29152	Mstn	10.267	104	3	4	1.477	0.0	6.95
PEBP1_RAT	29542	Pebp1	10.267	104	3	1	1.477	0.0	6.95
DLGP2_RAT	116681	Dlgap2	10.267	104	3	4	1.477	0.0	6.95
TPA_RAT	25692	Plat	10.266	841	5	0	1.699	0.0	6.042
FHL1_RAT	25177	Fhl1	10.263	12	2	0	1.301	0.0	7.888
CHK1_RAT	140583	Chek1	10.263	12	2	0	1.301	0.0	7.888
G3V790_RAT	171379	Smarca4	10.263	12	2	1	1.301	0.0	7.888
PTN_RAT	24924	Ptn	10.26	105	3	0	1.477	0.0	6.946
PAI1_RAT	24617	Serpine1	10.248	862	5	3	1.699	0.0	6.032
ERBB3_RAT	29496	Erbb3	10.242	108	3	6	1.477	0.0	6.934
PRL_RAT	24683	Prl	10.236	3879	8	0	1.903	0.0	5.379
F2Z3U1_RAT	64566	Wnt5a	10.225	111	3	2	1.477	0.0	6.922
GDF6_RAT	252834	Gdf6	10.218	13	2	3	1.301	0.0	7.853
BKRB2_RAT	25245	Bdkrb2	10.191	117	3	0	1.477	0.0	6.899
PGS1_RAT	25181	Bgn	10.18	119	3	0	1.477	0.0	6.892
Q6BC88_RAT	140585	Ryk	10.176	14	2	0	1.301	0.0	7.821
D3ZJ19_RAT	501145	Satb2	10.176	14	2	0	1.301	0.0	7.821
F1LMW7_RAT	25603	Marcks	10.175	120	3	0	1.477	0.0	6.888
RBL2_RAT	81758	Rbl2	10.164	122	3	1	1.477	0.0	6.881
THIO_RAT	116484	Txn	10.164	420	4	2	1.602	0.0	6.344
NTRK1_RAT	59109	Ntrk1	10.161	970	5	2	1.699	0.0	5.98
AL1A1_RAT	24188	Aldh1a1	10.154	124	3	1	1.477	0.0	6.874
WT1_RAT	24883	Wt1	10.143	126	3	4	1.477	0.0	6.867
D3ZKD9_RAT	29477	Mapt	10.143	126	3	1	1.477	0.0	6.867
GRIA2_RAT	29627	Gria2	10.133	1007	5	3	1.699	0.0	5.964
HCN2_RAT	114244	Hcn2	10.128	129	3	1	1.477	0.0	6.857
G6PI_RAT	292804	Gpi	10.127	443	4	3	1.602	0.0	6.321
D3ZFD9_RAT	24706	Rarb	10.123	130	3	0	1.477	0.0	6.853
G3V8U2_RAT	117519	Keap1	10.123	130	3	3	1.477	0.0	6.853
B5DFD5_RAT	300339	Mmp1	10.122	446	4	1	1.602	0.0	6.318
KCNK3_RAT	29553	Kcnk3	10.114	132	3	4	1.477	0.0	6.847
GAST_RAT	25320	Gast	10.112	1908	6	0	1.778	0.0	5.687
Q6IMK1_RAT	300260	Sp7	10.094	136	3	4	1.477	0.0	6.834
TNNI3_RAT	29248	Tnni3	10.071	480	4	3	1.602	0.0	6.286
FGF20_RAT	66017	Fgf20	10.066	17	2	1	1.301	0.0	7.737
X3CL1_RAT	89808	Cx3cl1	10.045	147	3	1	1.477	0.0	6.8
Q3KR94_RAT	29169	Vtn	10.036	149	3	1	1.477	0.0	6.794
F1LMV3_RAT	114502	Pax3	10.034	18	2	0	1.301	0.0	7.712
FGF1_RAT	25317	Fgf1	10.019	517	4	0	1.602	0.0	6.254
VDR_RAT	24873	Vdr	10.011	523	4	0	1.602	0.0	6.249
MT1_RAT	24567	Mt1	10.006	527	4	3	1.602	0.0	6.246
WIF1_RAT	114557	Wif1	10.003	19	2	6	1.301	0.0	7.689
Q8R5L9_RAT	170633	Fgf3	10.003	19	2	0	1.301	0.0	7.689
Q91W32_RAT	25166	Casp1	10.002	530	4	1	1.602	0.0	6.243
CAH4_RAT	29242	Ca4	9.98	547	4	0	1.602	0.0	6.229
UCP1_RAT	24860	Ucp1	9.979	548	4	1	1.602	0.0	6.229
F1M4A0_RAT	292994	Tjp1	9.975	551	4	6	1.602	0.0	6.226
Q99MA1_RAT	114490	Cited2	9.974	20	2	5	1.301	0.0	7.666
CNR1_RAT	25248	Cnr1	9.956	1872	4	13	1.602	0.146	5.695
Q99ND3_RAT	25682	Ppard	9.955	169	3	4	1.477	0.0	6.74
Q80ZA3_RAT	287526	Serpinf1	9.948	171	3	1	1.477	0.0	6.734
MYP0_RAT	24564	Mpz	9.947	21	2	1	1.301	0.0	7.645
D4A8I9_RAT	116558	Il9	9.947	21	2	2	1.301	0.0	7.645
TCTP_RAT	116646	Tpt1	9.947	21	2	0	1.301	0.0	7.645
HYOU1_RAT	192235	Hyou1	9.947	21	2	0	1.301	0.0	7.645
D3ZG21_RAT	366964	Tcf20	9.947	21	2	6	1.301	0.0	7.645
Q8R427_RAT	24646	Abcb1b	9.942	1304	5	3	1.699	0.0	5.852
GNRHR_RAT	81668	Gnrhr	9.936	5576	8	1	1.903	0.0	5.221
TKN1_RAT	24806	Tac1	9.915	180	3	0	1.477	0.0	6.712
TRPC1_RAT	89821	Trpc1	9.915	180	3	3	1.477	0.0	6.712
TR11B_RAT	25341	Tnfrsf11b	9.906	608	4	0	1.602	0.0	6.183
DMD_RAT	24907	Dmd	9.901	184	3	0	1.477	0.0	6.703
SYCP1_RAT	25276	Sycp1	9.895	23	2	2	1.301	0.0	7.606
CAPON_RAT	192363	Nos1ap	9.895	23	2	0	1.301	0.0	7.606
CYTC_RAT	25307	Cst3	9.894	186	3	0	1.477	0.0	6.698
DLG4_RAT	29495	Dlg4	9.889	623	4	1	1.602	0.0	6.173
KCNB1_RAT	25736	Kcnb1	9.887	188	3	2	1.477	0.0	6.693
F1M9G7_RAT	54244	Crebbp	9.883	189	3	2	1.477	0.0	6.691
CADH1_RAT	83502	Cdh1	9.883	629	4	0	1.602	0.0	6.169
APOA1_RAT	25081	Apoa1	9.872	639	4	2	1.602	0.0	6.162
OXYR_RAT	25342	Oxtr	9.85	199	3	3	1.477	0.0	6.669
BACE1_RAT	29392	Bace1	9.844	201	3	1	1.477	0.0	6.664
RET_RAT	24716	Ret	9.841	202	3	0	1.477	0.0	6.662
MRP3_RAT	140668	Abcc3	9.841	202	3	0	1.477	0.0	6.662
NQO1_RAT	24314	Nqo1	9.805	703	4	8	1.602	0.0	6.12
O08769_RAT	83571	Cdkn1b	9.794	714	4	3	1.602	0.0	6.114
3BHS1_RAT	360348	Hsd3b1	9.792	218	3	0	1.477	0.0	6.629
KCNA4_RAT	25469	Kcna4	9.783	221	3	1	1.477	0.0	6.623
G3V843_RAT	29251	F2	9.763	1663	5	0	1.699	0.0	5.746
PSPC_RAT	50683	Sftpc	9.763	228	3	2	1.477	0.0	6.609
CD9_RAT	24936	Cd9	9.745	30	2	1	1.301	0.0	7.49
TPH1_RAT	24848	Tph1	9.727	241	3	1	1.477	0.0	6.585
MUC18_RAT	78967	Mcam	9.727	31	2	0	1.301	0.0	7.476
MYCD_RAT	246297	Myocd	9.727	31	2	0	1.301	0.0	7.476
HNF1A_RAT	24817	Hnf1a	9.722	243	3	0	1.477	0.0	6.582
TFF2_RAT	116592	Tff2	9.709	32	2	1	1.301	0.0	7.462
GATA4_RAT	54254	Gata4	9.696	253	3	2	1.477	0.0	6.564
PIM1_RAT	24649	Pim1	9.691	33	2	1	1.301	0.0	7.449
FABP7_RAT	80841	Fabp7	9.674	34	2	2	1.301	0.0	7.436
Q9QZF6_RAT	113955	Gpnmb	9.674	34	2	1	1.301	0.0	7.436
D3ZU59_RAT	361400	Nfatc3	9.674	34	2	1	1.301	0.0	7.436
IGF1R_RAT	25718	Igf1r	9.663	862	4	4	1.602	0.0	6.032
DCOR_RAT	24609	Odc1	9.634	1980	5	1	1.699	0.0	5.67
Q9JKC1_RAT	65036	Bche	9.634	1981	5	0	1.699	0.0	5.67
ANFC_RAT	114593	Nppc	9.634	279	3	0	1.477	0.0	6.522
SC6A4_RAT	25553	Slc6a4	9.632	902	4	1	1.602	0.0	6.012
3BP5_RAT	117186	Sh3bp5	9.627	37	2	0	1.301	0.0	7.399
CO6_RAT	24237	C6	9.624	283	3	1	1.477	0.0	6.516
JAM1_RAT	116479	F11r	9.597	39	2	4	1.301	0.0	7.376
Q6Q3E8_RAT	497010	Eng	9.597	39	2	4	1.301	0.0	7.376
Q6MG73_RAT	24231	C2	9.591	298	3	6	1.477	0.0	6.493
FGFR1_RAT	79114	Fgfr1	9.568	309	3	5	1.477	0.0	6.477
E9PTE1_RAT	304092	Son	9.554	316	3	0	1.477	0.0	6.468
Q9R290_RAT	79451	Fabp4	9.544	321	3	1	1.477	0.0	6.461
PAR2_RAT	116677	F2rl1	9.544	321	3	2	1.477	0.0	6.461
SUMO1_RAT	301442	Sumo1	9.542	43	2	0	1.301	0.0	7.334
STX2_RAT	25130	Stx2	9.529	44	2	0	1.301	0.0	7.324
MAGT1_RAT	116967	Magt1	9.529	44	2	2	1.301	0.0	7.324
SMO_RAT	25273	Smo	9.516	45	2	3	1.301	0.0	7.314
AMBN_RAT	25376	Ambn	9.516	45	2	2	1.301	0.0	7.314
ANGP1_RAT	89807	Angpt1	9.516	335	3	0	1.477	0.0	6.442
Q5WRG2_RAT	305843	Ang	9.516	1066	4	3	1.602	0.0	5.94
MTOR_RAT	56718	Mtor	9.512	1072	4	1	1.602	0.0	5.937
HSPB6_RAT	192245	Hspb6	9.483	353	3	7	1.477	0.0	6.42
ICAL_RAT	25403	Cast	9.48	48	2	0	1.301	0.0	7.286
PO3F4_RAT	29589	Pou3f4	9.456	50	2	0	1.301	0.0	7.268
TRIB3_RAT	246273	Trib3	9.456	50	2	0	1.301	0.0	7.268
CART_RAT	29131	Cartpt	9.451	371	3	2	1.477	0.0	6.398
P2RY1_RAT	25265	P2ry1	9.449	372	3	6	1.477	0.0	6.397
BRCA1_RAT	497672	Brca1	9.445	51	2	4	1.301	0.0	7.26
AL3A1_RAT	25375	Aldh3a1	9.442	376	3	2	1.477	0.0	6.392
A0A0G2K218_RAT	81722	Ager	9.429	384	3	1	1.477	0.0	6.383
G3V633_RAT	54251	Flt1	9.42	389	3	4	1.477	0.0	6.377
B2GV31_RAT	24571	Muc1	9.413	54	2	3	1.301	0.0	7.235
NDF1_RAT	29458	Neurod1	9.413	54	2	0	1.301	0.0	7.235
LEPR_RAT	24536	Lepr	9.41	395	3	0	1.477	0.0	6.371
CAH2_RAT	54231	Ca2	9.402	2710	5	3	1.699	0.0	5.534
PDGFB_RAT	24628	Pdgfb	9.399	402	3	0	1.477	0.0	6.363
ACE2_RAT	302668	Ace2	9.396	404	3	4	1.477	0.0	6.361
Q5U328_RAT	25135	Ncl	9.392	56	2	0	1.301	0.0	7.219
SMS_RAT	24797	Sst	9.371	1312	4	0	1.602	0.0	5.849
A0A096MJ09_RAT	499497	Mef2c	9.363	59	2	0	1.301	0.0	7.197
CRF_RAT	81648	Crh	9.36	5046	6	9	1.778	0.0	5.264
FFAR1_RAT	266607	Ffar1	9.353	60	2	1	1.301	0.0	7.189
CORT_RAT	25305	Cort	9.352	433	3	1	1.477	0.0	6.331
SOST_RAT	80722	Sost	9.344	61	2	0	1.301	0.0	7.182
Q498R2_RAT	252856	Tcf21	9.344	61	2	0	1.301	0.0	7.182
CCL7_RAT	287561	Ccl7	9.344	61	2	1	1.301	0.0	7.182
K2C7_RAT	300242	Krt7	9.344	61	2	1	1.301	0.0	7.182
H2B1A_RAT	24829	Hist1h2ba	9.317	64	2	0	1.301	0.0	7.161
UD11_RAT	24861	Ugt1a1	9.314	459	3	0	1.477	0.0	6.306
B1WBN8_RAT	25404	Cav1	9.31	462	3	2	1.477	0.0	6.303
RYR2_RAT	689560	Ryr2	9.303	467	3	2	1.477	0.0	6.298
ADA2B_RAT	24174	Adra2b	9.3	66	2	0	1.301	0.0	7.148
ONCM_RAT	289747	Osm	9.3	66	2	0	1.301	0.0	7.148
GPX1_RAT	24404	Gpx1	9.272	1512	4	3	1.602	0.0	5.788
PTHR_RAT	24695	Pthlh	9.271	491	3	6	1.477	0.0	6.276
SDC4_RAT	24771	Sdc4	9.266	70	2	0	1.301	0.0	7.122
FKB1A_RAT	25639	Fkbp1a	9.266	70	2	7	1.301	0.0	7.122
PREB_RAT	58842	Preb	9.266	70	2	0	1.301	0.0	7.122
Q9QUG4_RAT	24218	Atp7b	9.258	71	2	0	1.301	0.0	7.116
G3V824_RAT	25151	Igf2r	9.258	71	2	1	1.301	0.0	7.116
C5AR1_RAT	113959	C5ar1	9.25	72	2	2	1.301	0.0	7.11
F1LQC5_RAT	140590	Bmpr2	9.25	72	2	2	1.301	0.0	7.11
G3V7M4_RAT	301289	Il17a	9.248	509	3	2	1.477	0.0	6.261
TRPV1_RAT	83810	Trpv1	9.24	1584	4	5	1.602	0.0	5.767
NAC1_RAT	29715	Slc8a1	9.234	520	3	0	1.477	0.0	6.251
PROC_RAT	25268	Proc	9.227	75	2	1	1.301	0.0	7.092
ADML_RAT	25026	Adm	9.222	530	3	1	1.477	0.0	6.243
OMP_RAT	24612	Omp	9.22	76	2	0	1.301	0.0	7.087
F1MA87_RAT	114483	Cdk6	9.22	76	2	0	1.301	0.0	7.087
Q8K4J7_RAT	246250	Retn	9.22	76	2	1	1.301	0.0	7.087
Q925D6_RAT	114495	Map2k6	9.213	77	2	1	1.301	0.0	7.081
ECP_RAT	192264	Rnase3	9.213	77	2	0	1.301	0.0	7.081
Q3V5G8_RAT	25648	Slc7a1	9.205	78	2	0	1.301	0.0	7.075
JAK2_RAT	24514	Jak2	9.166	578	3	1	1.477	0.0	6.205
Q69DC0_RAT	246060	Cdkn1c	9.163	84	2	1	1.301	0.0	7.043
MMP12_RAT	117033	Mmp12	9.144	87	2	0	1.301	0.0	7.028
Q99MZ5_RAT	117279	Cflar	9.144	87	2	1	1.301	0.0	7.028
AQP4_RAT	25293	Aqp4	9.117	624	3	1	1.477	0.0	6.172
P2RX5_RAT	113995	P2rx5	9.112	92	2	1	1.301	0.0	7.004
KPYM_RAT	25630	Pkm	9.1	94	2	4	1.301	0.0	6.994
A8IRI0_RAT	100126231	Mln	9.1	94	2	0	1.301	0.0	6.994
PARK7_RAT	117287	Park7	9.088	96	2	2	1.301	0.0	6.985
STIM1_RAT	361618	Stim1	9.088	96	2	1	1.301	0.0	6.985
GROA_RAT	81503	Cxcl1	9.083	658	3	2	1.477	0.0	6.149
SQSTM_RAT	113894	Sqstm1	9.076	98	2	2	1.301	0.0	6.976
B3GA1_RAT	117108	B3gat1	9.071	99	2	0	1.301	0.0	6.972
CXG1_RAT	266706	Gjc1	9.059	101	2	0	1.301	0.0	6.963
HDAC1_RAT	297893	Hdac1	9.059	101	2	1	1.301	0.0	6.963
E2F1_RAT	399489	E2f1	9.048	103	2	0	1.301	0.0	6.955
O35055_RAT	65202	Slc13a2	9.044	699	3	0	1.477	0.0	6.123
IRF1_RAT	24508	Irf1	9.037	105	2	1	1.301	0.0	6.946
CD59_RAT	25407	Cd59	9.032	106	2	1	1.301	0.0	6.942
Q5FVT5_RAT	116551	Pdk1	9.032	106	2	1	1.301	0.0	6.942
SP1_RAT	24790	Sp1	9.03	715	3	0	1.477	0.0	6.113
GRIK5_RAT	24407	Grik5	9.027	107	2	0	1.301	0.0	6.938
PLD1_RAT	25096	Pld1	9.027	107	2	0	1.301	0.0	6.938
PDIA6_RAT	286906	Pdia6	9.027	107	2	3	1.301	0.0	6.938
S10A8_RAT	116547	S100a8	9.021	108	2	1	1.301	0.0	6.934
D3ZGE2_RAT	303413	Mpo	9.018	4558	5	9	1.699	0.0	5.308
KCJ10_RAT	29718	Kcnj10	9.011	110	2	0	1.301	0.0	6.926
CTGF_RAT	64032	Ctgf	9.008	740	3	3	1.477	0.0	6.098
KPYR_RAT	24651	Pklr	9.006	111	2	0	1.301	0.0	6.922
F1M7P4_RAT	24688	Prph	8.996	113	2	0	1.301	0.0	6.914
STS_RAT	24800	Sts	8.996	113	2	0	1.301	0.0	6.914
Q66HJ7_RAT	25167	Ptpra	8.996	113	2	0	1.301	0.0	6.914
CXCR2_RAT	29385	Cxcr2	8.991	114	2	0	1.301	0.0	6.911
SC6A3_RAT	24898	Slc6a3	8.989	762	3	0	1.477	0.0	6.085
GRP78_RAT	25617	Hspa5	8.985	767	3	3	1.477	0.0	6.083
GSTP1_RAT	24426	Gstp1	8.981	772	3	0	1.477	0.0	6.08
LEG1_RAT	56646	Lgals1	8.981	116	2	0	1.301	0.0	6.903
SYNRG_RAT	84479	Synrg	8.967	1	1	0	1.0	0.0	8.967
CNTN5_RAT	114589	Cntn5	8.967	119	2	0	1.301	0.0	6.892
F1MA46_RAT	116808	Pcdh12	8.967	1	1	0	1.0	0.0	8.967
M0R3X4_RAT	170842	Tob1	8.967	1	1	0	1.0	0.0	8.967
B0BN36_RAT	245975	Setd4	8.967	1	1	0	1.0	0.0	8.967
SYF1_RAT	245976	Xab2	8.967	1	1	0	1.0	0.0	8.967
MCFD2_RAT	246117	Mcfd2	8.967	1	1	0	1.0	0.0	8.967
D3ZSV1_RAT	287541	Ift20	8.967	1	1	0	1.0	0.0	8.967
G3V8F7_RAT	293455	Gga2	8.967	1	1	0	1.0	0.0	8.967
F1MAB9_RAT	294900	Tpd52	8.967	1	1	1	1.0	0.0	8.967
Q5U3Y2_RAT	296732	Smarcd3	8.967	1	1	0	1.0	0.0	8.967
RT25_RAT	297459	Mrps25	8.967	1	1	0	1.0	0.0	8.967
G3V7Y6_RAT	300054	Foxh1	8.967	1	1	0	1.0	0.0	8.967
D3ZLP2_RAT	305908	Rnf17	8.967	1	1	0	1.0	0.0	8.967
PINX1_RAT	305963	Pinx1	8.967	1	1	0	1.0	0.0	8.967
D3ZUG3_RAT	308766	Mesp1	8.967	1	1	0	1.0	0.0	8.967
Q5YKV6_RAT	308857	Dnajb13	8.967	1	1	0	1.0	0.0	8.967
A0A0G2JTU9_RAT	312678	Kdm5a	8.967	1	1	0	1.0	0.0	8.967
Q5BJS6_RAT	360698	Tmem50b	8.967	1	1	0	1.0	0.0	8.967
B3FIB5_RAT	681901	Utf1	8.967	1	1	2	1.0	0.0	8.967
G3V6R6_RAT	108348165	Hoxa2	8.967	1	1	1	1.0	0.0	8.967
AAPK2_RAT	78975	Prkaa2	8.957	801	3	3	1.477	0.0	6.064
ANFB_RAT	25105	Nppb	8.954	805	3	2	1.477	0.0	6.062
HXK4_RAT	24385	Gck	8.953	806	3	2	1.477	0.0	6.061
NPFF_RAT	60337	Npff	8.952	122	2	0	1.301	0.0	6.881
NAMPT_RAT	297508	Nampt	8.952	122	2	0	1.301	0.0	6.881
GALR2_RAT	29234	Galr2	8.948	123	2	3	1.301	0.0	6.878
KCNJ2_RAT	29712	Kcnj2	8.943	124	2	0	1.301	0.0	6.874
NF1_RAT	24592	Nf1	8.939	125	2	0	1.301	0.0	6.871
Q6P6T6_RAT	171293	Ctsd	8.936	827	3	1	1.477	0.0	6.05
RENI_RAT	24715	Ren1	8.934	5109	5	0	1.699	0.0	5.259
F1LM37_RAT	117855	Sf1	8.934	126	2	1	1.301	0.0	6.867
MIS_RAT	25378	Amh	8.93	127	2	0	1.301	0.0	6.864
IFNB_RAT	24481	Ifnb1	8.921	129	2	1	1.301	0.0	6.857
ETS1_RAT	24356	Ets1	8.917	130	2	2	1.301	0.0	6.853
CASP8_RAT	64044	Casp8	8.912	859	3	1	1.477	0.0	6.033
CTF1_RAT	29201	Ctf1	8.908	132	2	0	1.301	0.0	6.847
G3V6I6_RAT	289036	Adipor1	8.908	132	2	1	1.301	0.0	6.847
OXDA_RAT	114027	Dao	8.895	135	2	1	1.301	0.0	6.837
5HT1B_RAT	25075	Htr1b	8.894	883	3	2	1.477	0.0	6.021
5HT2A_RAT	29595	Htr2a	8.892	886	3	3	1.477	0.0	6.02
LYOX_RAT	24914	Lox	8.891	136	2	0	1.301	0.0	6.834
TSHR_RAT	25360	Tshr	8.891	136	2	0	1.301	0.0	6.834
CBPE_RAT	25669	Cpe	8.891	136	2	0	1.301	0.0	6.834
MAP2_RAT	64370	Metap2	8.891	136	2	1	1.301	0.0	6.834
MT3_RAT	117038	Mt3	8.883	138	2	0	1.301	0.0	6.828
GFRA1_RAT	25454	Gfra1	8.875	140	2	2	1.301	0.0	6.821
G3V8Q4_RAT	24711	Rbp3	8.871	141	2	0	1.301	0.0	6.818
NUCB2_RAT	59295	Nucb2	8.855	145	2	9	1.301	0.0	6.806
Q5HZE3_RAT	25357	Thrsp	8.851	146	2	1	1.301	0.0	6.803
PTN11_RAT	25622	Ptpn11	8.851	146	2	0	1.301	0.0	6.803
NMDE1_RAT	24409	Grin2a	8.846	952	3	4	1.477	0.0	5.989
5HT3A_RAT	79246	Htr3a	8.843	956	3	1	1.477	0.0	5.987
KCNJ8_RAT	25472	Kcnj8	8.84	149	2	3	1.301	0.0	6.794
Q6T5E8_RAT	154516	Ugt1a7c	8.84	149	2	0	1.301	0.0	6.794
KPCE_RAT	29340	Prkce	8.836	150	2	0	1.301	0.0	6.791
D3ZT88_RAT	363672	Sp6	8.836	150	2	0	1.301	0.0	6.791
F1LQH2_RAT	81736	Nfkb1	8.834	2838	4	5	1.602	0.0	5.514
Q66HL0_RAT	58813	Nt5e	8.826	982	3	2	1.477	0.0	5.975
NMU_RAT	63887	Nmu	8.821	154	2	1	1.301	0.0	6.78
PSN1_RAT	29192	Psen1	8.81	157	2	0	1.301	0.0	6.772
XBP1_RAT	289754	Xbp1	8.81	157	2	0	1.301	0.0	6.772
NFM_RAT	24588	Nefm	8.806	158	2	1	1.301	0.0	6.769
NEC2_RAT	25121	Pcsk2	8.803	159	2	0	1.301	0.0	6.766
CSK2B_RAT	81650	Csnk2b	8.799	160	2	0	1.301	0.0	6.763
TRPV4_RAT	66026	Trpv4	8.792	162	2	1	1.301	0.0	6.758
SRC_RAT	83805	Src	8.791	1037	3	0	1.477	0.0	5.951
LIPE_RAT	291437	Lipg	8.781	1054	3	1	1.477	0.0	5.944
XIAP_RAT	63879	Xiap	8.778	166	2	4	1.301	0.0	6.747
G3V7D2_RAT	63835	Ctla4	8.772	168	2	0	1.301	0.0	6.742
FSHR_RAT	25449	Fshr	8.768	169	2	2	1.301	0.0	6.74
AOFB_RAT	25750	Maob	8.764	1081	3	0	1.477	0.0	5.933
CASR_RAT	24247	Casr	8.749	175	2	1	1.301	0.0	6.724
SLIB_RAT	29446	Ghrh	8.747	1110	3	2	1.477	0.0	5.922
Q6T5F2_RAT	396527	Ugt1a2	8.745	176	2	1	1.301	0.0	6.722
HPGDS_RAT	58962	Hpgds	8.74	3247	4	4	1.602	0.0	5.456
Q5GAM5_RAT	497229	Ang2	8.717	185	2	2	1.301	0.0	6.7
S10AA_RAT	81778	S100a10	8.714	186	2	1	1.301	0.0	6.698
RXRG_RAT	83574	Rxrg	8.712	14	1	12	1.0	0.114	7.821
GOSR1_RAT	94189	Gosr1	8.708	188	2	4	1.301	0.0	6.693
VAMP2_RAT	24803	Vamp2	8.693	193	2	0	1.301	0.0	6.682
PLGF_RAT	94203	Pgf	8.693	193	2	4	1.301	0.0	6.682
G3V6J4_RAT	299757	Nts	8.69	1214	3	0	1.477	0.0	5.883
SCN8A_RAT	29710	Scn8a	8.679	198	2	0	1.301	0.0	6.671
HBEGF_RAT	25433	Hbegf	8.673	200	2	2	1.301	0.0	6.666
PYGB_RAT	25739	Pygb	8.666	2	1	0	1.0	0.0	8.666
CLC11_RAT	29313	Clec11a	8.666	2	1	0	1.0	0.0	8.666
NAT8_RAT	64570	Nat8	8.666	2	1	1	1.0	0.0	8.666
INP4B_RAT	116699	Inpp4b	8.666	2	1	1	1.0	0.0	8.666
Q9JMB3_RAT	116724	Epb41l3	8.666	2	1	0	1.0	0.0	8.666
RL41_RAT	124440	Rpl41	8.666	2	1	0	1.0	0.0	8.666
PUR6_RAT	140946	Paics	8.666	2	1	2	1.0	0.0	8.666
BZW2_RAT	171439	Bzw2	8.666	2	1	0	1.0	0.0	8.666
Q8R3Z7_RAT	192204	Ehd4	8.666	2	1	0	1.0	0.0	8.666
G3V8D7_RAT	266707	Gjd4	8.666	2	1	0	1.0	0.0	8.666
PRS27_RAT	287108	Prss27	8.666	2	1	1	1.0	0.0	8.666
D3Z9T4_RAT	292843	Siglec5	8.666	2	1	1	1.0	0.0	8.666
D4A082_RAT	302619	Gpr143	8.666	2	1	0	1.0	0.0	8.666
D3ZUD5_RAT	302661	Ofd1	8.666	2	1	1	1.0	0.0	8.666
ODFP4_RAT	303236	Odf4	8.666	2	1	1	1.0	0.0	8.666
TM35A_RAT	308134	Tmem35a	8.666	2	1	0	1.0	0.0	8.666
IGS10_RAT	310448	Igsf10	8.666	2	1	0	1.0	0.0	8.666
D3ZHD7_RAT	310659	Rfx5	8.666	2	1	0	1.0	0.0	8.666
SRGP2_RAT	360840	Srgap2	8.666	2	1	0	1.0	0.0	8.666
D3Z962_RAT	360962	Tacc3	8.666	2	1	3	1.0	0.0	8.666
D3ZWZ8_RAT	362489	Runx1t1	8.666	2	1	0	1.0	0.0	8.666
ATLA1_RAT	362750	Atl1	8.666	2	1	3	1.0	0.0	8.666
D3ZZA6_RAT	500562	Lin28a	8.666	2	1	0	1.0	0.0	8.666
PSPB_RAT	192155	Sftpb	8.665	203	2	0	1.301	0.0	6.66
TSC2_RAT	24855	Tsc2	8.654	207	2	0	1.301	0.0	6.651
A1L1M0_RAT	25636	Prkaca	8.647	1298	3	0	1.477	0.0	5.854
LIPS_RAT	25330	Lipe	8.64	212	2	1	1.301	0.0	6.641
MCPT2_RAT	29266	Mcpt2	8.64	212	2	0	1.301	0.0	6.641
D3ZCD0_RAT	89804	Tek	8.63	216	2	1	1.301	0.0	6.633
DIDH_RAT	191574	Akr1c9	8.627	217	2	0	1.301	0.0	6.631
B2MG_RAT	24223	B2m	8.624	218	2	0	1.301	0.0	6.629
Q0VJ96_RAT	25271	Rxra	8.624	218	2	0	1.301	0.0	6.629
4EBP1_RAT	116636	Eif4ebp1	8.622	219	2	1	1.301	0.0	6.627
Q9JHK1_RAT	58918	Casp9	8.615	1365	3	4	1.477	0.0	5.832
CAN2_RAT	29154	Capn2	8.614	222	2	0	1.301	0.0	6.621
ATF3_RAT	25389	Atf3	8.609	224	2	1	1.301	0.0	6.617
CD28_RAT	25660	Cd28	8.609	224	2	0	1.301	0.0	6.617
GPDA_RAT	60666	Gpd1	8.604	226	2	0	1.301	0.0	6.613
T2CB11_RAT	24954	Insr	8.603	1390	3	0	1.477	0.0	5.824
AQP5_RAT	25241	Aqp5	8.602	227	2	0	1.301	0.0	6.611
DUS1_RAT	114856	Dusp1	8.602	227	2	1	1.301	0.0	6.611
CXL10_RAT	245920	Cxcl10	8.597	229	2	6	1.301	0.0	6.608
PE2R3_RAT	24929	Ptger3	8.594	230	2	0	1.301	0.0	6.606
NEC1_RAT	25204	Pcsk1	8.587	233	2	0	1.301	0.0	6.6
ODBA_RAT	25244	Bckdha	8.58	236	2	0	1.301	0.0	6.595
ANXA1_RAT	25380	Anxa1	8.572	239	2	0	1.301	0.0	6.589
A1AG_RAT	24614	Orm1	8.568	241	2	0	1.301	0.0	6.585
RTN4_RAT	83765	Rtn4	8.563	243	2	0	1.301	0.0	6.582
VINC_RAT	305679	Vcl	8.534	256	2	1	1.301	0.0	6.559
AT2A2_RAT	29693	Atp2a2	8.529	258	2	0	1.301	0.0	6.556
ITPR3_RAT	25679	Itpr3	8.523	261	2	0	1.301	0.0	6.551
VMAT2_RAT	25549	Slc18a2	8.521	262	2	1	1.301	0.0	6.549
G3V771_RAT	24324	Edn2	8.514	265	2	0	1.301	0.0	6.544
AA1R_RAT	29290	Adora1	8.491	276	2	2	1.301	0.0	6.526
SNN_RAT	29140	Snn	8.49	3	1	1	1.0	0.0	8.49
TR119_RAT	78979	Tas2r119	8.49	3	1	2	1.0	0.0	8.49
G3V8K9_RAT	116472	Il17b	8.49	3	1	0	1.0	0.0	8.49
PTF1A_RAT	117034	Ptf1a	8.49	3	1	0	1.0	0.0	8.49
Q5U1X4_RAT	140587	Sox5	8.49	3	1	1	1.0	0.0	8.49
GRP4_RAT	170668	Rasgrp4	8.49	3	1	0	1.0	0.0	8.49
Q62788_RAT	170849	Zfp111	8.49	3	1	0	1.0	0.0	8.49
DSCAM_RAT	171119	Dscam	8.49	3	1	0	1.0	0.0	8.49
A0A0G2K3I3_RAT	291760	Dsc2	8.49	3	1	1	1.0	0.0	8.49
D3ZD71_RAT	301295	Efhc1	8.49	3	1	1	1.0	0.0	8.49
B5DF61_RAT	313974	Trib2	8.49	3	1	1	1.0	0.0	8.49
CRDL1_RAT	363455	Chrdl1	8.49	3	1	0	1.0	0.0	8.49
D3ZG53_RAT	365564	Atoh7	8.49	3	1	0	1.0	0.0	8.49
F1M5M9_RAT	500287	Srgap3	8.49	3	1	0	1.0	0.0	8.49
3BHS5_RAT	24470	Hsd3b5	8.452	296	2	0	1.301	0.0	6.496
TNR1A_RAT	25625	Tnfrsf1a	8.45	297	2	5	1.301	0.0	6.495
G3P_RAT	24383	Gapdh	8.435	305	2	3	1.301	0.0	6.483
F1MAG1_RAT	25582	Agrp	8.429	308	2	2	1.301	0.0	6.479
CDN2B_RAT	25164	Cdkn2b	8.416	315	2	1	1.301	0.0	6.469
IBP4_RAT	360622	Igfbp4	8.415	316	2	1	1.301	0.0	6.468
NTF4_RAT	25730	Ntf4	8.392	329	2	0	1.301	0.0	6.45
CXB1_RAT	29584	Gjb1	8.38	336	2	1	1.301	0.0	6.441
HRH1_RAT	24448	Hrh1	8.378	337	2	0	1.301	0.0	6.44
Q3KR76_RAT	25619	Plau	8.365	345	2	0	1.301	0.0	6.43
PGAP2_RAT	116675	Pgap2	8.365	4	1	0	1.0	0.0	8.365
Q5XI34_RAT	117281	Ppp2r1a	8.365	4	1	0	1.0	0.0	8.365
KIF1B_RAT	117548	Kif1b	8.365	4	1	0	1.0	0.0	8.365
NDEL1_RAT	170845	Ndel1	8.365	4	1	1	1.0	0.0	8.365
G3V704_RAT	171413	Spata6	8.365	4	1	0	1.0	0.0	8.365
CP4X1_RAT	246767	Cyp4x1	8.365	4	1	0	1.0	0.0	8.365
FA7_RAT	260320	F7	8.365	4	1	0	1.0	0.0	8.365
F1LMW3_RAT	260326	Adgrg1	8.365	4	1	0	1.0	0.0	8.365
D4A1H7_RAT	298576	Mul1	8.365	4	1	2	1.0	0.0	8.365
D4A9J3_RAT	301346	Sema4c	8.365	4	1	0	1.0	0.0	8.365
F7FL39_RAT	303488	Hoxb3	8.365	4	1	0	1.0	0.0	8.365
D3ZRE1_RAT	306011	Piwil2	8.365	4	1	2	1.0	0.0	8.365
PKHO1_RAT	310674	Plekho1	8.365	4	1	1	1.0	0.0	8.365
D4A2T5_RAT	311311	Meis2	8.365	4	1	0	1.0	0.0	8.365
WDR1_RAT	360950	Wdr1	8.365	4	1	0	1.0	0.0	8.365
TMM18_RAT	362722	Tmem18	8.365	4	1	2	1.0	0.0	8.365
Q6JHY3_RAT	446171	Smgc	8.365	4	1	2	1.0	0.0	8.365
STAR_RAT	25557	Star	8.362	347	2	0	1.301	0.0	6.427
RAF1_RAT	24703	Raf1	8.329	368	2	1	1.301	0.0	6.401
KPCB_RAT	25023	Prkcb	8.324	371	2	1	1.301	0.0	6.398
TRH_RAT	25569	Trh	8.313	2185	3	2	1.477	0.0	5.628
Q6P751_RAT	362817	Cdk2	8.296	390	2	0	1.301	0.0	6.376
E9PU71_RAT	64546	Il12b	8.291	393	2	0	1.301	0.0	6.373
DCE2_RAT	24380	Gad2	8.281	400	2	1	1.301	0.0	6.365
HA11_RAT	24737	RT1-Aw2	8.268	5	1	0	1.0	0.0	8.268
EMD_RAT	25437	Emd	8.268	5	1	0	1.0	0.0	8.268
CADH7_RAT	29162	Cdh7	8.268	5	1	0	1.0	0.0	8.268
RX_RAT	114213	Rax	8.268	5	1	1	1.0	0.0	8.268
Q8R5L8_RAT	170632	Fgf11	8.268	5	1	0	1.0	0.0	8.268
CDHR5_RAT	171554	Cdhr5	8.268	5	1	0	1.0	0.0	8.268
SYT17_RAT	192189	Syt17	8.268	5	1	0	1.0	0.0	8.268
METRN_RAT	287151	Metrn	8.268	5	1	1	1.0	0.0	8.268
MTNA_RAT	288912	Mri1	8.268	5	1	2	1.0	0.0	8.268
Q0Z843_RAT	309855	Fig4	8.268	5	1	0	1.0	0.0	8.268
PELP1_RAT	360552	Pelp1	8.268	5	1	0	1.0	0.0	8.268
B1WBS2_RAT	497988	Hoxb4	8.268	5	1	0	1.0	0.0	8.268
GHR_RAT	25235	Ghr	8.249	424	2	1	1.301	0.0	6.34
SNP25_RAT	25012	Snap25	8.235	434	2	1	1.301	0.0	6.33
F1LRE1_RAT	116686	Gsr	8.232	2479	3	8	1.477	0.0	5.573
CD2_RAT	497761	Cd2	8.225	442	2	0	1.301	0.0	6.322
AA2AR_RAT	25369	Adora2a	8.218	448	2	1	1.301	0.0	6.316
GPV_RAT	25259	Gp5	8.189	6	1	0	1.0	0.0	8.189
TFE2_RAT	171046	Tcf3	8.189	6	1	2	1.0	0.0	8.189
PR5A1_RAT	171556	Prl5a1	8.189	6	1	1	1.0	0.0	8.189
KCJ14_RAT	276720	Kcnj14	8.189	6	1	1	1.0	0.0	8.189
Q6RKB3_RAT	288280	Ncam2	8.189	6	1	0	1.0	0.0	8.189
D3ZTN0_RAT	360748	Prkdc	8.189	6	1	2	1.0	0.0	8.189
D3Z9G0_RAT	362788	Traf3	8.189	6	1	1	1.0	0.0	8.189
Q4KM97_RAT	364403	Blk	8.189	6	1	0	1.0	0.0	8.189
Q8CGQ5_RAT	103694552	LOC103694552	8.189	6	1	1	1.0	0.0	8.189
RASH_RAT	293621	Hras	8.181	478	2	1	1.301	0.0	6.288
S10A9_RAT	94195	S100a9	8.176	482	2	0	1.301	0.0	6.284
Q66HK3_RAT	24693	Ptgs1	8.165	492	2	1	1.301	0.0	6.275
G3V7K3_RAT	24268	Cp	8.151	504	2	1	1.301	0.0	6.265
5HT2C_RAT	25187	Htr2c	8.147	507	2	1	1.301	0.0	6.262
COX2_RAT	26198	Mtco2	8.131	2899	3	8	1.477	0.0	5.505
OTX1_RAT	25646	Otx1	8.122	7	1	0	1.0	0.0	8.122
ASIC4_RAT	63882	Asic4	8.122	7	1	1	1.0	0.0	8.122
PSD10_RAT	116722	Psmd10	8.122	7	1	1	1.0	0.0	8.122
B2GUW3_RAT	297453	Hdac11	8.122	7	1	3	1.0	0.0	8.122
PAN2_RAT	408200	Pan2	8.122	7	1	0	1.0	0.0	8.122
G3V6Z0_RAT	103692131	Hoxa11	8.122	7	1	0	1.0	0.0	8.122
EAA1_RAT	29483	Slc1a3	8.088	563	2	3	1.301	0.0	6.217
ALX1_RAT	25401	Alx1	8.064	8	1	0	1.0	0.0	8.064
ATNG_RAT	29639	Fxyd2	8.064	8	1	0	1.0	0.0	8.064
SH3K1_RAT	84357	Sh3kbp1	8.064	8	1	0	1.0	0.0	8.064
C1QR1_RAT	84398	Cd93	8.064	8	1	0	1.0	0.0	8.064
FZD9_RAT	266608	Fzd9	8.064	8	1	0	1.0	0.0	8.064
D3ZYG0_RAT	296603	Vav2	8.064	8	1	0	1.0	0.0	8.064
B5DFL7_RAT	296787	Sema3c	8.064	8	1	2	1.0	0.0	8.064
G3V765_RAT	303687	Evpl	8.064	8	1	1	1.0	0.0	8.064
F1M4A4_RAT	363288	Kif1a	8.064	8	1	7	1.0	0.0	8.064
H2A2A_RAT	690131	Hist2h2aa3	8.064	8	1	0	1.0	0.0	8.064
DRD2_RAT	24318	Drd2	8.041	612	2	0	1.301	0.0	6.181
CRFR1_RAT	58959	Crhr1	8.036	618	2	2	1.301	0.0	6.176
NEP_RAT	24590	Mme	8.018	637	2	2	1.301	0.0	6.163
COMT_RAT	24267	Comt	8.016	640	2	4	1.301	0.0	6.161
RN112_RAT	24916	Rnf112	8.013	9	1	0	1.0	0.0	8.013
BIRC5_RAT	64041	Birc5	8.013	9	1	0	1.0	0.0	8.013
Q6IN14_RAT	83628	Cd82	8.013	9	1	0	1.0	0.0	8.013
HDGF_RAT	114499	Hdgf	8.013	9	1	0	1.0	0.0	8.013
D4A8G5_RAT	116487	Tgfbi	8.013	9	1	0	1.0	0.0	8.013
A1KQY6_RAT	116696	St8sia4	8.013	9	1	0	1.0	0.0	8.013
Q8R5L5_RAT	170700	Fgf6	8.013	9	1	0	1.0	0.0	8.013
FOXC2_RAT	171356	Foxc2	8.013	9	1	1	1.0	0.0	8.013
ERO1A_RAT	171562	Ero1a	8.013	9	1	0	1.0	0.0	8.013
F1LRJ8_RAT	289201	Lmx1a	8.013	9	1	1	1.0	0.0	8.013
D4A7Q2_RAT	292409	Fpr1	8.013	9	1	1	1.0	0.0	8.013
B1WC21_RAT	315191	Fbln1	8.013	9	1	0	1.0	0.0	8.013
D3ZL85_RAT	317444	Hccs	8.013	9	1	0	1.0	0.0	8.013
S29A3_RAT	353307	Slc29a3	8.013	9	1	0	1.0	0.0	8.013
DNAS1_RAT	25633	Dnase1	8.004	654	2	0	1.301	0.0	6.152
ADA_RAT	24165	Ada	7.987	674	2	0	1.301	0.0	6.139
NU3M_RAT	26199	Mtnd3	7.967	10	1	2	1.0	0.0	7.967
HAND1_RAT	59112	Hand1	7.967	10	1	0	1.0	0.0	7.967
SPON1_RAT	64456	Spon1	7.967	10	1	1	1.0	0.0	7.967
DX39B_RAT	114612	Ddx39b	7.967	10	1	0	1.0	0.0	7.967
CAND1_RAT	117152	Cand1	7.967	10	1	0	1.0	0.0	7.967
MUTYH_RAT	170841	Mutyh	7.967	10	1	0	1.0	0.0	7.967
Q66HB8_RAT	291439	Mbd1	7.967	10	1	2	1.0	0.0	7.967
Q76KC6_RAT	308776	Pde8a	7.967	10	1	0	1.0	0.0	7.967
Q5PPN0_RAT	316626	Hes6	7.967	10	1	0	1.0	0.0	7.967
Q5BJZ9_RAT	316742	Tgif1	7.967	10	1	0	1.0	0.0	7.967
KPCG_RAT	24681	Prkcg	7.947	723	2	1	1.301	0.0	6.108
NCPR_RAT	29441	Por	7.941	731	2	0	1.301	0.0	6.103
PRGR_RAT	25154	Pgr	7.937	736	2	0	1.301	0.0	6.1
ADRB1_RAT	24925	Adrb1	7.931	744	2	1	1.301	0.0	6.096
PCKGC_RAT	362282	Pck1	7.931	743	2	0	1.301	0.0	6.096
VIPR1_RAT	24875	Vipr1	7.926	11	1	0	1.0	0.0	7.926
CLCN7_RAT	29233	Clcn7	7.926	11	1	0	1.0	0.0	7.926
LMAN1_RAT	116666	Lman1	7.926	11	1	0	1.0	0.0	7.926
O55158_RAT	171048	Tspan8	7.926	11	1	5	1.0	0.0	7.926
RGRF1_RAT	192213	Rasgrf1	7.926	11	1	0	1.0	0.0	7.926
STIP1_RAT	192277	Stip1	7.926	11	1	0	1.0	0.0	7.926
G3V864_RAT	295401	Plppr4	7.926	11	1	0	1.0	0.0	7.926
D3ZNQ7_RAT	313262	Pappa	7.926	11	1	0	1.0	0.0	7.926
TBX3_RAT	353305	Tbx3	7.926	11	1	0	1.0	0.0	7.926
Q66HA7_RAT	361391	Cbfb	7.926	11	1	0	1.0	0.0	7.926
HXB7_RAT	497985	Hoxb7	7.926	11	1	0	1.0	0.0	7.926
ACTB_RAT	81822	Actb	7.925	752	2	0	1.301	0.0	6.091
TNFL6_RAT	25385	Faslg	7.895	792	2	0	1.301	0.0	6.069
P70616_RAT	25157	Plagl1	7.888	12	1	0	1.0	0.0	7.888
NTRI_RAT	50864	Ntm	7.888	12	1	0	1.0	0.0	7.888
PITX1_RAT	113983	Pitx1	7.888	12	1	1	1.0	0.0	7.888
KINH_RAT	117550	Kif5b	7.888	12	1	0	1.0	0.0	7.888
IL23A_RAT	155140	Il23a	7.888	12	1	0	1.0	0.0	7.888
SULF1_RAT	171396	Sulf1	7.888	12	1	0	1.0	0.0	7.888
TBB3_RAT	246118	Tubb3	7.888	12	1	0	1.0	0.0	7.888
B1WBR9_RAT	282582	Wnt5b	7.888	12	1	2	1.0	0.0	7.888
A0A0G2JW38_RAT	501157	Rpe	7.888	12	1	0	1.0	0.0	7.888
PGAM1_RAT	24642	Pgam1	7.853	13	1	0	1.0	0.0	7.853
BOK_RAT	29884	Bok	7.853	13	1	0	1.0	0.0	7.853
FSTL1_RAT	79210	Fstl1	7.853	13	1	0	1.0	0.0	7.853
CTBP2_RAT	81717	Ctbp2	7.853	13	1	5	1.0	0.0	7.853
Q4V8G3_RAT	293165	Sox6	7.853	13	1	0	1.0	0.0	7.853
ERR1_RAT	293701	Esrra	7.853	13	1	1	1.0	0.0	7.853
EDNRB_RAT	50672	Ednrb	7.845	866	2	1	1.301	0.0	6.03
OGA_RAT	154968	Mgea5	7.842	871	2	0	1.301	0.0	6.027
G3V6K9_RAT	84600	Rag1	7.821	14	1	0	1.0	0.0	7.821
M0R4F7_RAT	116591	Fcgr2a	7.821	14	1	1	1.0	0.0	7.821
KLF9_RAT	117560	Klf9	7.821	14	1	0	1.0	0.0	7.821
G3V6X1_RAT	282583	Fbln2	7.821	14	1	0	1.0	0.0	7.821
D3ZXS8_RAT	289623	Ube2k	7.821	14	1	0	1.0	0.0	7.821
D3ZCV0_RAT	291245	Actn2	7.821	14	1	0	1.0	0.0	7.821
F7FL00_RAT	313495	Car9	7.821	14	1	0	1.0	0.0	7.821
Q5S255_RAT	367901	Btk	7.821	14	1	0	1.0	0.0	7.821
KAD2_RAT	24184	Ak2	7.791	15	1	4	1.0	0.0	7.791
LIMK2_RAT	29524	Limk2	7.791	15	1	0	1.0	0.0	7.791
WISP2_RAT	29576	Wisp2	7.791	15	1	1	1.0	0.0	7.791
AP180_RAT	65178	Snap91	7.791	15	1	0	1.0	0.0	7.791
HNRPD_RAT	79256	Hnrnpd	7.791	15	1	1	1.0	0.0	7.791
MYOC_RAT	81523	Myoc	7.791	15	1	0	1.0	0.0	7.791
GBP2_RAT	171164	Gbp2	7.791	15	1	0	1.0	0.0	7.791
EMAL2_RAT	192360	Eml2	7.791	15	1	0	1.0	0.0	7.791
D4ABS1_RAT	287562	Ccl12	7.791	15	1	3	1.0	0.0	7.791
A1KXK4_RAT	298298	Dhcr24	7.791	15	1	0	1.0	0.0	7.791
G3V7D4_RAT	360546	Efnb3	7.791	15	1	0	1.0	0.0	7.791
BGLR_RAT	24434	Gusb	7.786	961	2	2	1.301	0.0	5.984
GRIA1_RAT	50592	Gria1	7.771	987	2	2	1.301	0.0	5.973
MCH_RAT	24659	Pmch	7.763	16	1	0	1.0	0.0	7.763
Q3MUI1_RAT	29419	Numb	7.763	16	1	3	1.0	0.0	7.763
ODFP2_RAT	29479	Odf2	7.763	16	1	0	1.0	0.0	7.763
CD52_RAT	117054	Cd52	7.763	16	1	0	1.0	0.0	7.763
GPSM1_RAT	246254	Gpsm1	7.763	16	1	0	1.0	0.0	7.763
CPEB1_RAT	293056	Cpeb1	7.763	16	1	0	1.0	0.0	7.763
BTD_RAT	306262	Btd	7.763	16	1	0	1.0	0.0	7.763
RHG35_RAT	306400	Arhgap35	7.763	16	1	4	1.0	0.0	7.763
D4A9V4_RAT	100360427	E2f4	7.763	16	1	0	1.0	0.0	7.763
PLK1_RAT	25515	Plk1	7.737	17	1	0	1.0	0.0	7.737
Q9WUW1_RAT	59302	Bmp15	7.737	17	1	2	1.0	0.0	7.737
CNMD_RAT	81512	Cnmd	7.737	17	1	0	1.0	0.0	7.737
Q6MGC8_RAT	140926	Daxx	7.737	17	1	0	1.0	0.0	7.737
F7FPN3_RAT	171059	Wfdc18	7.737	17	1	0	1.0	0.0	7.737
ATPB_RAT	171374	Atp5b	7.737	17	1	0	1.0	0.0	7.737
CKLF_RAT	245978	Cklf	7.737	17	1	0	1.0	0.0	7.737
TBX5_RAT	304514	Tbx5	7.737	17	1	1	1.0	0.0	7.737
EGLN2_RAT	308457	Egln2	7.737	17	1	0	1.0	0.0	7.737
BGAT2_RAT	100301568	Abo2	7.737	17	1	0	1.0	0.0	7.737
OREX_RAT	25723	Hcrt	7.736	1051	2	3	1.301	0.0	5.946
IRS1_RAT	25467	Irs1	7.735	1053	2	1	1.301	0.0	5.945
M3K12_RAT	25579	Map3k12	7.712	18	1	0	1.0	0.0	7.712
GBRR2_RAT	29695	Gabrr2	7.712	18	1	0	1.0	0.0	7.712
CSPG5_RAT	50568	Cspg5	7.712	18	1	2	1.0	0.0	7.712
DBIL5_RAT	59116	Dbil5	7.712	18	1	1	1.0	0.0	7.712
KKCC1_RAT	60341	Camkk1	7.712	18	1	0	1.0	0.0	7.712
SIAH1_RAT	140941	Siah1	7.712	18	1	1	1.0	0.0	7.712
IF5A1_RAT	287444	Eif5a	7.712	18	1	0	1.0	0.0	7.712
LGR5_RAT	299802	Lgr5	7.712	18	1	2	1.0	0.0	7.712
Q8K5B0_RAT	363930	Selplg	7.712	18	1	0	1.0	0.0	7.712
F1LNH2_RAT	365367	Cd19	7.712	18	1	0	1.0	0.0	7.712
FOXG1_RAT	24370	Foxg1	7.689	19	1	1	1.0	0.0	7.689
LEG9_RAT	25476	Lgals9	7.689	19	1	0	1.0	0.0	7.689
NELL1_RAT	81733	Nell1	7.689	19	1	1	1.0	0.0	7.689
G3V8C9_RAT	116464	Ncoa6	7.689	19	1	0	1.0	0.0	7.689
A6QR73_RAT	288995	Gpr39	7.689	19	1	0	1.0	0.0	7.689
MRGX1_RAT	404646	Mrgprx1	7.689	19	1	0	1.0	0.0	7.689
NTRK2_RAT	25054	Ntrk2	7.677	1166	2	4	1.301	0.0	5.9
G3V627_RAT	24747	RT1-M3-1	7.666	20	1	0	1.0	0.0	7.666
Q6MGB9_RAT	24973	RT1-A1	7.666	20	1	0	1.0	0.0	7.666
NILR1_RAT	65146	Nilr1	7.666	20	1	0	1.0	0.0	7.666
CXAR_RAT	89843	Cxadr	7.666	20	1	1	1.0	0.0	7.666
EFNA1_RAT	94268	Efna1	7.666	20	1	0	1.0	0.0	7.666
MARE1_RAT	114764	Mapre1	7.666	20	1	0	1.0	0.0	7.666
A0A0G2JX88_RAT	309288	Rorb	7.666	20	1	1	1.0	0.0	7.666
A9UMW0_RAT	500954	Ubl5	7.666	20	1	0	1.0	0.0	7.666
A7UJ12_RAT	100125595	Rs1	7.666	20	1	0	1.0	0.0	7.666
Q3B8Q9_RAT	50558	Npepps	7.645	21	1	2	1.0	0.0	7.645
TNMD_RAT	64104	Tnmd	7.645	21	1	5	1.0	0.0	7.645
AL3A2_RAT	65183	Aldh3a2	7.645	21	1	1	1.0	0.0	7.645
EFNA5_RAT	116683	Efna5	7.645	21	1	1	1.0	0.0	7.645
B2B9B0_RAT	313633	Ephb2	7.645	21	1	0	1.0	0.0	7.645
FGF18_RAT	29369	Fgf18	7.625	22	1	1	1.0	0.0	7.625
PITX3_RAT	29609	Pitx3	7.625	22	1	0	1.0	0.0	7.625
TGBR3_RAT	29610	Tgfbr3	7.625	22	1	0	1.0	0.0	7.625
MK12_RAT	60352	Mapk12	7.625	22	1	0	1.0	0.0	7.625
PTPRV_RAT	64576	Ptprv	7.625	22	1	0	1.0	0.0	7.625
DNJC5_RAT	79130	Dnajc5	7.625	22	1	3	1.0	0.0	7.625
Q66HM7_RAT	81783	Ssb	7.625	22	1	0	1.0	0.0	7.625
Q8R490_RAT	192248	Cdh13	7.625	22	1	0	1.0	0.0	7.625
A0A0G2K6Q8_RAT	315294	Wnt10b	7.625	22	1	1	1.0	0.0	7.625
COX1_RAT	26195	Mtco1	7.607	1320	2	0	1.301	0.0	5.847
SYCP3_RAT	25561	Sycp3	7.606	23	1	2	1.0	0.0	7.606
ZEB1_RAT	25705	Zeb1	7.606	23	1	0	1.0	0.0	7.606
Q5BK97_RAT	29204	Neu2	7.606	23	1	0	1.0	0.0	7.606
TYB10_RAT	50665	Tmsb10	7.606	23	1	0	1.0	0.0	7.606
A0A0G2K5L1_RAT	83720	Fat1	7.606	23	1	4	1.0	0.0	7.606
PRDM4_RAT	170820	Prdm4	7.606	23	1	2	1.0	0.0	7.606
CP2E1_RAT	25086	Cyp2e1	7.595	1349	2	0	1.301	0.0	5.837
NKG2D_RAT	24934	Klrk1	7.587	24	1	3	1.0	0.0	7.587
AMPD1_RAT	25028	Ampd1	7.587	24	1	0	1.0	0.0	7.587
ANKH_RAT	114506	Ankh	7.587	24	1	0	1.0	0.0	7.587
SHAN2_RAT	171093	Shank2	7.587	24	1	0	1.0	0.0	7.587
FNDC5_RAT	260327	Fndc5	7.587	24	1	3	1.0	0.0	7.587
A0A0G2JWY7_RAT	103692129	Hoxa10	7.587	24	1	1	1.0	0.0	7.587
NF2L2_RAT	83619	Nfe2l2	7.579	1387	2	2	1.301	0.0	5.825
CD166_RAT	79559	Alcam	7.569	25	1	1	1.0	0.0	7.569
Q66HP8_RAT	117035	Slc25a20	7.569	25	1	0	1.0	0.0	7.569
OXR1_RAT	117520	Oxr1	7.569	25	1	2	1.0	0.0	7.569
D4A352_RAT	293736	Myrf	7.569	25	1	0	1.0	0.0	7.569
NMDE2_RAT	24410	Grin2b	7.556	1445	2	1	1.301	0.0	5.807
ANRE_RAT	24937	Kap	7.552	26	1	1	1.0	0.0	7.552
PAWR_RAT	64513	Pawr	7.552	26	1	0	1.0	0.0	7.552
MEF2D_RAT	81518	Mef2d	7.552	26	1	0	1.0	0.0	7.552
DEFB1_RAT	83687	Defb1	7.552	26	1	0	1.0	0.0	7.552
NPW_RAT	259224	Npw	7.552	26	1	0	1.0	0.0	7.552
F7FJQ3_RAT	286898	Npc2	7.552	26	1	0	1.0	0.0	7.552
B1WBV2_RAT	310552	Sfrp2	7.552	26	1	0	1.0	0.0	7.552
G3V881_RAT	315691	Lingo1	7.552	26	1	0	1.0	0.0	7.552
REEP5_RAT	364838	Reep5	7.552	26	1	0	1.0	0.0	7.552
SYT1_RAT	25716	Syt1	7.55	1459	2	0	1.301	0.0	5.803
IL4RA_RAT	25084	Il4r	7.536	27	1	0	1.0	0.0	7.536
Q6P7B6_RAT	25186	Efnb1	7.536	27	1	0	1.0	0.0	7.536
PIMT_RAT	25604	Pcmt1	7.536	27	1	0	1.0	0.0	7.536
S26A4_RAT	29440	Slc26a4	7.536	27	1	0	1.0	0.0	7.536
KCNJ5_RAT	29713	Kcnj5	7.536	27	1	0	1.0	0.0	7.536
Q5I0L5_RAT	117551	Ccl22	7.536	27	1	1	1.0	0.0	7.536
D4A3N4_RAT	305509	Adcy1	7.536	27	1	0	1.0	0.0	7.536
NSG1_RAT	25247	Nsg1	7.52	28	1	1	1.0	0.0	7.52
MPIP1_RAT	171102	Cdc25a	7.52	28	1	0	1.0	0.0	7.52
G3V848_RAT	282839	Mc2r	7.52	28	1	1	1.0	0.0	7.52
NEDD4_RAT	25489	Nedd4	7.505	29	1	2	1.0	0.0	7.505
AXIN2_RAT	29134	Axin2	7.505	29	1	0	1.0	0.0	7.505
MUSK_RAT	81725	Musk	7.505	29	1	0	1.0	0.0	7.505
S26A5_RAT	83819	Slc26a5	7.505	29	1	2	1.0	0.0	7.505
NFASC_RAT	116690	Nfasc	7.505	29	1	1	1.0	0.0	7.505
CHSTA_RAT	140568	Chst10	7.505	29	1	0	1.0	0.0	7.505
GATA2_RAT	25159	Gata2	7.49	30	1	1	1.0	0.0	7.49
ACHA7_RAT	25302	Chrna7	7.49	30	1	0	1.0	0.0	7.49
ILRL1_RAT	25556	Il1rl1	7.49	30	1	4	1.0	0.0	7.49
BASP1_RAT	64160	Basp1	7.49	30	1	0	1.0	0.0	7.49
INSI1_RAT	64194	Insig1	7.49	30	1	0	1.0	0.0	7.49
ADNP_RAT	64622	Adnp	7.49	30	1	0	1.0	0.0	7.49
Q9WUQ4_RAT	84386	Slpi	7.49	30	1	0	1.0	0.0	7.49
G3V6F8_RAT	289337	Tlr5	7.49	30	1	1	1.0	0.0	7.49
KLF2_RAT	306330	Klf2	7.49	30	1	1	1.0	0.0	7.49
G6PC_RAT	25634	G6pc	7.477	1660	2	0	1.301	0.0	5.747
AVR2B_RAT	25366	Acvr2b	7.476	31	1	1	1.0	0.0	7.476
EAA4_RAT	84012	Slc1a6	7.476	31	1	3	1.0	0.0	7.476
JIP1_RAT	116457	Mapk8ip1	7.476	31	1	0	1.0	0.0	7.476
Q5M7T7_RAT	301265	Pla2g7	7.476	31	1	0	1.0	0.0	7.476
ATIF1_RAT	25392	Atpif1	7.462	32	1	0	1.0	0.0	7.462
PDCD4_RAT	64031	Pdcd4	7.462	32	1	0	1.0	0.0	7.462
CNTP1_RAT	84008	Cntnap1	7.462	32	1	2	1.0	0.0	7.462
DPOG1_RAT	85472	Polg	7.462	32	1	0	1.0	0.0	7.462
HMGA1_RAT	117062	Hmga1	7.462	32	1	1	1.0	0.0	7.462
E1AW38_RAT	257648	Cacna1b	7.462	32	1	0	1.0	0.0	7.462
F1LZZ3_RAT	300807	Rora	7.462	32	1	1	1.0	0.0	7.462
F1MA79_RAT	360272	Slit2	7.462	32	1	1	1.0	0.0	7.462
G3V8S3_RAT	499149	Pth2	7.462	32	1	1	1.0	0.0	7.462
BHA15_RAT	25334	Bhlha15	7.449	33	1	3	1.0	0.0	7.449
DLX5_RAT	25431	Dlx5	7.449	33	1	0	1.0	0.0	7.449
GPC1_RAT	58920	Gpc1	7.449	33	1	2	1.0	0.0	7.449
S1PR5_RAT	60399	S1pr5	7.449	33	1	1	1.0	0.0	7.449
F1LLX7_RAT	84402	Sfrp1	7.449	33	1	0	1.0	0.0	7.449
CYGB_RAT	170520	Cygb	7.449	33	1	0	1.0	0.0	7.449
GALT_RAT	298003	Galt	7.449	33	1	0	1.0	0.0	7.449
Q3MHS1_RAT	114555	Casp4	7.436	34	1	0	1.0	0.0	7.436
RTN1_RAT	116644	Rtn1	7.436	34	1	0	1.0	0.0	7.436
PGRC1_RAT	291948	Pgrmc1	7.436	34	1	3	1.0	0.0	7.436
GLYAT_RAT	293779	Glyat	7.436	34	1	1	1.0	0.0	7.436
LEP_RAT	25608	Lep	7.43	1803	2	2	1.301	0.0	5.711
OPRD_RAT	24613	Oprd1	7.423	35	1	1	1.0	0.0	7.423
FMR1_RAT	24948	Fmr1	7.423	35	1	0	1.0	0.0	7.423
MAL_RAT	25263	Mal	7.423	35	1	0	1.0	0.0	7.423
ANGL4_RAT	362850	Angptl4	7.423	35	1	0	1.0	0.0	7.423
S23A2_RAT	50622	Slc23a2	7.411	36	1	1	1.0	0.0	7.411
EGLN3_RAT	54702	Egln3	7.411	36	1	0	1.0	0.0	7.411
CXCL5_RAT	60665	Cxcl5	7.411	36	1	2	1.0	0.0	7.411
ZN667_RAT	308326	Znf667	7.411	36	1	0	1.0	0.0	7.411
Q8VIA0_RAT	308444	Axl	7.411	36	1	0	1.0	0.0	7.411
MYOD1_RAT	337868	Myod1	7.411	36	1	0	1.0	0.0	7.411
PPID_RAT	361967	Ppid	7.411	36	1	2	1.0	0.0	7.411
Q6PW34_RAT	497815	Nrcam	7.411	36	1	0	1.0	0.0	7.411
KCNJ6_RAT	25743	Kcnj6	7.399	37	1	1	1.0	0.0	7.399
PCP4_RAT	25510	Pcp4	7.388	38	1	0	1.0	0.0	7.388
AL1L1_RAT	64392	Aldh1l1	7.388	38	1	1	1.0	0.0	7.388
Q5PQK5_RAT	315655	Rdx	7.388	38	1	0	1.0	0.0	7.388
GRM3_RAT	24416	Grm3	7.376	39	1	5	1.0	0.0	7.376
FA10_RAT	29243	F10	7.376	39	1	0	1.0	0.0	7.376
GATA6_RAT	29300	Gata6	7.376	39	1	1	1.0	0.0	7.376
D4AE80_RAT	361109	Dcp1a	7.376	39	1	5	1.0	0.0	7.376
CAN3_RAT	29155	Capn3	7.365	40	1	0	1.0	0.0	7.365
A1L1I2_RAT	29307	Gpr182	7.365	40	1	0	1.0	0.0	7.365
HES5_RAT	79225	Hes5	7.365	40	1	0	1.0	0.0	7.365
B0BNJ1_RAT	683667	Sri	7.365	40	1	0	1.0	0.0	7.365
BMP3_RAT	25667	Bmp3	7.355	41	1	1	1.0	0.0	7.355
NUDC_RAT	29648	Nudc	7.355	41	1	1	1.0	0.0	7.355
CIP4_RAT	116717	Trip10	7.355	41	1	0	1.0	0.0	7.355
EF1A1_RAT	171361	Eef1a1	7.355	41	1	0	1.0	0.0	7.355
D4A1U5_RAT	362481	Tox	7.355	41	1	0	1.0	0.0	7.355
HNF1B_RAT	25640	Hnf1b	7.344	42	1	0	1.0	0.0	7.344
NKX61_RAT	65193	Nkx6-1	7.344	42	1	0	1.0	0.0	7.344
PDGFC_RAT	79429	Pdgfc	7.344	42	1	0	1.0	0.0	7.344
Q6UY90_RAT	89830	Ptch1	7.344	42	1	0	1.0	0.0	7.344
TRPM4_RAT	171143	Trpm4	7.344	42	1	0	1.0	0.0	7.344
TAF6_RAT	288533	Taf6	7.344	42	1	0	1.0	0.0	7.344
PA21B_RAT	29526	Pla2g1b	7.331	2150	2	0	1.301	0.0	5.635
Q91Y32_RAT	25647	Il7	7.324	44	1	0	1.0	0.0	7.324
BTG2_RAT	29619	Btg2	7.324	44	1	0	1.0	0.0	7.324
S4A7_RAT	117955	Slc4a7	7.324	44	1	1	1.0	0.0	7.324
RALB_RAT	116546	Ralb	7.314	45	1	0	1.0	0.0	7.314
B3A3_RAT	24781	Slc4a3	7.305	46	1	0	1.0	0.0	7.305
VAMP3_RAT	29528	Vamp3	7.305	46	1	4	1.0	0.0	7.305
UT1_RAT	54301	Slc14a1	7.305	46	1	2	1.0	0.0	7.305
SDC3_RAT	116673	Sdc3	7.305	46	1	0	1.0	0.0	7.305
GIMA5_RAT	246774	Gimap5	7.305	46	1	3	1.0	0.0	7.305
Q9JHM2_RAT	309627	RT1-A3	7.305	46	1	0	1.0	0.0	7.305
DHRS4_RAT	266686	Dhrs4	7.295	47	1	0	1.0	0.0	7.295
K1C12_RAT	360625	Krt12	7.295	47	1	0	1.0	0.0	7.295
CD63_RAT	29186	Cd63	7.286	48	1	4	1.0	0.0	7.286
Q9Z0X3_RAT	59304	Gdf9	7.286	48	1	0	1.0	0.0	7.286
ITF2_RAT	84382	Tcf4	7.286	48	1	0	1.0	0.0	7.286
SYF2_RAT	170933	Syf2	7.286	48	1	0	1.0	0.0	7.286
G3V9A8_RAT	306862	Tfap2a	7.286	48	1	1	1.0	0.0	7.286
SSR4_RAT	25555	Sstr4	7.277	49	1	0	1.0	0.0	7.277
REG3A_RAT	171162	Reg3a	7.277	49	1	0	1.0	0.0	7.277
I6L9G6_RAT	298648	Tardbp	7.277	49	1	5	1.0	0.0	7.277
DLL4_RAT	311332	Dll4	7.277	49	1	0	1.0	0.0	7.277
ARSB_RAT	25227	Arsb	7.268	50	1	0	1.0	0.0	7.268
SIA8B_RAT	117523	St8sia2	7.268	50	1	0	1.0	0.0	7.268
ATP5S_RAT	362749	Atp5s	7.268	50	1	0	1.0	0.0	7.268
PGK1_RAT	24644	Pgk1	7.26	51	1	0	1.0	0.0	7.26
PER3_RAT	78962	Per3	7.26	51	1	0	1.0	0.0	7.26
EBP_RAT	117278	Ebp	7.26	51	1	0	1.0	0.0	7.26
Q8VD38_RAT	140933	Trpc5	7.26	51	1	1	1.0	0.0	7.26
ECHP_RAT	171142	Ehhadh	7.26	51	1	0	1.0	0.0	7.26
OPN4_RAT	192223	Opn4	7.26	51	1	3	1.0	0.0	7.26
G3V9S3_RAT	498331	Ptpn13	7.26	51	1	0	1.0	0.0	7.26
F1LPV2_RAT	25696	Vldlr	7.251	52	1	1	1.0	0.0	7.251
MCP_RAT	29333	Cd46	7.251	52	1	0	1.0	0.0	7.251
STMN2_RAT	84510	Stmn2	7.251	52	1	0	1.0	0.0	7.251
SHC1_RAT	85385	Shc1	7.251	52	1	0	1.0	0.0	7.251
B2RYI1_RAT	293649	Lrp5	7.251	52	1	0	1.0	0.0	7.251
H10_RAT	24437	H1f0	7.227	55	1	1	1.0	0.0	7.227
GNDS_RAT	29622	Ralgds	7.227	55	1	1	1.0	0.0	7.227
S38A2_RAT	29642	Slc38a2	7.227	55	1	0	1.0	0.0	7.227
G3V8L3_RAT	60374	Lmna	7.227	55	1	0	1.0	0.0	7.227
ASGL1_RAT	246307	Asrgl1	7.227	55	1	0	1.0	0.0	7.227
D3ZG81_RAT	312656	March8	7.227	55	1	0	1.0	0.0	7.227
G3V8Q2_RAT	24503	Ina	7.219	56	1	0	1.0	0.0	7.219
CFAD_RAT	54249	Cfd	7.219	56	1	0	1.0	0.0	7.219
ENPP3_RAT	54410	Enpp3	7.219	56	1	0	1.0	0.0	7.219
K1C20_RAT	286912	Krt20	7.212	57	1	0	1.0	0.0	7.212
GRIK4_RAT	24406	Grik4	7.204	58	1	0	1.0	0.0	7.204
A0A0G2JWE9_RAT	170909	Erg	7.204	58	1	0	1.0	0.0	7.204
DLG1_RAT	25252	Dlg1	7.197	59	1	9	1.0	0.0	7.197
Q811Q5_RAT	84423	Nrtn	7.197	59	1	0	1.0	0.0	7.197
OPA1_RAT	171116	Opa1	7.197	59	1	2	1.0	0.0	7.197
GRPR_RAT	24938	Grpr	7.189	60	1	0	1.0	0.0	7.189
HYAS2_RAT	25694	Has2	7.189	60	1	0	1.0	0.0	7.189
SAMP_RAT	29339	Apcs	7.189	60	1	2	1.0	0.0	7.189
G3V8G9_RAT	29492	Notch2	7.189	60	1	1	1.0	0.0	7.189
TFF1_RAT	117270	Tff1	7.189	60	1	1	1.0	0.0	7.189
CYTB_RAT	25308	Cstb	7.182	61	1	0	1.0	0.0	7.182
O35761_RAT	29625	Crhbp	7.182	61	1	3	1.0	0.0	7.182
PLF4_RAT	360918	Pf4	7.175	62	1	0	1.0	0.0	7.175
PACR_RAT	24167	Adcyap1r1	7.168	63	1	5	1.0	0.0	7.168
MCL1_RAT	60430	Mcl1	7.168	63	1	1	1.0	0.0	7.168
MK_RAT	81517	Mdk	7.168	63	1	1	1.0	0.0	7.168
ACTG_RAT	287876	Actg1	7.168	63	1	0	1.0	0.0	7.168
BCAR1_RAT	25414	Bcar1	7.161	64	1	1	1.0	0.0	7.161
F1LM84_RAT	25494	Nid1	7.161	64	1	0	1.0	0.0	7.161
Q9ESV7_RAT	66019	Cdx2	7.161	64	1	0	1.0	0.0	7.161
NSMA_RAT	83537	Smpd2	7.161	64	1	1	1.0	0.0	7.161
KCNQ2_RAT	170848	Kcnq2	7.161	64	1	0	1.0	0.0	7.161
M3K7_RAT	313121	Map3k7	7.161	64	1	1	1.0	0.0	7.161
KCRM_RAT	24265	Ckm	7.155	65	1	2	1.0	0.0	7.155
A0A0G2JYW2_RAT	24521	Kcnj1	7.155	65	1	0	1.0	0.0	7.155
F1M8K0_RAT	114489	Dag1	7.148	66	1	1	1.0	0.0	7.148
FGFR4_RAT	25114	Fgfr4	7.141	67	1	0	1.0	0.0	7.141
S28A2_RAT	60423	Slc28a2	7.141	67	1	0	1.0	0.0	7.141
CTR2_RAT	64554	Slc7a2	7.141	67	1	0	1.0	0.0	7.141
PIP_RAT	64673	Pip	7.141	67	1	0	1.0	0.0	7.141
PTN6_RAT	116689	Ptpn6	7.141	67	1	1	1.0	0.0	7.141
A0A0G2K3R5_RAT	117058	Pou2f2	7.141	67	1	0	1.0	0.0	7.141
Q9JLY8_RAT	57301	Ccr1	7.135	68	1	0	1.0	0.0	7.135
THA_RAT	81812	Thra	7.135	68	1	0	1.0	0.0	7.135
PPCE_RAT	83471	Prep	7.135	68	1	0	1.0	0.0	7.135
FDFT_RAT	29580	Fdft1	7.129	69	1	0	1.0	0.0	7.129
BAG1_RAT	297994	Bag1	7.129	69	1	4	1.0	0.0	7.129
A0A0G2KBC4_RAT	307403	Csf1r	7.129	69	1	0	1.0	0.0	7.129
CCND3_RAT	25193	Ccnd3	7.122	70	1	2	1.0	0.0	7.122
STC1_RAT	81801	Stc1	7.122	70	1	3	1.0	0.0	7.122
STP2_RAT	24840	Tnp2	7.116	71	1	0	1.0	0.0	7.116
CXCR3_RAT	84475	Cxcr3	7.116	71	1	0	1.0	0.0	7.116
EI2BD_RAT	117019	Eif2b4	7.116	71	1	1	1.0	0.0	7.116
KCNK2_RAT	170899	Kcnk2	7.116	71	1	0	1.0	0.0	7.116
F1LPP6_RAT	171026	Akap5	7.116	71	1	4	1.0	0.0	7.116
NACC1_RAT	171454	Nacc1	7.116	71	1	0	1.0	0.0	7.116
STP1_RAT	24839	Tnp1	7.11	72	1	0	1.0	0.0	7.11
KCNJ3_RAT	50599	Kcnj3	7.11	72	1	1	1.0	0.0	7.11
PPR1A_RAT	58977	Ppp1r1a	7.11	72	1	0	1.0	0.0	7.11
Q5RK17_RAT	288753	Diablo	7.11	72	1	1	1.0	0.0	7.11
DNM3A_RAT	444984	Dnmt3a	7.11	72	1	1	1.0	0.0	7.11
ENOA_RAT	24333	Eno1	7.104	73	1	0	1.0	0.0	7.104
B3AT_RAT	24779	Slc4a1	7.104	73	1	0	1.0	0.0	7.104
MYL1_RAT	56781	Myl1	7.104	73	1	0	1.0	0.0	7.104
GFPT1_RAT	297417	Gfpt1	7.098	74	1	6	1.0	0.0	7.098
KAT1_RAT	311844	Kyat1	7.098	74	1	0	1.0	0.0	7.098
PGS2_RAT	29139	Dcn	7.092	75	1	0	1.0	0.0	7.092
GNAI2_RAT	81664	Gnai2	7.092	75	1	0	1.0	0.0	7.092
PRDX1_RAT	117254	Prdx1	7.087	76	1	0	1.0	0.0	7.087
Q66HB1_RAT	117526	Tbp	7.087	76	1	1	1.0	0.0	7.087
FST_RAT	24373	Fst	7.081	77	1	0	1.0	0.0	7.081
PRIO_RAT	24686	Prnp	7.081	77	1	0	1.0	0.0	7.081
PSPN_RAT	25525	Pspn	7.075	78	1	0	1.0	0.0	7.075
TYSY_RAT	29261	Tyms	7.075	78	1	0	1.0	0.0	7.075
COQ9_RAT	498909	Coq9	7.075	78	1	5	1.0	0.0	7.075
CNTN2_RAT	25356	Cntn2	7.064	80	1	0	1.0	0.0	7.064
CD47_RAT	29364	Cd47	7.064	80	1	0	1.0	0.0	7.064
AT2B1_RAT	29598	Atp2b1	7.064	80	1	0	1.0	0.0	7.064
XPO1_RAT	85252	Xpo1	7.064	80	1	0	1.0	0.0	7.064
SC6A5_RAT	171148	Slc6a5	7.064	80	1	1	1.0	0.0	7.064
D4A3Q3_RAT	313929	Ncoa1	7.064	80	1	0	1.0	0.0	7.064
SPHK1_RAT	170897	Sphk1	7.054	82	1	0	1.0	0.0	7.054
D4A409_RAT	316758	Lama1	7.054	82	1	0	1.0	0.0	7.054
LCAP_RAT	171105	Lnpep	7.048	83	1	0	1.0	0.0	7.048
VGLU3_RAT	266767	Slc17a8	7.043	84	1	0	1.0	0.0	7.043
HEM6_RAT	304024	Cpox	7.038	85	1	0	1.0	0.0	7.038
PTH1R_RAT	56813	Pth1r	7.033	86	1	0	1.0	0.0	7.033
CO9_RAT	117512	C9	7.033	86	1	0	1.0	0.0	7.033
MLXPL_RAT	171078	Mlxipl	7.033	86	1	1	1.0	0.0	7.033
RAN_RAT	84509	Ran	7.028	87	1	0	1.0	0.0	7.028
S40A1_RAT	170840	Slc40a1	7.028	87	1	0	1.0	0.0	7.028
SPA3K_RAT	24794	Serpina3k	7.023	88	1	0	1.0	0.0	7.023
CCND2_RAT	64033	Ccnd2	7.023	88	1	0	1.0	0.0	7.023
D4A5I4_RAT	685707	Nav1	7.013	90	1	0	1.0	0.0	7.013
LPAR1_RAT	116744	Lpar1	7.008	91	1	0	1.0	0.0	7.008
Q68FY4_RAT	24384	Gc	7.004	92	1	0	1.0	0.0	7.004
MGP_RAT	25333	Mgp	7.004	92	1	0	1.0	0.0	7.004
PPIA_RAT	25518	Ppia	7.004	92	1	0	1.0	0.0	7.004
CAN1_RAT	29153	Capn1	7.004	92	1	1	1.0	0.0	7.004
TRYB1_RAT	54271	Tpsab1	7.004	92	1	0	1.0	0.0	7.004
Q66HT1_RAT	24190	Aldob	6.999	93	1	0	1.0	0.0	6.999
RELN_RAT	24718	Reln	6.999	93	1	4	1.0	0.0	6.999
IL15_RAT	25670	Il15	6.999	93	1	0	1.0	0.0	6.999
AMRP_RAT	116565	Lrpap1	6.999	93	1	0	1.0	0.0	6.999
ASIC3_RAT	286920	Asic3	6.999	93	1	1	1.0	0.0	6.999
CRIS1_RAT	64827	Crisp1	6.994	94	1	0	1.0	0.0	6.994
TNNT3_RAT	24838	Tnnt3	6.985	96	1	2	1.0	0.0	6.985
NEUG_RAT	64356	Nrgn	6.985	96	1	0	1.0	0.0	6.985
TRFR_RAT	25570	Trhr	6.981	97	1	0	1.0	0.0	6.981
AGRIN_RAT	25592	Agrn	6.981	97	1	0	1.0	0.0	6.981
ACTA_RAT	81633	Acta2	6.981	97	1	3	1.0	0.0	6.981
SUIS_RAT	497756	Si	6.972	99	1	0	1.0	0.0	6.972
Q5U330_RAT	497757	Gucy1a3	6.972	99	1	0	1.0	0.0	6.972
SCN5A_RAT	25665	Scn5a	6.959	102	1	0	1.0	0.0	6.959
KCNN3_RAT	54263	Kcnn3	6.959	102	1	0	1.0	0.0	6.959
VEGFC_RAT	114111	Vegfc	6.959	102	1	0	1.0	0.0	6.959
HPCA_RAT	29177	Hpca	6.955	103	1	0	1.0	0.0	6.955
ACADM_RAT	24158	Acadm	6.95	104	1	1	1.0	0.0	6.95
HCN4_RAT	59266	Hcn4	6.95	104	1	0	1.0	0.0	6.95
SSR1_RAT	25033	Sstr1	6.946	105	1	0	1.0	0.0	6.946
SDC1_RAT	25216	Sdc1	6.946	105	1	2	1.0	0.0	6.946
SCN9A_RAT	78956	Scn9a	6.946	105	1	0	1.0	0.0	6.946
F7ENH8_RAT	84577	Hdac2	6.942	106	1	1	1.0	0.0	6.942
OLR1_RAT	140914	Olr1	6.938	107	1	0	1.0	0.0	6.938
NPT2A_RAT	25548	Slc34a1	6.934	108	1	0	1.0	0.0	6.934
IBP6_RAT	25641	Igfbp6	6.93	109	1	0	1.0	0.0	6.93
D4A488_RAT	299606	Elane	6.93	109	1	1	1.0	0.0	6.93
D4A1W8_RAT	310900	Mttp	6.93	109	1	0	1.0	0.0	6.93
GHRHR_RAT	25321	Ghrhr	6.926	110	1	3	1.0	0.0	6.926
PRRP_RAT	63850	Prlh	6.926	110	1	0	1.0	0.0	6.926
HEM1_RAT	65155	Alas1	6.922	111	1	0	1.0	0.0	6.922
STX1A_RAT	116470	Stx1a	6.922	111	1	0	1.0	0.0	6.922
ABCG2_RAT	312382	Abcg2	6.922	111	1	2	1.0	0.0	6.922
MOES_RAT	81521	Msn	6.918	112	1	0	1.0	0.0	6.918
GLSK_RAT	24398	Gls	6.914	113	1	0	1.0	0.0	6.914
LITH_RAT	24714	Reg1	6.914	113	1	0	1.0	0.0	6.914
OX2R_RAT	25605	Hcrtr2	6.911	114	1	1	1.0	0.0	6.911
MECP2_RAT	29386	Mecp2	6.903	116	1	1	1.0	0.0	6.903
OGG1_RAT	81528	Ogg1	6.903	116	1	0	1.0	0.0	6.903
DYR_RAT	24312	Dhfr	6.899	117	1	0	1.0	0.0	6.899
KNG1_RAT	25087	Kng1	6.899	117	1	0	1.0	0.0	6.899
FOSL1_RAT	25445	Fosl1	6.899	117	1	2	1.0	0.0	6.899
SCG2_RAT	24765	Scg2	6.896	118	1	0	1.0	0.0	6.896
F1LQ07_RAT	24831	Thrb	6.888	120	1	0	1.0	0.0	6.888
MC3R_RAT	29310	Mc3r	6.888	120	1	0	1.0	0.0	6.888
CASP2_RAT	64314	Casp2	6.888	120	1	1	1.0	0.0	6.888
FGF23_RAT	170583	Fgf23	6.888	120	1	0	1.0	0.0	6.888
KCC4_RAT	25050	Camk4	6.885	121	1	0	1.0	0.0	6.885
Q8R5G4_RAT	54238	Cdkn2c	6.881	122	1	0	1.0	0.0	6.881
MOT4_RAT	80878	Slc16a3	6.881	122	1	3	1.0	0.0	6.881
ATF2_RAT	81647	Atf2	6.881	122	1	1	1.0	0.0	6.881
SODE_RAT	25352	Sod3	6.878	123	1	0	1.0	0.0	6.878
RPGF3_RAT	59326	Rapgef3	6.878	123	1	0	1.0	0.0	6.878
SCN2A_RAT	24766	Scn2a	6.874	124	1	1	1.0	0.0	6.874
MMP7_RAT	25335	Mmp7	6.874	124	1	0	1.0	0.0	6.874
BASI_RAT	25246	Bsg	6.871	125	1	0	1.0	0.0	6.871
GRAB_RAT	171528	Gzmb	6.871	125	1	0	1.0	0.0	6.871
D3Z9U2_RAT	312701	Cd163	6.871	125	1	0	1.0	0.0	6.871
MGMT_RAT	25332	Mgmt	6.86	128	1	0	1.0	0.0	6.86
G3V9P7_RAT	29424	Htt	6.86	128	1	0	1.0	0.0	6.86
AL5AP_RAT	29624	Alox5ap	6.853	130	1	0	1.0	0.0	6.853
SSR3_RAT	171044	Sstr3	6.85	131	1	0	1.0	0.0	6.85
UD2B1_RAT	286954	Ugt2b1	6.847	132	1	0	1.0	0.0	6.847
Q80ZB2_RAT	313210	Abca1	6.847	132	1	0	1.0	0.0	6.847
Q5FVS4_RAT	24336	Epor	6.844	133	1	0	1.0	0.0	6.844
MLRS_RAT	24584	Mylpf	6.837	135	1	0	1.0	0.0	6.837
RASN_RAT	24605	Nras	6.831	137	1	0	1.0	0.0	6.831
NTCP7_RAT	291942	Slc10a7	6.828	138	1	0	1.0	0.0	6.828
TCP4_RAT	192269	Sub1	6.824	139	1	0	1.0	0.0	6.824
CRGE_RAT	24279	Cryge	6.818	141	1	3	1.0	0.0	6.818
TFPI1_RAT	29436	Tfpi	6.815	142	1	0	1.0	0.0	6.815
F1LQT9_RAT	84350	Dnmt1	6.809	144	1	2	1.0	0.0	6.809
5HT2B_RAT	29581	Htr2b	6.8	147	1	0	1.0	0.0	6.8
KPCD_RAT	170538	Prkcd	6.8	147	1	3	1.0	0.0	6.8
KCRB_RAT	24264	Ckb	6.788	151	1	0	1.0	0.0	6.788
5HT1D_RAT	25323	Htr1d	6.786	152	1	0	1.0	0.0	6.786
PODO_RAT	170672	Nphs2	6.786	152	1	2	1.0	0.0	6.786
CNGA1_RAT	85259	Cnga1	6.783	153	1	4	1.0	0.0	6.783
ENPL_RAT	362862	Hsp90b1	6.78	154	1	0	1.0	0.0	6.78
IF4E_RAT	117045	Eif4e	6.772	157	1	1	1.0	0.0	6.772
CATK_RAT	29175	Ctsk	6.758	162	1	0	1.0	0.0	6.758
F1MAG9_RAT	308586	Sec1	6.755	163	1	2	1.0	0.0	6.755
MLRV_RAT	363925	Myl2	6.755	163	1	0	1.0	0.0	6.755
GRIK1_RAT	29559	Grik1	6.753	164	1	0	1.0	0.0	6.753
CCR2_RAT	60463	Ccr2	6.75	165	1	0	1.0	0.0	6.75
PCSK5_RAT	116548	Pcsk5	6.75	165	1	0	1.0	0.0	6.75
CP2G1_RAT	25251	Cyp2g1	6.749	6017	2	0	1.301	0.0	5.188
ADA1D_RAT	29413	Adra1d	6.747	166	1	2	1.0	0.0	6.747
CALR_RAT	64202	Calr	6.745	167	1	0	1.0	0.0	6.745
PRDX5_RAT	113898	Prdx5	6.745	167	1	1	1.0	0.0	6.745
ADA2A_RAT	25083	Adra2a	6.734	171	1	0	1.0	0.0	6.734
ERBB4_RAT	59323	Erbb4	6.734	171	1	0	1.0	0.0	6.734
CAV3_RAT	29161	Cav3	6.722	176	1	0	1.0	0.0	6.722
CXA5_RAT	50563	Gja5	6.722	176	1	0	1.0	0.0	6.722
SCN4A_RAT	25722	Scn4a	6.719	177	1	0	1.0	0.0	6.719
FYN_RAT	25150	Fyn	6.717	178	1	0	1.0	0.0	6.717
P2RX4_RAT	29659	P2rx4	6.717	178	1	1	1.0	0.0	6.717
Q66HI4_RAT	25584	F3	6.715	179	1	0	1.0	0.0	6.715
PAHO_RAT	24677	Ppy	6.707	182	1	0	1.0	0.0	6.707
LEG3_RAT	83781	Lgals3	6.696	187	1	1	1.0	0.0	6.696
ADA1A_RAT	29412	Adra1a	6.693	188	1	0	1.0	0.0	6.693
SMAD4_RAT	50554	Smad4	6.689	190	1	0	1.0	0.0	6.689
Q63116_RAT	64030	Kit	6.686	191	1	0	1.0	0.0	6.686
ANPRB_RAT	116564	Npr2	6.686	191	1	0	1.0	0.0	6.686
GRZ2_RAT	54269	Mcpt10	6.684	192	1	0	1.0	0.0	6.684
S1PR1_RAT	29733	S1pr1	6.682	193	1	3	1.0	0.0	6.682
NFAT5_RAT	307820	Nfat5	6.677	195	1	1	1.0	0.0	6.677
H9BFG4_RAT	25205	Il6st	6.669	199	1	0	1.0	0.0	6.669
A1A5N3_RAT	65206	Kcnn4	6.669	199	1	0	1.0	0.0	6.669
CXB2_RAT	394266	Gjb2	6.669	199	1	1	1.0	0.0	6.669
NEU1_RAT	25504	Oxt	6.666	200	1	0	1.0	0.0	6.666
JUND_RAT	24518	Jund	6.662	202	1	1	1.0	0.0	6.662
F1LRZ7_RAT	24587	Nefh	6.662	202	1	0	1.0	0.0	6.662
PDIA1_RAT	25506	P4hb	6.66	203	1	1	1.0	0.0	6.66
MYPT1_RAT	116670	Ppp1r12a	6.66	203	1	0	1.0	0.0	6.66
MMP14_RAT	81707	Mmp14	6.656	205	1	3	1.0	0.0	6.656
BMAL1_RAT	29657	Arntl	6.651	207	1	1	1.0	0.0	6.651
D3ZBQ1_RAT	294515	Foxo3	6.645	210	1	0	1.0	0.0	6.645
ARBK1_RAT	25238	Grk2	6.643	211	1	2	1.0	0.0	6.643
Q9QX10_RAT	83629	Slc12a2	6.641	212	1	0	1.0	0.0	6.641
KSYK_RAT	25155	Syk	6.637	214	1	0	1.0	0.0	6.637
CD5_RAT	54236	Cd5	6.637	214	1	0	1.0	0.0	6.637
G3V671_RAT	25408	Cd80	6.635	215	1	0	1.0	0.0	6.635
CDC42_RAT	64465	Cdc42	6.635	215	1	0	1.0	0.0	6.635
BID_RAT	64625	Bid	6.633	216	1	0	1.0	0.0	6.633
FABPI_RAT	25598	Fabp2	6.631	217	1	0	1.0	0.0	6.631
P2RX1_RAT	25505	P2rx1	6.623	221	1	0	1.0	0.0	6.623
GDN_RAT	29366	Serpine2	6.623	221	1	1	1.0	0.0	6.623
KCJ11_RAT	83535	Kcnj11	6.621	222	1	0	1.0	0.0	6.621
ROCK2_RAT	25537	Rock2	6.611	227	1	0	1.0	0.0	6.611
G3V6V3_RAT	24826	Tg	6.604	231	1	0	1.0	0.0	6.604
Q71SA3_RAT	445442	Thbs1	6.602	232	1	1	1.0	0.0	6.602
G3V8S9_RAT	316010	Camp	6.595	236	1	0	1.0	0.0	6.595
NK3R_RAT	24808	Tacr3	6.593	237	1	0	1.0	0.0	6.593
NR4A1_RAT	79240	Nr4a1	6.593	237	1	1	1.0	0.0	6.593
FBX32_RAT	171043	Fbxo32	6.591	238	1	0	1.0	0.0	6.591
A0A0G2K4C9_RAT	25540	Sbp	6.589	239	1	0	1.0	0.0	6.589
FABPL_RAT	24360	Fabp1	6.58	244	1	0	1.0	0.0	6.58
PLCG1_RAT	25738	Plcg1	6.578	245	1	1	1.0	0.0	6.578
PE2R1_RAT	25637	Ptger1	6.576	246	1	1	1.0	0.0	6.576
NFL_RAT	83613	Nefl	6.576	246	1	0	1.0	0.0	6.576
PTN1_RAT	24697	Ptpn1	6.575	247	1	0	1.0	0.0	6.575
P2RY2_RAT	29597	P2ry2	6.575	247	1	0	1.0	0.0	6.575
DBP_RAT	24309	Dbp	6.573	248	1	0	1.0	0.0	6.573
CO4_RAT	24233	C4	6.571	249	1	4	1.0	0.0	6.571
SOMA_RAT	24391	Gh1	6.571	249	1	0	1.0	0.0	6.571
CEBPG_RAT	25301	Cebpg	6.568	251	1	0	1.0	0.0	6.568
Q9JK64_RAT	170913	Abcb1a	6.568	251	1	0	1.0	0.0	6.568
PA2GA_RAT	29692	Pla2g2a	6.566	252	1	0	1.0	0.0	6.566
EGF_RAT	25313	Egf	6.564	253	1	0	1.0	0.0	6.564
SL9A2_RAT	24783	Slc9a2	6.563	254	1	0	1.0	0.0	6.563
GTR3_RAT	25551	Slc2a3	6.552	260	1	0	1.0	0.0	6.552
AMPN_RAT	81641	Anpep	6.552	260	1	0	1.0	0.0	6.552
A0A0G2K0Q7_RAT	288057	Mylk	6.552	260	1	0	1.0	0.0	6.552
KCNA5_RAT	25470	Kcna5	6.543	266	1	0	1.0	0.0	6.543
CDK1_RAT	54237	Cdk1	6.539	268	1	0	1.0	0.0	6.539
Q811Y3_RAT	114553	Ncf1	6.539	268	1	3	1.0	0.0	6.539
HEM2_RAT	25374	Alad	6.534	271	1	0	1.0	0.0	6.534
ITPR1_RAT	25262	Itpr1	6.53	274	1	0	1.0	0.0	6.53
Q63762_RAT	29259	Sell	6.53	274	1	0	1.0	0.0	6.53
UCN1_RAT	29151	Ucn	6.526	276	1	1	1.0	0.0	6.526
PYGL_RAT	64035	Pygl	6.522	279	1	0	1.0	0.0	6.522
CP17A_RAT	25146	Cyp17a1	6.516	283	1	2	1.0	0.0	6.516
CUX1_RAT	116639	Cux1	6.508	288	1	0	1.0	0.0	6.508
MYH7_RAT	29557	Myh7	6.506	289	1	5	1.0	0.0	6.506
MIF_RAT	81683	Mif	6.499	294	1	0	1.0	0.0	6.499
NPHN_RAT	64563	Nphs1	6.495	297	1	0	1.0	0.0	6.495
SECR_RAT	24769	Sct	6.487	302	1	0	1.0	0.0	6.487
TRPA1_RAT	312896	Trpa1	6.483	305	1	0	1.0	0.0	6.483
HMOX2_RAT	79239	Hmox2	6.479	308	1	0	1.0	0.0	6.479
LYAM2_RAT	25544	Sele	6.475	311	1	0	1.0	0.0	6.475
CATL1_RAT	25697	Ctsl	6.475	311	1	0	1.0	0.0	6.475
A0A0G2K4Q6_RAT	78965	Csf1	6.472	313	1	0	1.0	0.0	6.472
SOCS3_RAT	89829	Socs3	6.469	315	1	0	1.0	0.0	6.469
HYES_RAT	65030	Ephx2	6.468	316	1	1	1.0	0.0	6.468
O70253_RAT	25756	Cpt1b	6.465	318	1	0	1.0	0.0	6.465
NPY4R_RAT	29471	Npy4r	6.464	319	1	0	1.0	0.0	6.464
B1WC54_RAT	25729	Ccne1	6.461	321	1	0	1.0	0.0	6.461
GIP_RAT	25040	Gip	6.458	323	1	1	1.0	0.0	6.458
O54857_RAT	50557	Pten	6.458	323	1	1	1.0	0.0	6.458
D4Q8I2_RAT	317382	Foxp3	6.457	324	1	4	1.0	0.0	6.457
ARRS_RAT	25539	Sag	6.456	325	1	0	1.0	0.0	6.456
CRFR2_RAT	64680	Crhr2	6.456	325	1	0	1.0	0.0	6.456
PRLR_RAT	24684	Prlr	6.449	330	1	0	1.0	0.0	6.449
Q9R2C9_RAT	24497	Il5	6.448	331	1	0	1.0	0.0	6.448
NSF1C_RAT	83809	Nsfl1c	6.446	332	1	1	1.0	0.0	6.446
SDHL_RAT	25044	Sds	6.438	338	1	1	1.0	0.0	6.438
DRD3_RAT	29238	Drd3	6.416	356	1	1	1.0	0.0	6.416
LSHB_RAT	25329	Lhb	6.411	360	1	0	1.0	0.0	6.411
SL9A1_RAT	24782	Slc9a1	6.398	371	1	1	1.0	0.0	6.398
Q6MG98_RAT	294269	RT1-Da	6.398	371	1	1	1.0	0.0	6.398
UCP3_RAT	25708	Ucp3	6.393	375	1	0	1.0	0.0	6.393
KCMA1_RAT	83731	Kcnma1	6.392	376	1	1	1.0	0.0	6.392
VGLU2_RAT	84487	Slc17a6	6.392	376	1	0	1.0	0.0	6.392
CO3_RAT	24232	C3	6.382	385	1	1	1.0	0.0	6.382
PER1_RAT	287422	Per1	6.382	385	1	2	1.0	0.0	6.382
SL9A3_RAT	24784	Slc9a3	6.374	392	1	0	1.0	0.0	6.374
Q6IRF5_RAT	24653	Pla2g4a	6.373	393	1	0	1.0	0.0	6.373
CH60_RAT	63868	Hspd1	6.367	398	1	0	1.0	0.0	6.367
Q6IMX5_RAT	29184	Cd36	6.365	400	1	0	1.0	0.0	6.365
CCL3_RAT	25542	Ccl3	6.36	405	1	0	1.0	0.0	6.36
Q6PED1_RAT	81780	Ccl5	6.345	419	1	2	1.0	0.0	6.345
PO6F1_RAT	116545	Pou6f1	6.343	421	1	0	1.0	0.0	6.343
GCYB2_RAT	25206	Gucy1b2	6.333	431	1	0	1.0	0.0	6.333
P2RX3_RAT	81739	P2rx3	6.331	433	1	0	1.0	0.0	6.331
CCKAR_RAT	24889	Cckar	6.324	440	1	1	1.0	0.0	6.324
TSPO_RAT	24230	Tspo	6.312	452	1	1	1.0	0.0	6.312
GABT_RAT	81632	Abat	6.305	460	1	0	1.0	0.0	6.305
GLP1R_RAT	25051	Glp1r	6.297	468	1	5	1.0	0.0	6.297
UCP2_RAT	54315	Ucp2	6.291	475	1	0	1.0	0.0	6.291
A9CMC8_RAT	116569	Lct	6.29	476	1	0	1.0	0.0	6.29
SLC31_RAT	29484	Slc3a1	6.283	483	1	0	1.0	0.0	6.283
OPRX_RAT	29256	Oprl1	6.271	497	1	3	1.0	0.0	6.271
NGAL_RAT	170496	Lcn2	6.266	503	1	0	1.0	0.0	6.266
CP11A_RAT	29680	Cyp11a1	6.245	528	1	0	1.0	0.0	6.245
MCR_RAT	25672	Nr3c2	6.233	543	1	0	1.0	0.0	6.233
IKBA_RAT	25493	Nfkbia	6.212	569	1	1	1.0	0.0	6.212
TIMP2_RAT	29543	Timp2	6.197	589	1	0	1.0	0.0	6.197
IL18_RAT	29197	Il18	6.188	602	1	2	1.0	0.0	6.188
ODO2_RAT	299201	Dlst	6.174	621	1	1	1.0	0.0	6.174
IAPP_RAT	24476	Iapp	6.162	638	1	0	1.0	0.0	6.162
IBP3_RAT	24484	Igfbp3	6.159	643	1	0	1.0	0.0	6.159
EAA2_RAT	29482	Slc1a2	6.143	668	1	2	1.0	0.0	6.143
PRGC1_RAT	83516	Ppargc1a	6.143	667	1	0	1.0	0.0	6.143
OCLN_RAT	83497	Ocln	6.134	682	1	1	1.0	0.0	6.134
CRP_RAT	25419	Crp	6.129	690	1	0	1.0	0.0	6.129
LOX5_RAT	25290	Alox5	6.114	713	1	0	1.0	0.0	6.114
Q8VBU7_RAT	24176	Adrb2	6.108	723	1	0	1.0	0.0	6.108
EDN3_RAT	366270	Edn3	6.098	740	1	0	1.0	0.0	6.098
PYC_RAT	25104	Pc	6.083	766	1	1	1.0	0.0	6.083
APOE_RAT	25728	Apoe	6.065	799	1	0	1.0	0.0	6.065
MRP2_RAT	25303	Abcc2	6.047	832	1	0	1.0	0.0	6.047
ESR2_RAT	25149	Esr2	6.04	846	1	1	1.0	0.0	6.04
Q8CJF2_RAT	170509	Cyp3a62	6.022	882	1	0	1.0	0.0	6.022
ALAT1_RAT	81670	Gpt	6.021	884	1	0	1.0	0.0	6.021
CISY_RAT	170587	Cs	6.018	890	1	1	1.0	0.0	6.018
PARP1_RAT	25591	Parp1	5.982	967	1	0	1.0	0.0	5.982
B2GV28_RAT	24300	Cyp2b1	5.94	1065	1	0	1.0	0.0	5.94
CP1A2_RAT	24297	Cyp1a2	5.864	1269	1	0	1.0	0.0	5.864
EDNRA_RAT	24326	Ednra	5.835	1355	1	1	1.0	0.0	5.835
G3V9Z3_RAT	29253	Maoa	5.683	1926	1	0	1.0	0.0	5.683
IL4_RAT	287287	Il4	5.672	1970	1	0	1.0	0.0	5.672
