brain	987897	17252753	CD4_HUMAN	920	CD4	24.456	54739	467	317	3.669	1.502	4.729
cancer	3025646	17252753	CD4_HUMAN	920	CD4	28.66	54739	3175	2120	4.502	2.327	4.197
cardiovascular	1176673	17252753	CD4_HUMAN	920	CD4	25.041	54739	433	568	3.636	1.755	4.644
diabetes	471394	17252753	CD4_HUMAN	920	CD4	25.23	54739	285	343	3.455	1.537	5.055
hot+or+cold+or+alkaline+condition+or+acidic+condition+or+hypersaline+or+radiation	834939	17252753	CD4_HUMAN	920	CD4	23.352	54739	410	178	3.613	1.253	4.799
eye+or+ocular	617328	17252753	CD4_HUMAN	920	CD4	21.344	54739	356	59	3.551	0.778	4.93
food+or+nutrition+or+nutrients	1240588	17252753	CD4_HUMAN	920	CD4	25.042	54739	691	388	3.839	1.59	4.612
glycoproteins	518297	17252753	CD4_HUMAN	920	CD4	29.992	54739	1207	787	4.082	1.897	5.017
immune+or+immune+system	1178787	17252753	CD4_HUMAN	920	CD4	37.234	54739	12047	8631	5.081	2.936	4.644
infectious+or+infection	1407452	17252753	CD4_HUMAN	920	CD4	36.999	54739	12465	9707	5.096	2.987	4.577
kidney+or+urine	998160	17252753	CD4_HUMAN	920	CD4	25.84	54739	673	432	3.828	1.636	4.729
liver+or+hepatic	1064899	17252753	CD4_HUMAN	920	CD4	27.468	54739	1001	692	4.0	1.841	4.702
mitochondria	71841	17252753	CD4_HUMAN	920	CD4	16.306	54739	33	17	2.519	0.255	5.879
rat+or+mouse	2216673	17252753	CD4_HUMAN	920	CD4	24.93	54739	691	794	3.839	1.9	4.343
muscle+or+bone+or+musculoskeletal	2127925	17252753	CD4_HUMAN	920	CD4	24.823	54739	994	438	3.997	1.642	4.401
pathology	2428237	17252753	CD4_HUMAN	920	CD4	30.195	54739	3864	2316	4.587	2.365	4.343
pediatric+or+newborn+or+infant+or+toddler+or+child+or+adolescent	3743828	17252753	CD4_HUMAN	920	CD4	30.092	54739	5540	3937	4.744	2.595	4.1
plasma+or+serum	1459655	17252753	CD4_HUMAN	920	CD4	31.771	54739	3616	2755	4.558	2.44	4.54
protein+aggregation	50542	17252753	CD4_HUMAN	920	CD4	14.974	54739	19	15	2.279	0.204	6.031
rheumatic	54651	17252753	CD4_HUMAN	920	CD4	19.713	54739	57	33	2.756	0.531	5.997
stem+cells	182292	17252753	CD4_HUMAN	920	CD4	28.74	54739	460	388	3.663	1.59	5.471
toxicology+or+toxic+or+toxin	497395	17252753	CD4_HUMAN	920	CD4	26.17	54739	403	395	3.605	1.598	5.03
