brain	987897	17252753	EGF_HUMAN	1950	EGF	24.313	4898	160	100	3.204	1.004	5.777
cancer	3025646	17252753	EGF_HUMAN	1950	EGF	30.712	4898	1417	504	4.151	1.703	5.246
cardiovascular	1176673	17252753	EGF_HUMAN	1950	EGF	21.198	4898	108	48	3.033	0.69	5.693
diabetes	471394	17252753	EGF_HUMAN	1950	EGF	20.447	4898	80	27	2.903	0.447	6.103
hot+or+cold+or+alkaline+condition+or+acidic+condition+or+hypersaline+or+radiation	834939	17252753	EGF_HUMAN	1950	EGF	21.319	4898	134	32	3.127	0.519	5.848
eye+or+ocular	617328	17252753	EGF_HUMAN	1950	EGF	22.851	4898	151	43	3.179	0.643	5.978
food+or+nutrition+or+nutrients	1240588	17252753	EGF_HUMAN	1950	EGF	19.242	4898	109	22	3.037	0.362	5.661
glycoproteins	518297	17252753	EGF_HUMAN	1950	EGF	28.563	4898	320	159	3.505	1.204	6.065
immune+or+immune+system	1178787	17252753	EGF_HUMAN	1950	EGF	21.974	4898	142	50	3.152	0.708	5.693
infectious+or+infection	1407452	17252753	EGF_HUMAN	1950	EGF	19.101	4898	92	26	2.964	0.431	5.626
kidney+or+urine	998160	17252753	EGF_HUMAN	1950	EGF	24.186	4898	256	59	3.408	0.778	5.777
liver+or+hepatic	1064899	17252753	EGF_HUMAN	1950	EGF	21.665	4898	150	38	3.176	0.591	5.751
mitochondria	71841	17252753	EGF_HUMAN	1950	EGF	13.183	4898	8	2	1.903	0.0	6.927
rat+or+mouse	2216673	17252753	EGF_HUMAN	1950	EGF	28.163	4898	550	303	3.74	1.483	5.392
muscle+or+bone+or+musculoskeletal	2127925	17252753	EGF_HUMAN	1950	EGF	23.532	4898	198	104	3.297	1.021	5.45
pathology	2428237	17252753	EGF_HUMAN	1950	EGF	29.608	4898	928	333	3.968	1.524	5.392
pediatric+or+newborn+or+infant+or+toddler+or+child+or+adolescent	3743828	17252753	EGF_HUMAN	1950	EGF	23.535	4898	365	101	3.562	1.009	5.149
plasma+or+serum	1459655	17252753	EGF_HUMAN	1950	EGF	29.341	4898	828	214	3.918	1.332	5.588
protein+aggregation	50542	17252753	EGF_HUMAN	1950	EGF	16.29	4898	20	1	2.301	0.0	7.08
rheumatic	54651	17252753	EGF_HUMAN	1950	EGF	7.045	4898	1	0	1.0	0.0	7.045
stem+cells	182292	17252753	EGF_HUMAN	1950	EGF	29.581	4898	168	204	3.225	1.312	6.52
toxicology+or+toxic+or+toxin	497395	17252753	EGF_HUMAN	1950	EGF	23.004	4898	174	34	3.241	0.544	6.078
