brain	987897	17252753	EGFR_HUMAN	1956	EGFR	31.807	30695	1322	1842	4.121	2.266	4.98
cancer	3025646	17252753	EGFR_HUMAN	1956	EGFR	37.928	30695	15448	21713	5.189	3.337	4.449
cardiovascular	1176673	17252753	EGFR_HUMAN	1956	EGFR	28.2	30695	732	785	3.865	1.895	4.896
diabetes	471394	17252753	EGFR_HUMAN	1956	EGFR	28.099	30695	531	371	3.725	1.571	5.306
hot+or+cold+or+alkaline+condition+or+acidic+condition+or+hypersaline+or+radiation	834939	17252753	EGFR_HUMAN	1956	EGFR	32.01	30695	1474	1475	4.168	2.169	5.051
eye+or+ocular	617328	17252753	EGFR_HUMAN	1956	EGFR	20.633	30695	128	74	3.107	0.875	5.181
food+or+nutrition+or+nutrients	1240588	17252753	EGFR_HUMAN	1956	EGFR	25.742	30695	474	413	3.676	1.617	4.864
glycoproteins	518297	17252753	EGFR_HUMAN	1956	EGFR	31.86	30695	1008	1106	4.003	2.044	5.268
immune+or+immune+system	1178787	17252753	EGFR_HUMAN	1956	EGFR	28.506	30695	771	861	3.887	1.936	4.896
infectious+or+infection	1407452	17252753	EGFR_HUMAN	1956	EGFR	25.371	30695	451	397	3.654	1.6	4.829
kidney+or+urine	998160	17252753	EGFR_HUMAN	1956	EGFR	31.401	30695	1962	1028	4.293	2.012	4.98
liver+or+hepatic	1064899	17252753	EGFR_HUMAN	1956	EGFR	29.711	30695	891	1115	3.95	2.048	4.954
mitochondria	71841	17252753	EGFR_HUMAN	1956	EGFR	22.184	30695	63	65	2.799	0.82	6.13
rat+or+mouse	2216673	17252753	EGFR_HUMAN	1956	EGFR	31.716	30695	2367	3374	4.374	2.528	4.595
muscle+or+bone+or+musculoskeletal	2127925	17252753	EGFR_HUMAN	1956	EGFR	25.567	30695	647	482	3.811	1.684	4.653
pathology	2428237	17252753	EGFR_HUMAN	1956	EGFR	37.008	30695	8885	12754	4.949	3.106	4.595
pediatric+or+newborn+or+infant+or+toddler+or+child+or+adolescent	3743828	17252753	EGFR_HUMAN	1956	EGFR	25.59	30695	987	768	3.994	1.886	4.352
plasma+or+serum	1459655	17252753	EGFR_HUMAN	1956	EGFR	31.496	30695	1929	1942	4.285	2.288	4.791
protein+aggregation	50542	17252753	EGFR_HUMAN	1956	EGFR	19.017	30695	38	27	2.58	0.447	6.282
rheumatic	54651	17252753	EGFR_HUMAN	1956	EGFR	15.338	30695	15	18	2.176	0.279	6.248
stem+cells	182292	17252753	EGFR_HUMAN	1956	EGFR	30.55	30695	365	596	3.562	1.776	5.723
toxicology+or+toxic+or+toxin	497395	17252753	EGFR_HUMAN	1956	EGFR	30.155	30695	491	1043	3.691	2.019	5.281
