brain	987897	17252753	IFNG_HUMAN	3458	IFNG	25.464	34431	447	326	3.65	1.515	4.93
cancer	3025646	17252753	IFNG_HUMAN	3458	IFNG	29.59	34431	3285	1622	4.517	2.21	4.399
cardiovascular	1176673	17252753	IFNG_HUMAN	3458	IFNG	24.633	34431	529	228	3.723	1.36	4.846
diabetes	471394	17252753	IFNG_HUMAN	3458	IFNG	25.067	34431	260	225	3.415	1.354	5.256
hot+or+cold+or+alkaline+condition+or+acidic+condition+or+hypersaline+or+radiation	834939	17252753	IFNG_HUMAN	3458	IFNG	23.877	34431	350	169	3.544	1.23	5.001
eye+or+ocular	617328	17252753	IFNG_HUMAN	3458	IFNG	23.528	34431	271	141	3.433	1.152	5.131
food+or+nutrition+or+nutrients	1240588	17252753	IFNG_HUMAN	3458	IFNG	25.547	34431	581	348	3.764	1.543	4.814
glycoproteins	518297	17252753	IFNG_HUMAN	3458	IFNG	36.8	34431	4929	2286	4.693	2.359	5.218
immune+or+immune+system	1178787	17252753	IFNG_HUMAN	3458	IFNG	38.63	34431	12525	7479	5.098	2.874	4.846
infectious+or+infection	1407452	17252753	IFNG_HUMAN	3458	IFNG	34.145	34431	4465	3124	4.65	2.495	4.779
kidney+or+urine	998160	17252753	IFNG_HUMAN	3458	IFNG	26.498	34431	703	336	3.847	1.528	4.93
liver+or+hepatic	1064899	17252753	IFNG_HUMAN	3458	IFNG	27.628	34431	871	493	3.94	1.694	4.904
mitochondria	71841	17252753	IFNG_HUMAN	3458	IFNG	16.462	34431	34	14	2.531	0.176	6.08
rat+or+mouse	2216673	17252753	IFNG_HUMAN	3458	IFNG	28.511	34431	1443	1299	4.159	2.114	4.545
muscle+or+bone+or+musculoskeletal	2127925	17252753	IFNG_HUMAN	3458	IFNG	26.332	34431	949	553	3.977	1.744	4.603
pathology	2428237	17252753	IFNG_HUMAN	3458	IFNG	31.26	34431	3523	2142	4.547	2.331	4.545
pediatric+or+newborn+or+infant+or+toddler+or+child+or+adolescent	3743828	17252753	IFNG_HUMAN	3458	IFNG	29.697	34431	3970	2015	4.599	2.304	4.302
plasma+or+serum	1459655	17252753	IFNG_HUMAN	3458	IFNG	32.114	34431	3489	1700	4.543	2.231	4.741
protein+aggregation	50542	17252753	IFNG_HUMAN	3458	IFNG	18.333	34431	46	18	2.663	0.279	6.233
rheumatic	54651	17252753	IFNG_HUMAN	3458	IFNG	19.86	34431	80	19	2.903	0.301	6.198
stem+cells	182292	17252753	IFNG_HUMAN	3458	IFNG	30.562	34431	501	486	3.7	1.688	5.673
toxicology+or+toxic+or+toxin	497395	17252753	IFNG_HUMAN	3458	IFNG	30.213	34431	1100	541	4.041	1.734	5.231
