brain	987897	17252753	TNFA_HUMAN	7124	TNF	23.731	75731	393	379	3.594	1.58	4.586
cancer	3025646	17252753	TNFA_HUMAN	7124	TNF	25.715	75731	2115	1037	4.325	2.016	4.055
cardiovascular	1176673	17252753	TNFA_HUMAN	7124	TNF	25.518	75731	862	539	3.936	1.732	4.502
diabetes	471394	17252753	TNFA_HUMAN	7124	TNF	25.216	75731	426	318	3.629	1.504	4.912
hot+or+cold+or+alkaline+condition+or+acidic+condition+or+hypersaline+or+radiation	834939	17252753	TNFA_HUMAN	7124	TNF	22.932	75731	328	255	3.516	1.408	4.657
eye+or+ocular	617328	17252753	TNFA_HUMAN	7124	TNF	22.677	75731	319	170	3.504	1.233	4.787
food+or+nutrition+or+nutrients	1240588	17252753	TNFA_HUMAN	7124	TNF	24.271	75731	642	418	3.808	1.622	4.47
glycoproteins	518297	17252753	TNFA_HUMAN	7124	TNF	37.357	75731	9791	4708	4.991	2.673	4.875
immune+or+immune+system	1178787	17252753	TNFA_HUMAN	7124	TNF	30.18	75731	3251	1553	4.512	2.191	4.502
infectious+or+infection	1407452	17252753	TNFA_HUMAN	7124	TNF	28.773	75731	2381	1289	4.377	2.111	4.435
kidney+or+urine	998160	17252753	TNFA_HUMAN	7124	TNF	22.377	75731	467	161	3.669	1.21	4.586
liver+or+hepatic	1064899	17252753	TNFA_HUMAN	7124	TNF	24.958	75731	770	385	3.886	1.587	4.56
mitochondria	71841	17252753	TNFA_HUMAN	7124	TNF	20.102	75731	71	44	2.851	0.653	5.736
rat+or+mouse	2216673	17252753	TNFA_HUMAN	7124	TNF	24.729	75731	1053	730	4.022	1.864	4.201
muscle+or+bone+or+musculoskeletal	2127925	17252753	TNFA_HUMAN	7124	TNF	24.735	75731	1174	546	4.07	1.738	4.259
pathology	2428237	17252753	TNFA_HUMAN	7124	TNF	27.434	75731	2583	1311	4.412	2.118	4.201
pediatric+or+newborn+or+infant+or+toddler+or+child+or+adolescent	3743828	17252753	TNFA_HUMAN	7124	TNF	25.007	75731	2173	956	4.337	1.981	3.958
plasma+or+serum	1459655	17252753	TNFA_HUMAN	7124	TNF	28.337	75731	2515	1104	4.401	2.043	4.397
protein+aggregation	50542	17252753	TNFA_HUMAN	7124	TNF	16.394	75731	38	15	2.58	0.204	5.889
rheumatic	54651	17252753	TNFA_HUMAN	7124	TNF	31.369	75731	679	335	3.832	1.526	5.854
stem+cells	182292	17252753	TNFA_HUMAN	7124	TNF	22.623	75731	157	111	3.196	1.049	5.329
toxicology+or+toxic+or+toxin	497395	17252753	TNFA_HUMAN	7124	TNF	27.132	75731	910	390	3.959	1.592	4.888
