brain	987897	17252753	P53_HUMAN	7157	TP53	25.026	46130	469	345	3.671	1.539	4.803
cancer	3025646	17252753	P53_HUMAN	7157	TP53	33.112	46130	9257	6090	4.966	2.785	4.272
cardiovascular	1176673	17252753	P53_HUMAN	7157	TP53	19.661	46130	163	89	3.212	0.954	4.719
diabetes	471394	17252753	P53_HUMAN	7157	TP53	18.449	46130	52	75	2.716	0.881	5.129
hot+or+cold+or+alkaline+condition+or+acidic+condition+or+hypersaline+or+radiation	834939	17252753	P53_HUMAN	7157	TP53	29.987	46130	1538	923	4.187	1.966	4.874
eye+or+ocular	617328	17252753	P53_HUMAN	7157	TP53	15.823	46130	66	21	2.82	0.342	5.004
food+or+nutrition+or+nutrients	1240588	17252753	P53_HUMAN	7157	TP53	19.941	46130	168	106	3.225	1.029	4.687
glycoproteins	518297	17252753	P53_HUMAN	7157	TP53	22.871	46130	237	130	3.375	1.117	5.091
immune+or+immune+system	1178787	17252753	P53_HUMAN	7157	TP53	26.117	46130	670	510	3.826	1.708	4.719
infectious+or+infection	1407452	17252753	P53_HUMAN	7157	TP53	24.872	46130	659	336	3.819	1.528	4.652
kidney+or+urine	998160	17252753	P53_HUMAN	7157	TP53	21.774	46130	273	124	3.436	1.097	4.803
liver+or+hepatic	1064899	17252753	P53_HUMAN	7157	TP53	24.978	46130	618	273	3.791	1.438	4.777
mitochondria	71841	17252753	P53_HUMAN	7157	TP53	27.531	46130	140	300	3.146	1.479	5.953
rat+or+mouse	2216673	17252753	P53_HUMAN	7157	TP53	27.364	46130	1053	1483	4.022	2.171	4.418
muscle+or+bone+or+musculoskeletal	2127925	17252753	P53_HUMAN	7157	TP53	23.254	46130	528	296	3.723	1.473	4.476
pathology	2428237	17252753	P53_HUMAN	7157	TP53	31.427	46130	4958	2618	4.695	2.418	4.418
pediatric+or+newborn+or+infant+or+toddler+or+child+or+adolescent	3743828	17252753	P53_HUMAN	7157	TP53	23.623	46130	1021	445	4.009	1.649	4.175
plasma+or+serum	1459655	17252753	P53_HUMAN	7157	TP53	22.905	46130	520	176	3.716	1.248	4.614
protein+aggregation	50542	17252753	P53_HUMAN	7157	TP53	18.377	46130	31	32	2.491	0.519	6.106
rheumatic	54651	17252753	P53_HUMAN	7157	TP53	11.202	46130	7	0	1.845	0.0	6.071
stem+cells	182292	17252753	P53_HUMAN	7157	TP53	27.987	46130	254	437	3.405	1.641	5.546
toxicology+or+toxic+or+toxin	497395	17252753	P53_HUMAN	7157	TP53	25.708	46130	397	273	3.599	1.438	5.104
