brain	987897	17252753	VEGFA_HUMAN	7422	VEGFA	27.155	32733	459	662	3.662	1.822	4.952
cancer	3025646	17252753	VEGFA_HUMAN	7422	VEGFA	31.761	32733	3757	4069	4.575	2.61	4.421
cardiovascular	1176673	17252753	VEGFA_HUMAN	7422	VEGFA	30.129	32733	1250	1236	4.097	2.092	4.868
diabetes	471394	17252753	VEGFA_HUMAN	7422	VEGFA	29.833	32733	670	669	3.826	1.826	5.278
hot+or+cold+or+alkaline+condition+or+acidic+condition+or+hypersaline+or+radiation	834939	17252753	VEGFA_HUMAN	7422	VEGFA	25.823	32733	353	391	3.548	1.593	5.023
eye+or+ocular	617328	17252753	VEGFA_HUMAN	7422	VEGFA	33.281	32733	1764	1628	4.246	2.212	5.153
food+or+nutrition+or+nutrients	1240588	17252753	VEGFA_HUMAN	7422	VEGFA	23.498	32733	226	319	3.354	1.505	4.836
glycoproteins	518297	17252753	VEGFA_HUMAN	7422	VEGFA	25.198	32733	286	224	3.456	1.352	5.24
immune+or+immune+system	1178787	17252753	VEGFA_HUMAN	7422	VEGFA	25.534	32733	451	389	3.654	1.591	4.868
infectious+or+infection	1407452	17252753	VEGFA_HUMAN	7422	VEGFA	22.776	32733	251	220	3.4	1.344	4.801
kidney+or+urine	998160	17252753	VEGFA_HUMAN	7422	VEGFA	27.523	32733	559	645	3.747	1.81	4.952
liver+or+hepatic	1064899	17252753	VEGFA_HUMAN	7422	VEGFA	25.528	32733	417	364	3.62	1.562	4.926
mitochondria	71841	17252753	VEGFA_HUMAN	7422	VEGFA	13.531	32733	11	14	2.041	0.176	6.102
rat+or+mouse	2216673	17252753	VEGFA_HUMAN	7422	VEGFA	27.239	32733	916	1005	3.962	2.003	4.567
muscle+or+bone+or+musculoskeletal	2127925	17252753	VEGFA_HUMAN	7422	VEGFA	26.477	32733	809	655	3.908	1.817	4.625
pathology	2428237	17252753	VEGFA_HUMAN	7422	VEGFA	31.772	32733	3125	2897	4.495	2.462	4.567
pediatric+or+newborn+or+infant+or+toddler+or+child+or+adolescent	3743828	17252753	VEGFA_HUMAN	7422	VEGFA	24.095	32733	797	468	3.901	1.671	4.324
plasma+or+serum	1459655	17252753	VEGFA_HUMAN	7422	VEGFA	29.257	32733	1688	821	4.227	1.915	4.763
protein+aggregation	50542	17252753	VEGFA_HUMAN	7422	VEGFA	14.887	32733	24	7	2.38	0.0	6.255
rheumatic	54651	17252753	VEGFA_HUMAN	7422	VEGFA	11.477	32733	7	0	1.845	0.0	6.22
stem+cells	182292	17252753	VEGFA_HUMAN	7422	VEGFA	29.369	32733	337	425	3.528	1.629	5.695
toxicology+or+toxic+or+toxin	497395	17252753	VEGFA_HUMAN	7422	VEGFA	24.999	32733	149	384	3.173	1.585	5.253
