Big_T	4904
Big_F	262352
UniProtKB_ID	GeneID	Gene_Name	PPS	Big_P	T+P	Citation	1+Log(T+P)	log10((Cit/yr+1)/10)	1+log10(F/T)+log10(F/P)
NDI1_YEAST	854919	NDI1	14.672	66	11	18	2.041	0.279	6.324
FCY1_YEAST	856175	FCY1	11.89	50	7	5	1.845	0.0	6.444
ERF3_YEAST	851752	SUP35	11.484	513	10	12	2.0	0.114	5.433
GAL4_YEAST	855828	GAL4	10.863	1122	8	16	1.903	0.23	5.092
CPYI_YEAST	850875	TFS1	10.49	11	3	0	1.477	0.0	7.102
VPS34_YEAST	850941	VPS34	9.979	99	3	13	1.477	0.146	6.148
MOD5_YEAST	854448	MOD5	9.52	26	2	12	1.301	0.114	6.728
URE2_YEAST	855492	URE2	9.274	226	4	3	1.602	0.0	5.789
VPS1_YEAST	853870	VPS1	9.25	76	3	2	1.477	0.0	6.262
BMH1_YEAST	856924	BMH1	9.178	85	3	0	1.477	0.0	6.214
HIP1_YEAST	853104	HIP1	8.931	19	2	0	1.301	0.0	6.864
CALM_YEAST	852406	CMD1	8.737	169	3	0	1.477	0.0	5.915
STT4_YEAST	851014	STT4	8.636	32	2	1	1.301	0.0	6.638
MYO4_YEAST	851204	MYO4	8.373	51	2	3	1.301	0.0	6.436
SEC6_YEAST	854742	SEC6	8.373	51	2	3	1.301	0.0	6.436
BMH2_YEAST	851676	BMH2	8.236	65	2	4	1.301	0.0	6.33
SAC1_YEAST	853668	SAC1	8.236	65	2	8	1.301	0.0	6.33
SET2_YEAST	853271	SET2	8.104	82	2	2	1.301	0.0	6.229
ACS2_YEAST	850846	ACS2	7.84	30	1	14	1.0	0.176	6.666
SEC14_YEAST	855103	SEC14	7.84	131	2	0	1.301	0.0	6.026
CDC48_YEAST	851431	CDC48	7.702	167	2	0	1.301	0.0	5.92
ARP10_YEAST	851683	ARP10	7.541	4	1	3	1.0	0.0	7.541
KMO_YEAST	852179	BNA4	7.541	4	1	2	1.0	0.0	7.541
DIB1_YEAST	856197	DIB1	7.541	4	1	2	1.0	0.0	7.541
ATG8_YEAST	852200	ATG8	7.537	224	2	0	1.301	0.0	5.793
CTL1_YEAST	855218	CTL1	7.444	5	1	0	1.0	0.0	7.444
NRG1_YEAST	851613	NRG1	7.376	51	1	13	1.0	0.146	6.436
UBC12_YEAST	851015	UBC12	7.365	6	1	0	1.0	0.0	7.365
SNT2_YEAST	852746	SNT2	7.365	6	1	0	1.0	0.0	7.365
NTE1_YEAST	854943	NTE1	7.365	6	1	1	1.0	0.0	7.365
KAD3_YEAST	856917	ADK2	7.365	6	1	0	1.0	0.0	7.365
HS104_YEAST	850633	HSP104	7.311	334	2	3	1.301	0.0	5.619
CLD1_YEAST	853007	CLD1	7.298	7	1	1	1.0	0.0	7.298
CAF17_YEAST	853586	IBA57	7.298	7	1	2	1.0	0.0	7.298
HIS7_YEAST	854377	HIS3	7.241	378	2	0	1.301	0.0	5.566
FABD_YEAST	854396	MCT1	7.24	8	1	1	1.0	0.0	7.24
PML1_YEAST	850703	PML1	7.189	9	1	2	1.0	0.0	7.189
HOG1_YEAST	850803	HOG1	7.165	432	2	2	1.301	0.0	5.507
PRY1_YEAST	853366	PRY1	7.143	10	1	0	1.0	0.0	7.143
LUC7_YEAST	851471	LUC7	7.102	11	1	0	1.0	0.0	7.102
SPR3_YEAST	852950	SPR3	7.102	11	1	1	1.0	0.0	7.102
DAP1_YEAST	855933	DAP1	7.102	11	1	0	1.0	0.0	7.102
SCO2_YEAST	852312	SCO2	6.997	14	1	1	1.0	0.0	6.997
CAPZB_YEAST	854777	CAP2	6.997	14	1	0	1.0	0.0	6.997
NPR2_YEAST	856647	NPR2	6.967	15	1	0	1.0	0.0	6.967
ATC6_YEAST	856681	SPF1	6.967	15	1	1	1.0	0.0	6.967
SHY1_YEAST	853009	SHY1	6.939	16	1	0	1.0	0.0	6.939
PP2B1_YEAST	851153	CNA1	6.913	17	1	3	1.0	0.0	6.913
TFC5_YEAST	855689	BDP1	6.913	17	1	0	1.0	0.0	6.913
KCS1_YEAST	851580	KCS1	6.888	18	1	0	1.0	0.0	6.888
LIS1_YEAST	854443	PAC1	6.888	18	1	0	1.0	0.0	6.888
RRS1_YEAST	854469	RRS1	6.888	18	1	0	1.0	0.0	6.888
COPG_YEAST	855429	SEC21	6.888	18	1	0	1.0	0.0	6.888
VATH_YEAST	856148	VMA13	6.864	19	1	0	1.0	0.0	6.864
PCL2_YEAST	851430	PCL2	6.842	20	1	1	1.0	0.0	6.842
CBPS_YEAST	853267	CPS1	6.842	20	1	2	1.0	0.0	6.842
PMT4_YEAST	853608	PMT4	6.842	20	1	1	1.0	0.0	6.842
ASE1_YEAST	854223	ASE1	6.821	21	1	1	1.0	0.0	6.821
SGF73_YEAST	852814	SGF73	6.801	22	1	3	1.0	0.0	6.801
COQ2_YEAST	855778	COQ2	6.801	22	1	2	1.0	0.0	6.801
FNTA_YEAST	853849	RAM2	6.781	23	1	2	1.0	0.0	6.781
DYHC_YEAST	853928	DYN1	6.781	23	1	3	1.0	0.0	6.781
EIF3A_YEAST	852371	RPG1	6.763	24	1	0	1.0	0.0	6.763
PPA3_YEAST	852389	PHO3	6.712	27	1	0	1.0	0.0	6.712
SKI7_YEAST	854243	SKI7	6.712	27	1	0	1.0	0.0	6.712
UGA4_YEAST	851317	UGA4	6.681	29	1	1	1.0	0.0	6.681
H2B1_YEAST	851810	HTB1	6.681	29	1	1	1.0	0.0	6.681
RL10_YEAST	850764	RPL10	6.666	30	1	0	1.0	0.0	6.666
STE14_YEAST	852019	STE14	6.666	30	1	0	1.0	0.0	6.666
AUR1_YEAST	853866	AUR1	6.652	31	1	1	1.0	0.0	6.652
MRS2_YEAST	854511	MRS2	6.652	31	1	1	1.0	0.0	6.652
LTE1_YEAST	851209	LTE1	6.638	32	1	0	1.0	0.0	6.638
RV161_YEAST	850367	RVS161	6.625	33	1	2	1.0	0.0	6.625
YPT6_YEAST	850966	YPT6	6.599	35	1	3	1.0	0.0	6.599
GCS1_YEAST	851372	GCS1	6.587	36	1	0	1.0	0.0	6.587
STU2_YEAST	850734	STU2	6.563	38	1	3	1.0	0.0	6.563
MSS4_YEAST	851789	MSS4	6.563	38	1	0	1.0	0.0	6.563
PUT4_YEAST	854530	PUT4	6.563	38	1	0	1.0	0.0	6.563
BIK1_YEAST	850328	BIK1	6.541	40	1	0	1.0	0.0	6.541
FAB1_YEAST	850574	FAB1	6.51	43	1	1	1.0	0.0	6.51
PNC1_YEAST	852846	PNC1	6.5	44	1	3	1.0	0.0	6.5
CLH_YEAST	852666	CHC1	6.49	45	1	1	1.0	0.0	6.49
C1TC_YEAST	853118	ADE3	6.48	46	1	0	1.0	0.0	6.48
RPN11_YEAST	850554	RPN11	6.462	48	1	0	1.0	0.0	6.462
GBLP_YEAST	855143	ASC1	6.462	48	1	2	1.0	0.0	6.462
FIMB_YEAST	851707	SAC6	6.453	49	1	2	1.0	0.0	6.453
ERG2_YEAST	855242	ERG2	6.453	49	1	0	1.0	0.0	6.453
KC12_YEAST	855568	YCK2	6.453	49	1	1	1.0	0.0	6.453
TAT2_YEAST	854139	TAT2	6.444	50	1	0	1.0	0.0	6.444
RPN10_YEAST	856607	RPN10	6.444	50	1	0	1.0	0.0	6.444
RSR1_YEAST	853056	RSR1	6.436	51	1	0	1.0	0.0	6.436
FAS1_YEAST	853653	FAS1	6.419	53	1	1	1.0	0.0	6.419
MID2_YEAST	851042	MID2	6.411	54	1	2	1.0	0.0	6.411
PSD1_YEAST	855552	PSD1	6.411	54	1	2	1.0	0.0	6.411
SEC22_YEAST	850973	SEC22	6.395	56	1	4	1.0	0.0	6.395
CCH1_YEAST	853131	CCH1	6.387	57	1	0	1.0	0.0	6.387
SEC17_YEAST	852230	SEC17	6.372	59	1	0	1.0	0.0	6.372
PIP2_YEAST	854545	PIP2	6.344	63	1	6	1.0	0.0	6.344
PDE2_YEAST	854542	PDE2	6.317	67	1	0	1.0	0.0	6.317
POLH_YEAST	852028	RAD30	6.311	68	1	2	1.0	0.0	6.311
HSP72_YEAST	850636	SSA2	6.298	70	1	0	1.0	0.0	6.298
SAR1_YEAST	855883	SAR1	6.298	70	1	0	1.0	0.0	6.298
HXKG_YEAST	850317	GLK1	6.286	72	1	0	1.0	0.0	6.286
MPS1_YEAST	851533	MPS1	6.286	72	1	6	1.0	0.0	6.286
ACE2_YEAST	850822	ACE2	6.257	77	1	1	1.0	0.0	6.257
HPA2_YEAST	856323	HPA2	6.245	79	1	1	1.0	0.0	6.245
KAPA_YEAST	853275	TPK1	6.219	84	1	0	1.0	0.0	6.219
PROF_YEAST	854289	PFY1	6.214	85	1	0	1.0	0.0	6.214
RNQ1_YEAST	850329	RNQ1	6.189	90	1	6	1.0	0.0	6.189
ARF1_YEAST	851335	ARF1	6.17	94	1	4	1.0	0.0	6.17
THI4_YEAST	853047	THI4	6.17	94	1	0	1.0	0.0	6.17
GAL2_YEAST	850770	GAL2	6.156	97	1	0	1.0	0.0	6.156
GBB_YEAST	854387	STE4	6.126	104	1	0	1.0	0.0	6.126
PHO80_YEAST	854161	PHO80	6.118	106	1	0	1.0	0.0	6.118
FRDA_YEAST	851437	YFH1	6.106	109	1	2	1.0	0.0	6.106
MCA1_YEAST	854372	MCA1	6.106	109	1	1	1.0	0.0	6.106
SSO1_YEAST	855844	SSO1	6.102	110	1	1	1.0	0.0	6.102
UBC3_YEAST	851624	CDC34	6.053	123	1	0	1.0	0.0	6.053
PRTB_YEAST	856649	PRB1	6.053	123	1	0	1.0	0.0	6.053
SEC18_YEAST	852372	SEC18	6.036	128	1	0	1.0	0.0	6.036
FET3_YEAST	855080	FET3	6.032	129	1	5	1.0	0.0	6.032
FLO1_YEAST	851289	FLO1	6.019	133	1	1	1.0	0.0	6.019
SCH9_YEAST	856612	SCH9	6.019	133	1	1	1.0	0.0	6.019
MYO2_YEAST	854504	MYO2	5.988	143	1	5	1.0	0.0	5.988
COX2_YEAST	854622	COX2	5.958	153	1	0	1.0	0.0	5.958
TOR1_YEAST	853529	TOR1	5.953	155	1	0	1.0	0.0	5.953
GPA1_YEAST	856394	GPA1	5.942	159	1	1	1.0	0.0	5.942
STE12_YEAST	856484	STE12	5.939	160	1	2	1.0	0.0	5.939
GAP1_YEAST	853912	GAP1	5.936	161	1	0	1.0	0.0	5.936
INO1_YEAST	853288	INO1	5.934	162	1	0	1.0	0.0	5.934
SEC4_YEAST	850543	SEC4	5.926	165	1	0	1.0	0.0	5.926
XRN1_YEAST	852702	XRN1	5.92	167	1	0	1.0	0.0	5.92
YPT1_YEAST	850505	YPT1	5.885	181	1	3	1.0	0.0	5.885
RHO1_YEAST	856294	RHO1	5.86	192	1	0	1.0	0.0	5.86
MAS5_YEAST	855661	YDJ1	5.825	208	1	0	1.0	0.0	5.825
CARP_YEAST	855949	PEP4	5.723	263	1	0	1.0	0.0	5.723
KEX2_YEAST	855483	KEX2	5.687	286	1	0	1.0	0.0	5.687
PGK_YEAST	850370	PGK1	5.642	317	1	0	1.0	0.0	5.642
UBC2_YEAST	852822	RAD6	5.61	341	1	0	1.0	0.0	5.61
RAS2_YEAST	855625	RAS2	5.575	370	1	9	1.0	0.0	5.575
CDC42_YEAST	850930	CDC42	5.563	380	1	0	1.0	0.0	5.563
LEU3_YEAST	850342	LEU2	5.517	422	1	0	1.0	0.0	5.517
RAD51_YEAST	856831	RAD51	5.367	597	1	5	1.0	0.0	5.367
GCN4_YEAST	856709	GCN4	5.336	641	1	0	1.0	0.0	5.336
GAL1_YEAST	852308	GAL1	5.241	797	1	0	1.0	0.0	5.241
