Big_T	2221
Big_F	262352
UniProtKB_ID	GeneID	Gene_Name	PPS	Big_P	T+P	Citation	1+Log(T+P)	log10((Cit/yr+1)/10)	1+log10(F/T)+log10(F/P)
THDH_YEAST	856819	ILV1	10.487	391	6	5	1.778	0.0	5.898
FAT1_YEAST	852329	FAT1	9.275	23	2	4	1.301	0.0	7.129
NDI1_YEAST	854919	NDI1	8.679	66	2	2	1.301	0.0	6.671
BEM1_YEAST	852499	BEM1	8.6	76	2	2	1.301	0.0	6.61
KMO_YEAST	852179	BNA4	7.889	4	1	2	1.0	0.0	7.889
SYM1_YEAST	850953	SYM1	7.713	6	1	1	1.0	0.0	7.713
OCA6_YEAST	851639	OCA6	7.713	6	1	4	1.0	0.0	7.713
LEU9_YEAST	854275	LEU9	7.646	7	1	0	1.0	0.0	7.646
FABD_YEAST	854396	MCT1	7.588	8	1	1	1.0	0.0	7.588
CYB_YEAST	854583	COB	7.569	471	2	2	1.301	0.0	5.818
PUS7_YEAST	854417	PUS7	7.537	9	1	1	1.0	0.0	7.537
ELF1_YEAST	853697	ELF1	7.412	12	1	2	1.0	0.0	7.412
PMG1_YEAST	853705	GPM1	7.377	13	1	0	1.0	0.0	7.377
TPM2_YEAST	854668	TPM2	7.345	14	1	0	1.0	0.0	7.345
TRX3_YEAST	850444	TRX3	7.287	16	1	2	1.0	0.0	7.287
DPH3_YEAST	852207	KTI11	7.26	17	1	1	1.0	0.0	7.26
VIP1_YEAST	851126	VIP1	7.235	18	1	0	1.0	0.0	7.235
QCR8_YEAST	853273	QCR8	7.235	18	1	0	1.0	0.0	7.235
LIP1_YEAST	855344	LIP1	7.235	18	1	0	1.0	0.0	7.235
TAZ1_YEAST	856262	TAZ1	7.212	19	1	4	1.0	0.0	7.212
ERFB_YEAST	850947	ERF2	7.19	20	1	0	1.0	0.0	7.19
RER2_YEAST	852287	RER2	7.169	21	1	2	1.0	0.0	7.169
PHB1_YEAST	853033	PHB1	7.169	21	1	4	1.0	0.0	7.169
SAD1_YEAST	850555	SAD1	7.148	22	1	1	1.0	0.0	7.148
VCX1_YEAST	851429	VCX1	7.148	22	1	1	1.0	0.0	7.148
FPPS_YEAST	853272	ERG20	7.014	30	1	1	1.0	0.0	7.014
OAF1_YEAST	851247	OAF1	6.959	34	1	4	1.0	0.0	6.959
G6PI_YEAST	852495	PGI1	6.911	38	1	0	1.0	0.0	6.911
PUT4_YEAST	854530	PUT4	6.911	38	1	0	1.0	0.0	6.911
HMO1_YEAST	851754	HMO1	6.857	43	1	0	1.0	0.0	6.857
STE50_YEAST	850325	STE50	6.838	45	1	1	1.0	0.0	6.838
LCF1_YEAST	854495	FAA1	6.828	46	1	1	1.0	0.0	6.828
NAT1_YEAST	851521	NAT1	6.819	47	1	0	1.0	0.0	6.819
ATG5_YEAST	855954	ATG5	6.758	54	1	1	1.0	0.0	6.758
SEC13_YEAST	850905	SEC13	6.735	57	1	1	1.0	0.0	6.735
CDC15_YEAST	851274	CDC15	6.735	57	1	2	1.0	0.0	6.735
SMT3_YEAST	852122	SMT3	6.658	68	1	3	1.0	0.0	6.658
RIF1_YEAST	852578	RIF1	6.658	68	1	1	1.0	0.0	6.658
HPA2_YEAST	856323	HPA2	6.593	79	1	0	1.0	0.0	6.593
THI4_YEAST	853047	THI4	6.517	94	1	0	1.0	0.0	6.517
VPS34_YEAST	850941	VPS34	6.495	99	1	2	1.0	0.0	6.495
PRTB_YEAST	856649	PRB1	6.401	123	1	0	1.0	0.0	6.401
FLO1_YEAST	851289	FLO1	6.367	133	1	0	1.0	0.0	6.367
ATG1_YEAST	852695	ATG1	6.367	133	1	2	1.0	0.0	6.367
HAC1_YEAST	850513	HAC1	6.351	138	1	1	1.0	0.0	6.351
SEC4_YEAST	850543	SEC4	6.273	165	1	0	1.0	0.0	6.273
FLO11_YEAST	854836	FLO11	6.265	168	1	5	1.0	0.0	6.265
KPC1_YEAST	852169	PKC1	6.134	227	1	0	1.0	0.0	6.134
TUP1_YEAST	850445	TUP1	6.059	270	1	1	1.0	0.0	6.059
PGK_YEAST	850370	PGK1	5.989	317	1	0	1.0	0.0	5.989
AP1_YEAST	855005	YAP1	5.913	378	1	4	1.0	0.0	5.913
HOG1_YEAST	850803	HOG1	5.855	432	1	1	1.0	0.0	5.855
GAL1_YEAST	852308	GAL1	5.589	797	1	0	1.0	0.0	5.589
GAL4_YEAST	855828	GAL4	5.439	1122	1	0	1.0	0.0	5.439
