Big_T	2143
Big_F	262352
UniProtKB_ID	GeneID	Gene_Name	PPS	Big_P	T+P	Citation	1+Log(T+P)	log10((Cit/yr+1)/10)	1+log10(F/T)+log10(F/P)
URE2_YEAST	855492	URE2	18.688	226	21	51	2.322	0.716	6.151
ERF3_YEAST	851752	SUP35	16.909	513	18	45	2.255	0.663	5.795
HS104_YEAST	850633	HSP104	16.617	334	15	39	2.176	0.602	5.981
RNQ1_YEAST	850329	RNQ1	16.584	90	10	33	2.0	0.531	6.551
SKI2_YEAST	851114	SKI2	12.294	39	6	5	1.778	0.0	6.914
KES1_YEAST	855958	KES1	12.169	35	4	13	1.602	0.146	6.961
SNF7_YEAST	850712	SNF7	11.943	54	2	28	1.301	0.462	6.773
DCOR_YEAST	853651	SPE1	11.79	14	4	0	1.602	0.0	7.359
HMAL2_YEAST	850406	HMLALPHA2	11.763	186	7	10	1.845	0.041	6.236
DCAM_YEAST	854105	SPE2	11.508	21	4	5	1.602	0.0	7.183
SPO7_YEAST	851224	SPO7	11.386	25	4	8	1.602	0.0	7.107
CHS2_YEAST	852326	CHS2	10.789	59	4	0	1.602	0.0	6.734
HSP71_YEAST	851259	SSA1	10.778	205	5	10	1.699	0.041	6.193
VTA1_YEAST	850878	VTA1	10.674	19	2	14	1.301	0.176	7.226
UBI4P_YEAST	850620	UBI4	10.388	388	3	18	1.477	0.279	5.916
CHS3_YEAST	852311	CHS3	10.355	110	4	6	1.602	0.0	6.464
SECU_YEAST	851691	PDS1	10.213	135	4	6	1.602	0.0	6.375
CHS1_YEAST	855529	CHS1	10.121	45	3	2	1.477	0.0	6.852
MTAP_YEAST	850704	MEU1	10.053	6	2	0	1.301	0.0	7.727
HSP72_YEAST	850636	SSA2	9.838	70	3	6	1.477	0.0	6.66
MAL12_YEAST	853209	MAL12	9.824	9	2	0	1.301	0.0	7.551
ARN1_YEAST	856345	ARN1	9.465	17	2	1	1.301	0.0	7.275
SC61A_YEAST	851095	SEC61	9.45	128	3	0	1.477	0.0	6.398
MKT1_YEAST	855639	MKT1	9.294	23	2	0	1.301	0.0	7.143
GYS2_YEAST	850962	GSY2	9.183	28	2	0	1.301	0.0	7.058
STP22_YEAST	850349	STP22	9.041	36	2	8	1.301	0.0	6.949
CDC48_YEAST	851431	CDC48	8.671	167	2	11	1.301	0.079	6.282
HSP26_YEAST	852364	HSP26	8.504	93	2	0	1.301	0.0	6.537
HAC1_YEAST	850513	HAC1	8.282	138	2	1	1.301	0.0	6.365
LAM6_YEAST	850761	LAM6	8.204	2	1	8	1.0	0.0	8.204
RL41A_YEAST	851422	RPL41A	8.204	2	1	0	1.0	0.0	8.204
PUG1_YEAST	856934	PUG1	8.204	2	1	2	1.0	0.0	8.204
GCN2_YEAST	851877	GCN2	8.181	165	2	1	1.301	0.0	6.288
PHO85_YEAST	856076	PHO85	8.167	169	2	1	1.301	0.0	6.277
KPC1_YEAST	852169	PKC1	8.0	227	2	4	1.301	0.0	6.149
TOM5_YEAST	856252	TOM5	7.977	13	1	11	1.0	0.079	7.391
RL8B_YEAST	850682	RPL8B	7.903	4	1	0	1.0	0.0	7.903
CLG1_YEAST	852657	CLG1	7.903	4	1	0	1.0	0.0	7.903
HPF1_YEAST	854010	HPF1	7.806	5	1	0	1.0	0.0	7.806
DNM1_YEAST	850686	DNM1	7.805	74	1	14	1.0	0.176	6.636
ERV29_YEAST	853201	ERV29	7.697	13	1	10	1.0	0.041	7.391
SPSY_YEAST	850838	SPE4	7.66	7	1	0	1.0	0.0	7.66
PCL7_YEAST	854761	PCL7	7.66	7	1	0	1.0	0.0	7.66
THI7_YEAST	850938	THI7	7.602	8	1	0	1.0	0.0	7.602
FIT1_YEAST	852147	FIT1	7.602	8	1	1	1.0	0.0	7.602
NAA38_YEAST	850383	MAK31	7.505	10	1	0	1.0	0.0	7.505
MAK16_YEAST	851208	MAK16	7.505	10	1	0	1.0	0.0	7.505
IZH2_YEAST	854160	IZH2	7.505	10	1	0	1.0	0.0	7.505
SPEE_YEAST	856182	SPE3	7.464	11	1	0	1.0	0.0	7.464
PET18_YEAST	850382	PET18	7.426	12	1	0	1.0	0.0	7.426
ELF1_YEAST	853697	ELF1	7.426	12	1	2	1.0	0.0	7.426
BFR1_YEAST	854373	BFR1	7.426	12	1	0	1.0	0.0	7.426
FIT2_YEAST	854564	FIT2	7.426	12	1	0	1.0	0.0	7.426
ORM2_YEAST	851064	ORM2	7.359	14	1	4	1.0	0.0	7.359
PRX1_YEAST	852215	PRX1	7.359	14	1	2	1.0	0.0	7.359
CWC26_YEAST	852701	BUD13	7.301	16	1	0	1.0	0.0	7.301
NAA35_YEAST	856657	MAK10	7.301	16	1	0	1.0	0.0	7.301
GAL1_YEAST	852308	GAL1	7.29	797	2	5	1.301	0.0	5.604
SEI1_YEAST	851120	SEI1	7.275	17	1	5	1.0	0.0	7.275
CRH1_YEAST	853102	CRH1	7.226	19	1	2	1.0	0.0	7.226
SDH3_YEAST	853716	SDH3	7.226	19	1	0	1.0	0.0	7.226
SEY1_YEAST	854336	SEY1	7.226	19	1	4	1.0	0.0	7.226
FMS1_YEAST	855034	FMS1	7.226	19	1	1	1.0	0.0	7.226
CHS5_YEAST	851041	CHS5	7.204	20	1	0	1.0	0.0	7.204
BTN2_YEAST	853043	BTN2	7.204	20	1	2	1.0	0.0	7.204
RRP41_YEAST	853109	SKI6	7.204	20	1	1	1.0	0.0	7.204
STE13_YEAST	854394	STE13	7.204	20	1	0	1.0	0.0	7.204
ASE1_YEAST	854223	ASE1	7.183	21	1	0	1.0	0.0	7.183
MDM10_YEAST	851223	MDM10	7.163	22	1	0	1.0	0.0	7.163
ATG14_YEAST	852425	ATG14	7.163	22	1	0	1.0	0.0	7.163
GZF3_YEAST	853334	GZF3	7.163	22	1	3	1.0	0.0	7.163
ARK1_YEAST	855711	ARK1	7.163	22	1	1	1.0	0.0	7.163
LST8_YEAST	855726	LST8	7.163	22	1	1	1.0	0.0	7.163
UFE1_YEAST	854242	UFE1	7.125	24	1	5	1.0	0.0	7.125
NAA30_YEAST	856163	MAK3	7.125	24	1	0	1.0	0.0	7.125
SUS1_YEAST	1466445	SUS1	7.09	26	1	0	1.0	0.0	7.09
ZRT1_YEAST	852637	ZRT1	7.014	31	1	0	1.0	0.0	7.014
LTE1_YEAST	851209	LTE1	7.0	32	1	0	1.0	0.0	7.0
VPS35_YEAST	853287	VPS35	6.987	33	1	1	1.0	0.0	6.987
ASSY_YEAST	854096	ARG1	6.961	35	1	0	1.0	0.0	6.961
SIP2_YEAST	852664	SIP2	6.937	37	1	4	1.0	0.0	6.937
CDC16_YEAST	853846	CDC16	6.925	38	1	0	1.0	0.0	6.925
ATG17_YEAST	851142	ATG17	6.903	40	1	9	1.0	0.0	6.903
HMO1_YEAST	851754	HMO1	6.872	43	1	0	1.0	0.0	6.872
SPT10_YEAST	853315	SPT10	6.872	43	1	0	1.0	0.0	6.872
CG23_YEAST	851400	CLB3	6.862	44	1	5	1.0	0.0	6.862
NFS1_YEAST	850343	NFS1	6.842	46	1	1	1.0	0.0	6.842
MYO4_YEAST	851204	MYO4	6.798	51	1	0	1.0	0.0	6.798
RSR1_YEAST	853056	RSR1	6.798	51	1	2	1.0	0.0	6.798
TOM40_YEAST	855243	TOM40	6.789	52	1	0	1.0	0.0	6.789
RTG2_YEAST	852640	RTG2	6.773	54	1	0	1.0	0.0	6.773
VPS27_YEAST	855739	VPS27	6.773	54	1	2	1.0	0.0	6.773
ATG5_YEAST	855954	ATG5	6.773	54	1	0	1.0	0.0	6.773
PDI_YEAST	850314	PDI1	6.749	57	1	2	1.0	0.0	6.749
UBC7_YEAST	855036	UBC7	6.749	57	1	5	1.0	0.0	6.749
ACAC_YEAST	855750	ACC1	6.749	57	1	5	1.0	0.0	6.749
PAT1_YEAST	850440	PAT1	6.679	67	1	0	1.0	0.0	6.679
RIF1_YEAST	852578	RIF1	6.673	68	1	1	1.0	0.0	6.673
CDC3_YEAST	851024	CDC3	6.666	69	1	1	1.0	0.0	6.666
SPA2_YEAST	850639	SPA2	6.642	73	1	0	1.0	0.0	6.642
UME6_YEAST	851788	UME6	6.63	75	1	0	1.0	0.0	6.63
SWR1_YEAST	851934	SWR1	6.597	81	1	4	1.0	0.0	6.597
TRX2_YEAST	853123	TRX2	6.586	83	1	0	1.0	0.0	6.586
FRDA_YEAST	851437	YFH1	6.468	109	1	1	1.0	0.0	6.468
AFT1_YEAST	852809	AFT1	6.419	122	1	5	1.0	0.0	6.419
ATG1_YEAST	852695	ATG1	6.381	133	1	3	1.0	0.0	6.381
TOR1_YEAST	853529	TOR1	6.315	155	1	0	1.0	0.0	6.315
GLN3_YEAST	856763	GLN3	6.309	157	1	0	1.0	0.0	6.309
GAL80_YEAST	854954	GAL80	6.304	159	1	1	1.0	0.0	6.304
CDC5_YEAST	855013	CDC5	6.285	166	1	1	1.0	0.0	6.285
CDC7_YEAST	851545	CDC7	6.262	175	1	0	1.0	0.0	6.262
YPT1_YEAST	850505	YPT1	6.247	181	1	0	1.0	0.0	6.247
RHO1_YEAST	856294	RHO1	6.222	192	1	0	1.0	0.0	6.222
MAS5_YEAST	855661	YDJ1	6.187	208	1	2	1.0	0.0	6.187
PUR6_YEAST	854295	ADE2	6.155	224	1	0	1.0	0.0	6.155
SODC_YEAST	853568	SOD1	6.13	237	1	1	1.0	0.0	6.13
MRE11_YEAST	855264	MRE11	6.041	291	1	3	1.0	0.0	6.041
SLT2_YEAST	856425	SLT2	6.025	302	1	0	1.0	0.0	6.025
GAL10_YEAST	852307	GAL10	6.023	303	1	3	1.0	0.0	6.023
PGK_YEAST	850370	PGK1	6.004	317	1	0	1.0	0.0	6.004
HIS7_YEAST	854377	HIS3	5.928	378	1	1	1.0	0.0	5.928
LEU3_YEAST	850342	LEU2	5.879	422	1	0	1.0	0.0	5.879
