Big_T	1386
Big_F	262352
UniProtKB_ID	GeneID	Gene_Name	PPS	Big_P	T+P	Citation	1+Log(T+P)	log10((Cit/yr+1)/10)	1+log10(F/T)+log10(F/P)
HXKG_YEAST	850317	GLK1	8.896	72	2	0	1.301	0.0	6.838
G6PD_YEAST	855480	ZWF1	8.232	233	2	0	1.301	0.0	6.328
NGL1_YEAST	854115	NGL1	8.218	3	1	0	1.0	0.0	8.218
VA0E_YEAST	2732686	VMA9	7.996	5	1	1	1.0	0.0	7.996
VATD_YEAST	856659	VMA8	7.85	7	1	0	1.0	0.0	7.85
CUL3_YEAST	852886	CUL3	7.792	8	1	1	1.0	0.0	7.792
CPYI_YEAST	850875	TFS1	7.654	11	1	0	1.0	0.0	7.654
DHYS_YEAST	856465	DYS1	7.44	18	1	0	1.0	0.0	7.44
AHA1_YEAST	851800	AHA1	7.394	20	1	0	1.0	0.0	7.394
VMA21_YEAST	852997	VMA21	7.353	22	1	2	1.0	0.0	7.353
GPT_YEAST	852545	ALG7	7.28	26	1	0	1.0	0.0	7.28
SKI7_YEAST	854243	SKI7	7.264	27	1	0	1.0	0.0	7.264
NIC96_YEAST	850552	NIC96	7.233	29	1	0	1.0	0.0	7.233
HRD3_YEAST	850904	HRD3	7.233	29	1	0	1.0	0.0	7.233
IQG1_YEAST	855834	IQG1	7.19	32	1	3	1.0	0.0	7.19
FAB1_YEAST	850574	FAB1	7.062	43	1	1	1.0	0.0	7.062
CSE1_YEAST	852612	CSE1	7.052	44	1	0	1.0	0.0	7.052
UBC5_YEAST	851631	UBC5	7.014	48	1	0	1.0	0.0	7.014
GBLP_YEAST	855143	ASC1	7.014	48	1	0	1.0	0.0	7.014
KC12_YEAST	855568	YCK2	7.005	49	1	1	1.0	0.0	7.005
CDC31_YEAST	854431	CDC31	6.971	53	1	1	1.0	0.0	6.971
RTG2_YEAST	852640	RTG2	6.963	54	1	0	1.0	0.0	6.963
ATG5_YEAST	855954	ATG5	6.963	54	1	1	1.0	0.0	6.963
SNC1_YEAST	851203	SNC1	6.889	64	1	1	1.0	0.0	6.889
SEC23_YEAST	856311	SEC23	6.876	66	1	2	1.0	0.0	6.876
HSP60_YEAST	850963	HSP60	6.771	84	1	1	1.0	0.0	6.771
HOP1_YEAST	854738	HOP1	6.756	87	1	1	1.0	0.0	6.756
SEC18_YEAST	852372	SEC18	6.588	128	1	0	1.0	0.0	6.588
SEC14_YEAST	855103	SEC14	6.578	131	1	0	1.0	0.0	6.578
SWE1_YEAST	853252	SWE1	6.525	148	1	0	1.0	0.0	6.525
GPA1_YEAST	856394	GPA1	6.494	159	1	0	1.0	0.0	6.494
CDC48_YEAST	851431	CDC48	6.472	167	1	0	1.0	0.0	6.472
PUR6_YEAST	854295	ADE2	6.345	224	1	0	1.0	0.0	6.345
GAL10_YEAST	852307	GAL10	6.213	303	1	0	1.0	0.0	6.213
HIS7_YEAST	854377	HIS3	6.118	378	1	0	1.0	0.0	6.118
LEU3_YEAST	850342	LEU2	6.07	422	1	0	1.0	0.0	6.07
GAL4_YEAST	855828	GAL4	5.644	1122	1	0	1.0	0.0	5.644
