Big_T	8534
Big_F	262352
UniProtKB_ID	GeneID	Gene_Name	PPS	Big_P	T+P	Citation	1+Log(T+P)	log10((Cit/yr+1)/10)	1+log10(F/T)+log10(F/P)
FLO11_YEAST	854836	FLO11	19.984	168	44	75	2.643	0.881	5.671
IRE1_YEAST	856478	IRE1	19.331	145	27	86	2.431	0.94	5.735
PDR5_YEAST	854324	PDR5	18.384	256	56	39	2.748	0.602	5.487
MID2_YEAST	851042	MID2	17.63	54	25	28	2.398	0.462	6.164
YCFI_YEAST	851713	YCF1	17.36	85	29	27	2.462	0.447	5.967
STE6_YEAST	853671	STE6	16.797	91	27	24	2.431	0.398	5.937
SNQ2_YEAST	851574	SNQ2	16.744	78	41	14	2.613	0.176	6.004
HAC1_YEAST	850513	HAC1	16.562	138	26	28	2.415	0.462	5.756
ERO1_YEAST	854909	ERO1	15.975	48	12	30	2.079	0.491	6.215
SEC12_YEAST	855760	SEC12	15.223	62	13	23	2.114	0.38	6.104
OCH1_YEAST	852845	OCH1	14.516	50	20	10	2.301	0.041	6.197
RLI1_YEAST	851665	RLI1	14.404	13	7	18	1.845	0.279	6.782
ATC4_YEAST	851667	DNF2	14.215	29	9	17	1.954	0.255	6.434
GAS1_YEAST	855355	GAS1	14.11	127	21	12	2.322	0.114	5.792
SEC66_YEAST	852469	SEC66	14.005	30	8	18	1.903	0.279	6.419
HS150_YEAST	853281	HSP150	13.897	39	16	4	2.204	0.0	6.305
PDR3_YEAST	852278	PDR3	13.671	142	20	11	2.301	0.079	5.744
SED1_YEAST	851649	SED1	13.65	42	15	2	2.176	0.0	6.273
ECO1_YEAST	850584	ECO1	13.507	47	4	36	1.602	0.568	6.224
ATM1_YEAST	855347	ATM1	13.305	40	10	12	2.0	0.114	6.294
PNG1_YEAST	856009	PNG1	13.197	27	11	4	2.041	0.0	6.465
GYP2_YEAST	852992	MDR1	13.064	41	10	11	2.0	0.079	6.283
ACT_YEAST	850504	ACT1	13.023	495	11	28	2.041	0.462	5.201
MDL1_YEAST	850885	MDL1	12.978	18	9	6	1.954	0.0	6.641
INV2_YEAST	854644	SUC2	12.864	281	10	22	2.0	0.362	5.447
PDR1_YEAST	852871	PDR1	12.716	181	12	14	2.079	0.176	5.638
AGA2_YEAST	852851	AGA2	12.679	36	10	1	2.0	0.0	6.34
RFT1_YEAST	852261	RFT1	12.631	9	6	10	1.778	0.041	6.942
HRD3_YEAST	850904	HRD3	12.604	29	7	12	1.845	0.114	6.434
PDI_YEAST	850314	PDI1	12.534	57	11	8	2.041	0.0	6.14
SFL1_YEAST	854307	SFL1	12.524	33	4	22	1.602	0.362	6.377
MAN1_YEAST	852721	AMS1	12.495	77	12	1	2.079	0.0	6.009
KRE2_YEAST	852094	KRE2	12.438	34	9	2	1.954	0.0	6.365
MNN10_YEAST	851832	MNN10	12.435	23	8	1	1.903	0.0	6.534
MNN2_YEAST	852303	MNN2	12.413	35	9	0	1.954	0.0	6.352
KRE5_YEAST	854514	KRE5	12.399	15	7	4	1.845	0.0	6.72
WAR1_YEAST	854899	WAR1	12.347	16	7	4	1.845	0.0	6.692
MNN9_YEAST	856057	MNN9	12.2	45	9	1	1.954	0.0	6.243
PHR_YEAST	854568	PHR1	12.189	31	8	4	1.903	0.0	6.405
OS9_YEAST	851627	YOS9	12.137	15	4	15	1.602	0.204	6.72
CCW12_YEAST	850800	CCW12	12.121	12	6	4	1.778	0.0	6.817
ATG15_YEAST	850432	ATG15	12.093	6	5	5	1.699	0.0	7.118
RER1_YEAST	850354	RER1	12.092	22	7	8	1.845	0.0	6.554
MID1_YEAST	855425	MID1	12.077	52	9	7	1.954	0.0	6.18
CCH1_YEAST	853131	CCH1	11.999	57	9	9	1.954	0.0	6.14
ALG3_YEAST	852196	ALG3	11.99	25	7	1	1.845	0.0	6.498
ATC3_YEAST	851207	DRS2	11.956	60	5	17	1.699	0.255	6.118
PEX3_YEAST	851929	PEX3	11.956	60	9	4	1.954	0.0	6.118
CWH41_YEAST	852857	CWH41	11.899	16	6	0	1.778	0.0	6.692
YOR1_YEAST	853198	YOR1	11.875	66	9	8	1.954	0.0	6.076
PDR12_YEAST	856049	PDR12	11.675	37	7	4	1.845	0.0	6.328
ATC1_YEAST	852709	PMR1	11.626	121	10	3	2.0	0.0	5.813
MNN11_YEAST	853256	MNN11	11.619	23	6	6	1.778	0.0	6.534
BPT1_YEAST	850645	BPT1	11.582	12	5	2	1.699	0.0	6.817
PSB1_YEAST	853456	PRE3	11.531	15	2	25	1.301	0.415	6.72
PMM_YEAST	850499	SEC53	11.495	27	6	1	1.778	0.0	6.465
FIMB_YEAST	851707	SAC6	11.45	49	7	5	1.845	0.0	6.206
CDC48_YEAST	851431	CDC48	11.443	167	4	25	1.602	0.415	5.673
SED4_YEAST	850431	SED4	11.403	6	4	2	1.602	0.0	7.118
OST3_YEAST	854252	OST3	11.364	32	6	3	1.778	0.0	6.391
CIS3_YEAST	853282	CIS3	11.325	17	5	0	1.699	0.0	6.666
YPS1_YEAST	850811	YPS1	11.243	19	5	7	1.699	0.0	6.617
NIC96_YEAST	850552	NIC96	11.197	29	5	10	1.699	0.041	6.434
GRP78_YEAST	853418	KAR2	11.189	148	9	9	1.954	0.0	5.726
RPN13_YEAST	851140	RPN13	11.146	13	2	21	1.301	0.342	6.782
SC61A_YEAST	851095	SEC61	11.016	128	8	5	1.903	0.0	5.789
PST1_YEAST	851625	PST1	10.865	13	4	1	1.602	0.0	6.782
AUS1_YEAST	854175	AUS1	10.865	13	4	4	1.602	0.0	6.782
ALG1_YEAST	852407	ALG1	10.858	32	5	5	1.699	0.0	6.391
GCN20_YEAST	850561	GCN20	10.814	14	4	0	1.602	0.0	6.75
TPO1_YEAST	850631	TPO1	10.813	34	5	8	1.699	0.0	6.365
DCW1_YEAST	853820	DCW1	10.774	4	3	1	1.477	0.0	7.294
ERG3_YEAST	850745	ERG3	10.77	69	6	2	1.778	0.0	6.057
NRG1_YEAST	851613	NRG1	10.77	51	5	10	1.699	0.041	6.188
ATC6_YEAST	856681	SPF1	10.766	15	4	2	1.602	0.0	6.72
FKS1_YEAST	851055	FKS1	10.738	72	6	6	1.778	0.0	6.039
PMT2_YEAST	851210	PMT2	10.731	38	5	3	1.699	0.0	6.316
BUD8_YEAST	851067	BUD8	10.679	17	4	4	1.602	0.0	6.666
FLO1_YEAST	851289	FLO1	10.65	133	7	7	1.845	0.0	5.772
RT01_YEAST	851948	MRP1	10.639	18	4	5	1.602	0.0	6.641
SMC3_YEAST	853371	SMC3	10.637	57	2	26	1.301	0.431	6.14
USO1_YEAST	851501	USO1	10.623	44	5	6	1.699	0.0	6.253
TIP1_YEAST	852359	TIP1	10.601	19	4	0	1.602	0.0	6.617
HIP1_YEAST	853104	HIP1	10.601	19	4	1	1.602	0.0	6.617
ERD1_YEAST	852023	ERD1	10.514	6	3	2	1.477	0.0	7.118
PXA2_YEAST	853647	PXA2	10.514	6	3	4	1.477	0.0	7.118
SEC22_YEAST	850973	SEC22	10.445	56	5	7	1.699	0.0	6.148
MNN1_YEAST	856718	MNN1	10.406	59	5	5	1.699	0.0	6.125
CWP2_YEAST	853765	CWP2	10.357	27	4	2	1.602	0.0	6.465
BUD3_YEAST	850345	BUD3	10.331	28	4	7	1.602	0.0	6.449
SCW4_YEAST	853196	SCW4	10.254	9	3	0	1.477	0.0	6.942
SPA2_YEAST	850639	SPA2	10.249	73	5	5	1.699	0.0	6.033
HSP30_YEAST	850385	HSP30	10.217	33	4	3	1.602	0.0	6.377
CWP1_YEAST	853766	CWP1	10.217	33	4	2	1.602	0.0	6.377
POM34_YEAST	850705	POM34	10.186	10	3	8	1.477	0.0	6.896
GAA1_YEAST	850777	GAA1	10.186	10	3	3	1.477	0.0	6.896
GLU2A_YEAST	852530	ROT2	10.186	10	3	1	1.477	0.0	6.896
ALG11_YEAST	855679	ALG11	10.186	10	3	0	1.477	0.0	6.896
TUP1_YEAST	850445	TUP1	10.082	270	7	8	1.845	0.0	5.464
EMP47_YEAST	850496	EMP47	10.069	12	3	1	1.477	0.0	6.817
ELF1_YEAST	853697	ELF1	10.069	12	3	2	1.477	0.0	6.817
SEC7_YEAST	851748	SEC7	10.039	97	5	4	1.699	0.0	5.909
YPT1_YEAST	850505	YPT1	10.026	181	5	11	1.699	0.079	5.638
HKR1_YEAST	852030	HKR1	10.018	13	3	5	1.477	0.0	6.782
MSN1_YEAST	854033	MSN1	10.018	13	3	4	1.477	0.0	6.782
HMAL1_YEAST	850407	HMLALPHA1	10.017	100	5	3	1.699	0.0	5.896
HMAL2_YEAST	850406	HMLALPHA2	10.004	186	6	6	1.778	0.0	5.626
STS1_YEAST	854828	STS1	9.926	15	3	2	1.477	0.0	6.72
CG13_YEAST	851191	CLN3	9.893	215	6	2	1.778	0.0	5.563
VPS74_YEAST	851978	VPS74	9.885	16	3	6	1.477	0.0	6.692
VAN1_YEAST	854925	VAN1	9.885	16	3	1	1.477	0.0	6.692
MNL1_YEAST	856611	MNL1	9.885	16	3	6	1.477	0.0	6.692
GLU2B_YEAST	851807	GTB1	9.881	2	2	2	1.301	0.0	7.595
SEC20_YEAST	852109	SEC20	9.809	18	3	1	1.477	0.0	6.641
KRE1_YEAST	855394	KRE1	9.774	19	3	1	1.477	0.0	6.617
BTN2_YEAST	853043	BTN2	9.742	20	3	1	1.477	0.0	6.595
CARP_YEAST	855949	PEP4	9.737	263	6	2	1.778	0.0	5.476
RER2_YEAST	852287	RER2	9.71	21	3	1	1.477	0.0	6.574
SAG1_YEAST	853460	SAG1	9.71	21	3	5	1.477	0.0	6.574
HOG1_YEAST	850803	HOG1	9.706	432	7	6	1.845	0.0	5.26
TEC1_YEAST	852377	TEC1	9.674	72	4	9	1.602	0.0	6.039
KEX2_YEAST	855483	KEX2	9.672	286	6	1	1.778	0.0	5.439
PAU23_YEAST	850726	PAU23	9.652	3	2	3	1.301	0.0	7.419
ECM7_YEAST	851164	ECM7	9.652	3	2	5	1.301	0.0	7.419
KNH1_YEAST	851511	KNH1	9.652	3	2	0	1.301	0.0	7.419
YRR1_YEAST	854333	YRR1	9.652	23	3	0	1.477	0.0	6.534
BUD5_YEAST	850405	BUD5	9.598	25	3	2	1.477	0.0	6.498
SMI1_YEAST	853144	SMI1	9.598	25	3	0	1.477	0.0	6.498
MNN4_YEAST	853634	MNN4	9.598	25	3	0	1.477	0.0	6.498
UBI4P_YEAST	850620	UBI4	9.586	388	4	15	1.602	0.204	5.307
TAT1_YEAST	852361	TAT1	9.526	28	3	1	1.477	0.0	6.449
DATI_YEAST	854927	DAT1	9.49	4	2	0	1.301	0.0	7.294
BTN1_YEAST	853387	YHC3	9.481	30	3	2	1.477	0.0	6.419
SEC11_YEAST	854840	SEC11	9.481	30	3	0	1.477	0.0	6.419
CDC42_YEAST	850930	CDC42	9.453	380	6	9	1.778	0.0	5.316
DPM1_YEAST	856313	DPM1	9.44	32	3	0	1.477	0.0	6.391
CHS3_YEAST	852311	CHS3	9.379	110	4	3	1.602	0.0	5.855
PBN1_YEAST	850305	PBN1	9.364	5	2	0	1.301	0.0	7.197
CALX_YEAST	851241	CNE1	9.364	36	3	5	1.477	0.0	6.34
PAL1_YEAST	851949	PAL1	9.364	5	2	3	1.301	0.0	7.197
HPF1_YEAST	854010	HPF1	9.364	5	2	0	1.301	0.0	7.197
HUT1_YEAST	855832	HUT1	9.364	5	2	0	1.301	0.0	7.197
CDC25_YEAST	851019	CDC25	9.344	249	5	8	1.699	0.0	5.5
UPC2_YEAST	851799	UPC2	9.313	39	3	8	1.477	0.0	6.305
AFT1_YEAST	852809	AFT1	9.307	122	4	4	1.602	0.0	5.81
PEX7_YEAST	851720	PEX7	9.281	41	3	2	1.477	0.0	6.283
SEC18_YEAST	852372	SEC18	9.274	128	4	8	1.602	0.0	5.789
CCW14_YEAST	851107	CCW14	9.261	6	2	5	1.301	0.0	7.118
NPC1_YEAST	856101	NCR1	9.261	6	2	3	1.301	0.0	7.118
SMC1_YEAST	850540	SMC1	9.23	58	2	15	1.301	0.204	6.133
RPN11_YEAST	850554	RPN11	9.18	48	2	14	1.301	0.176	6.215
YBT1_YEAST	850678	YBT1	9.173	7	2	1	1.301	0.0	7.051
RAX2_YEAST	850773	RAX2	9.173	7	2	1	1.301	0.0	7.051
CDC20_YEAST	852762	CDC20	9.158	138	3	12	1.477	0.114	5.756
CCR4_YEAST	851212	CCR4	9.093	166	4	3	1.602	0.0	5.676
SEC13_YEAST	850905	SEC13	9.07	57	3	1	1.477	0.0	6.14
GPR1_YEAST	851527	GPR1	9.059	58	3	5	1.477	0.0	6.133
GCN4_YEAST	856709	GCN4	9.049	641	6	7	1.778	0.0	5.089
EXG1_YEAST	851007	EXG1	9.048	59	3	1	1.477	0.0	6.125
GAS2_YEAST	851056	GAS2	9.031	9	2	2	1.301	0.0	6.942
EIF3J_YEAST	850889	HCR1	8.972	10	2	8	1.301	0.0	6.896
GPI8_YEAST	851931	GPI8	8.972	10	2	0	1.301	0.0	6.896
MNS1_YEAST	853595	MNS1	8.972	10	2	1	1.301	0.0	6.896
SEC39_YEAST	851161	SEC39	8.918	11	2	4	1.301	0.0	6.855
ABP1_YEAST	850450	ABP1	8.902	74	3	2	1.477	0.0	6.027
SLG1_YEAST	854170	SLG1	8.877	77	3	1	1.477	0.0	6.009
PDR15_YEAST	852015	PDR15	8.869	12	2	0	1.301	0.0	6.817
ERF3_YEAST	851752	SUP35	8.81	513	5	4	1.699	0.0	5.186
GPB2_YEAST	851243	GPB2	8.782	14	2	4	1.301	0.0	6.75
PIR1_YEAST	853692	PIR1	8.782	14	2	1	1.301	0.0	6.75
FLO10_YEAST	853977	FLO10	8.782	14	2	2	1.301	0.0	6.75
QDR1_YEAST	854686	QDR1	8.782	14	2	0	1.301	0.0	6.75
GMT1_YEAST	852647	VRG4	8.743	15	2	1	1.301	0.0	6.72
MFA1_YEAST	852072	MFA1	8.706	16	2	4	1.301	0.0	6.692
SYA_YEAST	854513	ALA1	8.706	16	2	2	1.301	0.0	6.692
CP51_YEAST	856398	ERG11	8.69	103	3	0	1.477	0.0	5.883
KCC1_YEAST	850568	CMK1	8.672	17	2	0	1.301	0.0	6.666
DAN1_YEAST	853615	DAN1	8.672	17	2	2	1.301	0.0	6.666
PGK_YEAST	850370	PGK1	8.643	317	4	1	1.602	0.0	5.395
EF3A_YEAST	850951	YEF3	8.58	20	2	0	1.301	0.0	6.595
IMH1_YEAST	851018	IMH1	8.58	20	2	2	1.301	0.0	6.595
SWA2_YEAST	851918	SWA2	8.58	20	2	2	1.301	0.0	6.595
PMT4_YEAST	853608	PMT4	8.58	20	2	3	1.301	0.0	6.595
PP11_YEAST	851513	SIT4	8.566	125	3	2	1.477	0.0	5.799
FLR1_YEAST	852293	FLR1	8.553	21	2	0	1.301	0.0	6.574
MOT3_YEAST	855092	MOT3	8.544	34	2	10	1.301	0.041	6.365
ERD2_YEAST	852240	ERD2	8.526	22	2	2	1.301	0.0	6.554
AP1_YEAST	855005	YAP1	8.521	378	4	3	1.602	0.0	5.318
FAT1_YEAST	852329	FAT1	8.501	23	2	2	1.301	0.0	6.534
LHS1_YEAST	853789	LHS1	8.501	23	2	0	1.301	0.0	6.534
AGA1_YEAST	855780	AGA1	8.501	23	2	2	1.301	0.0	6.534
GAL1_YEAST	852308	GAL1	8.485	797	5	5	1.699	0.0	4.994
UBP6_YEAST	850562	UBP6	8.477	24	2	0	1.301	0.0	6.516
MPG1_YEAST	851504	PSA1	8.477	24	2	0	1.301	0.0	6.516
SUT1_YEAST	852714	SUT1	8.477	24	2	1	1.301	0.0	6.516
ELO2_YEAST	850400	ELO2	8.411	27	2	2	1.301	0.0	6.465
SEC4_YEAST	850543	SEC4	8.388	165	3	1	1.477	0.0	5.679
CDC50_YEAST	850456	CDC50	8.37	29	2	5	1.301	0.0	6.434
PEX19_YEAST	851494	PEX19	8.351	30	2	5	1.301	0.0	6.419
YPT32_YEAST	852662	YPT32	8.351	30	2	0	1.301	0.0	6.419
MSB2_YEAST	852897	MSB2	8.351	30	2	1	1.301	0.0	6.419
RV161_YEAST	850367	RVS161	8.297	33	2	5	1.301	0.0	6.377
PSD2_YEAST	853080	PSD2	8.297	33	2	2	1.301	0.0	6.377
CBPY_YEAST	855343	PRC1	8.297	33	2	3	1.301	0.0	6.377
STE24_YEAST	853581	STE24	8.28	34	2	1	1.301	0.0	6.365
HSP71_YEAST	851259	SSA1	8.248	205	3	5	1.477	0.0	5.584
PMA1_YEAST	852876	PMA1	8.236	209	3	3	1.477	0.0	5.576
GIN4_YEAST	852119	GIN4	8.203	39	2	2	1.301	0.0	6.305
COX4_YEAST	852688	COX4	8.189	40	2	0	1.301	0.0	6.294
CATA_YEAST	851843	CTA1	8.175	41	2	1	1.301	0.0	6.283
STT3_YEAST	852862	STT3	8.175	41	2	0	1.301	0.0	6.283
PMT1_YEAST	851462	PMT1	8.161	42	2	0	1.301	0.0	6.273
STE2_YEAST	850518	STE2	8.142	242	3	3	1.477	0.0	5.512
HEM1_YEAST	851818	HEM1	8.11	46	2	1	1.301	0.0	6.233
HMT1_YEAST	852322	HMT1	8.11	46	2	4	1.301	0.0	6.233
PEX11_YEAST	854018	PEX11	8.097	47	2	4	1.301	0.0	6.224
HMDH2_YEAST	851171	HMG2	8.063	50	2	1	1.301	0.0	6.197
PPA5_YEAST	852390	PHO5	8.06	275	3	0	1.477	0.0	5.457
ROM2_YEAST	851086	ROM2	8.051	51	2	0	1.301	0.0	6.188
SEC6_YEAST	854742	SEC6	8.051	51	2	8	1.301	0.0	6.188
PEX1_YEAST	853636	PEX1	8.04	52	2	0	1.301	0.0	6.18
SED5_YEAST	850713	SED5	8.019	54	2	4	1.301	0.0	6.164
CYPH_YEAST	851733	CPR1	8.019	54	2	3	1.301	0.0	6.164
SLT2_YEAST	856425	SLT2	8.0	302	3	4	1.477	0.0	5.416
NSP1_YEAST	853409	NSP1	7.988	57	2	2	1.301	0.0	6.14
HS104_YEAST	850633	HSP104	7.935	334	3	4	1.477	0.0	5.372
MED16_YEAST	855485	SIN4	7.932	63	2	0	1.301	0.0	6.097
SEC23_YEAST	856311	SEC23	7.906	66	2	1	1.301	0.0	6.076
UBX3_YEAST	851467	UBX3	7.896	1	1	1	1.0	0.0	7.896
NCB2_YEAST	852006	NCB2	7.896	1	1	1	1.0	0.0	7.896
SKG1_YEAST	853975	SKG1	7.896	1	1	0	1.0	0.0	7.896
GNT1_YEAST	854498	GNT1	7.896	1	1	0	1.0	0.0	7.896
RDR1_YEAST	854562	RDR1	7.896	1	1	0	1.0	0.0	7.896
MAC1_YEAST	855035	MAC1	7.881	69	2	4	1.301	0.0	6.057
HSP12_YEAST	850532	HSP12	7.864	71	2	2	1.301	0.0	6.045
PEX5_YEAST	851831	PEX5	7.864	71	2	2	1.301	0.0	6.045
IRA2_YEAST	854073	IRA2	7.849	73	2	3	1.301	0.0	6.033
SWI1_YEAST	856091	SWI1	7.833	75	2	8	1.301	0.0	6.021
LEU3_YEAST	850342	LEU2	7.785	422	3	1	1.477	0.0	5.27
FPS1_YEAST	850683	FPS1	7.712	93	2	2	1.301	0.0	5.927
FUS1_YEAST	850330	FUS1	7.688	97	2	1	1.301	0.0	5.909
FUN19_YEAST	851199	FUN19	7.595	2	1	0	1.0	0.0	7.595
GPI19_YEAST	852047	GPI19	7.595	2	1	0	1.0	0.0	7.595
GPI18_YEAST	852289	GPI18	7.595	2	1	0	1.0	0.0	7.595
YSY6_YEAST	852460	YSY6	7.595	2	1	0	1.0	0.0	7.595
RAD23_YEAST	856674	RAD23	7.558	122	2	1	1.301	0.0	5.81
PRTB_YEAST	856649	PRB1	7.554	123	2	0	1.301	0.0	5.806
SIN3_YEAST	854158	SIN3	7.549	124	2	1	1.301	0.0	5.802
GAL7_YEAST	852306	GAL7	7.473	142	2	0	1.301	0.0	5.744
ARP2_YEAST	851532	ARP2	7.438	151	2	5	1.301	0.0	5.717
SWI6_YEAST	850879	SWI6	7.434	152	2	4	1.301	0.0	5.714
COX2_YEAST	854622	COX2	7.43	153	2	1	1.301	0.0	5.711
FLC2_YEAST	851246	FLC2	7.419	3	1	1	1.0	0.0	7.419
DET1_YEAST	851621	DET1	7.419	3	1	0	1.0	0.0	7.419
LDB7_YEAST	852277	LDB7	7.419	3	1	0	1.0	0.0	7.419
TOS1_YEAST	852459	TOS1	7.419	3	1	3	1.0	0.0	7.419
MNT2_YEAST	852635	MNT2	7.419	3	1	0	1.0	0.0	7.419
GPI14_YEAST	853470	GPI14	7.419	3	1	0	1.0	0.0	7.419
NFT1_YEAST	853978	NFT1	7.419	3	1	0	1.0	0.0	7.419
MAM33_YEAST	854740	MAM33	7.419	3	1	1	1.0	0.0	7.419
MCM1_YEAST	855060	MCM1	7.364	172	2	0	1.301	0.0	5.66
GPI17_YEAST	852044	GPI17	7.294	4	1	1	1.0	0.0	7.294
RLA2_YEAST	854118	RPP2A	7.294	4	1	0	1.0	0.0	7.294
RPI1_YEAST	854687	RPI1	7.294	4	1	1	1.0	0.0	7.294
KTR7_YEAST	854724	KTR7	7.294	4	1	1	1.0	0.0	7.294
GAS3_YEAST	855255	GAS3	7.294	4	1	0	1.0	0.0	7.294
PRPD_YEAST	856108	PDH1	7.294	4	1	0	1.0	0.0	7.294
MIT1_YEAST	856711	MIT1	7.294	4	1	4	1.0	0.0	7.294
CYC8_YEAST	852410	CYC8	7.279	200	2	2	1.301	0.0	5.595
KPC1_YEAST	852169	PKC1	7.207	227	2	4	1.301	0.0	5.54
COPD_YEAST	850612	RET2	7.197	5	1	1	1.0	0.0	7.197
SPC3_YEAST	850755	SPC3	7.197	5	1	0	1.0	0.0	7.197
SNF1_YEAST	852088	SNF1	7.197	5	1	0	1.0	0.0	7.197
AKL1_YEAST	852351	AKL1	7.197	5	1	0	1.0	0.0	7.197
EFM5_YEAST	852884	EFM5	7.197	5	1	2	1.0	0.0	7.197
GLG2_YEAST	853304	GLG2	7.197	5	1	0	1.0	0.0	7.197
PDR18_YEAST	855807	PDR18	7.197	5	1	1	1.0	0.0	7.197
G6PD_YEAST	855480	ZWF1	7.192	233	2	9	1.301	0.0	5.528
GAL4_YEAST	855828	GAL4	7.156	1122	3	2	1.477	0.0	4.844
ERS1_YEAST	850438	ERS1	7.118	6	1	3	1.0	0.0	7.118
TUS1_YEAST	851145	TUS1	7.118	6	1	2	1.0	0.0	7.118
TFC3_YEAST	851262	TFC3	7.118	6	1	1	1.0	0.0	7.118
SNT2_YEAST	852746	SNT2	7.118	6	1	0	1.0	0.0	7.118
GWT1_YEAST	853354	GWT1	7.118	6	1	0	1.0	0.0	7.118
POC2_YEAST	853629	ADD66	7.118	6	1	1	1.0	0.0	7.118
TIR2_YEAST	854174	TIR2	7.118	6	1	0	1.0	0.0	7.118
SMA2_YEAST	854936	SMA2	7.118	6	1	1	1.0	0.0	7.118
SVP26_YEAST	856587	SVP26	7.118	6	1	0	1.0	0.0	7.118
SAP1_YEAST	856771	SAP1	7.118	6	1	0	1.0	0.0	7.118
LRE1_YEAST	850306	LRE1	7.051	7	1	3	1.0	0.0	7.051
KIN82_YEAST	850453	KIN82	7.051	7	1	3	1.0	0.0	7.051
GNA1_YEAST	850529	GNA1	7.051	7	1	2	1.0	0.0	7.051
NUP59_YEAST	851470	ASM4	7.051	7	1	3	1.0	0.0	7.051
NPC2_YEAST	851514	NPC2	7.051	7	1	1	1.0	0.0	7.051
COG1_YEAST	852649	COG1	7.051	7	1	2	1.0	0.0	7.051
GPG1_YEAST	852756	GPG1	7.051	7	1	1	1.0	0.0	7.051
HOC1_YEAST	853538	HOC1	7.051	7	1	0	1.0	0.0	7.051
MPD2_YEAST	854065	MPD2	7.051	7	1	1	1.0	0.0	7.051
VMR1_YEAST	856350	VMR1	7.051	7	1	0	1.0	0.0	7.051
GPI13_YEAST	850628	GPI13	6.993	8	1	1	1.0	0.0	6.993
EF1B_YEAST	851260	EFB1	6.993	8	1	4	1.0	0.0	6.993
HEH2_YEAST	852069	HEH2	6.993	8	1	0	1.0	0.0	6.993
FIT1_YEAST	852147	FIT1	6.993	8	1	2	1.0	0.0	6.993
SYS1_YEAST	853453	SYS1	6.993	8	1	2	1.0	0.0	6.993
MPCP_YEAST	853540	MIR1	6.993	8	1	2	1.0	0.0	6.993
VPS25_YEAST	853566	VPS25	6.993	8	1	1	1.0	0.0	6.993
RAX1_YEAST	854477	RAX1	6.993	8	1	1	1.0	0.0	6.993
YCP4_YEAST	850360	YCP4	6.942	9	1	0	1.0	0.0	6.942
MDN1_YEAST	850796	MDN1	6.942	9	1	2	1.0	0.0	6.942
YPS3_YEAST	850812	YPS3	6.942	9	1	0	1.0	0.0	6.942
ECM38_YEAST	851006	ECM38	6.942	9	1	0	1.0	0.0	6.942
RS26A_YEAST	852686	RPS26A	6.942	9	1	0	1.0	0.0	6.942
TRS65_YEAST	853076	TRS65	6.942	9	1	1	1.0	0.0	6.942
GCN5_YEAST	853167	GCN5	6.942	9	1	0	1.0	0.0	6.942
KRE9_YEAST	853265	KRE9	6.942	9	1	0	1.0	0.0	6.942
YUR1_YEAST	853302	YUR1	6.942	9	1	0	1.0	0.0	6.942
RUD3_YEAST	854391	RUD3	6.942	9	1	0	1.0	0.0	6.942
PCL5_YEAST	856468	PCL5	6.942	9	1	0	1.0	0.0	6.942
RAP1_YEAST	855505	RAP1	6.92	378	2	5	1.301	0.0	5.318
SYP1_YEAST	850396	SYP1	6.896	10	1	0	1.0	0.0	6.896
ARO80_YEAST	852031	ARO80	6.896	10	1	5	1.0	0.0	6.896
LSG1_YEAST	852779	LSG1	6.896	10	1	1	1.0	0.0	6.896
CAX4_YEAST	852924	CAX4	6.896	10	1	0	1.0	0.0	6.896
VTC4_YEAST	853441	VTC4	6.896	10	1	2	1.0	0.0	6.896
YPT52_YEAST	853884	YPT52	6.896	10	1	7	1.0	0.0	6.896
KTR1_YEAST	854266	KTR1	6.896	10	1	0	1.0	0.0	6.896
FOL1_YEAST	855465	FOL1	6.896	10	1	0	1.0	0.0	6.896
ALG12_YEAST	855764	ALG12	6.896	10	1	0	1.0	0.0	6.896
RSB1_YEAST	854214	RSB1	6.855	11	1	1	1.0	0.0	6.855
PDR11_YEAST	854802	PDR11	6.855	11	1	3	1.0	0.0	6.855
TAF9_YEAST	855276	TAF9	6.855	11	1	0	1.0	0.0	6.855
YGP1_YEAST	855562	YGP1	6.855	11	1	0	1.0	0.0	6.855
IPB2_YEAST	855717	PBI2	6.855	11	1	0	1.0	0.0	6.855
STB5_YEAST	856583	STB5	6.855	11	1	1	1.0	0.0	6.855
GLGB_YEAST	856705	GLC3	6.855	11	1	0	1.0	0.0	6.855
FLO9_YEAST	851236	FLO9	6.817	12	1	0	1.0	0.0	6.817
PDR10_YEAST	854506	PDR10	6.817	12	1	0	1.0	0.0	6.817
PO152_YEAST	855159	POM152	6.817	12	1	2	1.0	0.0	6.817
CSM1_YEAST	850447	CSM1	6.782	13	1	5	1.0	0.0	6.782
GEA1_YEAST	853488	GEA1	6.782	13	1	1	1.0	0.0	6.782
ALG5_YEAST	855874	ALG5	6.782	13	1	0	1.0	0.0	6.782
ZRT2_YEAST	850821	ZRT2	6.75	14	1	2	1.0	0.0	6.75
ORM2_YEAST	851064	ORM2	6.75	14	1	1	1.0	0.0	6.75
NUP60_YEAST	851263	NUP60	6.75	14	1	1	1.0	0.0	6.75
RPN5_YEAST	851408	RPN5	6.75	14	1	0	1.0	0.0	6.75
ERV14_YEAST	852826	ERV14	6.75	14	1	3	1.0	0.0	6.75
GPN1_YEAST	853535	NPA3	6.75	14	1	0	1.0	0.0	6.75
CYPB_YEAST	856454	CPR2	6.75	14	1	0	1.0	0.0	6.75
RIC1_YEAST	850728	RIC1	6.72	15	1	0	1.0	0.0	6.72
ARV1_YEAST	850943	ARV1	6.72	15	1	1	1.0	0.0	6.72
KIN3_YEAST	851273	KIN3	6.72	15	1	0	1.0	0.0	6.72
PPAB_YEAST	851299	PHO11	6.72	15	1	0	1.0	0.0	6.72
HIM1_YEAST	851915	HIM1	6.72	15	1	0	1.0	0.0	6.72
VPS3_YEAST	852106	VPS3	6.72	15	1	0	1.0	0.0	6.72
ALG2_YEAST	852815	ALG2	6.72	15	1	1	1.0	0.0	6.72
PXA1_YEAST	855956	PXA1	6.72	15	1	2	1.0	0.0	6.72
ADY2_YEAST	850368	ADY2	6.692	16	1	1	1.0	0.0	6.692
CWC26_YEAST	852701	BUD13	6.692	16	1	6	1.0	0.0	6.692
NU145_YEAST	852788	NUP145	6.692	16	1	2	1.0	0.0	6.692
PCP1_YEAST	852993	PCP1	6.692	16	1	0	1.0	0.0	6.692
NAA25_YEAST	854079	MDM20	6.692	16	1	2	1.0	0.0	6.692
ALG6_YEAST	854163	ALG6	6.692	16	1	0	1.0	0.0	6.692
PER1_YEAST	850411	PER1	6.666	17	1	0	1.0	0.0	6.666
MSP1_YEAST	852915	MSP1	6.666	17	1	0	1.0	0.0	6.666
OST2_YEAST	854270	OST2	6.666	17	1	1	1.0	0.0	6.666
SPI1_YEAST	856893	SPI1	6.666	17	1	0	1.0	0.0	6.666
AIR2_YEAST	851379	AIR2	6.641	18	1	1	1.0	0.0	6.641
EMP24_YEAST	852675	EMP24	6.641	18	1	3	1.0	0.0	6.641
LIS1_YEAST	854443	PAC1	6.641	18	1	0	1.0	0.0	6.641
GPI3_YEAST	855928	SPT14	6.641	18	1	0	1.0	0.0	6.641
PYRF_YEAST	856692	URA3	6.619	642	2	0	1.301	0.0	5.088
BOS1_YEAST	850767	BOS1	6.617	19	1	1	1.0	0.0	6.617
DPB4_YEAST	851699	DPB4	6.617	19	1	0	1.0	0.0	6.617
PPZ2_YEAST	852046	PPZ2	6.617	19	1	1	1.0	0.0	6.617
NUP49_YEAST	852703	NUP49	6.617	19	1	3	1.0	0.0	6.617
WSC3_YEAST	854046	WSC3	6.617	19	1	1	1.0	0.0	6.617
SEY1_YEAST	854336	SEY1	6.617	19	1	1	1.0	0.0	6.617
ATP11_YEAST	855401	ATP11	6.617	19	1	0	1.0	0.0	6.617
SMK1_YEAST	856167	SMK1	6.617	19	1	0	1.0	0.0	6.617
GGA2_YEAST	856508	GGA2	6.617	19	1	5	1.0	0.0	6.617
CHS5_YEAST	851041	CHS5	6.595	20	1	1	1.0	0.0	6.595
PDR16_YEAST	855490	PDR16	6.595	20	1	1	1.0	0.0	6.595
CRH2_YEAST	856671	UTR2	6.595	20	1	0	1.0	0.0	6.595
CCHL_YEAST	851192	CYC3	6.554	22	1	0	1.0	0.0	6.554
VCX1_YEAST	851429	VCX1	6.554	22	1	1	1.0	0.0	6.554
CDC1_YEAST	851763	CDC1	6.554	22	1	2	1.0	0.0	6.554
CCZ1_YEAST	852428	CCZ1	6.554	22	1	0	1.0	0.0	6.554
HIS5_YEAST	852550	HIS7	6.554	22	1	0	1.0	0.0	6.554
VMA21_YEAST	852997	VMA21	6.554	22	1	0	1.0	0.0	6.554
MCD4_YEAST	853690	MCD4	6.554	22	1	0	1.0	0.0	6.554
ARK1_YEAST	855711	ARK1	6.554	22	1	1	1.0	0.0	6.554
SRP54_YEAST	856203	SRP54	6.554	22	1	2	1.0	0.0	6.554
PGPS1_YEAST	850352	PGS1	6.534	23	1	1	1.0	0.0	6.534
LIPB_YEAST	850940	LIP2	6.534	23	1	0	1.0	0.0	6.534
AP2_YEAST	852033	CAD1	6.534	23	1	0	1.0	0.0	6.534
SAS3_YEAST	852228	SAS3	6.534	23	1	1	1.0	0.0	6.534
CBS_YEAST	853059	CYS4	6.534	23	1	0	1.0	0.0	6.534
CPT1_YEAST	855593	CPT1	6.534	23	1	1	1.0	0.0	6.534
IST2_YEAST	852382	IST2	6.516	24	1	1	1.0	0.0	6.516
THP1_YEAST	854082	THP1	6.516	24	1	0	1.0	0.0	6.516
HAA1_YEAST	856117	HAA1	6.516	24	1	1	1.0	0.0	6.516
AGP1_YEAST	850333	AGP1	6.498	25	1	0	1.0	0.0	6.498
CTH2_YEAST	850827	TIS11	6.498	25	1	1	1.0	0.0	6.498
DIG2_YEAST	852091	DIG2	6.498	25	1	0	1.0	0.0	6.498
GUP1_YEAST	852796	GUP1	6.498	25	1	1	1.0	0.0	6.498
BUD4_YEAST	853554	BUD4	6.498	25	1	2	1.0	0.0	6.498
MSS11_YEAST	855200	MSS11	6.498	25	1	1	1.0	0.0	6.498
SUR1_YEAST	856050	SUR1	6.498	25	1	0	1.0	0.0	6.498
NDC1_YEAST	854977	NDC1	6.481	26	1	3	1.0	0.0	6.481
PTR3_YEAST	850587	PTR3	6.465	27	1	1	1.0	0.0	6.465
NYV1_YEAST	850782	NYV1	6.465	27	1	2	1.0	0.0	6.465
SEC31_YEAST	851332	SEC31	6.465	27	1	0	1.0	0.0	6.465
SUB1_YEAST	855055	SUB1	6.465	27	1	3	1.0	0.0	6.465
PPID_YEAST	850914	CPR6	6.449	28	1	1	1.0	0.0	6.449
SSN2_YEAST	852053	SSN2	6.449	28	1	1	1.0	0.0	6.449
ATG3_YEAST	855741	ATG3	6.449	28	1	0	1.0	0.0	6.449
RFX1_YEAST	850873	RFX1	6.434	29	1	0	1.0	0.0	6.434
H2B1_YEAST	851810	HTB1	6.434	29	1	1	1.0	0.0	6.434
FLO5_YEAST	856618	FLO5	6.434	29	1	0	1.0	0.0	6.434
GLRX1_YEAST	850322	GRX1	6.419	30	1	1	1.0	0.0	6.419
RL10_YEAST	850764	RPL10	6.419	30	1	0	1.0	0.0	6.419
NUP2_YEAST	851048	NUP2	6.419	30	1	1	1.0	0.0	6.419
CDC73_YEAST	851136	CDC73	6.419	30	1	6	1.0	0.0	6.419
STE14_YEAST	852019	STE14	6.419	30	1	0	1.0	0.0	6.419
CDC27_YEAST	852194	CDC27	6.419	30	1	4	1.0	0.0	6.419
GLRX3_YEAST	851672	GRX3	6.405	31	1	3	1.0	0.0	6.405
ATF2_YEAST	853088	ATF2	6.405	31	1	0	1.0	0.0	6.405
SKY1_YEAST	855256	SKY1	6.405	31	1	0	1.0	0.0	6.405
SSU1_YEAST	856013	SSU1	6.405	31	1	1	1.0	0.0	6.405
SSZ1_YEAST	856461	SSZ1	6.405	31	1	1	1.0	0.0	6.405
PEP3_YEAST	850840	PEP3	6.391	32	1	0	1.0	0.0	6.391
STT4_YEAST	851014	STT4	6.391	32	1	6	1.0	0.0	6.391
GET3_YEAST	851458	GET3	6.391	32	1	2	1.0	0.0	6.391
GIS1_YEAST	851670	GIS1	6.377	33	1	1	1.0	0.0	6.377
MPS3_YEAST	853434	MPS3	6.377	33	1	2	1.0	0.0	6.377
LCB1_YEAST	855342	LCB1	6.377	33	1	3	1.0	0.0	6.377
TAF14_YEAST	855974	TAF14	6.377	33	1	4	1.0	0.0	6.377
ATC5_YEAST	856913	DNF1	6.377	33	1	4	1.0	0.0	6.377
OAF1_YEAST	851247	OAF1	6.365	34	1	1	1.0	0.0	6.365
NUP1_YEAST	854265	NUP1	6.365	34	1	0	1.0	0.0	6.365
ARR3_YEAST	856331	ARR3	6.365	34	1	1	1.0	0.0	6.365
YPT6_YEAST	850966	YPT6	6.352	35	1	1	1.0	0.0	6.352
ISU1_YEAST	855968	ISU1	6.352	35	1	2	1.0	0.0	6.352
GCS1_YEAST	851372	GCS1	6.34	36	1	0	1.0	0.0	6.34
AHP1_YEAST	850799	AHP1	6.328	37	1	0	1.0	0.0	6.328
ACS1_YEAST	851245	ACS1	6.328	37	1	0	1.0	0.0	6.328
COQ8_YEAST	852758	COQ8	6.328	37	1	2	1.0	0.0	6.328
MSS4_YEAST	851789	MSS4	6.316	38	1	0	1.0	0.0	6.316
G6PI_YEAST	852495	PGI1	6.316	38	1	0	1.0	0.0	6.316
ACOX_YEAST	852667	POX1	6.316	38	1	0	1.0	0.0	6.316
SEC2_YEAST	855449	SEC2	6.316	38	1	1	1.0	0.0	6.316
KEX1_YEAST	852670	KEX1	6.305	39	1	1	1.0	0.0	6.305
ATC2_YEAST	852878	PMC1	6.305	39	1	0	1.0	0.0	6.305
EFG1P_YEAST	853188	EFG1	6.305	39	1	3	1.0	0.0	6.305
BGL2_YEAST	853199	BGL2	6.305	39	1	0	1.0	0.0	6.305
IF5A2_YEAST	853506	ANB1	6.305	39	1	0	1.0	0.0	6.305
MIF2_YEAST	853773	MIF2	6.305	39	1	5	1.0	0.0	6.305
OSTB_YEAST	856716	WBP1	6.305	39	1	0	1.0	0.0	6.305
IPT1_YEAST	851644	IPT1	6.294	40	1	0	1.0	0.0	6.294
CRD1_YEAST	851413	CRD1	6.283	41	1	2	1.0	0.0	6.283
BAR1_YEAST	854797	BAR1	6.273	42	1	0	1.0	0.0	6.273
FAB1_YEAST	850574	FAB1	6.263	43	1	0	1.0	0.0	6.263
HMO1_YEAST	851754	HMO1	6.263	43	1	3	1.0	0.0	6.263
UBC1_YEAST	851757	UBC1	6.263	43	1	7	1.0	0.0	6.263
WSC2_YEAST	855438	WSC2	6.263	43	1	0	1.0	0.0	6.263
STE50_YEAST	850325	STE50	6.243	45	1	1	1.0	0.0	6.243
ACEA_YEAST	856794	ICL1	6.243	45	1	1	1.0	0.0	6.243
NFS1_YEAST	850343	NFS1	6.233	46	1	8	1.0	0.0	6.233
YRA1_YEAST	851988	YRA1	6.233	46	1	8	1.0	0.0	6.233
TAF1_YEAST	853191	TAF1	6.233	46	1	1	1.0	0.0	6.233
CISY2_YEAST	850361	CIT2	6.215	48	1	1	1.0	0.0	6.215
AYT1_YEAST	850663	AYT1	6.215	48	1	0	1.0	0.0	6.215
RNA15_YEAST	852838	RNA15	6.215	48	1	0	1.0	0.0	6.215
YAK1_YEAST	853300	YAK1	6.197	50	1	2	1.0	0.0	6.197
MTH1_YEAST	851870	MTH1	6.188	51	1	0	1.0	0.0	6.188
RSR1_YEAST	853056	RSR1	6.188	51	1	0	1.0	0.0	6.188
ENO1_YEAST	853169	ENO1	6.18	52	1	1	1.0	0.0	6.18
VPS10_YEAST	852264	PEP1	6.172	53	1	0	1.0	0.0	6.172
SNF7_YEAST	850712	SNF7	6.164	54	1	1	1.0	0.0	6.164
PRP11_YEAST	851518	PRP11	6.164	54	1	4	1.0	0.0	6.164
UBP4_YEAST	851641	DOA4	6.148	56	1	1	1.0	0.0	6.148
RIM15_YEAST	850511	RIM15	6.14	57	1	1	1.0	0.0	6.14
MYO1_YEAST	856418	MYO1	6.133	58	1	0	1.0	0.0	6.133
ATG9_YEAST	851406	ATG9	6.118	60	1	1	1.0	0.0	6.118
MOT1_YEAST	856023	MOT1	6.111	61	1	0	1.0	0.0	6.111
IMB1_YEAST	851061	KAP95	6.104	62	1	0	1.0	0.0	6.104
SSD1_YEAST	851887	SSD1	6.104	62	1	2	1.0	0.0	6.104
RIR3_YEAST	854744	RNR3	6.097	63	1	0	1.0	0.0	6.097
KU80_YEAST	855132	YKU80	6.097	63	1	1	1.0	0.0	6.097
PSS_YEAST	856748	CHO1	6.09	64	1	2	1.0	0.0	6.09
SPT3_YEAST	852001	SPT3	6.083	65	1	0	1.0	0.0	6.083
MAD1_YEAST	852794	MAD1	6.083	65	1	0	1.0	0.0	6.083
OXA1_YEAST	856898	OXA1	6.083	65	1	0	1.0	0.0	6.083
IRA1_YEAST	852437	IRA1	6.07	67	1	1	1.0	0.0	6.07
CDC3_YEAST	851024	CDC3	6.057	69	1	1	1.0	0.0	6.057
HSP72_YEAST	850636	SSA2	6.051	70	1	1	1.0	0.0	6.051
ZAP1_YEAST	853390	ZAP1	6.051	70	1	0	1.0	0.0	6.051
SAR1_YEAST	855883	SAR1	6.051	70	1	2	1.0	0.0	6.051
MFAL1_YEAST	855914	MF(ALPHA)1	6.039	72	1	0	1.0	0.0	6.039
MEC3_YEAST	850995	MEC3	6.033	73	1	3	1.0	0.0	6.033
BCK1_YEAST	853350	BCK1	6.027	74	1	0	1.0	0.0	6.027
UME6_YEAST	851788	UME6	6.021	75	1	0	1.0	0.0	6.021
DUN1_YEAST	851457	DUN1	6.015	76	1	2	1.0	0.0	6.015
G3P3_YEAST	853106	TDH3	6.015	76	1	0	1.0	0.0	6.015
COFI_YEAST	850676	COF1	6.009	77	1	0	1.0	0.0	6.009
ACE2_YEAST	850822	ACE2	6.009	77	1	2	1.0	0.0	6.009
PRP2_YEAST	855745	PRP2	6.004	78	1	0	1.0	0.0	6.004
RPB2_YEAST	854322	RPB2	5.993	80	1	1	1.0	0.0	5.993
SPO14_YEAST	853902	SPO14	5.977	83	1	1	1.0	0.0	5.977
UBC9_YEAST	851495	UBC9	5.972	84	1	1	1.0	0.0	5.972
KAPA_YEAST	853275	TPK1	5.972	84	1	3	1.0	0.0	5.972
REB1_YEAST	852338	REB1	5.967	85	1	0	1.0	0.0	5.967
DPOD_YEAST	851456	POL3	5.956	87	1	0	1.0	0.0	5.956
GAT1_YEAST	850523	GAT1	5.951	88	1	2	1.0	0.0	5.951
PUR7_YEAST	851272	ADE1	5.951	88	1	1	1.0	0.0	5.951
ATP6_YEAST	854601	ATP6	5.951	88	1	1	1.0	0.0	5.951
RNQ1_YEAST	850329	RNQ1	5.942	90	1	0	1.0	0.0	5.942
GSH1_YEAST	853344	GSH1	5.937	91	1	0	1.0	0.0	5.937
ASH1_YEAST	853650	ASH1	5.932	92	1	2	1.0	0.0	5.932
ERG6_YEAST	855003	ERG6	5.923	94	1	0	1.0	0.0	5.923
SLN1_YEAST	854659	SLN1	5.918	95	1	2	1.0	0.0	5.918
VPS34_YEAST	850941	VPS34	5.9	99	1	0	1.0	0.0	5.9
CDC10_YEAST	850358	CDC10	5.892	101	1	2	1.0	0.0	5.892
CDH1_YEAST	852881	CDH1	5.887	102	1	0	1.0	0.0	5.887
MED15_YEAST	854106	GAL11	5.875	105	1	0	1.0	0.0	5.875
MCM5_YEAST	850980	MCM5	5.858	109	1	1	1.0	0.0	5.858
HSF_YEAST	852806	HSF1	5.855	110	1	2	1.0	0.0	5.855
CYAA_YEAST	853452	CYR1	5.847	112	1	2	1.0	0.0	5.847
MAD2_YEAST	853422	MAD2	5.843	113	1	7	1.0	0.0	5.843
UBC3_YEAST	851624	CDC34	5.806	123	1	0	1.0	0.0	5.806
HAP1_YEAST	850958	HAP1	5.799	125	1	0	1.0	0.0	5.799
ACO1_YEAST	852825	OLE1	5.792	127	1	0	1.0	0.0	5.792
SEC14_YEAST	855103	SEC14	5.779	131	1	0	1.0	0.0	5.779
CDC4_YEAST	850539	CDC4	5.769	134	1	0	1.0	0.0	5.769
STE5_YEAST	851680	STE5	5.766	135	1	0	1.0	0.0	5.766
SECU_YEAST	851691	PDS1	5.766	135	1	1	1.0	0.0	5.766
LYS2_YEAST	852412	LYS2	5.756	138	1	0	1.0	0.0	5.756
TPS1_YEAST	852423	TPS1	5.723	149	1	0	1.0	0.0	5.723
PCNA_YEAST	852385	POL30	5.72	150	1	0	1.0	0.0	5.72
STE12_YEAST	856484	STE12	5.692	160	1	8	1.0	0.0	5.692
XRS2_YEAST	851975	XRS2	5.686	162	1	4	1.0	0.0	5.686
ABF1_YEAST	853748	ABF1	5.684	163	1	1	1.0	0.0	5.684
GCN2_YEAST	851877	GCN2	5.679	165	1	2	1.0	0.0	5.679
CDC5_YEAST	855013	CDC5	5.676	166	1	5	1.0	0.0	5.676
CALM_YEAST	852406	CMD1	5.668	169	1	0	1.0	0.0	5.668
PHO85_YEAST	856076	PHO85	5.668	169	1	2	1.0	0.0	5.668
DPOZ_YEAST	855936	REV3	5.663	171	1	0	1.0	0.0	5.663
PHO4_YEAST	850594	PHO4	5.658	173	1	0	1.0	0.0	5.658
CDC7_YEAST	851545	CDC7	5.653	175	1	0	1.0	0.0	5.653
CDC13_YEAST	851306	CDC13	5.645	178	1	0	1.0	0.0	5.645
STE11_YEAST	851076	STE11	5.643	179	1	2	1.0	0.0	5.643
CG11_YEAST	855239	CLN1	5.588	203	1	2	1.0	0.0	5.588
MAS5_YEAST	855661	YDJ1	5.578	208	1	0	1.0	0.0	5.578
ATM_YEAST	852190	TEL1	5.574	210	1	2	1.0	0.0	5.574
PUR6_YEAST	854295	ADE2	5.546	224	1	0	1.0	0.0	5.546
TRPF_YEAST	851570	TRP1	5.519	238	1	1	1.0	0.0	5.519
RSP5_YEAST	856862	RSP5	5.512	242	1	0	1.0	0.0	5.512
MSN2_YEAST	855053	MSN2	5.433	290	1	0	1.0	0.0	5.433
GAL10_YEAST	852307	GAL10	5.414	303	1	0	1.0	0.0	5.414
TBP_YEAST	856891	SPT15	5.4	313	1	2	1.0	0.0	5.4
HIS7_YEAST	854377	HIS3	5.318	378	1	2	1.0	0.0	5.318
CYC1_YEAST	853507	CYC1	5.245	447	1	0	1.0	0.0	5.245
HSP82_YEAST	855836	HSP82	5.244	448	1	0	1.0	0.0	5.244
CYB_YEAST	854583	COB	5.223	471	1	0	1.0	0.0	5.223
RAD52_YEAST	854976	RAD52	5.055	694	1	0	1.0	0.0	5.055
CDK1_YEAST	852457	CDC28	5.006	775	1	0	1.0	0.0	5.006
