Big_T	4474
Big_F	262352
UniProtKB_ID	GeneID	Gene_Name	PPS	Big_P	T+P	Citation	1+Log(T+P)	log10((Cit/yr+1)/10)	1+log10(F/T)+log10(F/P)
NDI1_YEAST	854919	NDI1	15.521	66	11	24	2.041	0.398	6.363
GAL4_YEAST	855828	GAL4	12.156	1122	13	17	2.114	0.255	5.131
VPS34_YEAST	850941	VPS34	10.815	99	4	13	1.602	0.146	6.187
SNC2_YEAST	854505	SNC2	9.863	32	3	6	1.477	0.0	6.677
KMO_YEAST	852179	BNA4	9.862	4	2	9	1.301	0.0	7.58
SSO1_YEAST	855844	SSO1	9.838	110	4	7	1.602	0.0	6.141
GBB_YEAST	854387	STE4	9.107	104	3	0	1.477	0.0	6.165
STE2_YEAST	850518	STE2	8.565	242	3	1	1.477	0.0	5.798
MYO4_YEAST	851204	MYO4	8.424	51	2	3	1.301	0.0	6.475
SPG3_YEAST	852115	SPG3	8.182	1	1	0	1.0	0.0	8.182
KAPA_YEAST	853275	TPK1	8.142	84	2	0	1.301	0.0	6.258
FUS1_YEAST	850330	FUS1	8.06	97	2	0	1.301	0.0	6.195
SODM_YEAST	856399	SOD2	7.95	118	2	2	1.301	0.0	6.11
SEC18_YEAST	852372	SEC18	7.904	128	2	0	1.301	0.0	6.075
SEC4_YEAST	850543	SEC4	7.76	165	2	0	1.301	0.0	5.965
PTH2_YEAST	852223	PTH2	7.705	3	1	0	1.0	0.0	7.705
ERFB_YEAST	850947	ERF2	7.665	20	1	12	1.0	0.114	6.881
ATG8_YEAST	852200	ATG8	7.588	224	2	0	1.301	0.0	5.832
CDC25_YEAST	851019	CDC25	7.528	249	2	8	1.301	0.0	5.786
SNT1_YEAST	850399	SNT1	7.483	5	1	0	1.0	0.0	7.483
CTL1_YEAST	855218	CTL1	7.483	5	1	0	1.0	0.0	7.483
VTA1_YEAST	850878	VTA1	7.45	19	1	11	1.0	0.079	6.904
NRG1_YEAST	851613	NRG1	7.421	51	1	13	1.0	0.146	6.475
SNT2_YEAST	852746	SNT2	7.404	6	1	0	1.0	0.0	7.404
KAD3_YEAST	856917	ADK2	7.404	6	1	0	1.0	0.0	7.404
HS104_YEAST	850633	HSP104	7.362	334	2	3	1.301	0.0	5.658
SYYC_YEAST	853097	TYS1	7.337	7	1	8	1.0	0.0	7.337
CDC42_YEAST	850930	CDC42	7.289	380	2	0	1.301	0.0	5.602
PDP1_YEAST	854257	PTC5	7.279	8	1	0	1.0	0.0	7.279
ALG12_YEAST	855764	ALG12	7.182	10	1	0	1.0	0.0	7.182
ACT_YEAST	850504	ACT1	7.14	495	2	9	1.301	0.0	5.488
VAC14_YEAST	851102	VAC14	7.068	13	1	2	1.0	0.0	7.068
SMY1_YEAST	853783	SMY1	7.006	15	1	1	1.0	0.0	7.006
NPR2_YEAST	856647	NPR2	7.006	15	1	0	1.0	0.0	7.006
GCN4_YEAST	856709	GCN4	6.993	641	2	0	1.301	0.0	5.375
VPS9_YEAST	854876	VPS9	6.978	16	1	4	1.0	0.0	6.978
SLM1_YEAST	854701	SLM1	6.952	17	1	2	1.0	0.0	6.952
RRS1_YEAST	854469	RRS1	6.927	18	1	0	1.0	0.0	6.927
COPG_YEAST	855429	SEC21	6.927	18	1	0	1.0	0.0	6.927
HIP1_YEAST	853104	HIP1	6.904	19	1	0	1.0	0.0	6.904
VATH_YEAST	856148	VMA13	6.904	19	1	0	1.0	0.0	6.904
PCL2_YEAST	851430	PCL2	6.881	20	1	1	1.0	0.0	6.881
BTN2_YEAST	853043	BTN2	6.881	20	1	0	1.0	0.0	6.881
ASE1_YEAST	854223	ASE1	6.86	21	1	1	1.0	0.0	6.86
RPC2_YEAST	854382	RET1	6.86	21	1	1	1.0	0.0	6.86
CCZ1_YEAST	852428	CCZ1	6.84	22	1	1	1.0	0.0	6.84
UBP6_YEAST	850562	UBP6	6.802	24	1	4	1.0	0.0	6.802
SOK2_YEAST	855030	SOK2	6.802	24	1	2	1.0	0.0	6.802
XBP1_YEAST	854706	XBP1	6.784	25	1	4	1.0	0.0	6.784
AKR1_YEAST	851857	AKR1	6.767	26	1	0	1.0	0.0	6.767
SKI7_YEAST	854243	SKI7	6.751	27	1	0	1.0	0.0	6.751
PUB1_YEAST	855716	PUB1	6.751	27	1	0	1.0	0.0	6.751
H2B1_YEAST	851810	HTB1	6.72	29	1	1	1.0	0.0	6.72
RL10_YEAST	850764	RPL10	6.705	30	1	0	1.0	0.0	6.705
STE14_YEAST	852019	STE14	6.705	30	1	0	1.0	0.0	6.705
STT4_YEAST	851014	STT4	6.677	32	1	0	1.0	0.0	6.677
ELP1_YEAST	851100	IKI3	6.677	32	1	2	1.0	0.0	6.677
TRNL_YEAST	853358	TRL1	6.677	32	1	0	1.0	0.0	6.677
PUT4_YEAST	854530	PUT4	6.603	38	1	0	1.0	0.0	6.603
HOS3_YEAST	855987	HOS3	6.603	38	1	1	1.0	0.0	6.603
FAB1_YEAST	850574	FAB1	6.549	43	1	1	1.0	0.0	6.549
PNC1_YEAST	852846	PNC1	6.539	44	1	3	1.0	0.0	6.539
CLH_YEAST	852666	CHC1	6.529	45	1	1	1.0	0.0	6.529
ATG12_YEAST	852518	ATG12	6.52	46	1	0	1.0	0.0	6.52
RPN11_YEAST	850554	RPN11	6.501	48	1	0	1.0	0.0	6.501
VPS33_YEAST	851112	VPS33	6.483	50	1	0	1.0	0.0	6.483
FCY1_YEAST	856175	FCY1	6.483	50	1	1	1.0	0.0	6.483
RPN10_YEAST	856607	RPN10	6.483	50	1	0	1.0	0.0	6.483
SEC6_YEAST	854742	SEC6	6.475	51	1	3	1.0	0.0	6.475
MID1_YEAST	855425	MID1	6.466	52	1	1	1.0	0.0	6.466
FAS1_YEAST	853653	FAS1	6.458	53	1	1	1.0	0.0	6.458
SEC22_YEAST	850973	SEC22	6.434	56	1	4	1.0	0.0	6.434
SNC1_YEAST	851203	SNC1	6.376	64	1	1	1.0	0.0	6.376
SAC1_YEAST	853668	SAC1	6.369	65	1	5	1.0	0.0	6.369
HDA1_YEAST	855710	HDA1	6.356	67	1	4	1.0	0.0	6.356
SEN1_YEAST	851150	SEN1	6.35	68	1	1	1.0	0.0	6.35
SPT4_YEAST	852955	SPT4	6.343	69	1	3	1.0	0.0	6.343
NDT80_YEAST	856524	NDT80	6.343	69	1	1	1.0	0.0	6.343
HSP72_YEAST	850636	SSA2	6.337	70	1	0	1.0	0.0	6.337
SAR1_YEAST	855883	SAR1	6.337	70	1	0	1.0	0.0	6.337
HXKG_YEAST	850317	GLK1	6.325	72	1	0	1.0	0.0	6.325
MPS1_YEAST	851533	MPS1	6.325	72	1	6	1.0	0.0	6.325
COFI_YEAST	850676	COF1	6.296	77	1	2	1.0	0.0	6.296
SPO14_YEAST	853902	SPO14	6.263	83	1	0	1.0	0.0	6.263
PROF_YEAST	854289	PFY1	6.253	85	1	0	1.0	0.0	6.253
RNQ1_YEAST	850329	RNQ1	6.228	90	1	6	1.0	0.0	6.228
RAD55_YEAST	851648	RAD55	6.218	92	1	1	1.0	0.0	6.218
ARF1_YEAST	851335	ARF1	6.209	94	1	4	1.0	0.0	6.209
APN1_YEAST	853746	APN1	6.182	100	1	0	1.0	0.0	6.182
CDH1_YEAST	852881	CDH1	6.174	102	1	0	1.0	0.0	6.174
PHO80_YEAST	854161	PHO80	6.157	106	1	0	1.0	0.0	6.157
FRDA_YEAST	851437	YFH1	6.145	109	1	2	1.0	0.0	6.145
UBC3_YEAST	851624	CDC34	6.092	123	1	0	1.0	0.0	6.092
SEC14_YEAST	855103	SEC14	6.065	131	1	0	1.0	0.0	6.065
SCH9_YEAST	856612	SCH9	6.058	133	1	1	1.0	0.0	6.058
RSP5_YEAST	856862	RSP5	6.038	242	1	10	1.0	0.041	5.798
GAL7_YEAST	852306	GAL7	6.03	142	1	1	1.0	0.0	6.03
MYO2_YEAST	854504	MYO2	6.027	143	1	5	1.0	0.0	6.027
COX2_YEAST	854622	COX2	5.997	153	1	0	1.0	0.0	5.997
GAL80_YEAST	854954	GAL80	5.981	159	1	2	1.0	0.0	5.981
GPA1_YEAST	856394	GPA1	5.981	159	1	1	1.0	0.0	5.981
STE12_YEAST	856484	STE12	5.978	160	1	2	1.0	0.0	5.978
INO1_YEAST	853288	INO1	5.973	162	1	0	1.0	0.0	5.973
CDC48_YEAST	851431	CDC48	5.959	167	1	0	1.0	0.0	5.959
CALM_YEAST	852406	CMD1	5.954	169	1	0	1.0	0.0	5.954
HMAL2_YEAST	850406	HMLALPHA2	5.913	186	1	1	1.0	0.0	5.913
RHO1_YEAST	856294	RHO1	5.899	192	1	0	1.0	0.0	5.899
SODC_YEAST	853568	SOD1	5.807	237	1	2	1.0	0.0	5.807
SNF2_YEAST	854465	SNF2	5.796	243	1	0	1.0	0.0	5.796
KEX2_YEAST	855483	KEX2	5.726	286	1	0	1.0	0.0	5.726
RAS2_YEAST	855625	RAS2	5.614	370	1	1	1.0	0.0	5.614
HOG1_YEAST	850803	HOG1	5.547	432	1	1	1.0	0.0	5.547
ERF3_YEAST	851752	SUP35	5.472	513	1	0	1.0	0.0	5.472
PYRF_YEAST	856692	URA3	5.374	642	1	6	1.0	0.0	5.374
CDK1_YEAST	852457	CDC28	5.292	775	1	1	1.0	0.0	5.292
GAL1_YEAST	852308	GAL1	5.281	797	1	0	1.0	0.0	5.281
