Big_T	11874
Big_F	262352
UniProtKB_ID	GeneID	Gene_Name	PPS	Big_P	T+P	Citation	1+Log(T+P)	log10((Cit/yr+1)/10)	1+log10(F/T)+log10(F/P)
NDI1_YEAST	854919	NDI1	16.011	66	11	44	2.041	0.653	5.942
SMC1_YEAST	850540	SMC1	14.221	58	5	46	1.699	0.672	5.998
SWI6_YEAST	850879	SWI6	13.511	152	11	23	2.041	0.38	5.579
SWI5_YEAST	851724	SWI5	13.335	96	7	28	1.845	0.462	5.779
SEN1_YEAST	851150	SEN1	13.068	68	5	31	1.699	0.505	5.929
CCC1_YEAST	850917	CCC1	13.04	25	7	15	1.845	0.204	6.363
CDK1_YEAST	852457	CDC28	12.567	775	10	37	2.0	0.58	4.871
SECU_YEAST	851691	PDS1	12.53	135	6	27	1.778	0.447	5.631
LYS4_YEAST	851820	LYS4	12.376	50	5	21	1.699	0.342	6.062
SET1_YEAST	856519	SET1	12.009	141	3	45	1.477	0.663	5.612
FCY1_YEAST	856175	FCY1	11.847	50	9	9	1.954	0.0	6.062
MMR1_YEAST	850887	MMR1	11.621	13	4	13	1.602	0.146	6.647
ACE2_YEAST	850822	ACE2	11.481	77	6	14	1.778	0.176	5.875
UBI4P_YEAST	850620	UBI4	11.415	388	7	22	1.845	0.362	5.172
CDC13_YEAST	851306	CDC13	11.021	178	5	19	1.699	0.301	5.511
CGR1_YEAST	852854	CGR1	10.987	8	4	0	1.602	0.0	6.858
SCC1_YEAST	851561	MCD1	10.971	103	3	26	1.477	0.431	5.748
UBC3_YEAST	851624	CDC34	10.942	123	5	16	1.699	0.23	5.671
DPO4_YEAST	850372	POL4	10.905	22	5	8	1.699	0.0	6.419
FRDA_YEAST	851437	YFH1	10.893	109	8	7	1.903	0.0	5.724
UBP6_YEAST	850562	UBP6	10.61	24	2	22	1.301	0.362	6.381
PNC1_YEAST	852846	PNC1	10.598	44	2	26	1.301	0.431	6.118
HSP71_YEAST	851259	SSA1	10.486	205	6	13	1.778	0.146	5.449
KCC1_YEAST	850568	CMK1	10.463	17	4	3	1.602	0.0	6.531
RAD3_YEAST	856918	RAD3	10.408	196	8	0	1.903	0.0	5.469
RAD2_YEAST	853174	RAD2	10.3	151	7	1	1.845	0.0	5.582
SODC_YEAST	853568	SOD1	10.25	237	8	5	1.903	0.0	5.386
RAD10_YEAST	854878	RAD10	10.15	113	6	6	1.778	0.0	5.708
RAD16_YEAST	852411	RAD16	10.095	66	5	6	1.699	0.0	5.942
ERF3_YEAST	851752	SUP35	10.08	513	9	10	1.954	0.041	5.051
EXO1_YEAST	854198	EXO1	9.957	145	2	29	1.301	0.477	5.6
DAM1_YEAST	853010	DAM1	9.75	73	3	14	1.477	0.176	5.898
ISW1_YEAST	852547	ISW1	9.703	46	3	12	1.477	0.114	6.099
HS104_YEAST	850633	HSP104	9.663	334	7	8	1.845	0.0	5.237
SGO1_YEAST	854240	SGO1	9.647	29	2	16	1.301	0.23	6.299
RPN4_YEAST	851542	RPN4	9.585	60	4	4	1.602	0.0	5.983
CDC4_YEAST	850539	CDC4	9.572	134	5	9	1.699	0.0	5.634
NRG1_YEAST	851613	NRG1	9.564	51	2	18	1.301	0.279	6.054
SAD1_YEAST	850555	SAD1	9.481	22	3	8	1.477	0.0	6.419
SSL1_YEAST	850691	SSL1	9.426	24	3	1	1.477	0.0	6.381
VPS1_YEAST	853870	VPS1	9.421	76	4	0	1.602	0.0	5.88
ACT_YEAST	850504	ACT1	9.349	495	7	8	1.845	0.0	5.067
FET3_YEAST	855080	FET3	9.342	129	3	14	1.477	0.176	5.651
RAD28_YEAST	851594	RAD28	9.314	4	2	0	1.301	0.0	7.159
HOG1_YEAST	850803	HOG1	9.114	432	6	7	1.778	0.0	5.126
IPT1_YEAST	851644	IPT1	9.098	40	3	2	1.477	0.0	6.159
FRA1_YEAST	850630	FRA1	9.085	6	2	8	1.301	0.0	6.983
CRD1_YEAST	851413	CRD1	9.082	41	3	3	1.477	0.0	6.148
TUP1_YEAST	850445	TUP1	9.055	270	5	2	1.699	0.0	5.33
ASF1_YEAST	853327	ASF1	9.053	129	4	8	1.602	0.0	5.651
HIR1_YEAST	852275	HIR1	9.052	43	3	3	1.477	0.0	6.128
RNQ1_YEAST	850329	RNQ1	9.038	90	3	11	1.477	0.079	5.807
STE50_YEAST	850325	STE50	9.022	45	3	6	1.477	0.0	6.108
HAC1_YEAST	850513	HAC1	9.006	138	4	9	1.602	0.0	5.621
CYPH_YEAST	851733	CPR1	8.905	54	3	4	1.477	0.0	6.029
INO1_YEAST	853288	INO1	8.833	162	3	12	1.477	0.114	5.552
CDC26_YEAST	850597	CDC26	8.797	10	2	9	1.301	0.0	6.761
SPT3_YEAST	852001	SPT3	8.786	65	3	6	1.477	0.0	5.948
CDC14_YEAST	850585	CDC14	8.774	227	3	13	1.477	0.146	5.405
AIP1_YEAST	855117	AIP1	8.741	22	1	22	1.0	0.362	6.419
GATA_YEAST	855338	HER2	8.694	12	2	0	1.301	0.0	6.682
GAL1_YEAST	852308	GAL1	8.641	797	6	2	1.778	0.0	4.86
TPP1_YEAST	855188	TPP1	8.607	14	2	0	1.301	0.0	6.615
DPOD_YEAST	851456	POL3	8.599	87	3	4	1.477	0.0	5.822
SEC10_YEAST	850863	SEC10	8.465	18	2	1	1.301	0.0	6.506
MTW1_YEAST	851197	MTW1	8.465	18	2	6	1.301	0.0	6.506
MCA1_YEAST	854372	MCA1	8.455	109	3	2	1.477	0.0	5.724
RAD9_YEAST	851803	RAD9	8.427	317	4	4	1.602	0.0	5.26
RAD4_YEAST	856909	RAD4	8.426	114	3	0	1.477	0.0	5.704
COT1_YEAST	854494	COT1	8.405	20	2	1	1.301	0.0	6.46
ECO1_YEAST	850584	ECO1	8.404	47	2	11	1.301	0.079	6.089
AFT1_YEAST	852809	AFT1	8.382	122	3	6	1.477	0.0	5.675
MDM10_YEAST	851223	MDM10	8.351	22	2	5	1.301	0.0	6.419
ATG1_YEAST	852695	ATG1	8.327	133	3	7	1.477	0.0	5.637
WHI2_YEAST	854208	WHI2	8.326	23	2	2	1.301	0.0	6.4
CDC20_YEAST	852762	CDC20	8.303	138	3	4	1.477	0.0	5.621
CDC42_YEAST	850930	CDC42	8.301	380	4	4	1.602	0.0	5.181
GAL7_YEAST	852306	GAL7	8.285	142	3	8	1.477	0.0	5.609
PCNA_YEAST	852385	POL30	8.25	150	3	5	1.477	0.0	5.585
VAM6_YEAST	851482	VAM6	8.235	27	2	0	1.301	0.0	6.33
PNG1_YEAST	856009	PNG1	8.235	27	2	1	1.301	0.0	6.33
RAD53_YEAST	855950	RAD53	8.217	428	4	5	1.602	0.0	5.129
CARA_YEAST	854479	CPA1	8.215	28	2	0	1.301	0.0	6.314
CDC48_YEAST	851431	CDC48	8.181	167	2	14	1.301	0.176	5.538
PEX19_YEAST	851494	PEX19	8.176	30	2	6	1.301	0.0	6.284
TYDP1_YEAST	852525	TDP1	8.157	31	2	2	1.301	0.0	6.27
APN2_YEAST	852262	APN2	8.139	32	2	1	1.301	0.0	6.256
GEF1_YEAST	853497	GEF1	8.139	32	2	0	1.301	0.0	6.256
LIF1_YEAST	852790	LIF1	8.122	33	2	1	1.301	0.0	6.243
HST2_YEAST	856092	HST2	8.089	35	2	8	1.301	0.0	6.217
VRP1_YEAST	851051	VRP1	8.057	37	2	1	1.301	0.0	6.193
RPOM_YEAST	850507	RPO41	8.042	38	2	5	1.301	0.0	6.182
ATG8_YEAST	852200	ATG8	7.993	224	3	9	1.477	0.0	5.411
VAM7_YEAST	852660	VAM7	7.972	43	2	1	1.301	0.0	6.128
SSN8_YEAST	855706	SSN8	7.972	43	2	3	1.301	0.0	6.128
PEX11_YEAST	854018	PEX11	7.922	47	2	1	1.301	0.0	6.089
RNA15_YEAST	852838	RNA15	7.91	48	2	4	1.301	0.0	6.08
RAD52_YEAST	854976	RAD52	7.882	694	4	5	1.602	0.0	4.92
MYO4_YEAST	851204	MYO4	7.876	51	2	7	1.301	0.0	6.054
SEC1_YEAST	851742	SEC1	7.865	52	2	3	1.301	0.0	6.045
SIR3_YEAST	851163	SIR3	7.852	279	3	5	1.477	0.0	5.316
SEC22_YEAST	850973	SEC22	7.823	56	2	4	1.301	0.0	6.013
DED1_YEAST	854379	DED1	7.794	59	2	5	1.301	0.0	5.99
RSP5_YEAST	856862	RSP5	7.782	242	2	13	1.301	0.146	5.377
SSD1_YEAST	851887	SSD1	7.766	62	2	2	1.301	0.0	5.969
UBX3_YEAST	851467	UBX3	7.761	1	1	1	1.0	0.0	7.761
SPG3_YEAST	852115	SPG3	7.761	1	1	0	1.0	0.0	7.761
FBRL_YEAST	851548	NOP1	7.73	66	2	9	1.301	0.0	5.942
PAT1_YEAST	850440	PAT1	7.722	67	2	4	1.301	0.0	5.935
MCM7_YEAST	852501	MCM7	7.722	67	2	9	1.301	0.0	5.935
MAC1_YEAST	855035	MAC1	7.705	69	2	8	1.301	0.0	5.922
RLM1_YEAST	856016	RLM1	7.689	71	2	1	1.301	0.0	5.91
SPT16_YEAST	852665	SPT16	7.681	72	2	4	1.301	0.0	5.904
DNM1_YEAST	850686	DNM1	7.666	74	2	1	1.301	0.0	5.892
DNLI1_YEAST	851391	CDC9	7.629	79	2	1	1.301	0.0	5.864
GSP1_YEAST	851000	GSP1	7.615	81	2	2	1.301	0.0	5.853
GAT1_YEAST	850523	GAT1	7.568	88	2	3	1.301	0.0	5.817
GAL4_YEAST	855828	GAL4	7.545	1122	4	1	1.602	0.0	4.71
ASH1_YEAST	853650	ASH1	7.543	92	2	5	1.301	0.0	5.797
FUS1_YEAST	850330	FUS1	7.513	97	2	0	1.301	0.0	5.774
MSH3_YEAST	850454	MSH3	7.507	98	2	3	1.301	0.0	5.77
HMAL1_YEAST	850407	HMLALPHA1	7.496	100	2	4	1.301	0.0	5.761
IME2_YEAST	853338	IME2	7.496	100	2	0	1.301	0.0	5.761
CP51_YEAST	856398	ERG11	7.479	103	2	1	1.301	0.0	5.748
DBF4_YEAST	851623	DBF4	7.463	106	2	2	1.301	0.0	5.736
BPH1_YEAST	850398	BPH1	7.46	2	1	0	1.0	0.0	7.46
NMA2_YEAST	852893	NMA2	7.46	2	1	6	1.0	0.0	7.46
F26_YEAST	853286	FBP26	7.46	2	1	0	1.0	0.0	7.46
RIM15_YEAST	850511	RIM15	7.389	57	1	16	1.0	0.23	6.005
GAS1_YEAST	855355	GAS1	7.36	127	2	6	1.301	0.0	5.657
KSS1_YEAST	852931	KSS1	7.347	130	2	5	1.301	0.0	5.647
IPL1_YEAST	855892	IPL1	7.339	132	2	8	1.301	0.0	5.641
GCN4_YEAST	856709	GCN4	7.318	641	3	4	1.477	0.0	4.954
PYRF_YEAST	856692	URA3	7.316	642	3	2	1.477	0.0	4.953
PDR3_YEAST	852278	PDR3	7.297	142	2	1	1.301	0.0	5.609
IRE1_YEAST	856478	IRE1	7.286	145	2	3	1.301	0.0	5.6
RMD1_YEAST	851563	RMD1	7.284	3	1	0	1.0	0.0	7.284
PTH2_YEAST	852223	PTH2	7.284	3	1	0	1.0	0.0	7.284
MDM32_YEAST	854318	MDM32	7.284	3	1	1	1.0	0.0	7.284
ARP2_YEAST	851532	ARP2	7.263	151	2	3	1.301	0.0	5.582
COX2_YEAST	854622	COX2	7.255	153	2	1	1.301	0.0	5.576
CAN1_YEAST	856646	CAN1	7.248	155	2	0	1.301	0.0	5.571
STE12_YEAST	856484	STE12	7.23	160	2	3	1.301	0.0	5.557
XRS2_YEAST	851975	XRS2	7.223	162	2	4	1.301	0.0	5.552
XRN1_YEAST	852702	XRN1	7.206	167	2	2	1.301	0.0	5.538
MCM1_YEAST	855060	MCM1	7.189	172	2	3	1.301	0.0	5.526
PHO4_YEAST	850594	PHO4	7.186	173	2	3	1.301	0.0	5.523
STE11_YEAST	851076	STE11	7.166	179	2	4	1.301	0.0	5.508
PAU5_YEAST	850524	PAU5	7.159	4	1	0	1.0	0.0	7.159
CNN1_YEAST	850607	CNN1	7.159	4	1	7	1.0	0.0	7.159
TMA10_YEAST	851037	TMA10	7.159	4	1	0	1.0	0.0	7.159
CACM_YEAST	851285	YAT1	7.159	4	1	0	1.0	0.0	7.159
KMO_YEAST	852179	BNA4	7.159	4	1	2	1.0	0.0	7.159
MMT1_YEAST	855215	MMT1	7.159	4	1	0	1.0	0.0	7.159
CG11_YEAST	855239	CLN1	7.095	203	2	6	1.301	0.0	5.454
ATM_YEAST	852190	TEL1	7.076	210	2	0	1.301	0.0	5.439
CDC45_YEAST	850793	CDC45	7.074	77	1	15	1.0	0.204	5.875
CG13_YEAST	851191	CLN3	7.063	215	2	7	1.301	0.0	5.429
RHEB_YEAST	850392	RHB1	7.062	5	1	1	1.0	0.0	7.062
GRC3_YEAST	850624	GRC3	7.062	5	1	1	1.0	0.0	7.062
TAR1_YEAST	850849	TAR1	7.062	5	1	0	1.0	0.0	7.062
RNZ_YEAST	853954	TRZ1	7.062	5	1	1	1.0	0.0	7.062
PFA4_YEAST	854159	PFA4	7.062	5	1	0	1.0	0.0	7.062
MHF2_YEAST	1466431	MHF2	7.062	5	1	1	1.0	0.0	7.062
VA0E_YEAST	2732686	VMA9	7.062	5	1	1	1.0	0.0	7.062
URE2_YEAST	855492	URE2	7.035	226	2	1	1.301	0.0	5.407
KPC1_YEAST	852169	PKC1	7.032	227	2	4	1.301	0.0	5.405
MSH2_YEAST	854063	MSH2	7.013	235	2	3	1.301	0.0	5.39
SNF2_YEAST	854465	SNF2	6.994	243	2	3	1.301	0.0	5.375
ILV6_YEAST	850348	ILV6	6.983	6	1	1	1.0	0.0	6.983
JLP1_YEAST	850669	JLP1	6.983	6	1	4	1.0	0.0	6.983
HMX1_YEAST	850902	HMX1	6.983	6	1	1	1.0	0.0	6.983
ATP10_YEAST	851109	ATP10	6.983	6	1	1	1.0	0.0	6.983
PEX22_YEAST	851244	PEX22	6.983	6	1	0	1.0	0.0	6.983
OCA6_YEAST	851639	OCA6	6.983	6	1	4	1.0	0.0	6.983
SIF2_YEAST	852399	SIF2	6.983	6	1	1	1.0	0.0	6.983
MCP1_YEAST	854403	MCP1	6.983	6	1	0	1.0	0.0	6.983
SCE1_YEAST	854590	SCEI	6.983	6	1	0	1.0	0.0	6.983
NAM9_YEAST	855585	NAM9	6.983	6	1	0	1.0	0.0	6.983
CDC25_YEAST	851019	CDC25	6.98	249	2	1	1.301	0.0	5.365
PDR5_YEAST	854324	PDR5	6.964	256	2	3	1.301	0.0	5.353
CARP_YEAST	855949	PEP4	6.949	263	2	5	1.301	0.0	5.341
CG12_YEAST	855819	CLN2	6.945	265	2	1	1.301	0.0	5.338
FET5_YEAST	850502	FET5	6.916	7	1	0	1.0	0.0	6.916
RPC10_YEAST	851615	RPC11	6.916	7	1	1	1.0	0.0	6.916
MSC2_YEAST	851786	MSC2	6.916	7	1	1	1.0	0.0	6.916
CLD1_YEAST	853007	CLD1	6.916	7	1	8	1.0	0.0	6.916
SYYC_YEAST	853097	TYS1	6.916	7	1	8	1.0	0.0	6.916
DOHH_YEAST	853534	LIA1	6.916	7	1	1	1.0	0.0	6.916
EFM4_YEAST	854746	EFM4	6.916	7	1	1	1.0	0.0	6.916
PFS2_YEAST	855399	PFS2	6.916	7	1	1	1.0	0.0	6.916
TFB4_YEAST	856169	TFB4	6.916	7	1	0	1.0	0.0	6.916
KEX2_YEAST	855483	KEX2	6.902	286	2	0	1.301	0.0	5.305
SLT2_YEAST	856425	SLT2	6.871	302	2	1	1.301	0.0	5.281
THI7_YEAST	850938	THI7	6.858	8	1	0	1.0	0.0	6.858
FKBP4_YEAST	851170	FPR4	6.858	8	1	6	1.0	0.0	6.858
SAP4_YEAST	852622	SAP4	6.858	8	1	3	1.0	0.0	6.858
GIS2_YEAST	855466	GIS2	6.858	8	1	7	1.0	0.0	6.858
PGK_YEAST	850370	PGK1	6.843	317	2	0	1.301	0.0	5.26
SGS1_YEAST	855228	SGS1	6.84	319	2	3	1.301	0.0	5.257
SDA1_YEAST	853160	SDA1	6.807	9	1	0	1.0	0.0	6.807
CARB_YEAST	853573	CPA2	6.807	9	1	0	1.0	0.0	6.807
GID8_YEAST	855166	GID8	6.807	9	1	2	1.0	0.0	6.807
UBC2_YEAST	852822	RAD6	6.802	341	2	4	1.301	0.0	5.228
MAK16_YEAST	851208	MAK16	6.761	10	1	0	1.0	0.0	6.761
GLU2A_YEAST	852530	ROT2	6.761	10	1	0	1.0	0.0	6.761
PEX2_YEAST	853219	PEX2	6.761	10	1	1	1.0	0.0	6.761
DPH2_YEAST	853643	DPH2	6.761	10	1	0	1.0	0.0	6.761
MAM1_YEAST	856843	MAM1	6.761	10	1	5	1.0	0.0	6.761
AP1_YEAST	855005	YAP1	6.744	378	2	2	1.301	0.0	5.184
SEC39_YEAST	851161	SEC39	6.72	11	1	0	1.0	0.0	6.72
RPC4_YEAST	851404	RPC53	6.72	11	1	0	1.0	0.0	6.72
COX9_YEAST	851492	COX9	6.72	11	1	0	1.0	0.0	6.72
ALK2_YEAST	852274	ALK2	6.72	11	1	0	1.0	0.0	6.72
PRM1_YEAST	855442	PRM1	6.72	11	1	1	1.0	0.0	6.72
PAC2_YEAST	856724	PAC2	6.72	11	1	1	1.0	0.0	6.72
TOR1_YEAST	853529	TOR1	6.708	155	1	15	1.0	0.204	5.571
SPP1_YEAST	855965	SPP1	6.706	21	1	10	1.0	0.041	6.439
SXM1_YEAST	852004	SXM1	6.682	12	1	0	1.0	0.0	6.682
GLYM_YEAST	852565	SHM1	6.682	12	1	1	1.0	0.0	6.682
UFD4_YEAST	853859	UFD4	6.682	12	1	0	1.0	0.0	6.682
PDR10_YEAST	854506	PDR10	6.682	12	1	0	1.0	0.0	6.682
SGE1_YEAST	856327	SGE1	6.682	12	1	1	1.0	0.0	6.682
TRXB2_YEAST	856506	TRR2	6.682	12	1	1	1.0	0.0	6.682
LEU3_YEAST	850342	LEU2	6.681	422	2	0	1.301	0.0	5.136
ATR_YEAST	852433	MEC1	6.666	434	2	2	1.301	0.0	5.123
CSM1_YEAST	850447	CSM1	6.647	13	1	5	1.0	0.0	6.647
UBR2_YEAST	850711	UBR2	6.647	13	1	1	1.0	0.0	6.647
CHA4_YEAST	850787	CHA4	6.647	13	1	0	1.0	0.0	6.647
MND1_YEAST	852692	MND1	6.647	13	1	6	1.0	0.0	6.647
TOP1_YEAST	854156	TOP1	6.647	13	1	0	1.0	0.0	6.647
RL40A_YEAST	854658	RPL40A	6.647	13	1	0	1.0	0.0	6.647
POP1_YEAST	855500	POP1	6.647	13	1	1	1.0	0.0	6.647
VAC17_YEAST	850296	VAC17	6.615	14	1	1	1.0	0.0	6.615
TAH1_YEAST	850424	TAH1	6.615	14	1	0	1.0	0.0	6.615
POP8_YEAST	852263	POP8	6.615	14	1	0	1.0	0.0	6.615
RAV1_YEAST	853490	RAV1	6.615	14	1	3	1.0	0.0	6.615
TFB3_YEAST	852071	TFB3	6.585	15	1	0	1.0	0.0	6.585
LPP1_YEAST	852114	LPP1	6.585	15	1	1	1.0	0.0	6.585
CNS1_YEAST	852452	CNS1	6.585	15	1	0	1.0	0.0	6.585
GYP1_YEAST	854236	GYP1	6.585	15	1	1	1.0	0.0	6.585
RIO1_YEAST	854286	RIO1	6.585	15	1	1	1.0	0.0	6.585
NPR2_YEAST	856647	NPR2	6.585	15	1	0	1.0	0.0	6.585
HCM1_YEAST	850429	HCM1	6.557	16	1	0	1.0	0.0	6.557
ATG10_YEAST	850684	ATG10	6.557	16	1	1	1.0	0.0	6.557
ASPG1_YEAST	851920	ASP1	6.557	16	1	1	1.0	0.0	6.557
JEM1_YEAST	853372	JEM1	6.557	16	1	2	1.0	0.0	6.557
NAR1_YEAST	855481	NAR1	6.557	16	1	0	1.0	0.0	6.557
CY1_YEAST	854231	CYT1	6.531	17	1	2	1.0	0.0	6.531
PYRE_YEAST	854865	URA5	6.531	17	1	0	1.0	0.0	6.531
GLO3_YEAST	856859	GLO3	6.531	17	1	0	1.0	0.0	6.531
MDL1_YEAST	850885	MDL1	6.506	18	1	2	1.0	0.0	6.506
TRMB_YEAST	851326	TRM8	6.506	18	1	1	1.0	0.0	6.506
ITR1_YEAST	852108	ITR1	6.506	18	1	0	1.0	0.0	6.506
PRP6_YEAST	852344	PRP6	6.506	18	1	0	1.0	0.0	6.506
GPX2_YEAST	852546	GPX2	6.506	18	1	0	1.0	0.0	6.506
FZF1_YEAST	852638	FZF1	6.506	18	1	0	1.0	0.0	6.506
IDHC_YEAST	850871	IDP2	6.483	19	1	0	1.0	0.0	6.483
VTA1_YEAST	850878	VTA1	6.483	19	1	2	1.0	0.0	6.483
SEC72_YEAST	850999	SEC72	6.483	19	1	5	1.0	0.0	6.483
MMS22_YEAST	851030	MMS22	6.483	19	1	0	1.0	0.0	6.483
THG1_YEAST	852908	THG1	6.483	19	1	1	1.0	0.0	6.483
HIP1_YEAST	853104	HIP1	6.483	19	1	0	1.0	0.0	6.483
CUL8_YEAST	853400	RTT101	6.483	19	1	0	1.0	0.0	6.483
TAZ1_YEAST	856262	TAZ1	6.483	19	1	4	1.0	0.0	6.483
CHS5_YEAST	851041	CHS5	6.46	20	1	1	1.0	0.0	6.46
SWA2_YEAST	851918	SWA2	6.46	20	1	0	1.0	0.0	6.46
RPH1_YEAST	856916	RPH1	6.46	20	1	6	1.0	0.0	6.46
PHB1_YEAST	853033	PHB1	6.439	21	1	0	1.0	0.0	6.439
ATG14_YEAST	852425	ATG14	6.419	22	1	1	1.0	0.0	6.419
VMA21_YEAST	852997	VMA21	6.419	22	1	1	1.0	0.0	6.419
SET3_YEAST	853900	SET3	6.419	22	1	2	1.0	0.0	6.419
MFT1_YEAST	854940	MFT1	6.419	22	1	0	1.0	0.0	6.419
ARK1_YEAST	855711	ARK1	6.419	22	1	1	1.0	0.0	6.419
COQ2_YEAST	855778	COQ2	6.419	22	1	0	1.0	0.0	6.419
TIM22_YEAST	851309	TIM22	6.4	23	1	0	1.0	0.0	6.4
AP2_YEAST	852033	CAD1	6.4	23	1	0	1.0	0.0	6.4
MPG1_YEAST	851504	PSA1	6.381	24	1	0	1.0	0.0	6.381
KAD2_YEAST	851812	ADK1	6.381	24	1	0	1.0	0.0	6.381
PRP5_YEAST	852539	PRP5	6.381	24	1	2	1.0	0.0	6.381
MON1_YEAST	852753	MON1	6.381	24	1	1	1.0	0.0	6.381
SDS22_YEAST	853641	SDS22	6.381	24	1	0	1.0	0.0	6.381
DOA1_YEAST	853667	DOA1	6.381	24	1	1	1.0	0.0	6.381
SLI15_YEAST	852453	SLI15	6.363	25	1	2	1.0	0.0	6.363
BUD4_YEAST	853554	BUD4	6.363	25	1	1	1.0	0.0	6.363
MNN4_YEAST	853634	MNN4	6.363	25	1	0	1.0	0.0	6.363
XBP1_YEAST	854706	XBP1	6.363	25	1	4	1.0	0.0	6.363
PDS5_YEAST	855099	PDS5	6.363	25	1	4	1.0	0.0	6.363
NEJ1_YEAST	850970	NEJ1	6.346	26	1	4	1.0	0.0	6.346
HOS2_YEAST	852681	HOS2	6.33	27	1	2	1.0	0.0	6.33
MTR2_YEAST	853649	MTR2	6.33	27	1	1	1.0	0.0	6.33
SUB1_YEAST	855055	SUB1	6.33	27	1	2	1.0	0.0	6.33
AFG3_YEAST	856737	AFG3	6.33	27	1	4	1.0	0.0	6.33
ENT2_YEAST	850903	ENT2	6.314	28	1	2	1.0	0.0	6.314
PPID_YEAST	850914	CPR6	6.314	28	1	1	1.0	0.0	6.314
CYB2_YEAST	854950	CYB2	6.314	28	1	0	1.0	0.0	6.314
NOT2_YEAST	851389	CDC36	6.299	29	1	0	1.0	0.0	6.299
H2B1_YEAST	851810	HTB1	6.299	29	1	1	1.0	0.0	6.299
RL10_YEAST	850764	RPL10	6.284	30	1	6	1.0	0.0	6.284
RUVB1_YEAST	851771	RVB1	6.284	30	1	2	1.0	0.0	6.284
HST4_YEAST	851772	HST4	6.284	30	1	3	1.0	0.0	6.284
MSB2_YEAST	852897	MSB2	6.284	30	1	4	1.0	0.0	6.284
MET22_YEAST	854090	MET22	6.284	30	1	1	1.0	0.0	6.284
PEX13_YEAST	850888	PEX13	6.27	31	1	1	1.0	0.0	6.27
BLH1_YEAST	855482	LAP3	6.27	31	1	1	1.0	0.0	6.27
HSP7Q_YEAST	851084	SSQ1	6.256	32	1	1	1.0	0.0	6.256
NSR1_YEAST	853064	NSR1	6.256	32	1	1	1.0	0.0	6.256
CYK2_YEAST	855048	HOF1	6.256	32	1	0	1.0	0.0	6.256
DPM1_YEAST	856313	DPM1	6.256	32	1	0	1.0	0.0	6.256
CG24_YEAST	850907	CLB4	6.243	33	1	7	1.0	0.0	6.243
GLE1_YEAST	851320	GLE1	6.243	33	1	0	1.0	0.0	6.243
PP4C_YEAST	851647	PPH3	6.243	33	1	5	1.0	0.0	6.243
PEX14_YEAST	852724	PEX14	6.243	33	1	4	1.0	0.0	6.243
VPS35_YEAST	853287	VPS35	6.243	33	1	0	1.0	0.0	6.243
SFL1_YEAST	854307	SFL1	6.243	33	1	1	1.0	0.0	6.243
BUL1_YEAST	855318	BUL1	6.243	33	1	0	1.0	0.0	6.243
PUF3_YEAST	850647	PUF3	6.23	34	1	1	1.0	0.0	6.23
NUP1_YEAST	854265	NUP1	6.23	34	1	2	1.0	0.0	6.23
YPT6_YEAST	850966	YPT6	6.217	35	1	3	1.0	0.0	6.217
KES1_YEAST	855958	KES1	6.217	35	1	0	1.0	0.0	6.217
STP22_YEAST	850349	STP22	6.205	36	1	0	1.0	0.0	6.205
CALX_YEAST	851241	CNE1	6.205	36	1	0	1.0	0.0	6.205
HSP42_YEAST	851751	HSP42	6.205	36	1	0	1.0	0.0	6.205
ZRC1_YEAST	855284	ZRC1	6.205	36	1	1	1.0	0.0	6.205
RLF2_YEAST	856129	RLF2	6.205	36	1	2	1.0	0.0	6.205
CHL1_YEAST	856099	CHL1	6.193	37	1	4	1.0	0.0	6.193
PMT2_YEAST	851210	PMT2	6.182	38	1	0	1.0	0.0	6.182
SHE3_YEAST	852427	SHE3	6.182	38	1	2	1.0	0.0	6.182
G6PI_YEAST	852495	PGI1	6.182	38	1	0	1.0	0.0	6.182
PSO2_YEAST	855168	PSO2	6.182	38	1	0	1.0	0.0	6.182
SKI2_YEAST	851114	SKI2	6.17	39	1	0	1.0	0.0	6.17
MIF2_YEAST	853773	MIF2	6.17	39	1	5	1.0	0.0	6.17
RL3_YEAST	854229	RPL3	6.17	39	1	1	1.0	0.0	6.17
KAR1_YEAST	855533	KAR1	6.17	39	1	0	1.0	0.0	6.17
BIK1_YEAST	850328	BIK1	6.159	40	1	0	1.0	0.0	6.159
LCD1_YEAST	852110	LCD1	6.159	40	1	0	1.0	0.0	6.159
MTR4_YEAST	853397	MTR4	6.159	40	1	2	1.0	0.0	6.159
BFA1_YEAST	853513	BFA1	6.159	40	1	0	1.0	0.0	6.159
SDHA_YEAST	853709	SDH1	6.159	40	1	1	1.0	0.0	6.159
DAL81_YEAST	854841	DAL81	6.159	40	1	0	1.0	0.0	6.159
SAS2_YEAST	855157	SAS2	6.159	40	1	2	1.0	0.0	6.159
MTF1_YEAST	855268	MTF1	6.159	40	1	0	1.0	0.0	6.159
SLX5_YEAST	851549	SLX5	6.148	41	1	2	1.0	0.0	6.148
XPOT_YEAST	853630	LOS1	6.148	41	1	7	1.0	0.0	6.148
MFA2_YEAST	855577	MFA2	6.148	41	1	0	1.0	0.0	6.148
PPR1_YEAST	850701	PPR1	6.138	42	1	0	1.0	0.0	6.138
BAS1_YEAST	853974	BAS1	6.138	42	1	0	1.0	0.0	6.138
HMO1_YEAST	851754	HMO1	6.128	43	1	0	1.0	0.0	6.128
FRE1_YEAST	850911	FRE1	6.118	44	1	0	1.0	0.0	6.118
USO1_YEAST	851501	USO1	6.118	44	1	0	1.0	0.0	6.118
REC8_YEAST	856115	REC8	6.118	44	1	6	1.0	0.0	6.118
TRX1_YEAST	850732	TRX1	6.108	45	1	0	1.0	0.0	6.108
CLH_YEAST	852666	CHC1	6.108	45	1	0	1.0	0.0	6.108
CHS1_YEAST	855529	CHS1	6.108	45	1	0	1.0	0.0	6.108
MNN9_YEAST	856057	MNN9	6.108	45	1	0	1.0	0.0	6.108
CHD1_YEAST	856911	CHD1	6.108	45	1	1	1.0	0.0	6.108
HEM1_YEAST	851818	HEM1	6.099	46	1	2	1.0	0.0	6.099
TAF1_YEAST	853191	TAF1	6.099	46	1	1	1.0	0.0	6.099
THIK_YEAST	854646	POT1	6.099	46	1	1	1.0	0.0	6.099
ESS1_YEAST	853475	ESS1	6.089	47	1	0	1.0	0.0	6.089
FIS1_YEAST	854745	FIS1	6.089	47	1	3	1.0	0.0	6.089
CISY2_YEAST	850361	CIT2	6.08	48	1	0	1.0	0.0	6.08
RPN11_YEAST	850554	RPN11	6.08	48	1	0	1.0	0.0	6.08
CGS6_YEAST	853003	CLB6	6.08	48	1	7	1.0	0.0	6.08
TEM1_YEAST	854938	TEM1	6.08	48	1	0	1.0	0.0	6.08
MAF1_YEAST	851568	MAF1	6.071	49	1	0	1.0	0.0	6.071
ORC2_YEAST	852352	ORC2	6.071	49	1	2	1.0	0.0	6.071
KC12_YEAST	855568	YCK2	6.071	49	1	0	1.0	0.0	6.071
TAT2_YEAST	854139	TAT2	6.062	50	1	4	1.0	0.0	6.062
BUD6_YEAST	851029	BUD6	6.054	51	1	1	1.0	0.0	6.054
SUM1_YEAST	851905	SUM1	6.054	51	1	0	1.0	0.0	6.054
RSR1_YEAST	853056	RSR1	6.054	51	1	0	1.0	0.0	6.054
RMAR_YEAST	854586	VAR1	6.054	51	1	0	1.0	0.0	6.054
NTH1_YEAST	851218	NTG1	6.045	52	1	2	1.0	0.0	6.045
CAK1_YEAST	850515	CAK1	6.037	53	1	0	1.0	0.0	6.037
VPS10_YEAST	852264	PEP1	6.037	53	1	0	1.0	0.0	6.037
FAS1_YEAST	853653	FAS1	6.037	53	1	2	1.0	0.0	6.037
RAD26_YEAST	853492	RAD26	6.029	54	1	0	1.0	0.0	6.029
DPOE_YEAST	855459	POL2	6.029	54	1	1	1.0	0.0	6.029
DDC1_YEAST	855907	DDC1	6.029	54	1	0	1.0	0.0	6.029
LSM1_YEAST	853318	LSM1	6.021	55	1	1	1.0	0.0	6.021
DNLI4_YEAST	854166	DNL4	6.021	55	1	6	1.0	0.0	6.021
CBF3A_YEAST	853041	CBF2	6.013	56	1	0	1.0	0.0	6.013
PAP_YEAST	853871	PAP1	6.013	56	1	6	1.0	0.0	6.013
BECN1_YEAST	855983	VPS30	6.013	56	1	0	1.0	0.0	6.013
SMC6_YEAST	851099	SMC6	6.005	57	1	3	1.0	0.0	6.005
CDC15_YEAST	851274	CDC15	6.005	57	1	7	1.0	0.0	6.005
CCH1_YEAST	853131	CCH1	6.005	57	1	1	1.0	0.0	6.005
TYSY_YEAST	854241	CDC21	6.005	57	1	0	1.0	0.0	6.005
MYO1_YEAST	856418	MYO1	5.998	58	1	0	1.0	0.0	5.998
CDH1_YEAST	852881	CDH1	5.991	102	1	10	1.0	0.041	5.753
CHS2_YEAST	852326	CHS2	5.99	59	1	1	1.0	0.0	5.99
SSK1_YEAST	850692	SSK1	5.983	60	1	2	1.0	0.0	5.983
NAP1_YEAST	853922	NAP1	5.983	60	1	3	1.0	0.0	5.983
KPYK1_YEAST	851193	CDC19	5.976	61	1	6	1.0	0.0	5.976
IMB1_YEAST	851061	KAP95	5.969	62	1	1	1.0	0.0	5.969
CBF3B_YEAST	855204	CEP3	5.969	62	1	1	1.0	0.0	5.969
RRM3_YEAST	856426	RRM3	5.969	62	1	0	1.0	0.0	5.969
MBP1_YEAST	851503	MBP1	5.962	63	1	1	1.0	0.0	5.962
SLA1_YEAST	852276	SLA1	5.962	63	1	2	1.0	0.0	5.962
RFA1_YEAST	851266	RFA1	5.948	65	1	0	1.0	0.0	5.948
BMH2_YEAST	851676	BMH2	5.948	65	1	1	1.0	0.0	5.948
MAD1_YEAST	852794	MAD1	5.948	65	1	3	1.0	0.0	5.948
FOB1_YEAST	851688	FOB1	5.935	67	1	3	1.0	0.0	5.935
RAD7_YEAST	853512	RAD7	5.935	67	1	1	1.0	0.0	5.935
PDE2_YEAST	854542	PDE2	5.935	67	1	0	1.0	0.0	5.935
HDA1_YEAST	855710	HDA1	5.935	67	1	0	1.0	0.0	5.935
POLH_YEAST	852028	RAD30	5.929	68	1	0	1.0	0.0	5.929
TIM23_YEAST	855751	TIM23	5.929	68	1	0	1.0	0.0	5.929
KAPB_YEAST	855898	TPK2	5.929	68	1	3	1.0	0.0	5.929
ERG3_YEAST	850745	ERG3	5.922	69	1	0	1.0	0.0	5.922
KTHY_YEAST	853520	CDC8	5.922	69	1	0	1.0	0.0	5.922
SMC5_YEAST	854123	SMC5	5.922	69	1	1	1.0	0.0	5.922
NDC80_YEAST	854662	NDC80	5.922	69	1	1	1.0	0.0	5.922
SAR1_YEAST	855883	SAR1	5.916	70	1	1	1.0	0.0	5.916
DPOA_YEAST	855621	POL1	5.904	72	1	0	1.0	0.0	5.904
SPA2_YEAST	850639	SPA2	5.898	73	1	1	1.0	0.0	5.898
TSA1_YEAST	854980	TSA1	5.898	73	1	0	1.0	0.0	5.898
OGG1_YEAST	854942	OGG1	5.886	75	1	0	1.0	0.0	5.886
CRZ1_YEAST	855704	CRZ1	5.886	75	1	2	1.0	0.0	5.886
DUN1_YEAST	851457	DUN1	5.88	76	1	2	1.0	0.0	5.88
RNT1_YEAST	855280	RNT1	5.875	77	1	5	1.0	0.0	5.875
ADT2_YEAST	852250	PET9	5.869	78	1	2	1.0	0.0	5.869
HPA2_YEAST	856323	HPA2	5.864	79	1	1	1.0	0.0	5.864
RPB2_YEAST	854322	RPB2	5.858	80	1	0	1.0	0.0	5.858
SET2_YEAST	853271	SET2	5.847	82	1	0	1.0	0.0	5.847
SPO14_YEAST	853902	SPO14	5.842	83	1	0	1.0	0.0	5.842
HSP60_YEAST	850963	HSP60	5.837	84	1	0	1.0	0.0	5.837
TERT_YEAST	851028	EST2	5.837	84	1	2	1.0	0.0	5.837
NOP3_YEAST	852042	NPL3	5.837	84	1	1	1.0	0.0	5.837
REB1_YEAST	852338	REB1	5.832	85	1	1	1.0	0.0	5.832
BMH1_YEAST	856924	BMH1	5.832	85	1	0	1.0	0.0	5.832
ATP6_YEAST	854601	ATP6	5.817	88	1	0	1.0	0.0	5.817
GRR1_YEAST	853552	GRR1	5.812	89	1	1	1.0	0.0	5.812
CBF1_YEAST	853523	CBF1	5.802	91	1	0	1.0	0.0	5.802
STE6_YEAST	853671	STE6	5.802	91	1	0	1.0	0.0	5.802
SKN7_YEAST	856613	SKN7	5.797	92	1	0	1.0	0.0	5.797
ARF1_YEAST	851335	ARF1	5.788	94	1	0	1.0	0.0	5.788
SLN1_YEAST	854659	SLN1	5.783	95	1	2	1.0	0.0	5.783
MUS81_YEAST	851994	MUS81	5.774	97	1	1	1.0	0.0	5.774
KU70_YEAST	855328	YKU70	5.77	98	1	2	1.0	0.0	5.77
UBC4_YEAST	852376	UBC4	5.761	100	1	0	1.0	0.0	5.761
PBS2_YEAST	853313	PBS2	5.748	103	1	2	1.0	0.0	5.748
IMA1_YEAST	855532	SRP1	5.748	103	1	1	1.0	0.0	5.748
CENPA_YEAST	853817	CSE4	5.736	106	1	0	1.0	0.0	5.736
PIF1_YEAST	854941	PIF1	5.736	106	1	3	1.0	0.0	5.736
MCM5_YEAST	850980	MCM5	5.724	109	1	1	1.0	0.0	5.724
CHS3_YEAST	852311	CHS3	5.72	110	1	0	1.0	0.0	5.72
INO2_YEAST	851701	INO2	5.712	112	1	2	1.0	0.0	5.712
STE7_YEAST	851396	STE7	5.697	116	1	0	1.0	0.0	5.697
RAD23_YEAST	856674	RAD23	5.675	122	1	1	1.0	0.0	5.675
RAD5_YEAST	850719	RAD5	5.671	123	1	0	1.0	0.0	5.671
SIN3_YEAST	854158	SIN3	5.668	124	1	1	1.0	0.0	5.668
PP11_YEAST	851513	SIT4	5.664	125	1	0	1.0	0.0	5.664
CDC24_YEAST	851190	CDC24	5.661	126	1	0	1.0	0.0	5.661
ACO1_YEAST	852825	OLE1	5.657	127	1	0	1.0	0.0	5.657
SEC18_YEAST	852372	SEC18	5.654	128	1	0	1.0	0.0	5.654
SEC14_YEAST	855103	SEC14	5.644	131	1	0	1.0	0.0	5.644
SCH9_YEAST	856612	SCH9	5.637	133	1	8	1.0	0.0	5.637
NUC1_YEAST	853222	NUC1	5.634	134	1	0	1.0	0.0	5.634
STE5_YEAST	851680	STE5	5.631	135	1	3	1.0	0.0	5.631
MYO2_YEAST	854504	MYO2	5.606	143	1	0	1.0	0.0	5.606
SWI4_YEAST	856847	SWI4	5.576	153	1	0	1.0	0.0	5.576
SIC1_YEAST	850768	SIC1	5.568	156	1	0	1.0	0.0	5.568
GLN3_YEAST	856763	GLN3	5.565	157	1	2	1.0	0.0	5.565
CDC6_YEAST	853244	CDC6	5.549	163	1	0	1.0	0.0	5.549
ABF1_YEAST	853748	ABF1	5.549	163	1	1	1.0	0.0	5.549
CCR4_YEAST	851212	CCR4	5.541	166	1	1	1.0	0.0	5.541
CDC5_YEAST	855013	CDC5	5.541	166	1	5	1.0	0.0	5.541
FLO11_YEAST	854836	FLO11	5.536	168	1	0	1.0	0.0	5.536
RAD18_YEAST	850430	RAD18	5.518	175	1	0	1.0	0.0	5.518
FEN1_YEAST	853747	RAD27	5.516	176	1	2	1.0	0.0	5.516
PDR1_YEAST	852871	PDR1	5.503	181	1	0	1.0	0.0	5.503
MAS5_YEAST	855661	YDJ1	5.443	208	1	5	1.0	0.0	5.443
PMA1_YEAST	852876	PMA1	5.441	209	1	1	1.0	0.0	5.441
CG22_YEAST	856236	CLB2	5.424	217	1	8	1.0	0.0	5.424
MIG1_YEAST	852848	MIG1	5.417	221	1	2	1.0	0.0	5.417
PUR6_YEAST	854295	ADE2	5.411	224	1	0	1.0	0.0	5.411
TRPF_YEAST	851570	TRP1	5.385	238	1	0	1.0	0.0	5.385
RPD3_YEAST	855386	RPD3	5.381	240	1	4	1.0	0.0	5.381
HIS2_YEAST	850327	HIS4	5.362	251	1	0	1.0	0.0	5.362
RAD50_YEAST	855471	RAD50	5.267	312	1	0	1.0	0.0	5.267
HIS7_YEAST	854377	HIS3	5.184	378	1	0	1.0	0.0	5.184
THDH_YEAST	856819	ILV1	5.168	391	1	0	1.0	0.0	5.168
CYC1_YEAST	853507	CYC1	5.11	447	1	0	1.0	0.0	5.11
RAD51_YEAST	856831	RAD51	4.985	597	1	0	1.0	0.0	4.985
