Big_T	2833848
Big_F	262352
UniProtKB_ID	GeneID	Gene_Name	PPS	Big_P	T+P	Citation	1+Log(T+P)	log10((Cit/yr+1)/10)	1+log10(F/T)+log10(F/P)
GCN4_YEAST	856709	GCN4	2.975	641	15	62	2.176	0.799	1.0
GCN2_YEAST	851877	GCN2	2.775	165	17	34	2.23	0.544	1.0
EI2BB_YEAST	850998	GCD7	1.778	11	6	6	1.778	0.0	1.0
FRE1_YEAST	850911	FRE1	1.699	44	5	5	1.699	0.0	1.0
DOT1_YEAST	852050	DOT1	1.653	75	3	14	1.477	0.176	1.0
FRDA_YEAST	851437	YFH1	1.602	109	4	4	1.602	0.0	1.0
EI2BD_YEAST	852974	GCD2	1.602	16	4	5	1.602	0.0	1.0
KTHY_YEAST	853520	CDC8	1.602	69	4	0	1.602	0.0	1.0
HIS7_YEAST	854377	HIS3	1.602	378	4	5	1.602	0.0	1.0
NTE1_YEAST	854943	NTE1	1.602	6	4	3	1.602	0.0	1.0
SEC14_YEAST	855103	SEC14	1.602	131	4	4	1.602	0.0	1.0
BIK1_YEAST	850328	BIK1	1.591	40	3	12	1.477	0.114	1.0
KIP3_YEAST	852655	KIP3	1.556	41	3	11	1.477	0.079	1.0
NFS1_YEAST	850343	NFS1	1.477	46	3	5	1.477	0.0	1.0
SLX4_YEAST	850826	SLX4	1.477	45	3	3	1.477	0.0	1.0
EIF3J_YEAST	850889	HCR1	1.477	10	3	8	1.477	0.0	1.0
IF2P_YEAST	851196	FUN12	1.477	13	3	4	1.477	0.0	1.0
USO1_YEAST	851501	USO1	1.477	44	3	5	1.477	0.0	1.0
ATU2_YEAST	851862	CCC2	1.477	63	3	5	1.477	0.0	1.0
SWR1_YEAST	851934	SWR1	1.477	81	3	5	1.477	0.0	1.0
SIZ1_YEAST	852018	SIZ1	1.477	47	3	5	1.477	0.0	1.0
CDK1_YEAST	852457	CDC28	1.477	775	3	8	1.477	0.0	1.0
AFT1_YEAST	852809	AFT1	1.477	122	3	9	1.477	0.0	1.0
SPT6_YEAST	853011	SPT6	1.477	70	3	0	1.477	0.0	1.0
CDC6_YEAST	853244	CDC6	1.477	163	3	0	1.477	0.0	1.0
SPT10_YEAST	853315	SPT10	1.477	43	3	5	1.477	0.0	1.0
TOK1_YEAST	853352	TOK1	1.477	38	3	3	1.477	0.0	1.0
RS5_YEAST	853587	RPS5	1.477	19	3	1	1.477	0.0	1.0
EI2BA_YEAST	853896	GCN3	1.477	31	3	3	1.477	0.0	1.0
SEN1_YEAST	851150	SEN1	1.415	68	2	12	1.301	0.114	1.0
BNI1_YEAST	855450	BNI1	1.38	135	2	11	1.301	0.079	1.0
ASE1_YEAST	854223	ASE1	1.342	21	2	10	1.301	0.041	1.0
AP1_YEAST	855005	YAP1	1.342	378	2	10	1.301	0.041	1.0
FET3_YEAST	855080	FET3	1.342	129	2	10	1.301	0.041	1.0
HIS2_YEAST	850327	HIS4	1.301	251	2	3	1.301	0.0	1.0
LEU3_YEAST	850342	LEU2	1.301	422	2	1	1.301	0.0	1.0
HOG1_YEAST	850803	HOG1	1.301	432	2	1	1.301	0.0	1.0
YPS1_YEAST	850811	YPS1	1.301	19	2	2	1.301	0.0	1.0
ACE2_YEAST	850822	ACE2	1.301	77	2	2	1.301	0.0	1.0
CDC42_YEAST	850930	CDC42	1.301	380	2	4	1.301	0.0	1.0
CG13_YEAST	851191	CLN3	1.301	215	2	2	1.301	0.0	1.0
ATC3_YEAST	851207	DRS2	1.301	60	2	2	1.301	0.0	1.0
ARF1_YEAST	851335	ARF1	1.301	94	2	6	1.301	0.0	1.0
MAF1_YEAST	851568	MAF1	1.301	49	2	4	1.301	0.0	1.0
SIR4_YEAST	851813	SIR4	1.301	231	2	2	1.301	0.0	1.0
EIF3G_YEAST	852039	TIF35	1.301	8	2	5	1.301	0.0	1.0
KPC1_YEAST	852169	PKC1	1.301	227	2	5	1.301	0.0	1.0
H2A2_YEAST	852283	HTA2	1.301	45	2	2	1.301	0.0	1.0
GAL1_YEAST	852308	GAL1	1.301	797	2	0	1.301	0.0	1.0
CDC20_YEAST	852762	CDC20	1.301	138	2	2	1.301	0.0	1.0
KCY_YEAST	853844	URA6	1.301	9	2	0	1.301	0.0	1.0
NDI1_YEAST	854919	NDI1	1.301	66	2	6	1.301	0.0	1.0
EIF3C_YEAST	855357	NIP1	1.301	18	2	9	1.301	0.0	1.0
GAL4_YEAST	855828	GAL4	1.301	1122	2	0	1.301	0.0	1.0
KAR3_YEAST	856263	KAR3	1.301	69	2	5	1.301	0.0	1.0
YAP3_YEAST	856377	YAP3	1.301	31	2	0	1.301	0.0	1.0
PROF_YEAST	854289	PFY1	1.041	85	1	10	1.0	0.041	1.0
CDC10_YEAST	850358	CDC10	1.0	101	1	0	1.0	0.0	1.0
ADY2_YEAST	850368	ADY2	1.0	16	1	0	1.0	0.0	1.0
PGK_YEAST	850370	PGK1	1.0	317	1	0	1.0	0.0	1.0
RS14A_YEAST	850397	RPS14A	1.0	31	1	2	1.0	0.0	1.0
RAD18_YEAST	850430	RAD18	1.0	175	1	6	1.0	0.0	1.0
TUP1_YEAST	850445	TUP1	1.0	270	1	0	1.0	0.0	1.0
ACT_YEAST	850504	ACT1	1.0	495	1	1	1.0	0.0	1.0
TBB_YEAST	850506	TUB2	1.0	44	1	0	1.0	0.0	1.0
PAU5_YEAST	850524	PAU5	1.0	4	1	0	1.0	0.0	1.0
CDC4_YEAST	850539	CDC4	1.0	134	1	0	1.0	0.0	1.0
SMC1_YEAST	850540	SMC1	1.0	58	1	1	1.0	0.0	1.0
CDC14_YEAST	850585	CDC14	1.0	227	1	1	1.0	0.0	1.0
SMC2_YEAST	850589	SMC2	1.0	14	1	6	1.0	0.0	1.0
FRA1_YEAST	850630	FRA1	1.0	6	1	0	1.0	0.0	1.0
RT109_YEAST	850658	RTT109	1.0	41	1	1	1.0	0.0	1.0
RL10_YEAST	850764	RPL10	1.0	30	1	0	1.0	0.0	1.0
SIC1_YEAST	850768	SIC1	1.0	156	1	1	1.0	0.0	1.0
RAX2_YEAST	850773	RAX2	1.0	7	1	0	1.0	0.0	1.0
CDC45_YEAST	850793	CDC45	1.0	77	1	0	1.0	0.0	1.0
BBP_YEAST	850807	MSL5	1.0	8	1	1	1.0	0.0	1.0
YPS3_YEAST	850812	YPS3	1.0	9	1	0	1.0	0.0	1.0
RNH2C_YEAST	850847	RNH203	1.0	5	1	2	1.0	0.0	1.0
METK1_YEAST	850877	SAM1	1.0	22	1	1	1.0	0.0	1.0
MDL1_YEAST	850885	MDL1	1.0	18	1	1	1.0	0.0	1.0
COQ9_YEAST	850898	COQ9	1.0	15	1	0	1.0	0.0	1.0
CCC1_YEAST	850917	CCC1	1.0	25	1	1	1.0	0.0	1.0
BUR2_YEAST	850923	BUR2	1.0	16	1	8	1.0	0.0	1.0
ECM22_YEAST	850928	ECM22	1.0	15	1	0	1.0	0.0	1.0
EST1_YEAST	850934	EST1	1.0	103	1	0	1.0	0.0	1.0
VPS34_YEAST	850941	VPS34	1.0	99	1	1	1.0	0.0	1.0
ARV1_YEAST	850943	ARV1	1.0	15	1	1	1.0	0.0	1.0
GYS2_YEAST	850962	GSY2	1.0	28	1	0	1.0	0.0	1.0
NEJ1_YEAST	850970	NEJ1	1.0	26	1	0	1.0	0.0	1.0
SEC22_YEAST	850973	SEC22	1.0	56	1	4	1.0	0.0	1.0
MCM5_YEAST	850980	MCM5	1.0	109	1	1	1.0	0.0	1.0
ECI1_YEAST	850990	ECI1	1.0	10	1	0	1.0	0.0	1.0
CHIT_YEAST	850992	CTS1	1.0	36	1	2	1.0	0.0	1.0
CDC3_YEAST	851024	CDC3	1.0	69	1	1	1.0	0.0	1.0
SGD1_YEAST	851049	SGD1	1.0	4	1	0	1.0	0.0	1.0
VRP1_YEAST	851051	VRP1	1.0	37	1	0	1.0	0.0	1.0
IMB1_YEAST	851061	KAP95	1.0	62	1	0	1.0	0.0	1.0
BUD8_YEAST	851067	BUD8	1.0	17	1	4	1.0	0.0	1.0
SC61A_YEAST	851095	SEC61	1.0	128	1	2	1.0	0.0	1.0
VPS33_YEAST	851112	VPS33	1.0	50	1	1	1.0	0.0	1.0
FKBP4_YEAST	851170	FPR4	1.0	8	1	0	1.0	0.0	1.0
SNC1_YEAST	851203	SNC1	1.0	64	1	4	1.0	0.0	1.0
CYS3_YEAST	851221	CYS3	1.0	34	1	0	1.0	0.0	1.0
CALX_YEAST	851241	CNE1	1.0	36	1	3	1.0	0.0	1.0
SPC72_YEAST	851250	SPC72	1.0	22	1	1	1.0	0.0	1.0
HSP71_YEAST	851259	SSA1	1.0	205	1	0	1.0	0.0	1.0
CG23_YEAST	851400	CLB3	1.0	44	1	0	1.0	0.0	1.0
PHO2_YEAST	851452	PHO2	1.0	98	1	1	1.0	0.0	1.0
BRE1_YEAST	851485	BRE1	1.0	55	1	5	1.0	0.0	1.0
LHP1_YEAST	851509	LHP1	1.0	29	1	4	1.0	0.0	1.0
NAT1_YEAST	851521	NAT1	1.0	47	1	0	1.0	0.0	1.0
ARP2_YEAST	851532	ARP2	1.0	151	1	0	1.0	0.0	1.0
MPS1_YEAST	851533	MPS1	1.0	72	1	2	1.0	0.0	1.0
CDC7_YEAST	851545	CDC7	1.0	175	1	0	1.0	0.0	1.0
MED2_YEAST	851559	MED2	1.0	21	1	4	1.0	0.0	1.0
TRPF_YEAST	851570	TRP1	1.0	238	1	0	1.0	0.0	1.0
REG1_YEAST	851592	REG1	1.0	104	1	1	1.0	0.0	1.0
RPC10_YEAST	851615	RPC11	1.0	7	1	2	1.0	0.0	1.0
PST1_YEAST	851625	PST1	1.0	13	1	0	1.0	0.0	1.0
WDR59_YEAST	851706	MTC5	1.0	1	1	0	1.0	0.0	1.0
NGG1_YEAST	851756	NGG1	1.0	52	1	2	1.0	0.0	1.0
VPS64_YEAST	851781	VPS64	1.0	5	1	7	1.0	0.0	1.0
COQ4_YEAST	851785	COQ4	1.0	19	1	0	1.0	0.0	1.0
UPC2_YEAST	851799	UPC2	1.0	39	1	4	1.0	0.0	1.0
RAD9_YEAST	851803	RAD9	1.0	317	1	5	1.0	0.0	1.0
UTP4_YEAST	851924	UTP4	1.0	3	1	3	1.0	0.0	1.0
TRXB1_YEAST	851955	TRR1	1.0	30	1	1	1.0	0.0	1.0
GGA1_YEAST	851960	GGA1	1.0	9	1	1	1.0	0.0	1.0
EAF1_YEAST	851962	EAF1	1.0	6	1	6	1.0	0.0	1.0
HPRT_YEAST	852008	HPT1	1.0	13	1	0	1.0	0.0	1.0
POLH_YEAST	852028	RAD30	1.0	68	1	3	1.0	0.0	1.0
NOP3_YEAST	852042	NPL3	1.0	84	1	2	1.0	0.0	1.0
KGUA_YEAST	852065	GUK1	1.0	29	1	0	1.0	0.0	1.0
HEH2_YEAST	852069	HEH2	1.0	8	1	0	1.0	0.0	1.0
HSP31_YEAST	852146	HSP31	1.0	22	1	0	1.0	0.0	1.0
ATM_YEAST	852190	TEL1	1.0	210	1	1	1.0	0.0	1.0
RFT1_YEAST	852261	RFT1	1.0	9	1	0	1.0	0.0	1.0
GAL7_YEAST	852306	GAL7	1.0	142	1	0	1.0	0.0	1.0
CHS3_YEAST	852311	CHS3	1.0	110	1	3	1.0	0.0	1.0
SCO2_YEAST	852312	SCO2	1.0	14	1	1	1.0	0.0	1.0
FAT1_YEAST	852329	FAT1	1.0	23	1	2	1.0	0.0	1.0
EIF3A_YEAST	852371	RPG1	1.0	24	1	4	1.0	0.0	1.0
SEC18_YEAST	852372	SEC18	1.0	128	1	0	1.0	0.0	1.0
RFC5_YEAST	852383	RFC5	1.0	19	1	3	1.0	0.0	1.0
PCNA_YEAST	852385	POL30	1.0	150	1	0	1.0	0.0	1.0
CYC8_YEAST	852410	CYC8	1.0	200	1	0	1.0	0.0	1.0
BEM1_YEAST	852499	BEM1	1.0	76	1	0	1.0	0.0	1.0
ISW1_YEAST	852547	ISW1	1.0	46	1	3	1.0	0.0	1.0
PAF1_YEAST	852582	PAF1	1.0	90	1	3	1.0	0.0	1.0
SNF5_YEAST	852592	SNF5	1.0	77	1	1	1.0	0.0	1.0
CLH_YEAST	852666	CHC1	1.0	45	1	2	1.0	0.0	1.0
HOS2_YEAST	852681	HOS2	1.0	27	1	2	1.0	0.0	1.0
LSG1_YEAST	852779	LSG1	1.0	10	1	1	1.0	0.0	1.0
ACO1_YEAST	852825	OLE1	1.0	127	1	0	1.0	0.0	1.0
HOP2_YEAST	852850	HOP2	1.0	18	1	2	1.0	0.0	1.0
PMA1_YEAST	852876	PMA1	1.0	209	1	1	1.0	0.0	1.0
GYP2_YEAST	852992	MDR1	1.0	41	1	1	1.0	0.0	1.0
DAM1_YEAST	853010	DAM1	1.0	73	1	4	1.0	0.0	1.0
RSR1_YEAST	853056	RSR1	1.0	51	1	1	1.0	0.0	1.0
PCY1_YEAST	853116	PCT1	1.0	21	1	0	1.0	0.0	1.0
TRX2_YEAST	853123	TRX2	1.0	83	1	0	1.0	0.0	1.0
TF3B_YEAST	853161	BRF1	1.0	37	1	0	1.0	0.0	1.0
COQ6_YEAST	853170	COQ6	1.0	29	1	0	1.0	0.0	1.0
TAF1_YEAST	853191	TAF1	1.0	46	1	2	1.0	0.0	1.0
BGL2_YEAST	853199	BGL2	1.0	39	1	0	1.0	0.0	1.0
CBP1_YEAST	853221	CBP1	1.0	29	1	1	1.0	0.0	1.0
SET2_YEAST	853271	SET2	1.0	82	1	0	1.0	0.0	1.0
SNA3_YEAST	853290	SNA3	1.0	12	1	1	1.0	0.0	1.0
TRM61_YEAST	853317	GCD14	1.0	21	1	3	1.0	0.0	1.0
BTN1_YEAST	853387	YHC3	1.0	30	1	0	1.0	0.0	1.0
MHP1_YEAST	853408	MHP1	1.0	4	1	0	1.0	0.0	1.0
SNX4_YEAST	853416	SNX4	1.0	17	1	2	1.0	0.0	1.0
GRP78_YEAST	853418	KAR2	1.0	148	1	1	1.0	0.0	1.0
MAD2_YEAST	853422	MAD2	1.0	113	1	0	1.0	0.0	1.0
IF2A_YEAST	853463	SUI2	1.0	12	1	1	1.0	0.0	1.0
VPS55_YEAST	853502	VPS55	1.0	3	1	1	1.0	0.0	1.0
CYC1_YEAST	853507	CYC1	1.0	447	1	0	1.0	0.0	1.0
CBF1_YEAST	853523	CBF1	1.0	91	1	4	1.0	0.0	1.0
DHOM_YEAST	853604	HOM6	1.0	21	1	0	1.0	0.0	1.0
APN1_YEAST	853746	APN1	1.0	100	1	0	1.0	0.0	1.0
FEN1_YEAST	853747	RAD27	1.0	176	1	2	1.0	0.0	1.0
NDK_YEAST	853798	YNK1	1.0	14	1	0	1.0	0.0	1.0
GPX1_YEAST	853842	GPX1	1.0	23	1	0	1.0	0.0	1.0
SWD2_YEAST	853851	SWD2	1.0	13	1	3	1.0	0.0	1.0
SPO14_YEAST	853902	SPO14	1.0	83	1	1	1.0	0.0	1.0
IF2M_YEAST	854135	IFM1	1.0	13	1	1	1.0	0.0	1.0
LPX1_YEAST	854251	LPX1	1.0	5	1	0	1.0	0.0	1.0
COQ7_YEAST	854292	CAT5	1.0	39	1	0	1.0	0.0	1.0
PUR6_YEAST	854295	ADE2	1.0	224	1	0	1.0	0.0	1.0
SPP2_YEAST	854319	SPP2	1.0	6	1	0	1.0	0.0	1.0
SMP3_YEAST	854320	SMP3	1.0	15	1	0	1.0	0.0	1.0
AB140_YEAST	854414	ABP140	1.0	13	1	2	1.0	0.0	1.0
DGAT2_YEAST	854419	DGA1	1.0	55	1	5	1.0	0.0	1.0
MOD5_YEAST	854448	MOD5	1.0	26	1	2	1.0	0.0	1.0
CARA_YEAST	854479	CPA1	1.0	28	1	3	1.0	0.0	1.0
MYO2_YEAST	854504	MYO2	1.0	143	1	0	1.0	0.0	1.0
BNR1_YEAST	854647	BNR1	1.0	43	1	4	1.0	0.0	1.0
YMD8_YEAST	854970	YMD8	1.0	2	1	0	1.0	0.0	1.0
ERG6_YEAST	855003	ERG6	1.0	94	1	0	1.0	0.0	1.0
CDC5_YEAST	855013	CDC5	1.0	166	1	5	1.0	0.0	1.0
PLB1_YEAST	855020	PLB1	1.0	20	1	0	1.0	0.0	1.0
CBF3B_YEAST	855204	CEP3	1.0	62	1	0	1.0	0.0	1.0
SGS1_YEAST	855228	SGS1	1.0	319	1	7	1.0	0.0	1.0
CG11_YEAST	855239	CLN1	1.0	203	1	2	1.0	0.0	1.0
RNA1_YEAST	855275	RNA1	1.0	55	1	5	1.0	0.0	1.0
SCS7_YEAST	855315	SCS7	1.0	14	1	1	1.0	0.0	1.0
ATM1_YEAST	855347	ATM1	1.0	40	1	0	1.0	0.0	1.0
ADH2_YEAST	855349	ADH2	1.0	186	1	2	1.0	0.0	1.0
BOR1_YEAST	855446	BOR1	1.0	9	1	0	1.0	0.0	1.0
SUI1_YEAST	855477	SUI1	1.0	20	1	3	1.0	0.0	1.0
SLA2_YEAST	855478	SLA2	1.0	98	1	0	1.0	0.0	1.0
KEX2_YEAST	855483	KEX2	1.0	286	1	0	1.0	0.0	1.0
RS3_YEAST	855543	RPS3	1.0	23	1	0	1.0	0.0	1.0
CPT1_YEAST	855593	CPT1	1.0	23	1	1	1.0	0.0	1.0
AF9_YEAST	855616	YAF9	1.0	19	1	1	1.0	0.0	1.0
VPS27_YEAST	855739	VPS27	1.0	54	1	0	1.0	0.0	1.0
ALG12_YEAST	855764	ALG12	1.0	10	1	0	1.0	0.0	1.0
ZRG17_YEAST	855775	ZRG17	1.0	3	1	0	1.0	0.0	1.0
COQ2_YEAST	855778	COQ2	1.0	22	1	0	1.0	0.0	1.0
ENG1_YEAST	855804	DSE4	1.0	12	1	3	1.0	0.0	1.0
HSP82_YEAST	855836	HSP82	1.0	448	1	5	1.0	0.0	1.0
KAR9_YEAST	855859	KAR9	1.0	56	1	0	1.0	0.0	1.0
PXA1_YEAST	855956	PXA1	1.0	15	1	2	1.0	0.0	1.0
KES1_YEAST	855958	KES1	1.0	35	1	1	1.0	0.0	1.0
HOS3_YEAST	855987	HOS3	1.0	38	1	3	1.0	0.0	1.0
DIB1_YEAST	856197	DIB1	1.0	4	1	2	1.0	0.0	1.0
RHO1_YEAST	856294	RHO1	1.0	192	1	4	1.0	0.0	1.0
ARR3_YEAST	856331	ARR3	1.0	34	1	0	1.0	0.0	1.0
IRE1_YEAST	856478	IRE1	1.0	145	1	4	1.0	0.0	1.0
SCH9_YEAST	856612	SCH9	1.0	133	1	1	1.0	0.0	1.0
BIM1_YEAST	856736	BIM1	1.0	41	1	4	1.0	0.0	1.0
CHZ1_YEAST	856752	CHZ1	1.0	8	1	1	1.0	0.0	1.0
ICP55_YEAST	856811	ICP55	1.0	45	1	0	1.0	0.0	1.0
THDH_YEAST	856819	ILV1	1.0	391	1	0	1.0	0.0	1.0
GLO3_YEAST	856859	GLO3	1.0	17	1	0	1.0	0.0	1.0
PP12_YEAST	856870	GLC7	1.0	141	1	1	1.0	0.0	1.0
BMH1_YEAST	856924	BMH1	1.0	85	1	0	1.0	0.0	1.0
