Big_T	1551
Big_F	262352
UniProtKB_ID	GeneID	Gene_Name	PPS	Big_P	T+P	Citation	1+Log(T+P)	log10((Cit/yr+1)/10)	1+log10(F/T)+log10(F/P)
HS104_YEAST	850633	HSP104	23.747	334	54	139	2.732	1.146	6.123
ERF3_YEAST	851752	SUP35	23.038	513	76	99	2.881	1.0	5.936
RNQ1_YEAST	850329	RNQ1	22.234	90	30	69	2.477	0.845	6.693
HSP42_YEAST	851751	HSP42	17.605	36	8	37	1.903	0.58	7.09
URE2_YEAST	855492	URE2	14.752	226	17	12	2.23	0.114	6.292
MAS5_YEAST	855661	YDJ1	13.135	208	7	16	1.845	0.23	6.329
HSP82_YEAST	855836	HSP82	12.939	448	8	17	1.903	0.255	5.995
HSP78_YEAST	851845	HSP78	12.48	20	5	2	1.699	0.0	7.346
MDJ1_YEAST	850530	MDJ1	12.232	28	5	2	1.699	0.0	7.2
GET3_YEAST	851458	GET3	12.195	32	3	16	1.477	0.23	7.142
ZIM17_YEAST	855406	ZIM17	12.184	11	4	2	1.602	0.0	7.605
HSP71_YEAST	851259	SSA1	12.056	205	8	4	1.903	0.0	6.335
FLO1_YEAST	851289	FLO1	12.035	133	7	6	1.845	0.0	6.523
HSP26_YEAST	852364	HSP26	11.346	93	5	8	1.699	0.0	6.678
MOT3_YEAST	855092	MOT3	10.71	34	1	31	1.0	0.505	7.115
SODC_YEAST	853568	SOD1	10.655	237	5	7	1.699	0.0	6.272
CDC48_YEAST	851431	CDC48	10.291	167	4	6	1.602	0.0	6.424
HSP7F_YEAST	855998	SSE1	10.289	48	3	8	1.477	0.0	6.965
SWI1_YEAST	856091	SWI1	10.003	75	3	3	1.477	0.0	6.772
HSP60_YEAST	850963	HSP60	9.93	84	3	8	1.477	0.0	6.722
AMN1_YEAST	852455	AMN1	9.8	13	2	1	1.301	0.0	7.533
MCA1_YEAST	854372	MCA1	9.763	109	3	2	1.477	0.0	6.609
SHR3_YEAST	851314	SHR3	9.586	19	2	5	1.301	0.0	7.368
SAN1_YEAST	851721	SAN1	9.586	19	2	6	1.301	0.0	7.368
WHI3_YEAST	855524	WHI3	9.586	19	2	1	1.301	0.0	7.368
IRE1_YEAST	856478	IRE1	9.58	145	3	7	1.477	0.0	6.485
FLO11_YEAST	854836	FLO11	9.485	168	3	8	1.477	0.0	6.421
RS3_YEAST	855543	RPS3	9.478	23	2	5	1.301	0.0	7.285
GTS1_YEAST	852694	GTS1	9.328	30	2	1	1.301	0.0	7.17
GRPE_YEAST	854407	MGE1	9.257	34	2	0	1.301	0.0	7.115
TUP1_YEAST	850445	TUP1	9.18	270	3	0	1.477	0.0	6.215
USO1_YEAST	851501	USO1	9.111	44	2	2	1.301	0.0	7.003
CCR4_YEAST	851212	CCR4	9.093	166	2	12	1.301	0.114	6.427
RIM11_YEAST	855170	RIM11	9.062	48	2	2	1.301	0.0	6.965
YME1_YEAST	856135	YME1	9.051	49	2	3	1.301	0.0	6.957
HSP77_YEAST	853503	SSC1	9.028	51	2	3	1.301	0.0	6.939
HSP12_YEAST	850532	HSP12	8.841	71	2	0	1.301	0.0	6.796
TSA1_YEAST	854980	TSA1	8.825	73	2	5	1.301	0.0	6.783
DNM1_YEAST	850686	DNM1	8.818	74	2	2	1.301	0.0	6.778
THI4_YEAST	853047	THI4	8.682	94	2	0	1.301	0.0	6.673
HSF_YEAST	852806	HSF1	8.594	110	2	3	1.301	0.0	6.605
HAC1_YEAST	850513	HAC1	8.466	138	2	0	1.301	0.0	6.507
XRN1_YEAST	852702	XRN1	8.358	167	2	5	1.301	0.0	6.424
MXR2_YEAST	850324	MXR2	8.346	2	1	1	1.0	0.0	8.346
AIM4_YEAST	852493	AIM4	8.346	2	1	0	1.0	0.0	8.346
ATG8_YEAST	852200	ATG8	8.192	224	2	2	1.301	0.0	6.296
TSR2_YEAST	851154	TSR2	8.17	3	1	3	1.0	0.0	8.17
SHE9_YEAST	852002	SHE9	8.17	3	1	1	1.0	0.0	8.17
TCM62_YEAST	852332	TCM62	8.17	3	1	0	1.0	0.0	8.17
GPI14_YEAST	853470	GPI14	8.17	3	1	0	1.0	0.0	8.17
PIN2_YEAST	854271	PIN2	8.17	3	1	2	1.0	0.0	8.17
KMO_YEAST	852179	BNA4	8.045	4	1	7	1.0	0.0	8.045
HLJ1_YEAST	855196	HLJ1	8.045	4	1	5	1.0	0.0	8.045
HUL5_YEAST	852736	HUL5	7.948	5	1	0	1.0	0.0	7.948
UBI4P_YEAST	850620	UBI4	7.881	388	2	1	1.301	0.0	6.058
KNS1_YEAST	850641	KNS1	7.869	6	1	0	1.0	0.0	7.869
LEU3_YEAST	850342	LEU2	7.833	422	2	0	1.301	0.0	6.021
HOG1_YEAST	850803	HOG1	7.821	432	2	1	1.301	0.0	6.011
MIC10_YEAST	850300	MIC10	7.802	7	1	2	1.0	0.0	7.802
SDHF3_YEAST	852123	SDH7	7.802	7	1	0	1.0	0.0	7.802
DOHH_YEAST	853534	LIA1	7.802	7	1	1	1.0	0.0	7.802
MSO1_YEAST	855785	MSO1	7.802	7	1	0	1.0	0.0	7.802
PDP1_YEAST	854257	PTC5	7.744	8	1	0	1.0	0.0	7.744
UBP14_YEAST	852349	UBP14	7.647	10	1	0	1.0	0.0	7.647
AVO1_YEAST	854076	AVO1	7.647	10	1	6	1.0	0.0	7.647
MG101_YEAST	853609	MGM101	7.605	11	1	2	1.0	0.0	7.605
ROT1_YEAST	855240	ROT1	7.605	11	1	0	1.0	0.0	7.605
GCN4_YEAST	856709	GCN4	7.598	641	2	0	1.301	0.0	5.84
FLO9_YEAST	851236	FLO9	7.568	12	1	3	1.0	0.0	7.568
HSP79_YEAST	852467	SSE2	7.568	12	1	0	1.0	0.0	7.568
GATA_YEAST	855338	HER2	7.568	12	1	2	1.0	0.0	7.568
UBR2_YEAST	850711	UBR2	7.533	13	1	3	1.0	0.0	7.533
LRG1_YEAST	851358	LRG1	7.533	13	1	0	1.0	0.0	7.533
DYL1_YEAST	852034	DYN2	7.533	13	1	1	1.0	0.0	7.533
VAC17_YEAST	850296	VAC17	7.501	14	1	3	1.0	0.0	7.501
KRE5_YEAST	854514	KRE5	7.471	15	1	0	1.0	0.0	7.471
AQY2_YEAST	850674	AQY2	7.443	16	1	0	1.0	0.0	7.443
TIM14_YEAST	850694	PAM18	7.443	16	1	2	1.0	0.0	7.443
UGO1_YEAST	852081	UGO1	7.443	16	1	0	1.0	0.0	7.443
SYA_YEAST	854513	ALA1	7.443	16	1	1	1.0	0.0	7.443
VPS24_YEAST	853825	VPS24	7.391	18	1	0	1.0	0.0	7.391
LIS1_YEAST	854443	PAC1	7.391	18	1	0	1.0	0.0	7.391
RFC5_YEAST	852383	RFC5	7.368	19	1	2	1.0	0.0	7.368
NUP49_YEAST	852703	NUP49	7.368	19	1	1	1.0	0.0	7.368
ERFB_YEAST	850947	ERF2	7.346	20	1	2	1.0	0.0	7.346
BTN2_YEAST	853043	BTN2	7.346	20	1	0	1.0	0.0	7.346
CCE1_YEAST	853858	CCE1	7.346	20	1	0	1.0	0.0	7.346
VPS36_YEAST	851135	VPS36	7.325	21	1	0	1.0	0.0	7.325
DHOM_YEAST	853604	HOM6	7.325	21	1	0	1.0	0.0	7.325
LTN1_YEAST	855289	RKR1	7.304	22	1	7	1.0	0.0	7.304
PUS1_YEAST	855889	PUS1	7.304	22	1	0	1.0	0.0	7.304
MNN10_YEAST	851832	MNN10	7.285	23	1	0	1.0	0.0	7.285
AGA1_YEAST	855780	AGA1	7.285	23	1	1	1.0	0.0	7.285
ADRX_YEAST	855824	YAH1	7.285	23	1	3	1.0	0.0	7.285
ADT3_YEAST	852380	AAC3	7.267	24	1	3	1.0	0.0	7.267
GUP1_YEAST	852796	GUP1	7.249	25	1	1	1.0	0.0	7.249
XBP1_YEAST	854706	XBP1	7.249	25	1	4	1.0	0.0	7.249
MSS11_YEAST	855200	MSS11	7.249	25	1	1	1.0	0.0	7.249
GPT_YEAST	852545	ALG7	7.232	26	1	0	1.0	0.0	7.232
MOD5_YEAST	854448	MOD5	7.232	26	1	1	1.0	0.0	7.232
PPID_YEAST	850914	CPR6	7.2	28	1	0	1.0	0.0	7.2
KGUA_YEAST	852065	GUK1	7.184	29	1	1	1.0	0.0	7.184
CKS1_YEAST	852432	CKS1	7.184	29	1	0	1.0	0.0	7.184
FLO5_YEAST	856618	FLO5	7.184	29	1	1	1.0	0.0	7.184
RL10_YEAST	850764	RPL10	7.17	30	1	6	1.0	0.0	7.17
TRXB1_YEAST	851955	TRR1	7.17	30	1	2	1.0	0.0	7.17
THRC_YEAST	850420	THR4	7.155	31	1	0	1.0	0.0	7.155
HSP7Q_YEAST	851084	SSQ1	7.142	32	1	0	1.0	0.0	7.142
PIL1_YEAST	852977	PIL1	7.142	32	1	0	1.0	0.0	7.142
SNC2_YEAST	854505	SNC2	7.142	32	1	6	1.0	0.0	7.142
VPS35_YEAST	853287	VPS35	7.128	33	1	0	1.0	0.0	7.128
CYS3_YEAST	851221	CYS3	7.115	34	1	0	1.0	0.0	7.115
YPT6_YEAST	850966	YPT6	7.103	35	1	3	1.0	0.0	7.103
MNN2_YEAST	852303	MNN2	7.103	35	1	0	1.0	0.0	7.103
AGA2_YEAST	852851	AGA2	7.09	36	1	0	1.0	0.0	7.09
ERG1_YEAST	853086	ERG1	7.09	36	1	0	1.0	0.0	7.09
TBA1_YEAST	854889	TUB1	7.09	36	1	3	1.0	0.0	7.09
DAL5_YEAST	853617	DAL5	7.079	37	1	3	1.0	0.0	7.079
DYR_YEAST	854411	DFR1	7.067	38	1	1	1.0	0.0	7.067
RDH54_YEAST	852365	RDH54	7.056	39	1	1	1.0	0.0	7.056
BGL2_YEAST	853199	BGL2	7.056	39	1	0	1.0	0.0	7.056
ATM1_YEAST	855347	ATM1	7.045	40	1	0	1.0	0.0	7.045
KAPC_YEAST	853688	TPK3	7.034	41	1	0	1.0	0.0	7.034
MFA2_YEAST	855577	MFA2	7.034	41	1	0	1.0	0.0	7.034
FZO1_YEAST	852477	FZO1	7.023	42	1	4	1.0	0.0	7.023
PFKA1_YEAST	853155	PFK1	7.023	42	1	0	1.0	0.0	7.023
CBK1_YEAST	855561	CBK1	7.023	42	1	3	1.0	0.0	7.023
CG23_YEAST	851400	CLB3	7.003	44	1	5	1.0	0.0	7.003
ICP55_YEAST	856811	ICP55	6.994	45	1	0	1.0	0.0	6.994
NFS1_YEAST	850343	NFS1	6.984	46	1	1	1.0	0.0	6.984
FIS1_YEAST	854745	FIS1	6.975	47	1	0	1.0	0.0	6.975
ERO1_YEAST	854909	ERO1	6.965	48	1	0	1.0	0.0	6.965
PCF11_YEAST	851814	PCF11	6.957	49	1	0	1.0	0.0	6.957
KC12_YEAST	855568	YCK2	6.957	49	1	0	1.0	0.0	6.957
OCH1_YEAST	852845	OCH1	6.948	50	1	1	1.0	0.0	6.948
RMAR_YEAST	854586	VAR1	6.939	51	1	0	1.0	0.0	6.939
CBF5_YEAST	850872	CBF5	6.931	52	1	2	1.0	0.0	6.931
UBR1_YEAST	853096	UBR1	6.914	54	1	5	1.0	0.0	6.914
MGM1_YEAST	854386	MGM1	6.906	55	1	3	1.0	0.0	6.906
CDC37_YEAST	851746	CDC37	6.869	60	1	1	1.0	0.0	6.869
STI1_YEAST	854192	STI1	6.861	61	1	2	1.0	0.0	6.861
IMB1_YEAST	851061	KAP95	6.854	62	1	1	1.0	0.0	6.854
OXA1_YEAST	856898	OXA1	6.834	65	1	0	1.0	0.0	6.834
PAT1_YEAST	850440	PAT1	6.821	67	1	0	1.0	0.0	6.821
SPT4_YEAST	852955	SPT4	6.808	69	1	3	1.0	0.0	6.808
HSP72_YEAST	850636	SSA2	6.802	70	1	1	1.0	0.0	6.802
SAR1_YEAST	855883	SAR1	6.802	70	1	1	1.0	0.0	6.802
ABP1_YEAST	850450	ABP1	6.778	74	1	0	1.0	0.0	6.778
SSB1_YEAST	851369	SSB1	6.766	76	1	3	1.0	0.0	6.766
ACE2_YEAST	850822	ACE2	6.76	77	1	1	1.0	0.0	6.76
UBC9_YEAST	851495	UBC9	6.722	84	1	0	1.0	0.0	6.722
KAPA_YEAST	853275	TPK1	6.722	84	1	1	1.0	0.0	6.722
PUR7_YEAST	851272	ADE1	6.702	88	1	0	1.0	0.0	6.702
CDC10_YEAST	850358	CDC10	6.642	101	1	1	1.0	0.0	6.642
CDH1_YEAST	852881	CDH1	6.638	102	1	0	1.0	0.0	6.638
REG1_YEAST	851592	REG1	6.63	104	1	1	1.0	0.0	6.63
MED15_YEAST	854106	GAL11	6.625	105	1	0	1.0	0.0	6.625
FRDA_YEAST	851437	YFH1	6.609	109	1	0	1.0	0.0	6.609
OPI1_YEAST	856366	OPI1	6.609	109	1	0	1.0	0.0	6.609
SODM_YEAST	856399	SOD2	6.575	118	1	1	1.0	0.0	6.575
ATC1_YEAST	852709	PMR1	6.564	121	1	0	1.0	0.0	6.564
AFT1_YEAST	852809	AFT1	6.56	122	1	0	1.0	0.0	6.56
PABP_YEAST	856912	PAB1	6.55	125	1	0	1.0	0.0	6.55
SC61A_YEAST	851095	SEC61	6.539	128	1	0	1.0	0.0	6.539
KSS1_YEAST	852931	KSS1	6.533	130	1	2	1.0	0.0	6.533
SCH9_YEAST	856612	SCH9	6.523	133	1	1	1.0	0.0	6.523
NUC1_YEAST	853222	NUC1	6.519	134	1	0	1.0	0.0	6.519
PDR3_YEAST	852278	PDR3	6.494	142	1	0	1.0	0.0	6.494
MYO2_YEAST	854504	MYO2	6.491	143	1	3	1.0	0.0	6.491
GRP78_YEAST	853418	KAR2	6.476	148	1	1	1.0	0.0	6.476
GLN3_YEAST	856763	GLN3	6.451	157	1	0	1.0	0.0	6.451
GPD1_YEAST	851539	GPD1	6.427	166	1	0	1.0	0.0	6.427
STE11_YEAST	851076	STE11	6.394	179	1	0	1.0	0.0	6.394
CYC8_YEAST	852410	CYC8	6.345	200	1	0	1.0	0.0	6.345
PMA1_YEAST	852876	PMA1	6.327	209	1	0	1.0	0.0	6.327
KPC1_YEAST	852169	PKC1	6.29	227	1	0	1.0	0.0	6.29
TRPF_YEAST	851570	TRP1	6.27	238	1	0	1.0	0.0	6.27
CARP_YEAST	855949	PEP4	6.227	263	1	0	1.0	0.0	6.227
SIR3_YEAST	851163	SIR3	6.201	279	1	0	1.0	0.0	6.201
INV2_YEAST	854644	SUC2	6.198	281	1	0	1.0	0.0	6.198
GAL10_YEAST	852307	GAL10	6.165	303	1	0	1.0	0.0	6.165
PGK_YEAST	850370	PGK1	6.145	317	1	0	1.0	0.0	6.145
AP1_YEAST	855005	YAP1	6.069	378	1	2	1.0	0.0	6.069
CDC42_YEAST	850930	CDC42	6.067	380	1	0	1.0	0.0	6.067
THDH_YEAST	856819	ILV1	6.054	391	1	0	1.0	0.0	6.054
ACT_YEAST	850504	ACT1	5.952	495	1	0	1.0	0.0	5.952
RAD52_YEAST	854976	RAD52	5.805	694	1	1	1.0	0.0	5.805
CDK1_YEAST	852457	CDC28	5.757	775	1	0	1.0	0.0	5.757
