Big_T	778
Big_F	262352
UniProtKB_ID	GeneID	Gene_Name	PPS	Big_P	T+P	Citation	1+Log(T+P)	log10((Cit/yr+1)/10)	1+log10(F/T)+log10(F/P)
STE50_YEAST	850325	STE50	9.489	45	2	2	1.301	0.0	7.293
IME2_YEAST	853338	IME2	9.038	100	2	3	1.301	0.0	6.946
UBI4P_YEAST	850620	UBI4	8.271	388	2	8	1.301	0.0	6.358
CUL3_YEAST	852886	CUL3	8.043	8	1	1	1.0	0.0	8.043
PRM1_YEAST	855442	PRM1	7.905	11	1	3	1.0	0.0	7.905
CSM1_YEAST	850447	CSM1	7.833	13	1	0	1.0	0.0	7.833
CY1_YEAST	854231	CYT1	7.716	17	1	0	1.0	0.0	7.716
GAL4_YEAST	855828	GAL4	7.67	1122	2	3	1.301	0.0	5.895
NUP49_YEAST	852703	NUP49	7.668	19	1	1	1.0	0.0	7.668
STP22_YEAST	850349	STP22	7.39	36	1	0	1.0	0.0	7.39
CHIT_YEAST	850992	CTS1	7.39	36	1	1	1.0	0.0	7.39
KSS1_YEAST	852931	KSS1	7.374	130	1	11	1.0	0.079	6.833
SPT2_YEAST	856908	SPT2	7.344	40	1	2	1.0	0.0	7.344
NAH1_YEAST	850829	NHA1	7.265	48	1	4	1.0	0.0	7.265
GBLP_YEAST	855143	ASC1	7.265	48	1	0	1.0	0.0	7.265
SNF7_YEAST	850712	SNF7	7.214	54	1	0	1.0	0.0	7.214
RIM15_YEAST	850511	RIM15	7.191	57	1	1	1.0	0.0	7.191
BCK1_YEAST	853350	BCK1	7.077	74	1	1	1.0	0.0	7.077
MAN1_YEAST	852721	AMS1	7.06	77	1	0	1.0	0.0	7.06
SLG1_YEAST	854170	SLG1	7.06	77	1	2	1.0	0.0	7.06
FUS1_YEAST	850330	FUS1	6.96	97	1	0	1.0	0.0	6.96
RAD57_YEAST	851567	RAD57	6.921	106	1	3	1.0	0.0	6.921
STE7_YEAST	851396	STE7	6.882	116	1	6	1.0	0.0	6.882
IME1_YEAST	853556	IME1	6.878	117	1	2	1.0	0.0	6.878
RPB1_YEAST	851415	RPO21	6.813	136	1	1	1.0	0.0	6.813
GPA1_YEAST	856394	GPA1	6.745	159	1	0	1.0	0.0	6.745
STE11_YEAST	851076	STE11	6.693	179	1	0	1.0	0.0	6.693
TUP1_YEAST	850445	TUP1	6.515	270	1	1	1.0	0.0	6.515
SIR3_YEAST	851163	SIR3	6.501	279	1	1	1.0	0.0	6.501
UBC2_YEAST	852822	RAD6	6.414	341	1	0	1.0	0.0	6.414
HIS7_YEAST	854377	HIS3	6.369	378	1	0	1.0	0.0	6.369
CDC42_YEAST	850930	CDC42	6.366	380	1	1	1.0	0.0	6.366
THDH_YEAST	856819	ILV1	6.354	391	1	0	1.0	0.0	6.354
RAD52_YEAST	854976	RAD52	6.105	694	1	0	1.0	0.0	6.105
GAL1_YEAST	852308	GAL1	6.045	797	1	0	1.0	0.0	6.045
