Big_T	3344
Big_F	262352
UniProtKB_ID	GeneID	Gene_Name	PPS	Big_P	T+P	Citation	1+Log(T+P)	log10((Cit/yr+1)/10)	1+log10(F/T)+log10(F/P)
FHP_YEAST	853149	YHB1	13.018	18	7	3	1.845	0.0	7.056
PSB1_YEAST	853456	PRE3	12.243	15	2	25	1.301	0.415	7.135
NDH2_YEAST	851474	NDE2	11.048	26	4	8	1.602	0.0	6.896
NDI1_YEAST	854919	NDI1	11.029	66	5	6	1.699	0.0	6.491
CYB_YEAST	854583	COB	10.73	471	8	2	1.903	0.0	5.638
TRX3_YEAST	850444	TRX3	10.498	16	3	2	1.477	0.0	7.107
HAP1_YEAST	850958	HAP1	9.955	125	4	2	1.602	0.0	6.214
CBP6_YEAST	852417	CBP6	9.713	7	2	7	1.301	0.0	7.466
QCR1_YEAST	852235	COR1	9.638	8	2	0	1.301	0.0	7.408
ACE2_YEAST	850822	ACE2	9.49	77	3	2	1.477	0.0	6.424
SRX1_YEAST	853776	SRX1	9.458	11	2	0	1.301	0.0	7.27
MCA1_YEAST	854372	MCA1	9.267	109	3	2	1.477	0.0	6.273
CBP1_YEAST	853221	CBP1	8.91	29	2	1	1.301	0.0	6.849
STE14_YEAST	852019	STE14	8.891	30	2	1	1.301	0.0	6.834
SPT2_YEAST	856908	SPT2	8.728	40	2	0	1.301	0.0	6.709
RPN11_YEAST	850554	RPN11	8.625	48	2	1	1.301	0.0	6.63
GPX3_YEAST	854855	HYR1	8.538	56	2	0	1.301	0.0	6.563
THDH_YEAST	856819	ILV1	8.446	391	3	0	1.477	0.0	5.718
ATG8_YEAST	852200	ATG8	8.434	224	1	25	1.0	0.415	5.961
APD1_YEAST	852448	APD1	8.311	1	1	1	1.0	0.0	8.311
GAL3_YEAST	851572	GAL3	8.228	97	2	0	1.301	0.0	6.324
AFT1_YEAST	852809	AFT1	8.098	122	2	5	1.301	0.0	6.225
GAL7_YEAST	852306	GAL7	8.012	142	2	0	1.301	0.0	6.159
FMP16_YEAST	851642	FMP16	8.01	2	1	3	1.0	0.0	8.01
AIM23_YEAST	853310	AIM23	8.01	2	1	1	1.0	0.0	8.01
GPA1_YEAST	856394	GPA1	7.949	159	2	0	1.301	0.0	6.11
COX1_YEAST	854598	COX1	7.863	185	2	4	1.301	0.0	6.044
COXM2_YEAST	852220	CMC2	7.834	3	1	5	1.0	0.0	7.834
SODC_YEAST	853568	SOD1	7.723	237	2	6	1.301	0.0	5.936
ATO3_YEAST	851992	ATO3	7.709	4	1	0	1.0	0.0	7.709
ADH1_YEAST	854068	ADH1	7.617	286	2	0	1.301	0.0	5.854
COX8_YEAST	851111	COX8	7.612	5	1	1	1.0	0.0	7.612
CYM1_YEAST	852041	CYM1	7.612	5	1	1	1.0	0.0	7.612
UBP13_YEAST	852212	UBP13	7.612	5	1	0	1.0	0.0	7.612
FMC1_YEAST	854709	FMC1	7.533	6	1	1	1.0	0.0	7.533
NDOR1_YEAST	856161	TAH18	7.533	6	1	1	1.0	0.0	7.533
SOM1_YEAST	856650	SOM1	7.533	6	1	0	1.0	0.0	7.533
HS104_YEAST	850633	HSP104	7.529	334	2	2	1.301	0.0	5.787
LPLA_YEAST	853401	AIM22	7.466	7	1	0	1.0	0.0	7.466
LEU9_YEAST	854275	LEU9	7.466	7	1	0	1.0	0.0	7.466
AP1_YEAST	855005	YAP1	7.459	378	2	0	1.301	0.0	5.733
COX19_YEAST	850642	COX19	7.408	8	1	2	1.0	0.0	7.408
COX13_YEAST	852684	COX13	7.408	8	1	0	1.0	0.0	7.408
BIOB_YEAST	853203	BIO2	7.357	9	1	1	1.0	0.0	7.357
RSF1_YEAST	855045	RSF1	7.311	10	1	0	1.0	0.0	7.311
HAL1_YEAST	856113	HAL1	7.311	10	1	0	1.0	0.0	7.311
ISA1_YEAST	850632	ISA1	7.27	11	1	0	1.0	0.0	7.27
COX9_YEAST	851492	COX9	7.27	11	1	0	1.0	0.0	7.27
ATS1_YEAST	851213	ATS1	7.232	12	1	0	1.0	0.0	7.232
HOSC_YEAST	851346	LYS20	7.232	12	1	1	1.0	0.0	7.232
YBP1_YEAST	852517	YBP1	7.232	12	1	0	1.0	0.0	7.232
COX18_YEAST	852953	COX18	7.232	12	1	2	1.0	0.0	7.232
ELO1_YEAST	853243	ELO1	7.232	12	1	0	1.0	0.0	7.232
FADH_YEAST	851386	SFA1	7.197	13	1	1	1.0	0.0	7.197
CAN_YEAST	855692	NCE103	7.197	13	1	0	1.0	0.0	7.197
GLYC_YEAST	850747	SHM2	7.165	14	1	0	1.0	0.0	7.165
PRX1_YEAST	852215	PRX1	7.165	14	1	2	1.0	0.0	7.165
QCR6_YEAST	850593	QCR6	7.135	15	1	1	1.0	0.0	7.135
COQ9_YEAST	850898	COQ9	7.135	15	1	0	1.0	0.0	7.135
CTR3_YEAST	851129	CTR3	7.135	15	1	0	1.0	0.0	7.135
QCR7_YEAST	852142	QCR7	7.135	15	1	0	1.0	0.0	7.135
ARGD_YEAST	854025	ARG8	7.107	16	1	0	1.0	0.0	7.107
PP2B1_YEAST	851153	CNA1	7.081	17	1	0	1.0	0.0	7.081
YPC1_YEAST	852481	YPC1	7.081	17	1	0	1.0	0.0	7.081
VPH2_YEAST	853741	VPH2	7.081	17	1	0	1.0	0.0	7.081
CY1_YEAST	854231	CYT1	7.081	17	1	0	1.0	0.0	7.081
MDL1_YEAST	850885	MDL1	7.056	18	1	0	1.0	0.0	7.056
RT01_YEAST	851948	MRP1	7.056	18	1	0	1.0	0.0	7.056
FZF1_YEAST	852638	FZF1	7.056	18	1	1	1.0	0.0	7.056
PET54_YEAST	853137	PET54	7.056	18	1	1	1.0	0.0	7.056
COQ5_YEAST	854930	COQ5	7.056	18	1	0	1.0	0.0	7.056
CDK1_YEAST	852457	CDC28	7.053	775	2	0	1.301	0.0	5.421
PGPS1_YEAST	850352	PGS1	6.949	23	1	0	1.0	0.0	6.949
AP2_YEAST	852033	CAD1	6.949	23	1	0	1.0	0.0	6.949
WHI2_YEAST	854208	WHI2	6.949	23	1	1	1.0	0.0	6.949
CCC1_YEAST	850917	CCC1	6.913	25	1	1	1.0	0.0	6.913
COX5B_YEAST	854695	COX5B	6.913	25	1	3	1.0	0.0	6.913
DSS1_YEAST	855331	DSS1	6.896	26	1	1	1.0	0.0	6.896
COQ1_YEAST	852288	COQ1	6.864	28	1	7	1.0	0.0	6.864
CYB2_YEAST	854950	CYB2	6.864	28	1	3	1.0	0.0	6.864
COQ6_YEAST	853170	COQ6	6.849	29	1	2	1.0	0.0	6.849
GAL4_YEAST	855828	GAL4	6.843	1122	2	0	1.301	0.0	5.259
RS14A_YEAST	850397	RPS14A	6.82	31	1	0	1.0	0.0	6.82
MRS2_YEAST	854511	MRS2	6.82	31	1	1	1.0	0.0	6.82
HSP7Q_YEAST	851084	SSQ1	6.806	32	1	4	1.0	0.0	6.806
APN2_YEAST	852262	APN2	6.806	32	1	0	1.0	0.0	6.806
PEX6_YEAST	855387	PEX6	6.806	32	1	0	1.0	0.0	6.806
CSK22_YEAST	854227	CKA2	6.792	33	1	0	1.0	0.0	6.792
PUF3_YEAST	850647	PUF3	6.779	34	1	4	1.0	0.0	6.779
ASSY_YEAST	854096	ARG1	6.767	35	1	0	1.0	0.0	6.767
ENO2_YEAST	856579	ENO2	6.767	35	1	0	1.0	0.0	6.767
MPT5_YEAST	852697	MPT5	6.709	40	1	0	1.0	0.0	6.709
RT109_YEAST	850658	RTT109	6.698	41	1	1	1.0	0.0	6.698
CRD1_YEAST	851413	CRD1	6.698	41	1	0	1.0	0.0	6.698
COX17_YEAST	850651	COX17	6.677	43	1	0	1.0	0.0	6.677
FRE1_YEAST	850911	FRE1	6.667	44	1	0	1.0	0.0	6.667
GSHR_YEAST	856014	GLR1	6.667	44	1	0	1.0	0.0	6.667
HEM1_YEAST	851818	HEM1	6.648	46	1	0	1.0	0.0	6.648
MAL11_YEAST	853207	MAL11	6.648	46	1	0	1.0	0.0	6.648
CISY2_YEAST	850361	CIT2	6.63	48	1	4	1.0	0.0	6.63
YME1_YEAST	856135	YME1	6.621	49	1	0	1.0	0.0	6.621
RMAR_YEAST	854586	VAR1	6.603	51	1	0	1.0	0.0	6.603
FAS1_YEAST	853653	FAS1	6.587	53	1	1	1.0	0.0	6.587
UBR1_YEAST	853096	UBR1	6.579	54	1	4	1.0	0.0	6.579
TYSY_YEAST	854241	CDC21	6.555	57	1	0	1.0	0.0	6.555
GPR1_YEAST	851527	GPR1	6.548	58	1	1	1.0	0.0	6.548
KPYK1_YEAST	851193	CDC19	6.526	61	1	0	1.0	0.0	6.526
SSD1_YEAST	851887	SSD1	6.519	62	1	0	1.0	0.0	6.519
ATU2_YEAST	851862	CCC2	6.512	63	1	1	1.0	0.0	6.512
CYC7_YEAST	856672	CYC7	6.485	67	1	8	1.0	0.0	6.485
MAC1_YEAST	855035	MAC1	6.472	69	1	0	1.0	0.0	6.472
HXKG_YEAST	850317	GLK1	6.454	72	1	0	1.0	0.0	6.454
TSA1_YEAST	854980	TSA1	6.448	73	1	1	1.0	0.0	6.448
ISW2_YEAST	854480	ISW2	6.436	75	1	1	1.0	0.0	6.436
COFI_YEAST	850676	COF1	6.424	77	1	0	1.0	0.0	6.424
RNT1_YEAST	855280	RNT1	6.424	77	1	1	1.0	0.0	6.424
STE3_YEAST	853677	STE3	6.408	80	1	0	1.0	0.0	6.408
SPO14_YEAST	853902	SPO14	6.392	83	1	0	1.0	0.0	6.392
CUP2_YEAST	852710	CUP2	6.361	89	1	0	1.0	0.0	6.361
PDC1_YEAST	850733	PDC1	6.342	93	1	0	1.0	0.0	6.342
FUS1_YEAST	850330	FUS1	6.324	97	1	0	1.0	0.0	6.324
GAL2_YEAST	850770	GAL2	6.324	97	1	0	1.0	0.0	6.324
CATT_YEAST	852979	CTT1	6.311	100	1	5	1.0	0.0	6.311
APN1_YEAST	853746	APN1	6.311	100	1	0	1.0	0.0	6.311
REG1_YEAST	851592	REG1	6.294	104	1	0	1.0	0.0	6.294
SNF3_YEAST	851333	SNF3	6.278	108	1	0	1.0	0.0	6.278
HAP2_YEAST	852614	HAP2	6.278	108	1	0	1.0	0.0	6.278
CHS3_YEAST	852311	CHS3	6.27	110	1	0	1.0	0.0	6.27
SODM_YEAST	856399	SOD2	6.239	118	1	0	1.0	0.0	6.239
RAD23_YEAST	856674	RAD23	6.225	122	1	2	1.0	0.0	6.225
NUC1_YEAST	853222	NUC1	6.184	134	1	0	1.0	0.0	6.184
HAC1_YEAST	850513	HAC1	6.171	138	1	4	1.0	0.0	6.171
LYS2_YEAST	852412	LYS2	6.171	138	1	1	1.0	0.0	6.171
RAD2_YEAST	853174	RAD2	6.132	151	1	0	1.0	0.0	6.132
COX2_YEAST	854622	COX2	6.126	153	1	0	1.0	0.0	6.126
CAN1_YEAST	856646	CAN1	6.12	155	1	0	1.0	0.0	6.12
FLO11_YEAST	854836	FLO11	6.085	168	1	1	1.0	0.0	6.085
RAD18_YEAST	850430	RAD18	6.068	175	1	0	1.0	0.0	6.068
STE11_YEAST	851076	STE11	6.058	179	1	0	1.0	0.0	6.058
ADH2_YEAST	855349	ADH2	6.041	186	1	0	1.0	0.0	6.041
G6PD_YEAST	855480	ZWF1	5.943	233	1	0	1.0	0.0	5.943
CDC25_YEAST	851019	CDC25	5.915	249	1	0	1.0	0.0	5.915
CARP_YEAST	855949	PEP4	5.891	263	1	0	1.0	0.0	5.891
TUP1_YEAST	850445	TUP1	5.879	270	1	1	1.0	0.0	5.879
RAD1_YEAST	856085	RAD1	5.853	287	1	0	1.0	0.0	5.853
MSN2_YEAST	855053	MSN2	5.848	290	1	0	1.0	0.0	5.848
RAD50_YEAST	855471	RAD50	5.816	312	1	0	1.0	0.0	5.816
PGK_YEAST	850370	PGK1	5.81	317	1	0	1.0	0.0	5.81
RAS2_YEAST	855625	RAS2	5.743	370	1	0	1.0	0.0	5.743
ACT_YEAST	850504	ACT1	5.616	495	1	1	1.0	0.0	5.616
ERF3_YEAST	851752	SUP35	5.601	513	1	0	1.0	0.0	5.601
