Big_T	1285
Big_F	262352
UniProtKB_ID	GeneID	Gene_Name	PPS	Big_P	T+P	Citation	1+Log(T+P)	log10((Cit/yr+1)/10)	1+log10(F/T)+log10(F/P)
LHP1_YEAST	851509	LHP1	9.453	29	2	8	1.301	0.0	7.266
COX4_YEAST	852688	COX4	9.272	40	2	0	1.301	0.0	7.126
PRP11_YEAST	851518	PRP11	9.102	54	2	3	1.301	0.0	6.996
GAL4_YEAST	855828	GAL4	9.095	1122	4	1	1.602	0.0	5.677
RNT1_YEAST	855280	RNT1	8.902	77	2	3	1.301	0.0	6.842
ASH1_YEAST	853650	ASH1	8.801	92	2	7	1.301	0.0	6.765
MCA1_YEAST	854372	MCA1	8.705	109	2	5	1.301	0.0	6.691
XRN1_YEAST	852702	XRN1	8.464	167	2	4	1.301	0.0	6.506
YCT1_YEAST	850671	YCT1	8.251	3	1	0	1.0	0.0	8.251
NTM1_YEAST	852564	TAE1	8.251	3	1	0	1.0	0.0	8.251
RM25_YEAST	852967	MRPL25	8.251	3	1	4	1.0	0.0	8.251
REXO4_YEAST	854075	REX4	8.251	3	1	0	1.0	0.0	8.251
RRP9_YEAST	856255	RRP9	8.126	4	1	1	1.0	0.0	8.126
HS104_YEAST	850633	HSP104	8.072	334	2	4	1.301	0.0	6.204
MSA2_YEAST	853952	MSA2	8.03	5	1	1	1.0	0.0	8.03
ATR_YEAST	852433	MEC1	7.924	434	2	1	1.301	0.0	6.091
ERF3_YEAST	851752	SUP35	7.83	513	2	4	1.301	0.0	6.018
PRP38_YEAST	852966	PRP38	7.774	9	1	0	1.0	0.0	7.774
MSL1_YEAST	854826	MSL1	7.774	9	1	1	1.0	0.0	7.774
PDR15_YEAST	852015	PDR15	7.649	12	1	0	1.0	0.0	7.649
PSA1_YEAST	852873	SCL1	7.649	12	1	0	1.0	0.0	7.649
IMP4_YEAST	855649	IMP4	7.649	12	1	1	1.0	0.0	7.649
VAC17_YEAST	850296	VAC17	7.582	14	1	3	1.0	0.0	7.582
GAL1_YEAST	852308	GAL1	7.581	797	2	0	1.301	0.0	5.827
SNU13_YEAST	856687	SNU13	7.524	16	1	8	1.0	0.0	7.524
HIP1_YEAST	853104	HIP1	7.45	19	1	0	1.0	0.0	7.45
UBP10_YEAST	855535	UBP10	7.45	19	1	5	1.0	0.0	7.45
AAP1_YEAST	856443	AAP1	7.45	19	1	0	1.0	0.0	7.45
SAS3_YEAST	852228	SAS3	7.367	23	1	1	1.0	0.0	7.367
HBS1_YEAST	853959	HBS1	7.331	25	1	3	1.0	0.0	7.331
PCH2_YEAST	852484	PCH2	7.297	27	1	1	1.0	0.0	7.297
PRP3_YEAST	852084	PRP3	7.281	28	1	1	1.0	0.0	7.281
H2B1_YEAST	851810	HTB1	7.266	29	1	0	1.0	0.0	7.266
LTE1_YEAST	851209	LTE1	7.223	32	1	3	1.0	0.0	7.223
H1_YEAST	855976	HHO1	7.197	34	1	0	1.0	0.0	7.197
ERG1_YEAST	853086	ERG1	7.172	36	1	0	1.0	0.0	7.172
BDF1_YEAST	851115	BDF1	7.16	37	1	1	1.0	0.0	7.16
FKH1_YEAST	854675	FKH1	7.126	40	1	0	1.0	0.0	7.126
ATPB_YEAST	853585	ATP2	7.116	41	1	0	1.0	0.0	7.116
MFA2_YEAST	855577	MFA2	7.116	41	1	2	1.0	0.0	7.116
ARP3_YEAST	853528	ARP3	7.105	42	1	0	1.0	0.0	7.105
TBB_YEAST	850506	TUB2	7.085	44	1	0	1.0	0.0	7.085
PNC1_YEAST	852846	PNC1	7.085	44	1	0	1.0	0.0	7.085
GSHR_YEAST	856014	GLR1	7.085	44	1	0	1.0	0.0	7.085
REC8_YEAST	856115	REC8	7.085	44	1	0	1.0	0.0	7.085
NMT_YEAST	850892	NMT1	7.066	46	1	1	1.0	0.0	7.066
FCY1_YEAST	856175	FCY1	7.03	50	1	4	1.0	0.0	7.03
SWI3_YEAST	853264	SWI3	7.012	52	1	6	1.0	0.0	7.012
RNA1_YEAST	855275	RNA1	6.988	55	1	1	1.0	0.0	6.988
DED1_YEAST	854379	DED1	6.958	59	1	1	1.0	0.0	6.958
NAP1_YEAST	853922	NAP1	6.95	60	1	0	1.0	0.0	6.95
NDI1_YEAST	854919	NDI1	6.909	66	1	1	1.0	0.0	6.909
CDC53_YEAST	851424	CDC53	6.82	81	1	1	1.0	0.0	6.82
REB1_YEAST	852338	REB1	6.799	85	1	0	1.0	0.0	6.799
DPOD_YEAST	851456	POL3	6.789	87	1	2	1.0	0.0	6.789
EST1_YEAST	850934	EST1	6.716	103	1	4	1.0	0.0	6.716
REG1_YEAST	851592	REG1	6.711	104	1	1	1.0	0.0	6.711
ESP1_YEAST	852990	ESP1	6.707	105	1	1	1.0	0.0	6.707
PIF1_YEAST	854941	PIF1	6.703	106	1	1	1.0	0.0	6.703
PRTB_YEAST	856649	PRB1	6.638	123	1	1	1.0	0.0	6.638
PABP_YEAST	856912	PAB1	6.631	125	1	0	1.0	0.0	6.631
IPL1_YEAST	855892	IPL1	6.608	132	1	4	1.0	0.0	6.608
MYO2_YEAST	854504	MYO2	6.573	143	1	0	1.0	0.0	6.573
GCN2_YEAST	851877	GCN2	6.511	165	1	2	1.0	0.0	6.511
CDC48_YEAST	851431	CDC48	6.506	167	1	1	1.0	0.0	6.506
PMA1_YEAST	852876	PMA1	6.408	209	1	3	1.0	0.0	6.408
CG13_YEAST	851191	CLN3	6.396	215	1	0	1.0	0.0	6.396
CDC14_YEAST	850585	CDC14	6.372	227	1	0	1.0	0.0	6.372
CDC25_YEAST	851019	CDC25	6.332	249	1	0	1.0	0.0	6.332
PPA5_YEAST	852390	PHO5	6.289	275	1	0	1.0	0.0	6.289
CDC42_YEAST	850930	CDC42	6.148	380	1	5	1.0	0.0	6.148
CYC1_YEAST	853507	CYC1	6.078	447	1	0	1.0	0.0	6.078
ACT_YEAST	850504	ACT1	6.034	495	1	0	1.0	0.0	6.034
CDK1_YEAST	852457	CDC28	5.839	775	1	1	1.0	0.0	5.839
