brain	201844	1558007	EGF_MOUSE	13645	Egf	17.123	1682	77	46	2.886	0.672	4.812
cancer	361692	1558007	EGF_MOUSE	13645	Egf	19.413	1682	250	70	3.398	0.851	4.569
cardiovascular	87888	1558007	EGF_MOUSE	13645	Egf	12.274	1682	23	6	2.362	0.0	5.197
diabetes	47347	1558007	EGF_MOUSE	13645	Egf	15.201	1682	30	19	2.477	0.301	5.472
hot+or+cold+or+alkaline+condition+or+acidic+condition+or+hypersaline+or+radiation	492579	1558007	EGF_MOUSE	13645	Egf	11.611	1682	41	8	2.613	0.0	4.444
eye+or+ocular	567783	1558007	EGF_MOUSE	13645	Egf	10.96	1682	37	6	2.568	0.0	4.268
food+or+nutrition+or+nutrients	1234006	1558007	EGF_MOUSE	13645	Egf	10.041	1682	34	5	2.531	0.0	3.967
glycoproteins	170835	1558007	EGF_MOUSE	13645	Egf	16.157	1682	80	23	2.903	0.38	4.921
immune+or+immune+system	824799	1558007	EGF_MOUSE	13645	Egf	11.959	1682	69	14	2.839	0.176	3.967
infectious+or+infection	521249	1558007	EGF_MOUSE	13645	Egf	9.406	1682	16	7	2.204	0.0	4.268
kidney+or+urine	794127	1558007	EGF_MOUSE	13645	Egf	13.97	1682	133	24	3.124	0.398	3.967
liver+or+hepatic	1026006	1558007	EGF_MOUSE	13645	Egf	14.413	1682	100	42	3.0	0.633	3.967
mitochondria	27578	1558007	EGF_MOUSE	13645	Egf	8.441	1682	3	0	1.477	0.0	5.715
rat+or+mouse	3025560	1558007	EGF_MOUSE	13645	Egf	5.48	1682	1170	257	4.068	1.412	1.0
muscle+or+bone+or+musculoskeletal	2095919	1558007	EGF_MOUSE	13645	Egf	2.96	1682	83	10	2.919	0.041	1.0
pathology	346494	1558007	EGF_MOUSE	13645	Egf	19.256	1682	200	81	3.301	0.914	4.569
pediatric+or+newborn+or+infant+or+toddler+or+child+or+adolescent	2836538	1558007	EGF_MOUSE	13645	Egf	3.368	1682	111	20	3.045	0.322	1.0
plasma+or+serum	939390	1558007	EGF_MOUSE	13645	Egf	15.583	1682	303	27	3.481	0.447	3.967
protein+aggregation	10321	1558007	EGF_MOUSE	13645	Egf	10.923	1682	6	0	1.778	0.0	6.143
stem+cells	102091	1558007	EGF_MOUSE	13645	Egf	19.005	1682	80	61	2.903	0.792	5.143
toxicology+or+toxic+or+toxin	440160	1558007	EGF_MOUSE	13645	Egf	14.256	1682	85	18	2.929	0.279	4.444
