brain	427057	1656734	E2F1_RAT	399489	E2f1	8.395	103	3	1	1.477	0.0	5.684
cancer	129644	1656734	E2F1_RAT	399489	E2f1	6.286	103	1	1	1.0	0.0	6.286
cardiovascular	178821	1656734	E2F1_RAT	399489	E2f1	6.161	103	1	0	1.0	0.0	6.161
hot+or+cold+or+alkaline+condition+or+acidic+condition+or+hypersaline+or+radiation	469347	1656734	E2F1_RAT	399489	E2f1	5.684	103	1	0	1.0	0.0	5.684
glycoproteins	81049	1656734	E2F1_RAT	399489	E2f1	6.507	103	1	0	1.0	0.0	6.507
infectious+or+infection	445611	1656734	E2F1_RAT	399489	E2f1	5.684	103	1	1	1.0	0.0	5.684
mitochondria	53236	1656734	E2F1_RAT	399489	E2f1	6.698	103	1	0	1.0	0.0	6.698
rat+or+mouse	1656734	1656734	E2F1_RAT	399489	E2f1	2.255	103	15	11	2.176	0.079	1.0
muscle+or+bone+or+musculoskeletal	2095473	1656734	E2F1_RAT	399489	E2f1	1.0	103	1	0	1.0	0.0	1.0
pathology	245333	1656734	E2F1_RAT	399489	E2f1	10.168	103	5	4	1.699	0.0	5.985
pediatric+or+newborn+or+infant+or+toddler+or+child+or+adolescent	2836967	1656734	E2F1_RAT	399489	E2f1	1.301	103	2	0	1.301	0.0	1.0
plasma+or+serum	939735	1656734	E2F1_RAT	399489	E2f1	7.69	103	3	5	1.477	0.0	5.206
stem+cells	29282	1656734	E2F1_RAT	399489	E2f1	9.048	103	2	0	1.301	0.0	6.955
toxicology+or+toxic+or+toxin	427463	1656734	E2F1_RAT	399489	E2f1	8.395	103	3	0	1.477	0.0	5.684
