Big_T	811
Big_F	17252753
UniProtKB_ID	GeneID	Gene_Name	PPS	Big_P	T+P	Citation	1+Log(T+P)	log10((Cit/yr+1)/10)	1+log10(F/T)+log10(F/P)
ALK_HUMAN	238	ALK	49.078	2791	302	797	3.48	1.902	9.119
EGFR_HUMAN	1956	EGFR	39.626	30695	193	416	3.286	1.62	8.078
ROS1_HUMAN	6098	ROS1	27.118	425	8	66	1.903	0.826	9.936
CLH1_HUMAN	1213	CLTC	17.995	94	5	0	1.699	0.0	10.592
TFG_HUMAN	10342	TFG	15.834	70	3	2	1.477	0.0	10.72
EMAL4_HUMAN	27436	EML4	14.561	509	3	1	1.477	0.0	9.858
ERBB2_HUMAN	2064	ERBB2	14.481	26330	6	3	1.778	0.0	8.144
GRAB_HUMAN	3002	GZMB	13.719	1893	3	1	1.477	0.0	9.287
TNR8_HUMAN	943	TNFRSF8	13.462	2823	3	0	1.477	0.0	9.114
SGCZ_HUMAN	137868	SGCZ	13.207	11	1	13	1.0	0.146	11.523
DDIT3_HUMAN	1649	DDIT3	13.125	4779	3	0	1.477	0.0	8.885
SLPI_HUMAN	6590	SLPI	12.684	654	2	1	1.301	0.0	9.749
WDCP_HUMAN	80304	WDCP	12.264	2	1	1	1.0	0.0	12.264
DESM_HUMAN	1674	DES	11.758	3365	2	0	1.301	0.0	9.038
CP3A4_HUMAN	1576	CYP3A4	11.316	7364	2	2	1.301	0.0	8.697
K1C20_HUMAN	54474	KRT20	11.137	10103	2	0	1.301	0.0	8.56
SC31A_HUMAN	22872	SEC31A	11.088	30	1	1	1.0	0.0	11.088
SP8_HUMAN	221833	SP8	10.974	39	1	1	1.0	0.0	10.974
DCTN1_HUMAN	1639	DCTN1	10.787	60	1	1	1.0	0.0	10.787
RN213_HUMAN	57674	RNF213	10.69	75	1	0	1.0	0.0	10.69
NPT2B_HUMAN	10568	SLC34A2	10.651	82	1	7	1.0	0.0	10.651
RBP2_HUMAN	5903	RANBP2	10.512	113	1	2	1.0	0.0	10.512
FUMH_HUMAN	2271	FH	10.148	261	1	0	1.0	0.0	10.148
PUR9_HUMAN	471	ATIC	10.121	278	1	1	1.0	0.0	10.121
B2L11_HUMAN	10018	BCL2L11	10.002	365	1	2	1.0	0.0	10.002
CEAM5_HUMAN	1048	CEACAM5	9.874	490	1	0	1.0	0.0	9.874
TBB3_HUMAN	10381	TUBB3	9.747	657	1	1	1.0	0.0	9.747
EWS_HUMAN	2130	EWSR1	9.629	862	1	0	1.0	0.0	9.629
DNM3A_HUMAN	1788	DNMT3A	9.596	930	1	1	1.0	0.0	9.596
CDX2_HUMAN	1045	CDX2	9.57	987	1	1	1.0	0.0	9.57
NQO1_HUMAN	1728	NQO1	9.405	1445	1	1	1.0	0.0	9.405
CTGF_HUMAN	1490	CTGF	9.375	1548	1	0	1.0	0.0	9.375
FGFR1_HUMAN	2260	FGFR1	9.356	1615	1	2	1.0	0.0	9.356
CADH2_HUMAN	1000	CDH2	9.338	1685	1	0	1.0	0.0	9.338
ETV6_HUMAN	2120	ETV6	9.328	1723	1	0	1.0	0.0	9.328
TDT_HUMAN	1791	DNTT	9.313	1787	1	0	1.0	0.0	9.313
CR2_HUMAN	1380	CR2	9.306	1815	1	2	1.0	0.0	9.306
FCER2_HUMAN	2208	FCER2	9.267	1985	1	0	1.0	0.0	9.267
CATD_HUMAN	1509	CTSD	9.247	2076	1	0	1.0	0.0	9.247
CR1_HUMAN	1378	CR1	9.21	2262	1	0	1.0	0.0	9.21
CTLA4_HUMAN	1493	CTLA4	8.982	3826	1	0	1.0	0.0	8.982
S10A1_HUMAN	6271	S100A1	8.894	4688	1	0	1.0	0.0	8.894
NOS2_HUMAN	4843	NOS2	8.846	5227	1	0	1.0	0.0	8.846
FCG3A_HUMAN	2214	FCGR3A	8.824	5507	1	0	1.0	0.0	8.824
KIT_HUMAN	3815	KIT	8.753	6488	1	0	1.0	0.0	8.753
ARF_HUMAN	1029	CDKN2A	8.601	9187	1	0	1.0	0.0	8.601
MYC_HUMAN	4609	MYC	8.551	10313	1	2	1.0	0.0	8.551
RASK_HUMAN	3845	KRAS	8.544	10492	1	2	1.0	0.0	8.544
FINC_HUMAN	2335	FN1	8.451	12999	1	1	1.0	0.0	8.451
CD8A_HUMAN	925	CD8A	8.102	28961	1	0	1.0	0.0	8.102
CRP_HUMAN	1401	CRP	7.998	36788	1	0	1.0	0.0	7.998
