Big_T	6204
Big_F	17252753
UniProtKB_ID	GeneID	Gene_Name	PPS	Big_P	T+P	Citation	1+Log(T+P)	log10((Cit/yr+1)/10)	1+log10(F/T)+log10(F/P)
BRAF_HUMAN	673	BRAF	50.99	6965	1178	2718	4.071	2.434	7.838
RASK_HUMAN	3845	KRAS	43.521	10492	436	1101	3.639	2.042	7.66
EGFR_HUMAN	1956	EGFR	41.906	30695	494	1353	3.694	2.132	7.194
ZHX2_HUMAN	22882	ZHX2	39.509	1955	113	452	3.053	1.656	8.39
RASN_HUMAN	4893	NRAS	38.143	2546	113	359	3.053	1.556	8.275
MP2K7_HUMAN	5609	MAP2K7	35.939	4606	70	433	2.845	1.637	8.017
ARF_HUMAN	1029	CDKN2A	34.794	9187	124	259	3.093	1.415	7.718
CTNB1_HUMAN	1499	CTNNB1	31.573	8844	79	152	2.898	1.185	7.734
PK3CA_HUMAN	5290	PIK3CA	31.507	2646	33	197	2.519	1.297	8.258
AKT1_HUMAN	207	AKT1	30.416	18505	66	191	2.82	1.283	7.413
RASH_HUMAN	3265	HRAS	30.247	2263	53	80	2.724	0.908	8.326
KIT_HUMAN	3815	KIT	29.828	6488	65	94	2.813	0.978	7.869
MP2K1_HUMAN	5604	MAP2K1	29.295	2516	29	118	2.462	1.076	8.28
RET_HUMAN	5979	RET	28.728	4253	42	87	2.623	0.944	8.052
MLH1_HUMAN	4292	MLH1	28.456	3231	46	65	2.663	0.82	8.172
CTLA4_HUMAN	1493	CTLA4	28.283	3826	28	110	2.447	1.045	8.098
MSH6_HUMAN	2956	MSH6	27.88	1307	40	44	2.602	0.653	8.565
PD1L1_HUMAN	29126	CD274	27.802	2564	14	163	2.146	1.215	8.272
IDHC_HUMAN	3417	IDH1	24.239	1683	23	31	2.362	0.505	8.455
MITF_HUMAN	4286	MITF	23.829	648	9	53	1.954	0.732	8.869
CDX2_HUMAN	1045	CDX2	23.607	987	18	28	2.255	0.462	8.687
CDK4_HUMAN	1019	CDK4	23.339	3335	22	32	2.342	0.519	8.158
MK01_HUMAN	5594	MAPK1	22.765	21517	22	56	2.342	0.756	7.348
RAF1_HUMAN	5894	RAF1	22.697	1938	11	45	2.041	0.663	8.394
MTOR_HUMAN	2475	MTOR	22.634	14590	18	56	2.255	0.756	7.517
ERBB2_HUMAN	2064	ERBB2	22.101	26330	27	40	2.431	0.613	7.26
ARAF_HUMAN	369	ARAF	21.401	125	9	18	1.954	0.279	9.584
GNA11_HUMAN	2767	GNA11	20.599	164	15	7	2.176	0.0	9.466
TERT_HUMAN	7015	TERT	20.468	4242	6	57	1.778	0.763	8.053
RBBP4_HUMAN	5928	RBBP4	20.373	711	7	28	1.845	0.462	8.829
NF1_HUMAN	4763	NF1	20.186	5140	11	30	2.041	0.491	7.97
M3K8_HUMAN	1326	MAP3K8	19.523	110	2	52	1.301	0.724	9.64
GNAQ_HUMAN	2776	GNAQ	19.406	317	13	9	2.114	0.0	9.18
PGFRA_HUMAN	5156	PDGFRA	19.397	2020	9	22	1.954	0.362	8.376
PPARG_HUMAN	5468	PPARG	19.255	5362	11	23	2.041	0.38	7.951
SEPT1_HUMAN	1731	SEPT1	18.17	112	1	76	1.0	0.886	9.632
PTEN_HUMAN	5728	PTEN	17.399	6259	7	22	1.845	0.362	7.884
RASF1_HUMAN	11186	RASSF1	17.351	1012	10	5	2.0	0.0	8.676
HGF_HUMAN	3082	HGF	17.146	4410	2	67	1.301	0.833	8.036
LEG3_HUMAN	3958	LGALS3	17.007	1637	6	16	1.778	0.23	8.467
PTC1_HUMAN	5727	PTCH1	16.971	993	9	8	1.954	0.0	8.684
K1549_HUMAN	57670	KIAA1549	16.837	59	5	6	1.699	0.0	9.91
ALK_HUMAN	238	ALK	16.811	2791	11	9	2.041	0.0	8.235
MSHR_HUMAN	4157	MC1R	16.332	675	7	4	1.845	0.0	8.852
CDN1B_HUMAN	1027	CDKN1B	16.26	3007	8	11	1.903	0.079	8.203
A0A024R7K5_HUMAN	100271849	MEF2B	16.235	30	1	38	1.0	0.591	10.204
CDN1A_HUMAN	1026	CDKN1A	15.894	5857	6	16	1.778	0.23	7.913
FGFR3_HUMAN	2261	FGFR3	15.801	1310	7	8	1.845	0.0	8.564
CEAM3_HUMAN	1084	CEACAM3	15.768	9052	11	8	2.041	0.0	7.724
CLC4K_HUMAN	50489	CD207	15.688	280	5	0	1.699	0.0	9.234
NCHL1_HUMAN	10752	CHL1	15.394	118	4	1	1.602	0.0	9.609
B2L11_HUMAN	10018	BCL2L11	15.331	365	3	15	1.477	0.204	9.119
ETV6_HUMAN	2120	ETV6	15.309	1723	5	12	1.699	0.114	8.445
ANX10_HUMAN	11199	ANXA10	15.301	21	3	1	1.477	0.0	10.359
RRP44_HUMAN	22894	DIS3	15.17	40	1	31	1.0	0.505	10.079
FGFR1_HUMAN	2260	FGFR1	15.066	1615	6	7	1.778	0.0	8.473
AKT3_HUMAN	10000	AKT3	14.771	289	4	7	1.602	0.0	9.22
PTN11_HUMAN	5781	PTPN11	14.645	1150	5	1	1.699	0.0	8.62
AKAP9_HUMAN	10142	AKAP9	14.617	61	3	1	1.477	0.0	9.896
NPT2B_HUMAN	10568	SLC34A2	14.427	82	3	8	1.477	0.0	9.767
IGF1R_HUMAN	3480	IGF1R	14.425	3702	5	11	1.699	0.079	8.112
MLH3_HUMAN	27030	MLH3	14.319	97	3	2	1.477	0.0	9.694
MCL1_HUMAN	4170	MCL1	14.024	2669	5	7	1.699	0.0	8.255
EWS_HUMAN	2130	EWSR1	14.011	862	4	8	1.602	0.0	8.745
YAP1_HUMAN	10413	YAP1	13.999	877	2	19	1.301	0.301	8.738
VGFR2_HUMAN	3791	KDR	13.995	6464	6	8	1.778	0.0	7.87
TPC1_HUMAN	53373	TPCN1	13.937	176	3	7	1.477	0.0	9.435
GLI1_HUMAN	2735	GLI1	13.89	1025	4	2	1.602	0.0	8.67
RASL2_HUMAN	10156	RASA4	13.868	43	2	11	1.301	0.079	10.047
ERBB4_HUMAN	2066	ERBB4	13.86	1071	4	6	1.602	0.0	8.651
CPSF2_HUMAN	53981	CPSF2	13.748	13	2	0	1.301	0.0	10.567
CHK1_HUMAN	1111	CHEK1	13.745	1262	4	5	1.602	0.0	8.58
FGFR2_HUMAN	2263	FGFR2	13.727	1295	4	7	1.602	0.0	8.569
IL2_HUMAN	3558	IL2	13.705	30132	8	9	1.903	0.0	7.201
BAP1_HUMAN	8314	BAP1	13.66	271	3	3	1.477	0.0	9.248
TEN1_HUMAN	10178	TENM1	13.632	3736	4	11	1.602	0.079	8.108
OLIG2_HUMAN	10215	OLIG2	13.558	318	3	1	1.477	0.0	9.178
PDCD1_HUMAN	5133	PDCD1	13.379	2138	4	4	1.602	0.0	8.351
IBP7_HUMAN	3490	IGFBP7	13.286	486	3	2	1.477	0.0	8.994
MGMT_HUMAN	4255	MGMT	13.242	2601	4	8	1.602	0.0	8.266
TBB3_HUMAN	10381	TUBB3	13.092	657	3	1	1.477	0.0	8.863
CMGA_HUMAN	1113	CHGA	13.045	3455	4	1	1.602	0.0	8.142
MYC_HUMAN	4609	MYC	13.026	10313	5	9	1.699	0.0	7.667
CEAM5_HUMAN	1048	CEACAM5	13.011	490	2	13	1.301	0.146	8.991
SDHB_HUMAN	6390	SDHB	12.883	910	3	3	1.477	0.0	8.722
HS90A_HUMAN	3320	HSP90AA1	12.77	2989	3	11	1.477	0.079	8.205
HMGCL_HUMAN	3155	HMGCL	12.736	78	2	4	1.301	0.0	9.789
SPRE1_HUMAN	161742	SPRED1	12.707	82	2	3	1.301	0.0	9.767
NTRK1_HUMAN	4914	NTRK1	12.663	1282	3	4	1.477	0.0	8.573
PLCE1_HUMAN	51196	PLCE1	12.636	93	2	1	1.301	0.0	9.712
DUS4_HUMAN	1846	DUSP4	12.618	96	2	4	1.301	0.0	9.699
PARP1_HUMAN	142	PARP1	12.596	6579	4	0	1.602	0.0	7.863
HIF1A_HUMAN	3091	HIF1A	12.54	7140	4	3	1.602	0.0	7.827
XIAP_HUMAN	331	XIAP	12.528	1584	3	2	1.477	0.0	8.481
MACC1_HUMAN	346389	MACC1	12.451	129	2	5	1.301	0.0	9.57
IL6_HUMAN	3569	IL6	12.359	53611	4	14	1.602	0.176	6.951
CCND1_HUMAN	595	CCND1	12.347	9412	4	5	1.602	0.0	7.707
ETV1_HUMAN	2115	ETV1	12.326	161	2	0	1.301	0.0	9.474
DUS6_HUMAN	1848	DUSP6	12.285	173	2	1	1.301	0.0	9.443
FLT3_HUMAN	2322	FLT3	12.211	2594	3	2	1.477	0.0	8.267
WIF1_HUMAN	11197	WIF1	12.147	221	2	2	1.301	0.0	9.337
MIB1_HUMAN	57534	MIB1	12.091	3128	3	0	1.477	0.0	8.186
GFAP_HUMAN	2670	GFAP	12.082	3173	3	0	1.477	0.0	8.179
CAD13_HUMAN	1012	CDH13	12.015	279	2	6	1.301	0.0	9.235
SF3B1_HUMAN	23451	SF3B1	11.992	291	2	1	1.301	0.0	9.217
CTNA2_HUMAN	1496	CTNNA2	11.968	32	1	14	1.0	0.176	10.176
GAS6_HUMAN	2621	GAS6	11.963	306	2	1	1.301	0.0	9.195
PEBP1_HUMAN	5037	PEBP1	11.938	320	2	0	1.301	0.0	9.176
SETD2_HUMAN	29072	SETD2	11.9	342	2	4	1.301	0.0	9.147
HDAC6_HUMAN	10013	HDAC6	11.844	378	2	0	1.301	0.0	9.103
SOS1_HUMAN	6654	SOS1	11.825	391	2	0	1.301	0.0	9.089
DCC_HUMAN	1630	DCC	11.806	404	2	1	1.301	0.0	9.075
EGF_HUMAN	1950	EGF	11.803	4898	3	2	1.477	0.0	7.991
PAK1_HUMAN	5058	PAK1	11.771	430	2	5	1.301	0.0	9.047
FOXP3_HUMAN	50943	FOXP3	11.762	5222	3	6	1.477	0.0	7.963
CSPG4_HUMAN	1464	CSPG4	11.757	441	2	5	1.301	0.0	9.036
FEZF2_HUMAN	55079	FEZF2	11.71	479	2	1	1.301	0.0	9.001
JAK2_HUMAN	3717	JAK2	11.657	4222	2	13	1.301	0.146	8.055
MUTYH_HUMAN	4595	MUTYH	11.646	536	2	1	1.301	0.0	8.952
ANXA1_HUMAN	301	ANXA1	11.621	561	2	0	1.301	0.0	8.932
MAR1_HUMAN	2315	MLANA	11.619	563	2	3	1.301	0.0	8.93
EPHB2_HUMAN	2048	EPHB2	11.605	577	2	1	1.301	0.0	8.92
ISG20_HUMAN	3669	ISG20	11.561	623	2	4	1.301	0.0	8.886
GRB2_HUMAN	2885	GRB2	11.426	792	2	0	1.301	0.0	8.782
CP24A_HUMAN	1591	CYP24A1	11.399	831	2	0	1.301	0.0	8.761
AL1A1_HUMAN	216	ALDH1A1	11.385	852	2	0	1.301	0.0	8.75
MIGA1_HUMAN	374986	MIGA1	11.38	2	1	1	1.0	0.0	11.38
FOXM1_HUMAN	2305	FOXM1	11.371	872	2	1	1.301	0.0	8.74
IFI44_HUMAN	10561	IFI44	11.352	902	2	5	1.301	0.0	8.726
IF1AX_HUMAN	1964	EIF1AX	11.351	31	1	12	1.0	0.114	10.19
NUP62_HUMAN	23636	NUP62	11.306	979	2	0	1.301	0.0	8.69
GRAB_HUMAN	3002	GZMB	11.281	1893	1	21	1.0	0.342	8.404
4EBP1_HUMAN	1978	EIF4EBP1	11.279	1027	2	4	1.301	0.0	8.669
I23O1_HUMAN	3620	IDO1	11.23	1121	2	2	1.301	0.0	8.631
MICA_HUMAN	100507436	MICA	11.221	1138	2	1	1.301	0.0	8.625
PDGFB_HUMAN	5155	PDGFB	11.204	1172	2	0	1.301	0.0	8.612
FINC_HUMAN	2335	FN1	11.177	12999	3	5	1.477	0.0	7.567
NKG2D_HUMAN	22914	KLRK1	11.17	1245	2	0	1.301	0.0	8.586
ALEX_HUMAN	2778	GNAS	11.154	1281	2	0	1.301	0.0	8.573
CD24_HUMAN	100133941	CD24	11.126	1346	2	0	1.301	0.0	8.552
K2C5_HUMAN	3852	KRT5	11.092	1430	2	0	1.301	0.0	8.526
CDK6_HUMAN	1021	CDK6	11.053	1532	2	0	1.301	0.0	8.496
IRS1_HUMAN	3667	IRS1	11.049	1544	2	5	1.301	0.0	8.492
CADH2_HUMAN	1000	CDH2	10.999	1685	2	2	1.301	0.0	8.454
SLAI1_HUMAN	122060	SLAIN1	10.982	5	1	1	1.0	0.0	10.982
DEUP1_HUMAN	159989	DEUP1	10.903	6	1	1	1.0	0.0	10.903
ZNF77_HUMAN	58492	ZNF77	10.902	2001	2	1	1.301	0.0	8.38
SNAI1_HUMAN	6615	SNAI1	10.895	2026	2	1	1.301	0.0	8.374
NOTC1_HUMAN	4851	NOTCH1	10.854	2179	2	7	1.301	0.0	8.343
NFAM1_HUMAN	150372	NFAM1	10.836	7	1	1	1.0	0.0	10.836
THYG_HUMAN	7038	TG	10.835	2252	2	0	1.301	0.0	8.328
SIR1_HUMAN	23411	SIRT1	10.785	2460	2	3	1.301	0.0	8.29
MET_HUMAN	4233	MET	10.777	2497	2	7	1.301	0.0	8.283
K1C19_HUMAN	3880	KRT19	10.748	2627	2	0	1.301	0.0	8.261
VGFR1_HUMAN	2321	FLT1	10.705	2839	2	0	1.301	0.0	8.228
DOCK9_HUMAN	23348	DOCK9	10.681	10	1	0	1.0	0.0	10.681
SDF1_HUMAN	6387	CXCL12	10.632	3227	2	0	1.301	0.0	8.172
UROK_HUMAN	5328	PLAU	10.615	3329	2	1	1.301	0.0	8.159
COGA1_HUMAN	1307	COL16A1	10.602	12	1	0	1.0	0.0	10.602
NIBAN_HUMAN	116496	FAM129A	10.602	12	1	0	1.0	0.0	10.602
HM20B_HUMAN	10362	HMG20B	10.567	13	1	5	1.0	0.0	10.567
R51A1_HUMAN	10635	RAD51AP1	10.567	13	1	1	1.0	0.0	10.567
AP2E_HUMAN	339488	TFAP2E	10.567	13	1	0	1.0	0.0	10.567
AICDA_HUMAN	57379	AICDA	10.555	3697	2	2	1.301	0.0	8.113
CRP_HUMAN	1401	CRP	10.509	36788	3	3	1.477	0.0	7.114
GAS8_HUMAN	2622	GAS8	10.505	15	1	1	1.0	0.0	10.505
SBNO2_HUMAN	22904	SBNO2	10.505	15	1	0	1.0	0.0	10.505
CNKR1_HUMAN	10256	CNKSR1	10.426	18	1	0	1.0	0.0	10.426
NELFB_HUMAN	25920	NELFB	10.426	18	1	2	1.0	0.0	10.426
TLK2_HUMAN	11011	TLK2	10.402	19	1	0	1.0	0.0	10.402
IGF2_HUMAN	3481	IGF2	10.378	5059	2	1	1.301	0.0	7.977
TRI16_HUMAN	10626	TRIM16	10.319	23	1	0	1.0	0.0	10.319
KSR2_HUMAN	283455	KSR2	10.301	24	1	6	1.0	0.0	10.301
KANK1_HUMAN	23189	KANK1	10.266	26	1	0	1.0	0.0	10.266
TSN31_HUMAN	6302	TSPAN31	10.234	28	1	1	1.0	0.0	10.234
FGF2_HUMAN	2247	FGF2	10.229	6580	2	4	1.301	0.0	7.863
ANXA5_HUMAN	308	ANXA5	10.202	6904	2	1	1.301	0.0	7.842
RGMA_HUMAN	56963	RGMA	10.149	34	1	1	1.0	0.0	10.149
MACD2_HUMAN	140733	MACROD2	10.149	34	1	1	1.0	0.0	10.149
LSAMP_HUMAN	4045	LSAMP	10.125	36	1	0	1.0	0.0	10.125
ALAT1_HUMAN	2875	GPT	10.113	8086	2	0	1.301	0.0	7.773
K1C27_HUMAN	342574	KRT27	10.09	39	1	0	1.0	0.0	10.09
MAFG_HUMAN	4097	MAFG	10.037	44	1	4	1.0	0.0	10.037
STML2_HUMAN	30968	STOML2	10.037	44	1	0	1.0	0.0	10.037
NR2F6_HUMAN	2063	NR2F6	10.018	46	1	0	1.0	0.0	10.018
PTPRT_HUMAN	11122	PTPRT	10.018	46	1	2	1.0	0.0	10.018
MAGB6_HUMAN	158809	MAGEB6	10.018	46	1	0	1.0	0.0	10.018
EYA4_HUMAN	2070	EYA4	10.009	47	1	2	1.0	0.0	10.009
LYPD1_HUMAN	116372	LYPD1	10.009	47	1	0	1.0	0.0	10.009
PUR6_HUMAN	10606	PAICS	9.982	50	1	1	1.0	0.0	9.982
2AAA_HUMAN	5518	PPP2R1A	9.957	53	1	0	1.0	0.0	9.957
CIC_HUMAN	23152	CIC	9.949	54	1	1	1.0	0.0	9.949
CITE1_HUMAN	4435	CITED1	9.941	55	1	0	1.0	0.0	9.941
CHD5_HUMAN	26038	CHD5	9.941	55	1	2	1.0	0.0	9.941
CO4A6_HUMAN	1288	COL4A6	9.933	56	1	2	1.0	0.0	9.933
AMER1_HUMAN	139285	AMER1	9.933	56	1	0	1.0	0.0	9.933
CHD1_HUMAN	1105	CHD1	9.925	57	1	4	1.0	0.0	9.925
SC5A8_HUMAN	160728	SLC5A8	9.917	58	1	1	1.0	0.0	9.917
RHOJ_HUMAN	57381	RHOJ	9.903	60	1	0	1.0	0.0	9.903
MK03_HUMAN	5595	MAPK3	9.902	11751	2	1	1.301	0.0	7.611
DUS5_HUMAN	1847	DUSP5	9.848	68	1	2	1.0	0.0	9.848
SHOC2_HUMAN	8036	SHOC2	9.848	68	1	0	1.0	0.0	9.848
MYBA_HUMAN	4603	MYBL1	9.836	70	1	7	1.0	0.0	9.836
IF2B3_HUMAN	10643	IGF2BP3	9.824	72	1	0	1.0	0.0	9.824
RPGP1_HUMAN	5909	RAP1GAP	9.812	74	1	1	1.0	0.0	9.812
TLX3_HUMAN	30012	TLX3	9.812	74	1	1	1.0	0.0	9.812
ESR1_HUMAN	2099	ESR1	9.81	13814	2	1	1.301	0.0	7.54
CCDC6_HUMAN	8030	CCDC6	9.772	81	1	2	1.0	0.0	9.772
CSF2_HUMAN	1437	CSF2	9.764	14987	2	2	1.301	0.0	7.505
CADH6_HUMAN	1004	CDH6	9.762	83	1	0	1.0	0.0	9.762
ABI1_HUMAN	10006	ABI1	9.751	85	1	0	1.0	0.0	9.751
FEZF1_HUMAN	389549	FEZF1	9.741	87	1	0	1.0	0.0	9.741
KDM5B_HUMAN	10765	KDM5B	9.736	88	1	2	1.0	0.0	9.736
M3K11_HUMAN	4296	MAP3K11	9.722	91	1	3	1.0	0.0	9.722
NRCAM_HUMAN	4897	NRCAM	9.712	93	1	0	1.0	0.0	9.712
RFOX1_HUMAN	54715	RBFOX1	9.712	93	1	1	1.0	0.0	9.712
HIPK2_HUMAN	28996	HIPK2	9.708	94	1	3	1.0	0.0	9.708
TACC3_HUMAN	10460	TACC3	9.677	101	1	1	1.0	0.0	9.677
UBE2C_HUMAN	11065	UBE2C	9.677	101	1	0	1.0	0.0	9.677
SYK_HUMAN	3735	KARS	9.647	108	1	0	1.0	0.0	9.647
STK38_HUMAN	11329	STK38	9.647	108	1	3	1.0	0.0	9.647
CDK8_HUMAN	1024	CDK8	9.643	109	1	2	1.0	0.0	9.643
CITE2_HUMAN	10370	CITED2	9.64	110	1	1	1.0	0.0	9.64
SERC_HUMAN	29968	PSAT1	9.628	113	1	3	1.0	0.0	9.628
HXA5_HUMAN	3202	HOXA5	9.613	117	1	1	1.0	0.0	9.613
FOXE1_HUMAN	2304	FOXE1	9.598	121	1	1	1.0	0.0	9.598
TRAP1_HUMAN	10131	TRAP1	9.591	123	1	1	1.0	0.0	9.591
S26A2_HUMAN	1836	SLC26A2	9.587	124	1	2	1.0	0.0	9.587
GNA13_HUMAN	10672	GNA13	9.574	128	1	0	1.0	0.0	9.574
IGF1_HUMAN	3479	IGF1	9.569	21183	2	1	1.301	0.0	7.355
PLK2_HUMAN	10769	PLK2	9.554	134	1	0	1.0	0.0	9.554
ASSY_HUMAN	445	ASS1	9.547	136	1	1	1.0	0.0	9.547
EREG_HUMAN	2069	EREG	9.511	148	1	3	1.0	0.0	9.511
FHL2_HUMAN	2274	FHL2	9.493	154	1	1	1.0	0.0	9.493
SPY2_HUMAN	10253	SPRY2	9.493	154	1	0	1.0	0.0	9.493
RIPK3_HUMAN	11035	RIPK3	9.477	160	1	6	1.0	0.0	9.477
IL21R_HUMAN	50615	IL21R	9.474	161	1	3	1.0	0.0	9.474
IL8_HUMAN	3576	CXCL8	9.461	25628	2	4	1.301	0.0	7.272
RHG07_HUMAN	10395	DLC1	9.458	167	1	0	1.0	0.0	9.458
MERTK_HUMAN	10461	MERTK	9.448	171	1	7	1.0	0.0	9.448
DDB2_HUMAN	1643	DDB2	9.445	172	1	3	1.0	0.0	9.445
MYLIP_HUMAN	29116	MYLIP	9.435	176	1	7	1.0	0.0	9.435
CIKS_HUMAN	10758	TRAF3IP2	9.433	177	1	0	1.0	0.0	9.433
PRGC2_HUMAN	133522	PPARGC1B	9.43	178	1	1	1.0	0.0	9.43
MOT8_HUMAN	6567	SLC16A2	9.421	182	1	1	1.0	0.0	9.421
CLC10_HUMAN	10462	CLEC10A	9.414	185	1	2	1.0	0.0	9.414
HMMR_HUMAN	3161	HMMR	9.411	186	1	1	1.0	0.0	9.411
PROK1_HUMAN	84432	PROK1	9.409	187	1	1	1.0	0.0	9.409
CDN2C_HUMAN	1031	CDKN2C	9.404	189	1	2	1.0	0.0	9.404
CRYAB_HUMAN	1410	CRYAB	9.402	190	1	4	1.0	0.0	9.402
CALRL_HUMAN	10203	CALCRL	9.398	192	1	3	1.0	0.0	9.398
8ODP_HUMAN	4521	NUDT1	9.393	194	1	0	1.0	0.0	9.393
KLF2_HUMAN	10365	KLF2	9.391	195	1	0	1.0	0.0	9.391
B4GT1_HUMAN	2683	B4GALT1	9.389	196	1	1	1.0	0.0	9.389
FBN2_HUMAN	2201	FBN2	9.384	198	1	9	1.0	0.0	9.384
MEIS1_HUMAN	4211	MEIS1	9.382	199	1	0	1.0	0.0	9.382
GPR15_HUMAN	2838	GPR15	9.371	204	1	0	1.0	0.0	9.371
ORN_HUMAN	25996	REXO2	9.363	208	1	0	1.0	0.0	9.363
CYLD_HUMAN	1540	CYLD	9.361	209	1	9	1.0	0.0	9.361
HNRPK_HUMAN	3190	HNRNPK	9.361	209	1	1	1.0	0.0	9.361
CSK21_HUMAN	1457	CSNK2A1	9.359	210	1	0	1.0	0.0	9.359
ODP2_HUMAN	1737	DLAT	9.359	210	1	4	1.0	0.0	9.359
TCL1A_HUMAN	8115	TCL1A	9.355	212	1	0	1.0	0.0	9.355
RPGF3_HUMAN	10411	RAPGEF3	9.335	222	1	2	1.0	0.0	9.335
DAXX_HUMAN	1616	DAXX	9.333	223	1	0	1.0	0.0	9.333
VEGFA_HUMAN	7422	VEGFA	9.323	32733	2	1	1.301	0.0	7.166
B2LA1_HUMAN	597	BCL2A1	9.313	1124	1	11	1.0	0.079	8.63
EF1A1_HUMAN	1915	EEF1A1	9.292	245	1	0	1.0	0.0	9.292
CPT1A_HUMAN	1374	CPT1A	9.283	250	1	0	1.0	0.0	9.283
MK_HUMAN	4192	MDK	9.283	250	1	0	1.0	0.0	9.283
RACK1_HUMAN	10399	RACK1	9.273	256	1	0	1.0	0.0	9.273
TCPD_HUMAN	10575	CCT4	9.269	258	1	0	1.0	0.0	9.269
EGR2_HUMAN	1959	EGR2	9.261	263	1	6	1.0	0.0	9.261
HEY1_HUMAN	23462	HEY1	9.256	266	1	0	1.0	0.0	9.256
SC5A5_HUMAN	6528	SLC5A5	9.248	271	1	0	1.0	0.0	9.248
AMACR_HUMAN	23600	AMACR	9.229	283	1	4	1.0	0.0	9.229
OX2G_HUMAN	4345	CD200	9.213	294	1	2	1.0	0.0	9.213
FSCN1_HUMAN	6624	FSCN1	9.205	299	1	0	1.0	0.0	9.205
NDRG1_HUMAN	10397	NDRG1	9.201	302	1	3	1.0	0.0	9.201
SERPH_HUMAN	871	SERPINH1	9.194	307	1	0	1.0	0.0	9.194
CSPG2_HUMAN	1462	VCAN	9.188	311	1	0	1.0	0.0	9.188
NU1M_HUMAN	4535	MT-ND1	9.185	313	1	0	1.0	0.0	9.185
PLIN2_HUMAN	123	PLIN2	9.17	324	1	0	1.0	0.0	9.17
ARI1A_HUMAN	8289	ARID1A	9.168	326	1	1	1.0	0.0	9.168
RTL1_HUMAN	388015	RTL1	9.158	333	1	0	1.0	0.0	9.158
ATRX_HUMAN	546	ATRX	9.149	340	1	0	1.0	0.0	9.149
EF2_HUMAN	1938	EEF2	9.141	347	1	1	1.0	0.0	9.141
FACD2_HUMAN	2177	FANCD2	9.137	350	1	0	1.0	0.0	9.137
ASXL1_HUMAN	171023	ASXL1	9.136	351	1	0	1.0	0.0	9.136
PRDX1_HUMAN	5052	PRDX1	9.134	352	1	1	1.0	0.0	9.134
P53_HUMAN	7157	TP53	9.129	46130	2	1	1.301	0.0	7.017
MSLN_HUMAN	10232	MSLN	9.125	360	1	4	1.0	0.0	9.125
IOD3_HUMAN	1735	DIO3	9.115	368	1	0	1.0	0.0	9.115
MUTA_HUMAN	4594	MUT	9.11	372	1	1	1.0	0.0	9.11
GGT1_HUMAN	2678	GGT1	9.102	379	1	0	1.0	0.0	9.102
M3K5_HUMAN	4217	MAP3K5	9.091	389	1	1	1.0	0.0	9.091
SOX10_HUMAN	6663	SOX10	9.073	405	1	0	1.0	0.0	9.073
TXK_HUMAN	7294	TXK	9.056	422	1	0	1.0	0.0	9.056
MOT1_HUMAN	6566	SLC16A1	9.035	442	1	2	1.0	0.0	9.035
KPYM_HUMAN	5315	PKM	9.03	448	1	1	1.0	0.0	9.03
NMDE1_HUMAN	2903	GRIN2A	9.029	449	1	0	1.0	0.0	9.029
RAD50_HUMAN	10111	RAD50	9.014	464	1	0	1.0	0.0	9.014
SL9A1_HUMAN	6548	SLC9A1	9.012	467	1	0	1.0	0.0	9.012
FBXW7_HUMAN	55294	FBXW7	9.005	474	1	4	1.0	0.0	9.005
CISH_HUMAN	1154	CISH	9.004	475	1	1	1.0	0.0	9.004
ATF2_HUMAN	1386	ATF2	8.97	514	1	1	1.0	0.0	8.97
PDK1_HUMAN	5163	PDK1	8.961	525	1	2	1.0	0.0	8.961
S10A4_HUMAN	6275	S100A4	8.952	536	1	0	1.0	0.0	8.952
TET2_HUMAN	54790	TET2	8.941	550	1	1	1.0	0.0	8.941
RAP1A_HUMAN	5906	RAP1A	8.939	552	1	0	1.0	0.0	8.939
PE2R2_HUMAN	5732	PTGER2	8.934	558	1	1	1.0	0.0	8.934
CXL13_HUMAN	10563	CXCL13	8.925	570	1	2	1.0	0.0	8.925
IF2A_HUMAN	1965	EIF2S1	8.921	575	1	4	1.0	0.0	8.921
SNF5_HUMAN	6598	SMARCB1	8.901	603	1	0	1.0	0.0	8.901
CREM_HUMAN	1390	CREM	8.897	608	1	0	1.0	0.0	8.897
ATF4_HUMAN	468	ATF4	8.894	612	1	1	1.0	0.0	8.894
BIRC2_HUMAN	329	BIRC2	8.893	614	1	0	1.0	0.0	8.893
APC_HUMAN	324	APC	8.889	619	1	0	1.0	0.0	8.889
HPSE_HUMAN	10855	HPSE	8.889	619	1	1	1.0	0.0	8.889
GA45A_HUMAN	1647	GADD45A	8.879	634	1	1	1.0	0.0	8.879
PSIP1_HUMAN	11168	PSIP1	8.879	634	1	0	1.0	0.0	8.879
JAK3_HUMAN	3718	JAK3	8.873	643	1	4	1.0	0.0	8.873
HES1_HUMAN	3280	HES1	8.861	660	1	0	1.0	0.0	8.861
WNT5A_HUMAN	7474	WNT5A	8.859	664	1	7	1.0	0.0	8.859
AURKB_HUMAN	9212	AURKB	8.859	663	1	3	1.0	0.0	8.859
HXK2_HUMAN	3099	HK2	8.853	673	1	1	1.0	0.0	8.853
DICER_HUMAN	23405	DICER1	8.841	691	1	3	1.0	0.0	8.841
PMEL_HUMAN	6490	PMEL	8.83	710	1	2	1.0	0.0	8.83
SO1B1_HUMAN	10599	SLCO1B1	8.802	756	1	0	1.0	0.0	8.802
AAPK1_HUMAN	5562	PRKAA1	8.801	759	1	1	1.0	0.0	8.801
FHIT_HUMAN	2272	FHIT	8.8	760	1	2	1.0	0.0	8.8
PRRT2_HUMAN	112476	PRRT2	8.797	765	1	0	1.0	0.0	8.797
AQP1_HUMAN	358	AQP1	8.79	777	1	0	1.0	0.0	8.79
PSG2_HUMAN	5670	PSG2	8.786	785	1	0	1.0	0.0	8.786
FAS_HUMAN	2194	FASN	8.761	832	1	2	1.0	0.0	8.761
DCTN6_HUMAN	10671	DCTN6	8.755	844	1	1	1.0	0.0	8.755
CP2C8_HUMAN	1558	CYP2C8	8.735	882	1	0	1.0	0.0	8.735
PLK1_HUMAN	5347	PLK1	8.726	901	1	2	1.0	0.0	8.726
CCR4_HUMAN	1233	CCR4	8.721	912	1	1	1.0	0.0	8.721
STK11_HUMAN	6794	STK11	8.719	917	1	0	1.0	0.0	8.719
DPYD_HUMAN	1806	DPYD	8.718	919	1	0	1.0	0.0	8.718
FBN1_HUMAN	2200	FBN1	8.716	923	1	0	1.0	0.0	8.716
MAMD1_HUMAN	10046	MAMLD1	8.715	925	1	0	1.0	0.0	8.715
MTAP2_HUMAN	4133	MAP2	8.704	948	1	0	1.0	0.0	8.704
EPAS1_HUMAN	2034	EPAS1	8.7	957	1	1	1.0	0.0	8.7
DKK1_HUMAN	22943	DKK1	8.691	976	1	0	1.0	0.0	8.691
IF4E_HUMAN	1977	EIF4E	8.682	997	1	0	1.0	0.0	8.682
GDN_HUMAN	5270	SERPINE2	8.663	1043	1	1	1.0	0.0	8.663
JAK1_HUMAN	3716	JAK1	8.661	1047	1	0	1.0	0.0	8.661
FCG2A_HUMAN	2212	FCGR2A	8.653	1066	1	0	1.0	0.0	8.653
EDNRB_HUMAN	1910	EDNRB	8.638	1105	1	0	1.0	0.0	8.638
CADH5_HUMAN	1003	CDH5	8.627	1131	1	9	1.0	0.0	8.627
TADBP_HUMAN	23435	TARDBP	8.617	1158	1	0	1.0	0.0	8.617
HDAC1_HUMAN	3065	HDAC1	8.608	1183	1	0	1.0	0.0	8.608
MARH8_HUMAN	220972	MARCH8	8.606	1189	1	0	1.0	0.0	8.606
EGLN_HUMAN	2022	ENG	8.58	1261	1	3	1.0	0.0	8.58
EZH2_HUMAN	2146	EZH2	8.564	1309	1	1	1.0	0.0	8.564
HD_HUMAN	3064	HTT	8.559	1323	1	0	1.0	0.0	8.559
CXCR3_HUMAN	2833	CXCR3	8.549	1355	1	0	1.0	0.0	8.549
NQO1_HUMAN	1728	NQO1	8.521	1445	1	1	1.0	0.0	8.521
EPCAM_HUMAN	4072	EPCAM	8.502	1509	1	0	1.0	0.0	8.502
MP2K2_HUMAN	5605	MAP2K2	8.495	1534	1	0	1.0	0.0	8.495
CTGF_HUMAN	1490	CTGF	8.491	1548	1	1	1.0	0.0	8.491
ANGP2_HUMAN	285	ANGPT2	8.485	1569	1	0	1.0	0.0	8.485
CBP_HUMAN	1387	CREBBP	8.477	1601	1	2	1.0	0.0	8.477
ERCC1_HUMAN	2067	ERCC1	8.462	1656	1	0	1.0	0.0	8.462
K1C18_HUMAN	3875	KRT18	8.457	1674	1	0	1.0	0.0	8.457
CEBPA_HUMAN	1050	CEBPA	8.444	1727	1	1	1.0	0.0	8.444
SMAD4_HUMAN	4089	SMAD4	8.443	1728	1	0	1.0	0.0	8.443
HNRPC_HUMAN	3183	HNRNPC	8.432	1775	1	1	1.0	0.0	8.432
ERBB3_HUMAN	2065	ERBB3	8.43	1783	1	2	1.0	0.0	8.43
CFAH_HUMAN	3075	CFH	8.427	1793	1	5	1.0	0.0	8.427
CR2_HUMAN	1380	CR2	8.422	1815	1	0	1.0	0.0	8.422
CP19A_HUMAN	1588	CYP19A1	8.4	1908	1	3	1.0	0.0	8.4
PGFRB_HUMAN	5159	PDGFRB	8.376	2018	1	2	1.0	0.0	8.376
KMT2A_HUMAN	4297	KMT2A	8.36	2095	1	0	1.0	0.0	8.36
CATB_HUMAN	1508	CTSB	8.359	2098	1	1	1.0	0.0	8.359
RAC1_HUMAN	5879	RAC1	8.354	2122	1	1	1.0	0.0	8.354
AHR_HUMAN	196	AHR	8.337	2209	1	0	1.0	0.0	8.337
BID_HUMAN	637	BID	8.33	2245	1	0	1.0	0.0	8.33
HLAG_HUMAN	3135	HLA-G	8.329	2247	1	2	1.0	0.0	8.329
TSP1_HUMAN	7057	THBS1	8.325	2268	1	7	1.0	0.0	8.325
BAD_HUMAN	572	BAD	8.312	2337	1	0	1.0	0.0	8.312
RUNX2_HUMAN	860	RUNX2	8.311	2344	1	1	1.0	0.0	8.311
RHOA_HUMAN	387	RHOA	8.309	2356	1	0	1.0	0.0	8.309
MSH2_HUMAN	4436	MSH2	8.265	2603	1	2	1.0	0.0	8.265
CSF1_HUMAN	1435	CSF1	8.263	2616	1	0	1.0	0.0	8.263
TSHR_HUMAN	7253	TSHR	8.26	2634	1	0	1.0	0.0	8.26
CCL3_HUMAN	6348	CCL3	8.255	2667	1	1	1.0	0.0	8.255
PROM1_HUMAN	8842	PROM1	8.249	2703	1	0	1.0	0.0	8.249
EP300_HUMAN	2033	EP300	8.199	3033	1	0	1.0	0.0	8.199
S100B_HUMAN	6285	S100B	8.195	3058	1	0	1.0	0.0	8.195
CP1A2_HUMAN	1544	CYP1A2	8.188	3110	1	0	1.0	0.0	8.188
IFI27_HUMAN	3429	IFI27	8.16	3320	1	1	1.0	0.0	8.16
DESM_HUMAN	1674	DES	8.154	3365	1	0	1.0	0.0	8.154
PPARA_HUMAN	5465	PPARA	8.144	3441	1	4	1.0	0.0	8.144
ESR2_HUMAN	2100	ESR2	8.131	3549	1	1	1.0	0.0	8.131
MDM2_HUMAN	4193	MDM2	8.131	3545	1	2	1.0	0.0	8.131
CXL10_HUMAN	3627	CXCL10	8.12	3639	1	1	1.0	0.0	8.12
ENOG_HUMAN	2026	ENO2	8.083	3962	1	0	1.0	0.0	8.083
MUC1_HUMAN	4582	MUC1	8.054	4231	1	0	1.0	0.0	8.054
TF65_HUMAN	5970	RELA	8.043	4340	1	1	1.0	0.0	8.043
FOS_HUMAN	2353	FOS	8.037	4405	1	1	1.0	0.0	8.037
DDIT3_HUMAN	1649	DDIT3	8.002	4779	1	2	1.0	0.0	8.002
LYAM2_HUMAN	6401	SELE	7.984	4980	1	0	1.0	0.0	7.984
NOS2_HUMAN	4843	NOS2	7.963	5227	1	1	1.0	0.0	7.963
PECA1_HUMAN	5175	PECAM1	7.954	5336	1	0	1.0	0.0	7.954
IFNB_HUMAN	3456	IFNB1	7.937	5545	1	0	1.0	0.0	7.937
PCNA_HUMAN	5111	PCNA	7.916	5813	1	3	1.0	0.0	7.916
PTPRC_HUMAN	5788	PTPRC	7.892	6151	1	0	1.0	0.0	7.892
ABL1_HUMAN	25	ABL1	7.881	6311	1	0	1.0	0.0	7.881
ANDR_HUMAN	367	AR	7.842	6901	1	0	1.0	0.0	7.842
PK3CD_HUMAN	5293	PIK3CD	7.836	6997	1	0	1.0	0.0	7.836
STAT3_HUMAN	6774	STAT3	7.824	7199	1	1	1.0	0.0	7.824
1B07_HUMAN	3106	HLA-B	7.778	7993	1	0	1.0	0.0	7.778
MK14_HUMAN	1432	MAPK14	7.754	8447	1	0	1.0	0.0	7.754
COLI_HUMAN	5443	POMC	7.739	8744	1	0	1.0	0.0	7.739
IL2RA_HUMAN	3559	IL2RA	7.737	8791	1	0	1.0	0.0	7.737
NELFD_HUMAN	51497	NELFCD	7.69	9794	1	4	1.0	0.0	7.69
K1C20_HUMAN	54474	KRT20	7.676	10103	1	1	1.0	0.0	7.676
MMP2_HUMAN	4313	MMP2	7.64	10989	1	0	1.0	0.0	7.64
BAX_HUMAN	581	BAX	7.63	11225	1	1	1.0	0.0	7.63
MMP9_HUMAN	4318	MMP9	7.544	13703	1	0	1.0	0.0	7.544
SOMA_HUMAN	2688	GH1	7.366	20651	1	0	1.0	0.0	7.366
BCL2_HUMAN	596	BCL2	7.309	23522	1	3	1.0	0.0	7.309
TGFB1_HUMAN	7040	TGFB1	7.292	24445	1	1	1.0	0.0	7.292
IL1B_HUMAN	3553	IL1B	7.229	28325	1	0	1.0	0.0	7.229
CD8A_HUMAN	925	CD8A	7.219	28961	1	3	1.0	0.0	7.219
