Big_T	7611
Big_F	17252753
UniProtKB_ID	GeneID	Gene_Name	PPS	Big_P	T+P	Citation	1+Log(T+P)	log10((Cit/yr+1)/10)	1+log10(F/T)+log10(F/P)
BRCA1_HUMAN	672	BRCA1	52.881	9743	3013	2992	4.479	2.476	7.603
CHK2_HUMAN	11200	CHEK2	37.757	1355	122	237	3.086	1.377	8.46
PARP1_HUMAN	142	PARP1	35.28	6579	110	313	3.041	1.497	7.774
ERBB2_HUMAN	2064	ERBB2	31.549	26330	126	198	3.1	1.299	7.172
RAD50_HUMAN	10111	RAD50	31.162	464	31	99	2.491	1.0	8.926
EGFR_HUMAN	1956	EGFR	30.683	30695	47	442	2.672	1.646	7.105
ARF_HUMAN	1029	CDKN2A	28.664	9187	55	103	2.74	1.017	7.629
BARD1_HUMAN	580	BARD1	28.522	167	27	40	2.431	0.613	9.369
BAP1_HUMAN	8314	BAP1	28.447	271	22	57	2.342	0.763	9.159
RAD51_HUMAN	5888	RAD51	28.373	1631	32	75	2.505	0.881	8.38
COBA2_HUMAN	1302	COL11A2	28.294	1728	42	57	2.623	0.763	8.355
BRCA2_HUMAN	675	BRCA2	28.219	6283	58	71	2.763	0.857	7.794
PALB2_HUMAN	79728	PALB2	26.332	261	19	38	2.279	0.591	9.175
MLH1_HUMAN	4292	MLH1	26.121	3231	31	54	2.491	0.74	8.083
MSH6_HUMAN	2956	MSH6	25.334	1307	25	38	2.398	0.591	8.476
NBN_HUMAN	4683	NBN	23.902	1099	16	38	2.204	0.591	8.551
FACD2_HUMAN	2177	FANCD2	23.383	350	12	31	2.079	0.505	9.048
FOXM1_HUMAN	2305	FOXM1	23.086	872	2	232	1.301	1.367	8.652
ESR1_HUMAN	2099	ESR1	22.582	13814	37	28	2.568	0.462	7.451
PTEN_HUMAN	5728	PTEN	22.274	6259	24	29	2.38	0.477	7.796
H2AX_HUMAN	3014	H2AFX	22.125	1188	9	43	1.954	0.643	8.517
INSC_HUMAN	387755	INSC	21.86	72	16	10	2.204	0.041	9.735
BACH1_HUMAN	571	BACH1	21.274	151	7	25	1.845	0.415	9.413
CHK1_HUMAN	1111	CHEK1	20.996	1262	11	26	2.041	0.431	8.491
ATM_HUMAN	472	ATM	20.92	2339	25	13	2.398	0.146	8.223
RA51C_HUMAN	5889	RAD51C	20.916	164	17	8	2.23	0.0	9.377
DPOLQ_HUMAN	10721	POLQ	20.025	38	4	24	1.602	0.398	10.012
FANCJ_HUMAN	83990	BRIP1	19.777	161	8	15	1.903	0.204	9.385
NF1_HUMAN	4763	NF1	19.286	5140	7	39	1.845	0.602	7.881
ANDR_HUMAN	367	AR	19.068	6901	16	17	2.204	0.255	7.753
CTIP_HUMAN	5932	RBBP8	17.844	136	7	10	1.845	0.041	9.459
P53_HUMAN	7157	TP53	17.449	46130	15	21	2.176	0.342	6.928
RASK_HUMAN	3845	KRAS	17.075	10492	12	14	2.079	0.176	7.571
HXB13_HUMAN	10481	HOXB13	16.948	115	6	3	1.778	0.0	9.531
CDN1A_HUMAN	1026	CDKN1A	16.668	5857	9	14	1.954	0.176	7.824
FANCC_HUMAN	2176	FANCC	16.193	493	6	10	1.778	0.041	8.899
FANCA_HUMAN	2175	FANCA	16.109	341	6	8	1.778	0.0	9.059
FMR1_HUMAN	2332	FMR1	16.06	1423	8	1	1.903	0.0	8.439
PK3CA_HUMAN	5290	PIK3CA	15.762	2646	5	16	1.699	0.23	8.17
BABA1_HUMAN	29086	BABAM1	15.478	13	3	1	1.477	0.0	10.478
MDM2_HUMAN	4193	MDM2	15.305	3545	8	1	1.903	0.0	8.042
RASF1_HUMAN	11186	RASSF1	15.269	1012	6	5	1.778	0.0	8.587
PARP2_HUMAN	10038	PARP2	15.217	124	4	4	1.602	0.0	9.499
RASH_HUMAN	3265	HRAS	15.199	2263	7	6	1.845	0.0	8.237
CDK6_HUMAN	1021	CDK6	15.184	1532	1	63	1.0	0.806	8.407
WFDC2_HUMAN	10406	WFDC2	15.16	467	5	4	1.699	0.0	8.923
IGF1_HUMAN	3479	IGF1	15.107	21183	12	2	2.079	0.0	7.266
MSH2_HUMAN	4436	MSH2	15.087	2603	7	3	1.845	0.0	8.177
FHIT_HUMAN	2272	FHIT	14.8	760	5	1	1.699	0.0	8.711
RN168_HUMAN	165918	RNF168	14.601	51	3	4	1.477	0.0	9.885
XRCC6_HUMAN	2547	XRCC6	14.477	607	4	10	1.602	0.041	8.809
PRGR_HUMAN	5241	PGR	14.131	8583	7	8	1.845	0.0	7.658
MTHR_HUMAN	4524	MTHFR	14.114	4515	6	3	1.778	0.0	7.937
MIS_HUMAN	268	AMH	14.102	1957	5	4	1.699	0.0	8.3
RA51D_HUMAN	5892	RAD51D	13.981	134	3	2	1.477	0.0	9.465
NR4A1_HUMAN	3164	NR4A1	13.867	2694	5	9	1.699	0.0	8.162
AKT1_HUMAN	207	AKT1	13.818	18505	7	10	1.845	0.041	7.325
CTNB1_HUMAN	1499	CTNNB1	13.594	8844	6	8	1.778	0.0	7.645
RAD52_HUMAN	5893	RAD52	13.589	247	3	8	1.477	0.0	9.199
BRAT1_HUMAN	221927	BRAT1	13.552	15	2	0	1.301	0.0	10.416
CFTR_HUMAN	1080	CFTR	13.48	4546	5	5	1.699	0.0	7.934
MUC16_HUMAN	94025	MUC16	13.47	4611	5	1	1.699	0.0	7.928
RB_HUMAN	5925	RB1	13.469	4614	5	4	1.699	0.0	7.928
ERCC1_HUMAN	2067	ERCC1	13.414	1656	4	4	1.602	0.0	8.373
DHB1_HUMAN	3292	HSD17B1	13.247	421	3	0	1.477	0.0	8.968
FSBP_HUMAN	25788	FSBP	13.141	31	2	1	1.301	0.0	10.101
SIR1_HUMAN	23411	SIRT1	13.139	2460	4	7	1.602	0.0	8.201
KLK3_HUMAN	354	KLK3	13.101	16765	6	7	1.778	0.0	7.368
MUTYH_HUMAN	4595	MUTYH	13.092	536	3	5	1.477	0.0	8.863
MO4L1_HUMAN	10933	MORF4L1	12.997	40	2	0	1.301	0.0	9.99
EMSY_HUMAN	56946	EMSY	12.997	40	2	1	1.301	0.0	9.99
GA45A_HUMAN	1647	GADD45A	12.984	634	3	0	1.477	0.0	8.79
BRD7_HUMAN	29117	BRD7	12.957	43	2	1	1.301	0.0	9.959
UIMC1_HUMAN	51720	UIMC1	12.894	48	2	2	1.301	0.0	9.911
SLX4_HUMAN	84464	SLX4	12.849	52	2	1	1.301	0.0	9.876
FANCM_HUMAN	57697	FANCM	12.706	67	2	0	1.301	0.0	9.766
BLM_HUMAN	641	BLM	12.592	82	2	1	1.301	0.0	9.678
CP17A_HUMAN	1586	CYP17A1	12.472	1409	3	0	1.477	0.0	8.443
CP1B1_HUMAN	1545	CYP1B1	12.459	1437	3	0	1.477	0.0	8.435
RA51B_HUMAN	5890	RAD51B	12.447	106	2	2	1.301	0.0	9.567
AKP13_HUMAN	11214	AKAP13	12.447	106	2	2	1.301	0.0	9.567
TOPB1_HUMAN	11073	TOPBP1	12.377	120	2	0	1.301	0.0	9.513
CXL13_HUMAN	10563	CXCL13	12.353	570	1	24	1.0	0.398	8.836
DAB2_HUMAN	1601	DAB2	12.345	127	2	4	1.301	0.0	9.488
MCPH1_HUMAN	79648	MCPH1	12.336	129	2	0	1.301	0.0	9.482
TRI13_HUMAN	10206	TRIM13	12.318	133	2	1	1.301	0.0	9.468
FANCG_HUMAN	2189	FANCG	12.298	138	2	3	1.301	0.0	9.452
TERT_HUMAN	7015	TERT	12.298	4242	1	34	1.0	0.544	7.965
MTOR_HUMAN	2475	MTOR	12.28	14590	3	14	1.477	0.176	7.428
CP19A_HUMAN	1588	CYP19A1	12.277	1908	3	2	1.477	0.0	8.312
BCL2_HUMAN	596	BCL2	12.267	23522	5	0	1.699	0.0	7.22
CADH1_HUMAN	999	CDH1	12.22	9209	4	4	1.602	0.0	7.628
MDC1_HUMAN	9656	MDC1	12.204	163	2	2	1.301	0.0	9.38
PAXI1_HUMAN	22976	PAXIP1	12.197	29	1	15	1.0	0.204	10.13
HFM1_HUMAN	164045	HFM1	12.19	325	2	10	1.301	0.041	9.08
DMBT1_HUMAN	1755	DMBT1	12.144	181	2	1	1.301	0.0	9.334
CREB1_HUMAN	1385	CREB1	12.113	2466	3	1	1.477	0.0	8.2
COMT_HUMAN	1312	COMT	12.013	2880	3	2	1.477	0.0	8.133
MIB1_HUMAN	57534	MIB1	11.96	3128	3	6	1.477	0.0	8.097
CDK4_HUMAN	1019	CDK4	11.919	3335	3	0	1.477	0.0	8.069
ITA2B_HUMAN	3674	ITGA2B	11.901	3429	3	0	1.477	0.0	8.057
SF3B1_HUMAN	23451	SF3B1	11.876	291	2	1	1.301	0.0	9.128
AICDA_HUMAN	57379	AICDA	11.853	3697	3	4	1.477	0.0	8.024
RN5A_HUMAN	6041	RNASEL	11.798	334	2	0	1.301	0.0	9.068
SETD2_HUMAN	29072	SETD2	11.785	342	2	1	1.301	0.0	9.058
CENPA_HUMAN	1058	CENPA	11.782	344	2	4	1.301	0.0	9.056
ROA1_HUMAN	3178	HNRNPA1	11.733	375	2	5	1.301	0.0	9.018
PAX2_HUMAN	5076	PAX2	11.676	415	2	4	1.301	0.0	8.974
TPPP_HUMAN	11076	TPPP	11.657	429	2	0	1.301	0.0	8.96
IGF1R_HUMAN	3480	IGF1R	11.611	3702	2	13	1.301	0.146	8.024
FEZF2_HUMAN	55079	FEZF2	11.594	479	2	1	1.301	0.0	8.912
ARHL1_HUMAN	113622	ADPRHL1	11.592	1	1	0	1.0	0.0	11.592
MROH8_HUMAN	140699	MROH8	11.592	1	1	1	1.0	0.0	11.592
CTCF_HUMAN	10664	CTCF	11.561	508	2	0	1.301	0.0	8.886
EPCAM_HUMAN	4072	EPCAM	11.294	1509	2	10	1.301	0.041	8.413
FAP20_HUMAN	199990	FAAP20	11.291	2	1	3	1.0	0.0	11.291
CATL1_HUMAN	1514	CTSL	11.278	839	2	5	1.301	0.0	8.668
CCND1_HUMAN	595	CCND1	11.253	9412	3	0	1.477	0.0	7.618
MYC_HUMAN	4609	MYC	11.194	10313	3	1	1.477	0.0	7.578
PTC1_HUMAN	5727	PTCH1	11.183	993	2	0	1.301	0.0	8.595
SNAI2_HUMAN	6591	SNAI2	11.165	1025	2	6	1.301	0.0	8.581
ERCC2_HUMAN	2068	ERCC2	11.149	1053	2	3	1.301	0.0	8.57
NDKA_HUMAN	4830	NME1	11.136	1079	2	0	1.301	0.0	8.559
CSTF1_HUMAN	1477	CSTF1	11.115	3	1	0	1.0	0.0	11.115
MASTR_HUMAN	284358	MAMSTR	11.115	3	1	1	1.0	0.0	11.115
GATA3_HUMAN	2625	GATA3	11.101	1147	2	1	1.301	0.0	8.533
PRKDC_HUMAN	5591	PRKDC	11.073	1205	2	1	1.301	0.0	8.511
FGFR2_HUMAN	2263	FGFR2	11.033	1295	2	1	1.301	0.0	8.48
CD24_HUMAN	100133941	CD24	11.011	1346	2	1	1.301	0.0	8.463
MYNN_HUMAN	55892	MYNN	10.99	4	1	3	1.0	0.0	10.99
ITB3_HUMAN	3690	ITGB3	10.962	1468	2	1	1.301	0.0	8.425
PML_HUMAN	5371	PML	10.943	1516	2	0	1.301	0.0	8.411
MERL_HUMAN	4771	NF2	10.942	1519	2	0	1.301	0.0	8.411
NPL4_HUMAN	55666	NPLOC4	10.932	29	1	11	1.0	0.079	10.13
MEN1_HUMAN	4221	MEN1	10.871	1723	2	0	1.301	0.0	8.356
SMAD4_HUMAN	4089	SMAD4	10.87	1728	2	4	1.301	0.0	8.355
RDM1_HUMAN	201299	RDM1	10.814	6	1	1	1.0	0.0	10.814
RIR1_HUMAN	6240	RRM1	10.794	1974	2	0	1.301	0.0	8.297
KS6B1_HUMAN	6198	RPS6KB1	10.757	2108	2	2	1.301	0.0	8.268
ECHD1_HUMAN	55862	ECHDC1	10.747	7	1	0	1.0	0.0	10.747
TCAL7_HUMAN	56849	TCEAL7	10.747	7	1	0	1.0	0.0	10.747
INT12_HUMAN	57117	INTS12	10.689	8	1	0	1.0	0.0	10.689
MGMT_HUMAN	4255	MGMT	10.638	2601	2	0	1.301	0.0	8.177
GSTM1_HUMAN	2944	GSTM1	10.619	2692	2	1	1.301	0.0	8.162
CP1A1_HUMAN	1543	CYP1A1	10.552	3030	2	2	1.301	0.0	8.111
CDK2_HUMAN	1017	CDK2	10.533	3134	2	1	1.301	0.0	8.096
NUFP1_HUMAN	26747	NUFIP1	10.513	12	1	0	1.0	0.0	10.513
ARL11_HUMAN	115761	ARL11	10.446	14	1	0	1.0	0.0	10.446
OSTP_HUMAN	6696	SPP1	10.435	3725	2	1	1.301	0.0	8.021
C560_HUMAN	6391	SDHC	10.401	560	1	14	1.0	0.176	8.844
ERAL1_HUMAN	26284	ERAL1	10.397	3986	2	0	1.301	0.0	7.992
CP2D6_HUMAN	1565	CYP2D6	10.391	4031	2	2	1.301	0.0	7.987
MUC1_HUMAN	4582	MUC1	10.363	4231	2	0	1.301	0.0	7.966
NELFB_HUMAN	25920	NELFB	10.337	18	1	3	1.0	0.0	10.337
OLA1_HUMAN	29789	OLA1	10.337	18	1	0	1.0	0.0	10.337
COX11_HUMAN	1353	COX11	10.313	19	1	0	1.0	0.0	10.313
MEOX1_HUMAN	4222	MEOX1	10.313	19	1	0	1.0	0.0	10.313
BOP1_HUMAN	23246	BOP1	10.291	20	1	1	1.0	0.0	10.291
BCORL_HUMAN	63035	BCORL1	10.291	20	1	0	1.0	0.0	10.291
HECA2_HUMAN	253012	HEPACAM2	10.25	22	1	1	1.0	0.0	10.25
HOP2_HUMAN	29893	PSMC3IP	10.194	25	1	1	1.0	0.0	10.194
BCCIP_HUMAN	56647	BCCIP	10.194	25	1	0	1.0	0.0	10.194
PCNA_HUMAN	5111	PCNA	10.184	5813	2	0	1.301	0.0	7.828
SH3R1_HUMAN	57630	SH3RF1	10.145	28	1	1	1.0	0.0	10.145
ESCO1_HUMAN	114799	ESCO1	10.145	28	1	0	1.0	0.0	10.145
ABL1_HUMAN	25	ABL1	10.137	6311	2	0	1.301	0.0	7.792
TSH3_HUMAN	57616	TSHZ3	10.13	29	1	4	1.0	0.0	10.13
PAR12_HUMAN	64761	PARP12	10.13	29	1	1	1.0	0.0	10.13
VAT1_HUMAN	10493	VAT1	10.101	31	1	2	1.0	0.0	10.101
DDX11_HUMAN	1663	DDX11	10.048	35	1	5	1.0	0.0	10.048
KIF14_HUMAN	9928	KIF14	10.048	35	1	3	1.0	0.0	10.048
SAFB1_HUMAN	6294	SAFB	10.012	38	1	0	1.0	0.0	10.012
STABP_HUMAN	10617	STAMBP	10.012	38	1	1	1.0	0.0	10.012
GON1_HUMAN	2796	GNRH1	10.002	8020	2	0	1.301	0.0	7.688
NDUA3_HUMAN	4696	NDUFA3	10.001	39	1	0	1.0	0.0	10.001
DDX6_HUMAN	1656	DDX6	9.99	40	1	1	1.0	0.0	9.99
SAT2_HUMAN	112483	SAT2	9.979	41	1	2	1.0	0.0	9.979
CAVN3_HUMAN	112464	CAVIN3	9.969	42	1	1	1.0	0.0	9.969
DNMBP_HUMAN	23268	DNMBP	9.959	43	1	0	1.0	0.0	9.959
SIPA1_HUMAN	6494	SIPA1	9.902	49	1	3	1.0	0.0	9.902
KC1E_HUMAN	1454	CSNK1E	9.844	56	1	1	1.0	0.0	9.844
AMER1_HUMAN	139285	AMER1	9.844	56	1	0	1.0	0.0	9.844
GCSP_HUMAN	2731	GLDC	9.836	57	1	4	1.0	0.0	9.836
CDK12_HUMAN	51755	CDK12	9.821	59	1	8	1.0	0.0	9.821
GDF11_HUMAN	10220	GDF11	9.8	62	1	0	1.0	0.0	9.8
BMP8B_HUMAN	656	BMP8B	9.786	64	1	0	1.0	0.0	9.786
HNRPL_HUMAN	3191	HNRNPL	9.786	64	1	0	1.0	0.0	9.786
GEN_HUMAN	348654	GEN1	9.786	64	1	2	1.0	0.0	9.786
TFG_HUMAN	10342	TFG	9.747	70	1	0	1.0	0.0	9.747
MD2L2_HUMAN	10459	MAD2L2	9.723	74	1	1	1.0	0.0	9.723
KBP_HUMAN	26128	KIF1BP	9.723	74	1	0	1.0	0.0	9.723
TSH1_HUMAN	10194	TSHZ1	9.717	75	1	0	1.0	0.0	9.717
VAV3_HUMAN	10451	VAV3	9.711	76	1	0	1.0	0.0	9.711
PEMT_HUMAN	10400	PEMT	9.678	82	1	2	1.0	0.0	9.678
NINL_HUMAN	22981	NINL	9.673	83	1	1	1.0	0.0	9.673
DMC1_HUMAN	11144	DMC1	9.668	84	1	0	1.0	0.0	9.668
PRP8_HUMAN	10594	PRPF8	9.663	85	1	5	1.0	0.0	9.663
TOX3_HUMAN	27324	TOX3	9.663	85	1	0	1.0	0.0	9.663
KDM5B_HUMAN	10765	KDM5B	9.648	88	1	4	1.0	0.0	9.648
CTBP1_HUMAN	1487	CTBP1	9.643	89	1	0	1.0	0.0	9.643
RIF1_HUMAN	55183	RIF1	9.633	91	1	1	1.0	0.0	9.633
ABC3A_HUMAN	200315	APOBEC3A	9.628	92	1	2	1.0	0.0	9.628
CAD17_HUMAN	1015	CDH17	9.624	93	1	8	1.0	0.0	9.624
HME2_HUMAN	2020	EN2	9.624	93	1	0	1.0	0.0	9.624
LSP1_HUMAN	4046	LSP1	9.619	94	1	1	1.0	0.0	9.619
PP1A_HUMAN	5499	PPP1CA	9.619	94	1	0	1.0	0.0	9.619
DNA2_HUMAN	1763	DNA2	9.596	99	1	1	1.0	0.0	9.596
PEO1_HUMAN	56652	TWNK	9.596	99	1	0	1.0	0.0	9.596
DTNB_HUMAN	1838	DTNB	9.588	101	1	0	1.0	0.0	9.588
PAK4_HUMAN	10298	PAK4	9.567	106	1	0	1.0	0.0	9.567
SETX_HUMAN	23064	SETX	9.547	111	1	1	1.0	0.0	9.547
CENPF_HUMAN	1063	CENPF	9.535	114	1	0	1.0	0.0	9.535
ASPM_HUMAN	259266	ASPM	9.495	125	1	2	1.0	0.0	9.495
DPOLL_HUMAN	27343	POLL	9.488	127	1	0	1.0	0.0	9.488
DNLI3_HUMAN	3980	LIG3	9.475	131	1	3	1.0	0.0	9.475
VSIG2_HUMAN	23584	VSIG2	9.475	131	1	0	1.0	0.0	9.475
HNRPD_HUMAN	3184	HNRNPD	9.462	135	1	0	1.0	0.0	9.462
LN28B_HUMAN	389421	LIN28B	9.419	149	1	6	1.0	0.0	9.419
ACACA_HUMAN	31	ACACA	9.405	154	1	2	1.0	0.0	9.405
FHL2_HUMAN	2274	FHL2	9.405	154	1	1	1.0	0.0	9.405
TIF1B_HUMAN	10155	TRIM28	9.405	154	1	0	1.0	0.0	9.405
TFDP1_HUMAN	7027	TFDP1	9.402	155	1	3	1.0	0.0	9.402
PPM1D_HUMAN	8493	PPM1D	9.393	158	1	1	1.0	0.0	9.393
MBB1A_HUMAN	10514	MYBBP1A	9.391	159	1	0	1.0	0.0	9.391
TP4A3_HUMAN	11156	PTP4A3	9.391	159	1	0	1.0	0.0	9.391
ID4_HUMAN	3400	ID4	9.385	161	1	0	1.0	0.0	9.385
KIN17_HUMAN	22944	KIN	9.385	161	1	0	1.0	0.0	9.385
CADH3_HUMAN	1001	CDH3	9.375	165	1	0	1.0	0.0	9.375
XRCC2_HUMAN	7516	XRCC2	9.367	168	1	1	1.0	0.0	9.367
FST_HUMAN	10468	FST	9.327	184	1	0	1.0	0.0	9.327
DDB1_HUMAN	1642	DDB1	9.325	185	1	0	1.0	0.0	9.325
AR2BP_HUMAN	23568	ARL2BP	9.325	185	1	0	1.0	0.0	9.325
KAT5_HUMAN	10524	KAT5	9.323	186	1	3	1.0	0.0	9.323
PABP1_HUMAN	26986	PABPC1	9.32	187	1	0	1.0	0.0	9.32
S45A2_HUMAN	51151	SLC45A2	9.309	192	1	1	1.0	0.0	9.309
CAR17_HUMAN	440068	CARD17	9.307	193	1	2	1.0	0.0	9.307
PMS1_HUMAN	5378	PMS1	9.293	199	1	0	1.0	0.0	9.293
SEM1_HUMAN	7979	SEM1	9.27	210	1	0	1.0	0.0	9.27
CDC73_HUMAN	79577	CDC73	9.252	219	1	0	1.0	0.0	9.252
PRP31_HUMAN	26121	PRPF31	9.246	222	1	0	1.0	0.0	9.246
ERCC6_HUMAN	2074	ERCC6	9.24	225	1	0	1.0	0.0	9.24
E2F3_HUMAN	1871	E2F3	9.238	226	1	0	1.0	0.0	9.238
PPR1A_HUMAN	5502	PPP1R1A	9.221	235	1	0	1.0	0.0	9.221
E2F4_HUMAN	1874	E2F4	9.205	244	1	2	1.0	0.0	9.205
HXA10_HUMAN	3206	HOXA10	9.201	246	1	0	1.0	0.0	9.201
EXT1_HUMAN	2131	EXT1	9.199	247	1	0	1.0	0.0	9.199
ENAH_HUMAN	55740	ENAH	9.199	247	1	1	1.0	0.0	9.199
NCOA2_HUMAN	10499	NCOA2	9.191	252	1	2	1.0	0.0	9.191
TWSG1_HUMAN	57045	TWSG1	9.182	257	1	0	1.0	0.0	9.182
SEPR_HUMAN	2191	FAP	9.179	259	1	0	1.0	0.0	9.179
FUMH_HUMAN	2271	FH	9.175	261	1	1	1.0	0.0	9.175
PHB_HUMAN	5245	PHB	9.164	268	1	0	1.0	0.0	9.164
NCOA3_HUMAN	8202	NCOA3	9.154	274	1	0	1.0	0.0	9.154
AKT3_HUMAN	10000	AKT3	9.131	289	1	0	1.0	0.0	9.131
SKP1_HUMAN	6500	SKP1	9.13	290	1	1	1.0	0.0	9.13
PB1_HUMAN	55193	PBRM1	9.127	292	1	1	1.0	0.0	9.127
RAD21_HUMAN	5885	RAD21	9.119	297	1	1	1.0	0.0	9.119
SARDH_HUMAN	1757	SARDH	9.112	302	1	2	1.0	0.0	9.112
FGF8_HUMAN	2253	FGF8	9.104	308	1	0	1.0	0.0	9.104
FOXA1_HUMAN	3169	FOXA1	9.104	308	1	0	1.0	0.0	9.104
MSRE_HUMAN	4481	MSR1	9.095	314	1	1	1.0	0.0	9.095
MSH3_HUMAN	4437	MSH3	9.079	326	1	2	1.0	0.0	9.079
P_HUMAN	4948	OCA2	9.076	328	1	0	1.0	0.0	9.076
ID2_HUMAN	3398	ID2	9.047	351	1	0	1.0	0.0	9.047
DNLI4_HUMAN	3981	LIG4	9.042	355	1	2	1.0	0.0	9.042
CAF1A_HUMAN	10036	CHAF1A	9.042	355	1	3	1.0	0.0	9.042
CADM1_HUMAN	23705	CADM1	9.038	358	1	7	1.0	0.0	9.038
PRAP1_HUMAN	118471	PRAP1	9.036	360	1	1	1.0	0.0	9.036
RFA1_HUMAN	6117	RPA1	9.011	381	1	1	1.0	0.0	9.011
FEN1_HUMAN	2237	FEN1	8.999	392	1	3	1.0	0.0	8.999
XPF_HUMAN	2072	ERCC4	8.996	395	1	1	1.0	0.0	8.996
DPOD1_HUMAN	5424	POLD1	8.994	396	1	0	1.0	0.0	8.994
DCC_HUMAN	1630	DCC	8.986	404	1	0	1.0	0.0	8.986
ANAG_HUMAN	4669	NAGLU	8.983	407	1	0	1.0	0.0	8.983
MAF_HUMAN	4094	MAF	8.972	417	1	0	1.0	0.0	8.972
HGFL_HUMAN	4485	MST1	8.968	421	1	0	1.0	0.0	8.968
SPB5_HUMAN	5268	SERPINB5	8.958	431	1	0	1.0	0.0	8.958
ERCC5_HUMAN	2073	ERCC5	8.952	437	1	2	1.0	0.0	8.952
IF4E_HUMAN	1977	EIF4E	8.949	997	1	10	1.0	0.041	8.593
HYEP_HUMAN	2052	EPHX1	8.938	451	1	2	1.0	0.0	8.938
ELAV1_HUMAN	1994	ELAVL1	8.936	453	1	0	1.0	0.0	8.936
IL6_HUMAN	3569	IL6	8.927	53611	2	3	1.301	0.0	6.862
FBXW7_HUMAN	55294	FBXW7	8.916	474	1	0	1.0	0.0	8.916
CISH_HUMAN	1154	CISH	8.915	475	1	0	1.0	0.0	8.915
ACADM_HUMAN	34	ACADM	8.902	490	1	3	1.0	0.0	8.902
WRN_HUMAN	7486	WRN	8.881	514	1	0	1.0	0.0	8.881
CD82_HUMAN	3732	CD82	8.879	517	1	0	1.0	0.0	8.879
MPRI_HUMAN	3482	IGF2R	8.877	519	1	0	1.0	0.0	8.877
DAPK1_HUMAN	1612	DAPK1	8.874	522	1	2	1.0	0.0	8.874
CTG1B_HUMAN	246100	CTAG1B	8.844	560	1	1	1.0	0.0	8.844
ANXA1_HUMAN	301	ANXA1	8.843	561	1	1	1.0	0.0	8.843
NFL_HUMAN	4747	NEFL	8.841	564	1	0	1.0	0.0	8.841
TF7L2_HUMAN	6934	TCF7L2	8.833	574	1	1	1.0	0.0	8.833
MRE11_HUMAN	4361	MRE11	8.832	576	1	6	1.0	0.0	8.832
IKKA_HUMAN	1147	CHUK	8.821	590	1	2	1.0	0.0	8.821
CREM_HUMAN	1390	CREM	8.808	608	1	0	1.0	0.0	8.808
AKT2_HUMAN	208	AKT2	8.789	636	1	0	1.0	0.0	8.789
COF1_HUMAN	1072	CFL1	8.767	668	1	0	1.0	0.0	8.767
MSHR_HUMAN	4157	MC1R	8.763	675	1	6	1.0	0.0	8.763
GPX1_HUMAN	2876	GPX1	8.76	679	1	1	1.0	0.0	8.76
DICER_HUMAN	23405	DICER1	8.753	691	1	0	1.0	0.0	8.753
CDN1C_HUMAN	1028	CDKN1C	8.746	702	1	0	1.0	0.0	8.746
RBBP4_HUMAN	5928	RBBP4	8.74	711	1	0	1.0	0.0	8.74
SMCA4_HUMAN	6597	SMARCA4	8.738	714	1	0	1.0	0.0	8.738
GELS_HUMAN	2934	GSN	8.734	722	1	1	1.0	0.0	8.734
PAEP_HUMAN	5047	PAEP	8.694	791	1	0	1.0	0.0	8.694
SSA27_HUMAN	10534	SSSCA1	8.692	794	1	4	1.0	0.0	8.692
EDA_HUMAN	1896	EDA	8.688	801	1	0	1.0	0.0	8.688
DNM3B_HUMAN	1789	DNMT3B	8.675	826	1	0	1.0	0.0	8.675
JAG1_HUMAN	182	JAG1	8.674	829	1	1	1.0	0.0	8.674
AL1A1_HUMAN	216	ALDH1A1	8.662	852	1	0	1.0	0.0	8.662
IRF1_HUMAN	3659	IRF1	8.659	857	1	1	1.0	0.0	8.659
LRRK2_HUMAN	120892	LRRK2	8.65	876	1	0	1.0	0.0	8.65
S10AA_HUMAN	6281	S100A10	8.648	879	1	0	1.0	0.0	8.648
CH3L1_HUMAN	1116	CHI3L1	8.646	884	1	0	1.0	0.0	8.646
PLK1_HUMAN	5347	PLK1	8.637	901	1	2	1.0	0.0	8.637
RIR2_HUMAN	6241	RRM2	8.633	910	1	5	1.0	0.0	8.633
DPYD_HUMAN	1806	DPYD	8.629	919	1	0	1.0	0.0	8.629
ATR_HUMAN	545	ATR	8.619	941	1	2	1.0	0.0	8.619
K1C10_HUMAN	3858	KRT10	8.599	984	1	1	1.0	0.0	8.599
MT2_HUMAN	4502	MT2A	8.596	991	1	0	1.0	0.0	8.596
APEX1_HUMAN	328	APEX1	8.564	1067	1	1	1.0	0.0	8.564
K2C8_HUMAN	3856	KRT8	8.55	1102	1	0	1.0	0.0	8.55
AURKA_HUMAN	6790	AURKA	8.538	1134	1	0	1.0	0.0	8.538
MICA_HUMAN	100507436	MICA	8.536	1138	1	0	1.0	0.0	8.536
NAMPT_HUMAN	10135	NAMPT	8.534	1143	1	1	1.0	0.0	8.534
CO1A1_HUMAN	1277	COL1A1	8.525	1168	1	0	1.0	0.0	8.525
HDAC1_HUMAN	3065	HDAC1	8.519	1183	1	2	1.0	0.0	8.519
VGFR3_HUMAN	2324	FLT4	8.508	1215	1	3	1.0	0.0	8.508
XRCC1_HUMAN	7515	XRCC1	8.498	1242	1	1	1.0	0.0	8.498
SON_HUMAN	6651	SON	8.491	1262	1	0	1.0	0.0	8.491
BMP7_HUMAN	655	BMP7	8.485	1280	1	0	1.0	0.0	8.485
PRGC1_HUMAN	10891	PPARGC1A	8.479	1298	1	0	1.0	0.0	8.479
EZH2_HUMAN	2146	EZH2	8.475	1309	1	3	1.0	0.0	8.475
FGFR3_HUMAN	2261	FGFR3	8.475	1310	1	0	1.0	0.0	8.475
HD_HUMAN	3064	HTT	8.471	1323	1	0	1.0	0.0	8.471
ANGP1_HUMAN	284	ANGPT1	8.461	1351	1	0	1.0	0.0	8.461
TSC2_HUMAN	7249	TSC2	8.461	1353	1	0	1.0	0.0	8.461
MRP2_HUMAN	1244	ABCC2	8.447	1396	1	0	1.0	0.0	8.447
K2C5_HUMAN	3852	KRT5	8.437	1430	1	0	1.0	0.0	8.437
NOD2_HUMAN	64127	NOD2	8.418	1493	1	0	1.0	0.0	8.418
BECN1_HUMAN	8678	BECN1	8.408	1527	1	3	1.0	0.0	8.408
IRS1_HUMAN	3667	IRS1	8.403	1544	1	1	1.0	0.0	8.403
DNMT1_HUMAN	1786	DNMT1	8.395	1576	1	2	1.0	0.0	8.395
CBP_HUMAN	1387	CREBBP	8.388	1601	1	3	1.0	0.0	8.388
GHR_HUMAN	2690	GHR	8.387	1605	1	2	1.0	0.0	8.387
CAV1_HUMAN	857	CAV1	8.368	1675	1	2	1.0	0.0	8.368
IDHC_HUMAN	3417	IDH1	8.366	1683	1	5	1.0	0.0	8.366
ETV6_HUMAN	2120	ETV6	8.356	1723	1	0	1.0	0.0	8.356
GRP78_HUMAN	3309	HSPA5	8.32	1873	1	0	1.0	0.0	8.32
KPCD_HUMAN	5580	PRKCD	8.31	1915	1	0	1.0	0.0	8.31
PGFRB_HUMAN	5159	PDGFRB	8.287	2018	1	0	1.0	0.0	8.287
CATD_HUMAN	1509	CTSD	8.275	2076	1	0	1.0	0.0	8.275
CATB_HUMAN	1508	CTSB	8.27	2098	1	0	1.0	0.0	8.27
HPRT_HUMAN	3251	HPRT1	8.244	2227	1	1	1.0	0.0	8.244
HMDH_HUMAN	3156	HMGCR	8.242	2238	1	1	1.0	0.0	8.242
K2C7_HUMAN	3855	KRT7	8.237	2263	1	0	1.0	0.0	8.237
SMAD3_HUMAN	4088	SMAD3	8.237	2266	1	1	1.0	0.0	8.237
TMED2_HUMAN	10959	TMED2	8.219	2361	1	0	1.0	0.0	8.219
CERU_HUMAN	1356	CP	8.217	2373	1	0	1.0	0.0	8.217
IBP1_HUMAN	3484	IGFBP1	8.208	2421	1	0	1.0	0.0	8.208
SOX2_HUMAN	6657	SOX2	8.188	2534	1	1	1.0	0.0	8.188
TR11B_HUMAN	4982	TNFRSF11B	8.15	2767	1	2	1.0	0.0	8.15
HS90A_HUMAN	3320	HSP90AA1	8.117	2989	1	0	1.0	0.0	8.117
CDN1B_HUMAN	1027	CDKN1B	8.114	3007	1	0	1.0	0.0	8.114
AGTR1_HUMAN	185	AGTR1	8.111	3025	1	1	1.0	0.0	8.111
CP1A2_HUMAN	1544	CYP1A2	8.099	3110	1	1	1.0	0.0	8.099
GCR_HUMAN	2908	NR3C1	8.08	3252	1	0	1.0	0.0	8.08
ESR2_HUMAN	2100	ESR2	8.042	3549	1	0	1.0	0.0	8.042
TEN1_HUMAN	10178	TENM1	8.02	3736	1	1	1.0	0.0	8.02
ACES_HUMAN	43	ACHE	7.976	4133	1	0	1.0	0.0	7.976
JAK2_HUMAN	3717	JAK2	7.967	4222	1	0	1.0	0.0	7.967
SHBG_HUMAN	6462	SHBG	7.922	4679	1	0	1.0	0.0	7.922
DDIT3_HUMAN	1649	DDIT3	7.913	4779	1	1	1.0	0.0	7.913
FANCB_HUMAN	2187	FANCB	7.912	4785	1	3	1.0	0.0	7.912
JUN_HUMAN	3725	JUN	7.843	5610	1	0	1.0	0.0	7.843
OSTCN_HUMAN	632	BGLAP	7.751	6938	1	0	1.0	0.0	7.751
BRAF_HUMAN	673	BRAF	7.749	6965	1	0	1.0	0.0	7.749
LEP_HUMAN	3952	LEP	7.747	7002	1	0	1.0	0.0	7.747
PK3CD_HUMAN	5293	PIK3CD	7.747	6997	1	0	1.0	0.0	7.747
COX2_HUMAN	4513	MT-CO2	7.741	7092	1	0	1.0	0.0	7.741
HIF1A_HUMAN	3091	HIF1A	7.738	7140	1	1	1.0	0.0	7.738
CP3A4_HUMAN	1576	CYP3A4	7.725	7364	1	2	1.0	0.0	7.725
COX8A_HUMAN	1351	COX8A	7.689	7998	1	0	1.0	0.0	7.689
KCMB2_HUMAN	10242	KCNMB2	7.683	8108	1	0	1.0	0.0	7.683
PGH2_HUMAN	5743	PTGS2	7.672	8324	1	0	1.0	0.0	7.672
APOE_HUMAN	348	APOE	7.555	10879	1	1	1.0	0.0	7.555
BAX_HUMAN	581	BAX	7.542	11225	1	1	1.0	0.0	7.542
ANGT_HUMAN	183	AGT	7.528	11591	1	0	1.0	0.0	7.528
THRB_HUMAN	2147	F2	7.425	14673	1	0	1.0	0.0	7.425
SOMA_HUMAN	2688	GH1	7.277	20651	1	0	1.0	0.0	7.277
MK01_HUMAN	5594	MAPK1	7.259	21517	1	0	1.0	0.0	7.259
