Big_T	3388
Big_F	17252753
UniProtKB_ID	GeneID	Gene_Name	PPS	Big_P	T+P	Citation	1+Log(T+P)	log10((Cit/yr+1)/10)	1+log10(F/T)+log10(F/P)
ARF_HUMAN	1029	CDKN2A	50.421	9187	1420	1464	4.152	2.166	7.98
CDK4_HUMAN	1019	CDK4	36.943	3335	182	133	3.26	1.127	8.421
CDN1A_HUMAN	1026	CDKN1A	21.448	5857	35	11	2.544	0.079	8.176
CDK2_HUMAN	1017	CDK2	20.566	3134	16	16	2.204	0.23	8.448
CDK6_HUMAN	1021	CDK6	18.456	1532	2	63	1.301	0.806	8.758
MTAP_HUMAN	4507	MTAP	18.257	224	8	7	1.903	0.0	9.593
RB_HUMAN	5925	RB1	17.638	4614	5	26	1.699	0.431	8.28
FGFR3_HUMAN	2261	FGFR3	17.249	1310	9	4	1.954	0.0	8.826
CDN1B_HUMAN	1027	CDKN1B	16.544	3007	9	7	1.954	0.0	8.466
CDN2B_HUMAN	1030	CDKN2B	16.524	1824	8	5	1.903	0.0	8.683
BRAF_HUMAN	673	BRAF	16.472	6965	3	35	1.477	0.556	8.101
MSHR_HUMAN	4157	MC1R	16.207	675	6	2	1.778	0.0	9.114
CAD13_HUMAN	1012	CDH13	15.969	279	4	11	1.602	0.079	9.498
IDHC_HUMAN	3417	IDH1	15.862	1683	3	21	1.477	0.342	8.718
NOTC1_HUMAN	4851	NOTCH1	15.824	2179	1	68	1.0	0.839	8.605
RASK_HUMAN	3845	KRAS	15.705	10492	8	11	1.903	0.079	7.923
CDN1C_HUMAN	1028	CDKN1C	15.456	702	5	0	1.699	0.0	9.097
P53_HUMAN	7157	TP53	15.389	46130	13	9	2.114	0.0	7.28
EGFR_HUMAN	1956	EGFR	14.349	30695	7	11	1.845	0.079	7.457
TERT_HUMAN	7015	TERT	14.271	4242	4	12	1.602	0.114	8.316
RASN_HUMAN	4893	NRAS	13.859	2546	3	13	1.477	0.146	8.538
MLH1_HUMAN	4292	MLH1	13.512	3231	4	0	1.602	0.0	8.434
CTNB1_HUMAN	1499	CTNNB1	13.297	8844	2	22	1.301	0.362	7.997
TLX3_HUMAN	30012	TLX3	13.107	74	2	0	1.301	0.0	10.075
CDN2D_HUMAN	1032	CDKN2D	12.834	120	2	0	1.301	0.0	9.865
NSD2_HUMAN	7468	NSD2	12.785	131	2	4	1.301	0.0	9.826
MGMT_HUMAN	4255	MGMT	12.598	2601	3	3	1.477	0.0	8.529
BC11A_HUMAN	53335	BCL11A	12.515	211	2	7	1.301	0.0	9.619
IKZF1_HUMAN	10320	IKZF1	12.401	508	2	10	1.301	0.041	9.238
TEN1_HUMAN	10178	TENM1	12.365	3736	3	1	1.477	0.0	8.371
AKT3_HUMAN	10000	AKT3	12.337	289	2	4	1.301	0.0	9.483
CDK7_HUMAN	1022	CDK7	12.328	294	2	3	1.301	0.0	9.475
RAD50_HUMAN	10111	RAD50	12.07	464	2	2	1.301	0.0	9.277
ERBB2_HUMAN	2064	ERBB2	12.053	26330	4	4	1.602	0.0	7.523
SMAD4_HUMAN	4089	SMAD4	12.016	1728	2	11	1.301	0.079	8.706
DMAC1_HUMAN	90871	DMAC1	11.944	1	1	4	1.0	0.0	11.944
FHIT_HUMAN	2272	FHIT	11.791	760	2	1	1.301	0.0	9.063
BRCA1_HUMAN	672	BRCA1	11.75	9743	3	2	1.477	0.0	7.955
RASF1_HUMAN	11186	RASSF1	11.629	1012	2	0	1.301	0.0	8.939
CCSE1_HUMAN	401145	CCSER1	11.467	3	1	0	1.0	0.0	11.467
MERL_HUMAN	4771	NF2	11.4	1519	2	3	1.301	0.0	8.762
RUSC2_HUMAN	9853	RUSC2	11.245	5	1	0	1.0	0.0	11.245
NU188_HUMAN	23511	NUP188	11.099	7	1	0	1.0	0.0	11.099
PK3CA_HUMAN	5290	PIK3CA	11.086	2646	2	5	1.301	0.0	8.521
JAK1_HUMAN	3716	JAK1	10.98	1047	1	16	1.0	0.23	8.924
UBP20_HUMAN	10868	USP20	10.944	10	1	1	1.0	0.0	10.944
MDM2_HUMAN	4193	MDM2	10.921	3545	2	3	1.301	0.0	8.394
UBP16_HUMAN	10600	USP16	10.798	14	1	5	1.0	0.0	10.798
MTHR_HUMAN	4524	MTHFR	10.784	4515	2	2	1.301	0.0	8.289
2ABG_HUMAN	5522	PPP2R2C	10.768	15	1	0	1.0	0.0	10.768
NF1_HUMAN	4763	NF1	10.711	5140	2	0	1.301	0.0	8.233
BOP1_HUMAN	23246	BOP1	10.643	20	1	4	1.0	0.0	10.643
CHD5_HUMAN	26038	CHD5	10.626	55	1	10	1.0	0.041	10.203
PTEN_HUMAN	5728	PTEN	10.6	6259	2	1	1.301	0.0	8.147
ABL1_HUMAN	25	ABL1	10.595	6311	2	1	1.301	0.0	8.144
KANK1_HUMAN	23189	KANK1	10.529	26	1	3	1.0	0.0	10.529
ACTY_HUMAN	10120	ACTR1B	10.412	34	1	0	1.0	0.0	10.412
CTDSL_HUMAN	10217	CTDSPL	10.4	35	1	0	1.0	0.0	10.4
AF1Q_HUMAN	10962	MLLT11	10.4	35	1	0	1.0	0.0	10.4
TM115_HUMAN	11070	TMEM115	10.4	35	1	1	1.0	0.0	10.4
LETM1_HUMAN	3954	LETM1	10.31	43	1	0	1.0	0.0	10.31
TBX22_HUMAN	50945	TBX22	10.3	44	1	2	1.0	0.0	10.3
RSF1_HUMAN	51773	RSF1	10.3	44	1	2	1.0	0.0	10.3
2ABA_HUMAN	5520	PPP2R2A	10.281	46	1	3	1.0	0.0	10.281
EMAL1_HUMAN	2009	EML1	10.263	48	1	0	1.0	0.0	10.263
CADH4_HUMAN	1002	CDH4	10.188	57	1	0	1.0	0.0	10.188
CSMD1_HUMAN	64478	CSMD1	10.158	61	1	1	1.0	0.0	10.158
TFG_HUMAN	10342	TFG	10.099	70	1	1	1.0	0.0	10.099
GNL3_HUMAN	26354	GNL3	10.009	86	1	1	1.0	0.0	10.009
HRK_HUMAN	8739	HRK	10.004	87	1	0	1.0	0.0	10.004
BTG1_HUMAN	694	BTG1	9.985	91	1	1	1.0	0.0	9.985
DUS4_HUMAN	1846	DUSP4	9.961	96	1	9	1.0	0.0	9.961
EPHA3_HUMAN	2042	EPHA3	9.906	109	1	1	1.0	0.0	9.906
TBX2_HUMAN	6909	TBX2	9.895	112	1	2	1.0	0.0	9.895
TEFF2_HUMAN	23671	TMEFF2	9.857	122	1	0	1.0	0.0	9.857
PDZ1I_HUMAN	10158	PDZK1IP1	9.854	123	1	1	1.0	0.0	9.854
AMYP_HUMAN	279	AMY2A	9.782	145	1	1	1.0	0.0	9.782
ID4_HUMAN	3400	ID4	9.737	161	1	1	1.0	0.0	9.737
CAD11_HUMAN	1009	CDH11	9.684	182	1	0	1.0	0.0	9.684
COE1_HUMAN	1879	EBF1	9.679	184	1	1	1.0	0.0	9.679
CRLF2_HUMAN	64109	CRLF2	9.679	184	1	3	1.0	0.0	9.679
CDN2C_HUMAN	1031	CDKN2C	9.667	189	1	0	1.0	0.0	9.667
WFS1_HUMAN	7466	WFS1	9.613	214	1	0	1.0	0.0	9.613
IRF6_HUMAN	3664	IRF6	9.607	217	1	0	1.0	0.0	9.607
ELF4_HUMAN	2000	ELF4	9.603	219	1	1	1.0	0.0	9.603
ZBT16_HUMAN	7704	ZBTB16	9.562	241	1	1	1.0	0.0	9.562
MRP5_HUMAN	10057	ABCC5	9.548	249	1	1	1.0	0.0	9.548
TCPD_HUMAN	10575	CCT4	9.532	258	1	1	1.0	0.0	9.532
PALB2_HUMAN	79728	PALB2	9.527	261	1	0	1.0	0.0	9.527
GHRHR_HUMAN	2692	GHRHR	9.52	265	1	0	1.0	0.0	9.52
GLYAT_HUMAN	10249	GLYAT	9.514	269	1	1	1.0	0.0	9.514
BAP1_HUMAN	8314	BAP1	9.511	271	1	0	1.0	0.0	9.511
FOXA1_HUMAN	3169	FOXA1	9.455	308	1	2	1.0	0.0	9.455
MSX1_HUMAN	4487	MSX1	9.445	315	1	1	1.0	0.0	9.445
OLIG2_HUMAN	10215	OLIG2	9.441	318	1	0	1.0	0.0	9.441
P_HUMAN	4948	OCA2	9.428	328	1	0	1.0	0.0	9.428
IL6_HUMAN	3569	IL6	9.385	53611	2	0	1.301	0.0	7.213
IRF4_HUMAN	3662	IRF4	9.366	378	1	0	1.0	0.0	9.366
MP2K4_HUMAN	6416	MAP2K4	9.345	397	1	2	1.0	0.0	9.345
PRKN_HUMAN	5071	PRKN	9.341	401	1	8	1.0	0.0	9.341
DCC_HUMAN	1630	DCC	9.337	404	1	0	1.0	0.0	9.337
IBP7_HUMAN	3490	IGFBP7	9.257	486	1	1	1.0	0.0	9.257
RPP14_HUMAN	11102	RPP14	9.246	499	1	1	1.0	0.0	9.246
AMRP_HUMAN	4043	LRPAP1	9.235	511	1	0	1.0	0.0	9.235
PE2R2_HUMAN	5732	PTGER2	9.197	558	1	1	1.0	0.0	9.197
ID1_HUMAN	3397	ID1	9.184	575	1	1	1.0	0.0	9.184
KLOT_HUMAN	9365	KL	9.179	582	1	0	1.0	0.0	9.179
XPO1_HUMAN	7514	XPO1	9.174	588	1	0	1.0	0.0	9.174
APAF_HUMAN	317	APAF1	9.172	591	1	0	1.0	0.0	9.172
APC_HUMAN	324	APC	9.152	619	1	2	1.0	0.0	9.152
ITAV_HUMAN	3685	ITGAV	9.113	678	1	0	1.0	0.0	9.113
SMCA4_HUMAN	6597	SMARCA4	9.09	714	1	8	1.0	0.0	9.09
CHP1_HUMAN	11261	CHP1	9.066	755	1	0	1.0	0.0	9.066
CBL_HUMAN	867	CBL	9.055	774	1	1	1.0	0.0	9.055
SOCS1_HUMAN	8651	SOCS1	9.025	829	1	1	1.0	0.0	9.025
CP24A_HUMAN	1591	CYP24A1	9.024	831	1	0	1.0	0.0	9.024
ZEB1_HUMAN	6935	ZEB1	9.014	851	1	6	1.0	0.0	9.014
FOXM1_HUMAN	2305	FOXM1	9.003	872	1	3	1.0	0.0	9.003
STK11_HUMAN	6794	STK11	8.981	917	1	0	1.0	0.0	8.981
DNM3A_HUMAN	1788	DNMT3A	8.975	930	1	5	1.0	0.0	8.975
BMI1_HUMAN	648	BMI1	8.973	935	1	1	1.0	0.0	8.973
ATR_HUMAN	545	ATR	8.97	941	1	1	1.0	0.0	8.97
PTC1_HUMAN	5727	PTCH1	8.947	993	1	4	1.0	0.0	8.947
MYB_HUMAN	4602	MYB	8.911	1079	1	0	1.0	0.0	8.911
CADH5_HUMAN	1003	CDH5	8.89	1131	1	1	1.0	0.0	8.89
MYD88_HUMAN	4615	MYD88	8.854	1229	1	6	1.0	0.0	8.854
EZH2_HUMAN	2146	EZH2	8.827	1309	1	3	1.0	0.0	8.827
MSH6_HUMAN	2956	MSH6	8.827	1307	1	0	1.0	0.0	8.827
HD_HUMAN	3064	HTT	8.822	1323	1	1	1.0	0.0	8.822
CADH2_HUMAN	1000	CDH2	8.717	1685	1	0	1.0	0.0	8.717
CR2_HUMAN	1380	CR2	8.685	1815	1	0	1.0	0.0	8.685
TR10B_HUMAN	8795	TNFRSF10B	8.671	1873	1	0	1.0	0.0	8.671
ZHX2_HUMAN	22882	ZHX2	8.653	1955	1	3	1.0	0.0	8.653
CR1_HUMAN	1378	CR1	8.589	2262	1	0	1.0	0.0	8.589
RASH_HUMAN	3265	HRAS	8.589	2263	1	0	1.0	0.0	8.589
TSP1_HUMAN	7057	THBS1	8.588	2268	1	0	1.0	0.0	8.588
MYC_HUMAN	4609	MYC	8.558	10313	1	11	1.0	0.079	7.93
SIR1_HUMAN	23411	SIRT1	8.553	2460	1	3	1.0	0.0	8.553
FLT3_HUMAN	2322	FLT3	8.53	2594	1	1	1.0	0.0	8.53
ALK_HUMAN	238	ALK	8.498	2791	1	3	1.0	0.0	8.498
DESM_HUMAN	1674	DES	8.417	3365	1	0	1.0	0.0	8.417
AICDA_HUMAN	57379	AICDA	8.376	3697	1	2	1.0	0.0	8.376
BRCA2_HUMAN	675	BRCA2	8.145	6283	1	8	1.0	0.0	8.145
ANDR_HUMAN	367	AR	8.105	6901	1	0	1.0	0.0	8.105
KCMB2_HUMAN	10242	KCNMB2	8.035	8108	1	0	1.0	0.0	8.035
MK14_HUMAN	1432	MAPK14	8.017	8447	1	1	1.0	0.0	8.017
CEAM3_HUMAN	1084	CEACAM3	7.987	9052	1	0	1.0	0.0	7.987
BAX_HUMAN	581	BAX	7.893	11225	1	0	1.0	0.0	7.893
