Big_T	8455
Big_F	17252753
UniProtKB_ID	GeneID	Gene_Name	PPS	Big_P	T+P	Citation	1+Log(T+P)	log10((Cit/yr+1)/10)	1+log10(F/T)+log10(F/P)
EGFR_HUMAN	1956	EGFR	54.555	30695	5004	10682	4.699	3.029	7.059
RASK_HUMAN	3845	KRAS	37.756	10492	163	637	3.212	1.805	7.526
ARF_HUMAN	1029	CDKN2A	34.013	9187	110	277	3.041	1.444	7.583
B2L11_HUMAN	10018	BCL2L11	28.487	365	19	77	2.279	0.892	8.984
ALK_HUMAN	238	ALK	28.372	2791	30	105	2.477	1.025	8.101
CTNB1_HUMAN	1499	CTNNB1	25.661	8844	28	84	2.447	0.929	7.6
IDHC_HUMAN	3417	IDH1	25.377	1683	17	65	2.23	0.82	8.32
ERBB2_HUMAN	2064	ERBB2	25.367	26330	30	120	2.477	1.083	7.126
CDK4_HUMAN	1019	CDK4	24.971	3335	37	34	2.568	0.544	8.023
PK3CA_HUMAN	5290	PIK3CA	24.787	2646	15	74	2.176	0.875	8.124
EGF_HUMAN	1950	EGF	23.944	4898	36	30	2.556	0.491	7.856
BRAF_HUMAN	673	BRAF	22.193	6965	20	37	2.301	0.58	7.704
PTEN_HUMAN	5728	PTEN	20.401	6259	13	32	2.114	0.519	7.75
ERBB3_HUMAN	2065	ERBB3	19.622	1783	8	28	1.903	0.462	8.295
CDN1A_HUMAN	1026	CDKN1A	19.235	5857	11	26	2.041	0.431	7.779
CEAM3_HUMAN	1084	CEACAM3	18.573	9052	28	9	2.447	0.0	7.59
HBEGF_HUMAN	1839	HBEGF	18.061	724	10	11	2.0	0.079	8.687
AKT3_HUMAN	10000	AKT3	17.291	289	8	6	1.903	0.0	9.086
COBA2_HUMAN	1302	COL11A2	17.027	1728	7	15	1.845	0.204	8.309
MTOR_HUMAN	2475	MTOR	16.649	14590	10	17	2.0	0.255	7.382
MK14_HUMAN	1432	MAPK14	16.581	8447	6	24	1.778	0.398	7.62
PARP1_HUMAN	142	PARP1	16.464	6579	9	14	1.954	0.176	7.728
TACC3_HUMAN	10460	TACC3	16.374	101	4	12	1.602	0.114	9.542
CDX2_HUMAN	1045	CDX2	16.276	987	8	3	1.903	0.0	8.552
TBB3_HUMAN	10381	TUBB3	16.106	657	7	4	1.845	0.0	8.729
IGF1R_HUMAN	3480	IGF1R	15.956	3702	5	19	1.699	0.301	7.978
IFI44_HUMAN	10561	IFI44	15.852	902	7	5	1.845	0.0	8.591
ROS1_HUMAN	6098	ROS1	15.591	425	4	13	1.602	0.146	8.918
OLIG2_HUMAN	10215	OLIG2	15.366	318	5	1	1.699	0.0	9.044
CDN1B_HUMAN	1027	CDKN1B	14.887	3007	7	6	1.845	0.0	8.068
CADH2_HUMAN	1000	CDH2	14.794	1685	6	7	1.778	0.0	8.32
DPYD_HUMAN	1806	DPYD	14.583	919	5	1	1.699	0.0	8.583
CDR1_HUMAN	1038	CDR1	14.403	1172	5	3	1.699	0.0	8.478
CEAM5_HUMAN	1048	CEACAM5	14.376	490	3	13	1.477	0.146	8.856
CRKL_HUMAN	1399	CRKL	14.334	217	3	11	1.477	0.079	9.21
CD24_HUMAN	100133941	CD24	14.301	1346	5	7	1.699	0.0	8.417
TEN1_HUMAN	10178	TENM1	14.179	3736	6	1	1.778	0.0	7.974
VOPP1_HUMAN	81552	VOPP1	14.102	11	2	10	1.301	0.041	10.505
TRPM6_HUMAN	140803	TRPM6	14.001	117	3	5	1.477	0.0	9.478
EREG_HUMAN	2069	EREG	13.85	148	3	5	1.477	0.0	9.376
STAT3_HUMAN	6774	STAT3	13.835	7199	3	20	1.477	0.322	7.689
KINH_HUMAN	3799	KIF5B	13.767	108	1	27	1.0	0.447	9.513
STK11_HUMAN	6794	STK11	13.752	917	4	1	1.602	0.0	8.584
AGR2_HUMAN	10551	AGR2	13.728	179	3	3	1.477	0.0	9.294
ERBB4_HUMAN	2066	ERBB4	13.644	1071	4	3	1.602	0.0	8.517
AKT1_HUMAN	207	AKT1	13.431	18505	7	9	1.845	0.0	7.279
CADH5_HUMAN	1003	CDH5	13.417	1131	1	37	1.0	0.58	8.493
TERT_HUMAN	7015	TERT	13.314	4242	3	15	1.477	0.204	7.919
SEPT9_HUMAN	10801	SEPT9	13.239	155	2	12	1.301	0.114	9.356
CTND1_HUMAN	1500	CTNND1	13.187	416	3	1	1.477	0.0	8.927
P53_HUMAN	7157	TP53	13.098	46130	8	3	1.903	0.0	6.883
COX8A_HUMAN	1351	COX8A	12.986	7998	5	5	1.699	0.0	7.643
CP2D6_HUMAN	1565	CYP2D6	12.722	4031	4	1	1.602	0.0	7.941
DACH1_HUMAN	1602	DACH1	12.638	68	2	5	1.301	0.0	9.714
ERRFI_HUMAN	54206	ERRFI1	12.598	73	2	5	1.301	0.0	9.683
NPT2B_HUMAN	10568	SLC34A2	12.532	82	2	2	1.301	0.0	9.633
EZH2_HUMAN	2146	EZH2	12.451	1309	3	9	1.477	0.0	8.43
M3K8_HUMAN	1326	MAP3K8	12.366	110	2	2	1.301	0.0	9.505
CTND2_HUMAN	1501	CTNND2	12.323	34	1	16	1.0	0.23	10.015
CHFR_HUMAN	55743	CHFR	12.268	131	2	1	1.301	0.0	9.429
SPY2_HUMAN	10253	SPRY2	12.176	154	2	2	1.301	0.0	9.359
CATD_HUMAN	1509	CTSD	12.156	2076	3	0	1.477	0.0	8.229
RASH_HUMAN	3265	HRAS	12.1	2263	3	8	1.477	0.0	8.192
DMBT1_HUMAN	1755	DMBT1	12.085	181	2	0	1.301	0.0	9.289
PD1L1_HUMAN	29126	CD274	12.02	2564	3	2	1.477	0.0	8.138
CP1A1_HUMAN	1543	CYP1A1	11.913	3030	3	2	1.477	0.0	8.065
UROM_HUMAN	7369	UMOD	11.861	269	2	2	1.301	0.0	9.117
CAD13_HUMAN	1012	CDH13	11.841	279	2	2	1.301	0.0	9.101
CTNA2_HUMAN	1496	CTNNA2	11.81	32	1	14	1.0	0.176	10.041
CXAR_HUMAN	1525	CXADR	11.734	337	2	2	1.301	0.0	9.019
MUC1_HUMAN	4582	MUC1	11.699	4231	3	1	1.477	0.0	7.92
HGF_HUMAN	3082	HGF	11.672	4410	3	6	1.477	0.0	7.902
CISH_HUMAN	1154	CISH	11.54	475	2	0	1.301	0.0	8.87
ACTN4_HUMAN	81	ACTN4	11.46	547	2	3	1.301	0.0	8.808
AREG_HUMAN	374	AREG	11.376	635	2	1	1.301	0.0	8.744
YAP1_HUMAN	10413	YAP1	11.193	877	2	0	1.301	0.0	8.603
CRP_HUMAN	1401	CRP	11.182	36788	4	2	1.602	0.0	6.98
RASF1_HUMAN	11186	RASSF1	11.112	1012	2	5	1.301	0.0	8.541
PKD1_HUMAN	5310	PKD1	11.07	1092	2	2	1.301	0.0	8.508
CIB4_HUMAN	130106	CIB4	11.069	3	1	0	1.0	0.0	11.069
ZDH21_HUMAN	340481	ZDHHC21	11.069	3	1	3	1.0	0.0	11.069
AGAL_HUMAN	2717	GLA	11.029	1174	2	0	1.301	0.0	8.477
ADA17_HUMAN	6868	ADAM17	11.007	1219	2	2	1.301	0.0	8.46
CHK1_HUMAN	1111	CHEK1	10.988	1262	2	3	1.301	0.0	8.445
NQO1_HUMAN	1728	NQO1	10.911	1445	2	1	1.301	0.0	8.387
ERCC1_HUMAN	2067	ERCC1	10.834	1656	2	2	1.301	0.0	8.327
IKBA_HUMAN	4792	NFKBIA	10.811	3112	2	10	1.301	0.041	8.053
WFD12_HUMAN	128488	WFDC12	10.768	6	1	0	1.0	0.0	10.768
ZHX2_HUMAN	22882	ZHX2	10.74	1955	2	4	1.301	0.0	8.255
PGFRA_HUMAN	5156	PDGFRA	10.722	2020	2	2	1.301	0.0	8.241
ATP23_HUMAN	91419	ATP23	10.701	7	1	0	1.0	0.0	10.701
FLNB_HUMAN	2317	FLNB	10.66	176	1	13	1.0	0.146	9.301
CREB1_HUMAN	1385	CREB1	10.609	2466	2	4	1.301	0.0	8.154
MET_HUMAN	4233	MET	10.602	2497	2	2	1.301	0.0	8.149
NIPS2_HUMAN	2631	NIPSNAP2	10.592	9	1	0	1.0	0.0	10.592
RET7_HUMAN	116362	RBP7	10.592	9	1	1	1.0	0.0	10.592
RASN_HUMAN	4893	NRAS	10.591	2546	2	9	1.301	0.0	8.141
MGMT_HUMAN	4255	MGMT	10.579	2601	2	2	1.301	0.0	8.131
COMT_HUMAN	1312	COMT	10.522	2880	2	1	1.301	0.0	8.087
P3C2G_HUMAN	5288	PIK3C2G	10.505	11	1	3	1.0	0.0	10.505
HHLA2_HUMAN	11148	HHLA2	10.505	11	1	1	1.0	0.0	10.505
DDX56_HUMAN	54606	DDX56	10.505	11	1	0	1.0	0.0	10.505
MIB2_HUMAN	142678	MIB2	10.505	11	1	0	1.0	0.0	10.505
SDK1_HUMAN	221935	SDK1	10.505	11	1	0	1.0	0.0	10.505
CDK2_HUMAN	1017	CDK2	10.474	3134	2	4	1.301	0.0	8.05
MXRA5_HUMAN	25878	MXRA5	10.467	12	1	1	1.0	0.0	10.467
ARAP1_HUMAN	116985	ARAP1	10.433	13	1	0	1.0	0.0	10.433
CMGA_HUMAN	1113	CHGA	10.419	3455	2	0	1.301	0.0	8.008
CKLF8_HUMAN	152189	CMTM8	10.37	15	1	1	1.0	0.0	10.37
ERAL1_HUMAN	26284	ERAL1	10.338	3986	2	1	1.301	0.0	7.946
JAK2_HUMAN	3717	JAK2	10.305	4222	2	2	1.301	0.0	7.921
RET_HUMAN	5979	RET	10.301	4253	2	1	1.301	0.0	7.918
T4S5_HUMAN	9032	TM4SF5	10.268	19	1	1	1.0	0.0	10.268
SESN3_HUMAN	143686	SESN3	10.268	19	1	0	1.0	0.0	10.268
MSMO1_HUMAN	6307	MSMO1	10.204	22	1	0	1.0	0.0	10.204
HOGA1_HUMAN	112817	HOGA1	10.185	23	1	2	1.0	0.0	10.185
FOXP4_HUMAN	116113	FOXP4	10.185	23	1	1	1.0	0.0	10.185
PTN12_HUMAN	5782	PTPN12	10.13	66	1	10	1.0	0.041	9.727
A0A0A0MQW5_HUMAN	114783	LMTK3	10.115	27	1	0	1.0	0.0	10.115
DNJB4_HUMAN	11080	DNAJB4	10.099	28	1	0	1.0	0.0	10.099
ADIRF_HUMAN	10974	ADIRF	10.084	29	1	0	1.0	0.0	10.084
KIT_HUMAN	3815	KIT	10.063	6488	2	2	1.301	0.0	7.734
TOM1_HUMAN	10043	TOM1	10.055	31	1	1	1.0	0.0	10.055
IP3KC_HUMAN	80271	ITPKC	10.055	31	1	0	1.0	0.0	10.055
ODPB_HUMAN	5162	PDHB	10.041	32	1	1	1.0	0.0	10.041
CTRO_HUMAN	11113	CIT	10.015	34	1	0	1.0	0.0	10.015
CAR10_HUMAN	29775	CARD10	10.015	34	1	0	1.0	0.0	10.015
HIF1A_HUMAN	3091	HIF1A	10.008	7140	2	0	1.301	0.0	7.693
PTPRS_HUMAN	5802	PTPRS	10.002	35	1	3	1.0	0.0	10.002
CP3A4_HUMAN	1576	CYP3A4	9.991	7364	2	3	1.301	0.0	7.679
PTPRK_HUMAN	5796	PTPRK	9.99	36	1	1	1.0	0.0	9.99
RASF2_HUMAN	9770	RASSF2	9.913	43	1	1	1.0	0.0	9.913
RASL2_HUMAN	10156	RASA4	9.913	43	1	5	1.0	0.0	9.913
BIG2_HUMAN	10564	ARFGEF2	9.893	45	1	0	1.0	0.0	9.893
MAGB6_HUMAN	158809	MAGEB6	9.884	46	1	0	1.0	0.0	9.884
ANO1_HUMAN	55107	ANO1	9.84	268	1	11	1.0	0.079	9.118
LRRF1_HUMAN	9208	LRRFIP1	9.839	51	1	0	1.0	0.0	9.839
WWP1_HUMAN	11059	WWP1	9.839	51	1	1	1.0	0.0	9.839
BRCA1_HUMAN	672	BRCA1	9.833	9743	2	3	1.301	0.0	7.558
SNX1_HUMAN	6642	SNX1	9.814	54	1	3	1.0	0.0	9.814
SOX7_HUMAN	83595	SOX7	9.806	55	1	2	1.0	0.0	9.806
MYC_HUMAN	4609	MYC	9.8	10313	2	2	1.301	0.0	7.533
DCTN1_HUMAN	1639	DCTN1	9.768	60	1	1	1.0	0.0	9.768
GRP1_HUMAN	10125	RASGRP1	9.768	60	1	2	1.0	0.0	9.768
SLU7_HUMAN	10569	SLU7	9.754	62	1	1	1.0	0.0	9.754
DYHC1_HUMAN	1778	DYNC1H1	9.74	64	1	0	1.0	0.0	9.74
EMP1_HUMAN	2012	EMP1	9.74	64	1	0	1.0	0.0	9.74
ANGT_HUMAN	183	AGT	9.735	11591	2	0	1.301	0.0	7.482
UBE4B_HUMAN	10277	UBE4B	9.734	65	1	1	1.0	0.0	9.734
INLR1_HUMAN	163702	IFNLR1	9.72	67	1	0	1.0	0.0	9.72
FHR3_HUMAN	10878	CFHR3	9.671	75	1	1	1.0	0.0	9.671
DOCK1_HUMAN	1793	DOCK1	9.66	77	1	3	1.0	0.0	9.66
NRSN1_HUMAN	140767	NRSN1	9.649	79	1	1	1.0	0.0	9.649
MMAA_HUMAN	166785	MMAA	9.622	84	1	0	1.0	0.0	9.622
DC1I2_HUMAN	1781	DYNC1I2	9.617	85	1	0	1.0	0.0	9.617
SIAT9_HUMAN	8869	ST3GAL5	9.612	86	1	1	1.0	0.0	9.612
BRMS1_HUMAN	25855	BRMS1	9.573	94	1	2	1.0	0.0	9.573
DUS4_HUMAN	1846	DUSP4	9.564	96	1	9	1.0	0.0	9.564
AGAP2_HUMAN	116986	AGAP2	9.56	97	1	2	1.0	0.0	9.56
ACK1_HUMAN	10188	TNK2	9.555	98	1	1	1.0	0.0	9.555
UBE2C_HUMAN	11065	UBE2C	9.542	101	1	1	1.0	0.0	9.542
AT132_HUMAN	23400	ATP13A2	9.529	104	1	8	1.0	0.0	9.529
AL1A3_HUMAN	220	ALDH1A3	9.521	106	1	2	1.0	0.0	9.521
HIP1_HUMAN	3092	HIP1	9.509	109	1	1	1.0	0.0	9.509
DHX9_HUMAN	1660	DHX9	9.501	111	1	2	1.0	0.0	9.501
FRS2_HUMAN	10818	FRS2	9.493	113	1	7	1.0	0.0	9.493
CHIT1_HUMAN	1118	CHIT1	9.482	116	1	0	1.0	0.0	9.482
PRSS8_HUMAN	5652	PRSS8	9.482	116	1	1	1.0	0.0	9.482
TEFF2_HUMAN	23671	TMEFF2	9.46	122	1	1	1.0	0.0	9.46
GNA13_HUMAN	10672	GNA13	9.439	128	1	0	1.0	0.0	9.439
PDC6I_HUMAN	10015	PDCD6IP	9.436	129	1	1	1.0	0.0	9.436
PRAG1_HUMAN	157285	PRAG1	9.436	129	1	1	1.0	0.0	9.436
HNRPD_HUMAN	3184	HNRNPD	9.416	135	1	0	1.0	0.0	9.416
FLOT1_HUMAN	10211	FLOT1	9.388	144	1	0	1.0	0.0	9.388
MK01_HUMAN	5594	MAPK1	9.385	21517	2	1	1.301	0.0	7.213
ACHA5_HUMAN	1138	CHRNA5	9.368	151	1	0	1.0	0.0	9.368
S27A5_HUMAN	10998	SLC27A5	9.368	151	1	0	1.0	0.0	9.368
CP2AD_HUMAN	1553	CYP2A13	9.362	153	1	0	1.0	0.0	9.362
SFRP5_HUMAN	6425	SFRP5	9.362	153	1	1	1.0	0.0	9.362
TFDP1_HUMAN	7027	TFDP1	9.356	155	1	3	1.0	0.0	9.356
PPM1D_HUMAN	8493	PPM1D	9.348	158	1	1	1.0	0.0	9.348
KMT2D_HUMAN	8085	KMT2D	9.342	160	1	0	1.0	0.0	9.342
DPYL1_HUMAN	1400	CRMP1	9.34	161	1	0	1.0	0.0	9.34
TAAR1_HUMAN	134864	TAAR1	9.337	162	1	0	1.0	0.0	9.337
CBLB_HUMAN	868	CBLB	9.319	169	1	0	1.0	0.0	9.319
XIRP1_HUMAN	165904	XIRP1	9.319	169	1	0	1.0	0.0	9.319
MERTK_HUMAN	10461	MERTK	9.313	171	1	1	1.0	0.0	9.313
DUS6_HUMAN	1848	DUSP6	9.308	173	1	4	1.0	0.0	9.308
GAB1_HUMAN	2549	GAB1	9.296	178	1	2	1.0	0.0	9.296
PRGC2_HUMAN	133522	PPARGC1B	9.296	178	1	1	1.0	0.0	9.296
CAD11_HUMAN	1009	CDH11	9.286	182	1	0	1.0	0.0	9.286
TNR12_HUMAN	51330	TNFRSF12A	9.27	189	1	2	1.0	0.0	9.27
ADDA_HUMAN	118	ADD1	9.261	193	1	0	1.0	0.0	9.261
WWOX_HUMAN	51741	WWOX	9.231	207	1	0	1.0	0.0	9.231
MGT5A_HUMAN	4249	MGAT5	9.228	208	1	0	1.0	0.0	9.228
KLF6_HUMAN	1316	KLF6	9.208	218	1	0	1.0	0.0	9.208
DYN2_HUMAN	1785	DNM2	9.206	219	1	4	1.0	0.0	9.206
WIF1_HUMAN	11197	WIF1	9.202	221	1	1	1.0	0.0	9.202
TS101_HUMAN	7251	TSG101	9.2	222	1	5	1.0	0.0	9.2
ADA1A_HUMAN	148	ADRA1A	9.196	224	1	1	1.0	0.0	9.196
CFAD_HUMAN	1675	CFD	9.187	229	1	0	1.0	0.0	9.187
MRP5_HUMAN	10057	ABCC5	9.15	249	1	0	1.0	0.0	9.15
PTPRU_HUMAN	10076	PTPRU	9.147	251	1	2	1.0	0.0	9.147
FOLR1_HUMAN	2348	FOLR1	9.143	253	1	4	1.0	0.0	9.143
CRK_HUMAN	1398	CRK	9.125	264	1	5	1.0	0.0	9.125
GLYAT_HUMAN	10249	GLYAT	9.117	269	1	0	1.0	0.0	9.117
EFNB2_HUMAN	1948	EFNB2	9.115	270	1	0	1.0	0.0	9.115
PBX1_HUMAN	5087	PBX1	9.106	276	1	1	1.0	0.0	9.106
AMACR_HUMAN	23600	AMACR	9.095	283	1	4	1.0	0.0	9.095
ACKR3_HUMAN	57007	ACKR3	9.08	293	1	3	1.0	0.0	9.08
RAB5A_HUMAN	5868	RAB5A	9.064	304	1	2	1.0	0.0	9.064
CYTB_HUMAN	1476	CSTB	9.007	346	1	1	1.0	0.0	9.007
KCNJ2_HUMAN	3759	KCNJ2	9.007	346	1	0	1.0	0.0	9.007
DKK3_HUMAN	27122	DKK3	9.006	347	1	1	1.0	0.0	9.006
MSLN_HUMAN	10232	MSLN	8.99	360	1	4	1.0	0.0	8.99
LIRB1_HUMAN	10859	LILRB1	8.981	368	1	0	1.0	0.0	8.981
ADRM1_HUMAN	11047	ADRM1	8.974	374	1	0	1.0	0.0	8.974
HDAC6_HUMAN	10013	HDAC6	8.969	378	1	0	1.0	0.0	8.969
LAT1_HUMAN	8140	SLC7A5	8.967	380	1	0	1.0	0.0	8.967
STA5B_HUMAN	6777	STAT5B	8.949	396	1	0	1.0	0.0	8.949
EPHA2_HUMAN	1969	EPHA2	8.946	399	1	3	1.0	0.0	8.946
DCC_HUMAN	1630	DCC	8.94	404	1	0	1.0	0.0	8.94
CXCR6_HUMAN	10663	CXCR6	8.938	406	1	1	1.0	0.0	8.938
FGFR4_HUMAN	2264	FGFR4	8.934	410	1	0	1.0	0.0	8.934
PAX2_HUMAN	5076	PAX2	8.928	415	1	3	1.0	0.0	8.928
TXK_HUMAN	7294	TXK	8.921	422	1	0	1.0	0.0	8.921
IL24_HUMAN	11009	IL24	8.902	441	1	1	1.0	0.0	8.902
TCO2_HUMAN	6948	TCN2	8.883	461	1	0	1.0	0.0	8.883
NEST_HUMAN	10763	NES	8.878	466	1	2	1.0	0.0	8.878
WFDC2_HUMAN	10406	WFDC2	8.877	467	1	2	1.0	0.0	8.877
MLN_HUMAN	100507027	MRLN	8.876	468	1	1	1.0	0.0	8.876
RPP14_HUMAN	11102	RPP14	8.848	499	1	0	1.0	0.0	8.848
DUS1_HUMAN	1843	DUSP1	8.825	526	1	2	1.0	0.0	8.825
COHA1_HUMAN	1308	COL17A1	8.808	547	1	0	1.0	0.0	8.808
PE2R2_HUMAN	5732	PTGER2	8.8	558	1	0	1.0	0.0	8.8
ANXA1_HUMAN	301	ANXA1	8.798	561	1	1	1.0	0.0	8.798
PARK7_HUMAN	11315	PARK7	8.784	579	1	0	1.0	0.0	8.784
CREM_HUMAN	1390	CREM	8.763	608	1	0	1.0	0.0	8.763
CASP_HUMAN	1523	CUX1	8.758	615	1	4	1.0	0.0	8.758
UCP2_HUMAN	7351	UCP2	8.755	618	1	0	1.0	0.0	8.755
AKT2_HUMAN	208	AKT2	8.743	636	1	0	1.0	0.0	8.743
COF1_HUMAN	1072	CFL1	8.722	668	1	1	1.0	0.0	8.722
EPOR_HUMAN	2057	EPOR	8.713	681	1	0	1.0	0.0	8.713
FUS_HUMAN	2521	FUS	8.696	708	1	0	1.0	0.0	8.696
C11B2_HUMAN	1585	CYP11B2	8.683	731	1	0	1.0	0.0	8.683
FHIT_HUMAN	2272	FHIT	8.666	760	1	0	1.0	0.0	8.666
PRRT2_HUMAN	112476	PRRT2	8.663	765	1	0	1.0	0.0	8.663
CBL_HUMAN	867	CBL	8.658	774	1	1	1.0	0.0	8.658
SSA27_HUMAN	10534	SSSCA1	8.647	794	1	0	1.0	0.0	8.647
NOTC3_HUMAN	4854	NOTCH3	8.639	809	1	0	1.0	0.0	8.639
CP24A_HUMAN	1591	CYP24A1	8.627	831	1	1	1.0	0.0	8.627
DCTN6_HUMAN	10671	DCTN6	8.62	844	1	0	1.0	0.0	8.62
ZEB1_HUMAN	6935	ZEB1	8.617	851	1	6	1.0	0.0	8.617
CY24B_HUMAN	1536	CYBB	8.593	898	1	0	1.0	0.0	8.593
LAMP1_HUMAN	3916	LAMP1	8.592	900	1	0	1.0	0.0	8.592
RAGE_HUMAN	177	AGER	8.581	924	1	2	1.0	0.0	8.581
TWST1_HUMAN	7291	TWIST1	8.563	962	1	2	1.0	0.0	8.563
IF4E_HUMAN	1977	EIF4E	8.548	997	1	0	1.0	0.0	8.548
NKX21_HUMAN	7080	NKX2-1	8.539	1017	1	0	1.0	0.0	8.539
LSHR_HUMAN	3973	LHCGR	8.524	1054	1	0	1.0	0.0	8.524
DFB4A_HUMAN	1673	DEFB4B	8.513	1081	1	1	1.0	0.0	8.513
DMPK_HUMAN	1760	DMPK	8.495	1125	1	1	1.0	0.0	8.495
MICA_HUMAN	100507436	MICA	8.49	1138	1	2	1.0	0.0	8.49
NAMPT_HUMAN	10135	NAMPT	8.488	1143	1	1	1.0	0.0	8.488
ISK1_HUMAN	6690	SPINK1	8.487	1148	1	1	1.0	0.0	8.487
PRKDC_HUMAN	5591	PRKDC	8.465	1205	1	1	1.0	0.0	8.465
FGFR2_HUMAN	2263	FGFR2	8.434	1295	1	1	1.0	0.0	8.434
SHH_HUMAN	6469	SHH	8.432	1302	1	0	1.0	0.0	8.432
ATS13_HUMAN	11093	ADAMTS13	8.426	1320	1	2	1.0	0.0	8.426
PCSK9_HUMAN	255738	PCSK9	8.426	1321	1	1	1.0	0.0	8.426
CHK2_HUMAN	11200	CHEK2	8.415	1355	1	1	1.0	0.0	8.415
SDC1_HUMAN	6382	SDC1	8.408	1376	1	2	1.0	0.0	8.408
CETP_HUMAN	1071	CETP	8.376	1482	1	1	1.0	0.0	8.376
PML_HUMAN	5371	PML	8.366	1516	1	1	1.0	0.0	8.366
CDK6_HUMAN	1021	CDK6	8.361	1532	1	0	1.0	0.0	8.361
CP3A5_HUMAN	1577	CYP3A5	8.358	1545	1	1	1.0	0.0	8.358
DYH8_HUMAN	1769	DNAH8	8.342	1603	1	0	1.0	0.0	8.342
FGFR1_HUMAN	2260	FGFR1	8.338	1615	1	3	1.0	0.0	8.338
MMP14_HUMAN	4323	MMP14	8.296	1781	1	1	1.0	0.0	8.296
CP19A_HUMAN	1588	CYP19A1	8.266	1908	1	0	1.0	0.0	8.266
SPB3_HUMAN	6317	SERPINB3	8.254	1962	1	0	1.0	0.0	8.254
PON1_HUMAN	5444	PON1	8.242	2016	1	0	1.0	0.0	8.242
NGAL_HUMAN	3934	LCN2	8.237	2038	1	0	1.0	0.0	8.237
NLRP3_HUMAN	114548	NLRP3	8.235	2048	1	0	1.0	0.0	8.235
CATB_HUMAN	1508	CTSB	8.225	2098	1	1	1.0	0.0	8.225
KS6B1_HUMAN	6198	RPS6KB1	8.223	2108	1	0	1.0	0.0	8.223
RAC1_HUMAN	5879	RAC1	8.22	2122	1	1	1.0	0.0	8.22
NOTC1_HUMAN	4851	NOTCH1	8.208	2179	1	2	1.0	0.0	8.208
AHR_HUMAN	196	AHR	8.202	2209	1	1	1.0	0.0	8.202
HMDH_HUMAN	3156	HMGCR	8.197	2238	1	0	1.0	0.0	8.197
TGFA_HUMAN	7039	TGFA	8.187	2286	1	0	1.0	0.0	8.187
IBP1_HUMAN	3484	IGFBP1	8.162	2421	1	0	1.0	0.0	8.162
GTR1_HUMAN	6513	SLC2A1	8.16	2436	1	1	1.0	0.0	8.16
MP2K1_HUMAN	5604	MAP2K1	8.146	2516	1	5	1.0	0.0	8.146
KCMB1_HUMAN	3779	KCNMB1	8.131	2605	1	0	1.0	0.0	8.131
K1C19_HUMAN	3880	KRT19	8.127	2627	1	1	1.0	0.0	8.127
PROM1_HUMAN	8842	PROM1	8.115	2703	1	1	1.0	0.0	8.115
ADRB2_HUMAN	154	ADRB2	8.101	2787	1	0	1.0	0.0	8.101
HS90A_HUMAN	3320	HSP90AA1	8.071	2989	1	1	1.0	0.0	8.071
ITB1_HUMAN	3688	ITGB1	8.069	2999	1	1	1.0	0.0	8.069
SDF1_HUMAN	6387	CXCL12	8.038	3227	1	0	1.0	0.0	8.038
UROK_HUMAN	5328	PLAU	8.024	3329	1	2	1.0	0.0	8.024
DESM_HUMAN	1674	DES	8.019	3365	1	0	1.0	0.0	8.019
CTLA4_HUMAN	1493	CTLA4	7.964	3826	1	0	1.0	0.0	7.964
MTHR_HUMAN	4524	MTHFR	7.892	4515	1	1	1.0	0.0	7.892
MP2K7_HUMAN	5609	MAP2K7	7.883	4606	1	6	1.0	0.0	7.883
RB_HUMAN	5925	RB1	7.882	4614	1	3	1.0	0.0	7.882
PECA1_HUMAN	5175	PECAM1	7.819	5336	1	0	1.0	0.0	7.819
CXCR4_HUMAN	7852	CXCR4	7.815	5392	1	1	1.0	0.0	7.815
VGFR2_HUMAN	3791	KDR	7.736	6464	1	1	1.0	0.0	7.736
FGF2_HUMAN	2247	FGF2	7.728	6580	1	0	1.0	0.0	7.728
KCMB2_HUMAN	10242	KCNMB2	7.637	8108	1	1	1.0	0.0	7.637
PGH2_HUMAN	5743	PTGS2	7.626	8324	1	1	1.0	0.0	7.626
PRGR_HUMAN	5241	PGR	7.613	8583	1	0	1.0	0.0	7.613
CCND1_HUMAN	595	CCND1	7.573	9412	1	0	1.0	0.0	7.573
MDR1_HUMAN	5243	ABCB1	7.521	10598	1	3	1.0	0.0	7.521
FINC_HUMAN	2335	FN1	7.433	12999	1	0	1.0	0.0	7.433
ACE_HUMAN	1636	ACE	7.377	14773	1	0	1.0	0.0	7.377
CSF2_HUMAN	1437	CSF2	7.371	14987	1	0	1.0	0.0	7.371
IGF1_HUMAN	3479	IGF1	7.22	21183	1	2	1.0	0.0	7.22
BCL2_HUMAN	596	BCL2	7.175	23522	1	0	1.0	0.0	7.175
IL8_HUMAN	3576	CXCL8	7.138	25628	1	1	1.0	0.0	7.138
