Big_T	8021
Big_F	17254929
UniProtKB_ID	GeneID	Gene_Name	PPS	Big_P	T+P	Citation	1+Log(T+P)	log10((Cit/yr+1)/10)	1+log10(F/T)+log10(F/P)
EGFR_HUMAN	1956	EGFR	54.66	30695	4915	10622	4.692	3.026	7.082
RASK_HUMAN	3845	KRAS	37.871	10492	163	637	3.212	1.805	7.549
ARF_HUMAN	1029	CDKN2A	34.088	9187	109	277	3.037	1.444	7.606
B2L11_HUMAN	10018	BCL2L11	28.561	365	19	77	2.279	0.892	9.007
ALK_HUMAN	238	ALK	28.453	2791	30	105	2.477	1.025	8.124
CTNB1_HUMAN	1499	CTNNB1	25.739	8844	28	84	2.447	0.929	7.623
ERBB2_HUMAN	2064	ERBB2	25.449	26330	30	120	2.477	1.083	7.149
IDHC_HUMAN	3417	IDH1	25.447	1683	17	65	2.23	0.82	8.343
PK3CA_HUMAN	5290	PIK3CA	24.858	2646	15	74	2.176	0.875	8.147
CDK4_HUMAN	1019	CDK4	24.845	3335	36	33	2.556	0.531	8.046
BRAF_HUMAN	673	BRAF	22.259	6965	20	37	2.301	0.58	7.727
EGF_HUMAN	1950	EGF	22.164	4898	26	24	2.415	0.398	7.879
PTEN_HUMAN	5728	PTEN	20.462	6259	13	32	2.114	0.519	7.773
CDN1A_HUMAN	1026	CDKN1A	18.969	5857	10	26	2.0	0.431	7.802
CEAM3_HUMAN	1084	CEACAM3	18.63	9052	28	9	2.447	0.0	7.613
HBEGF_HUMAN	1839	HBEGF	17.382	724	9	10	1.954	0.041	8.71
AKT3_HUMAN	10000	AKT3	17.335	289	8	6	1.903	0.0	9.109
COBA2_HUMAN	1302	COL11A2	17.074	1728	7	15	1.845	0.204	8.332
MTOR_HUMAN	2475	MTOR	16.701	14590	10	17	2.0	0.255	7.405
MK14_HUMAN	1432	MAPK14	16.631	8447	6	24	1.778	0.398	7.643
PARP1_HUMAN	142	PARP1	16.513	6579	9	14	1.954	0.176	7.751
TACC3_HUMAN	10460	TACC3	16.414	101	4	12	1.602	0.114	9.565
CDX2_HUMAN	1045	CDX2	16.319	987	8	3	1.903	0.0	8.575
ERBB3_HUMAN	2065	ERBB3	16.296	1783	7	12	1.845	0.114	8.318
TBB3_HUMAN	10381	TUBB3	16.148	657	7	4	1.845	0.0	8.752
IGF1R_HUMAN	3480	IGF1R	16.002	3702	5	19	1.699	0.301	8.001
IFI44_HUMAN	10561	IFI44	15.894	902	7	5	1.845	0.0	8.614
ROS1_HUMAN	6098	ROS1	15.631	425	4	13	1.602	0.146	8.941
OLIG2_HUMAN	10215	OLIG2	15.405	318	5	1	1.699	0.0	9.067
CDN1B_HUMAN	1027	CDKN1B	14.929	3007	7	6	1.845	0.0	8.091
CADH2_HUMAN	1000	CDH2	14.835	1685	6	7	1.778	0.0	8.343
DPYD_HUMAN	1806	DPYD	14.622	919	5	1	1.699	0.0	8.606
CEAM5_HUMAN	1048	CEACAM5	14.413	490	3	13	1.477	0.146	8.879
CRKL_HUMAN	1399	CRKL	14.369	217	3	11	1.477	0.079	9.233
CD24_HUMAN	100133941	CD24	14.34	1346	5	7	1.699	0.0	8.44
TEN1_HUMAN	10178	TENM1	14.22	3736	6	1	1.778	0.0	7.997
VOPP1_HUMAN	81552	VOPP1	14.133	11	2	10	1.301	0.041	10.528
EREG_HUMAN	2069	EREG	13.884	148	3	5	1.477	0.0	9.399
STAT3_HUMAN	6774	STAT3	13.877	7199	3	20	1.477	0.322	7.712
KINH_HUMAN	3799	KIF5B	13.8	108	1	27	1.0	0.447	9.536
STK11_HUMAN	6794	STK11	13.789	917	4	1	1.602	0.0	8.607
ERBB4_HUMAN	2066	ERBB4	13.681	1071	4	3	1.602	0.0	8.54
AKT1_HUMAN	207	AKT1	13.473	18505	7	9	1.845	0.0	7.302
CADH5_HUMAN	1003	CDH5	13.454	1131	1	37	1.0	0.58	8.516
TERT_HUMAN	7015	TERT	13.352	4242	3	15	1.477	0.204	7.942
SEPT9_HUMAN	10801	SEPT9	13.271	155	2	12	1.301	0.114	9.379
P53_HUMAN	7157	TP53	13.142	46130	8	3	1.903	0.0	6.906
COX8A_HUMAN	1351	COX8A	13.025	7998	5	5	1.699	0.0	7.666
CP2D6_HUMAN	1565	CYP2D6	12.759	4031	4	1	1.602	0.0	7.964
DACH1_HUMAN	1602	DACH1	12.668	68	2	5	1.301	0.0	9.737
ERRFI_HUMAN	54206	ERRFI1	12.628	73	2	5	1.301	0.0	9.706
NPT2B_HUMAN	10568	SLC34A2	12.562	82	2	2	1.301	0.0	9.656
EZH2_HUMAN	2146	EZH2	12.485	1309	3	9	1.477	0.0	8.453
M3K8_HUMAN	1326	MAP3K8	12.396	110	2	2	1.301	0.0	9.528
TRPM6_HUMAN	140803	TRPM6	12.362	117	2	5	1.301	0.0	9.501
CTND2_HUMAN	1501	CTNND2	12.351	34	1	16	1.0	0.23	10.038
CHFR_HUMAN	55743	CHFR	12.298	131	2	1	1.301	0.0	9.452
CATD_HUMAN	1509	CTSD	12.19	2076	3	0	1.477	0.0	8.252
RASH_HUMAN	3265	HRAS	12.134	2263	3	8	1.477	0.0	8.215
AGR2_HUMAN	10551	AGR2	12.121	179	2	1	1.301	0.0	9.317
DMBT1_HUMAN	1755	DMBT1	12.115	181	2	0	1.301	0.0	9.312
PD1L1_HUMAN	29126	CD274	12.054	2564	3	2	1.477	0.0	8.161
CP1A1_HUMAN	1543	CYP1A1	11.947	3030	3	2	1.477	0.0	8.088
CAD13_HUMAN	1012	CDH13	11.871	279	2	2	1.301	0.0	9.124
CTNA2_HUMAN	1496	CTNNA2	11.837	32	1	14	1.0	0.176	10.064
CXAR_HUMAN	1525	CXADR	11.764	337	2	2	1.301	0.0	9.042
HGF_HUMAN	3082	HGF	11.706	4410	3	6	1.477	0.0	7.925
CTND1_HUMAN	1500	CTNND1	11.645	416	2	1	1.301	0.0	8.95
CISH_HUMAN	1154	CISH	11.57	475	2	0	1.301	0.0	8.893
AREG_HUMAN	374	AREG	11.406	635	2	1	1.301	0.0	8.767
YAP1_HUMAN	10413	YAP1	11.223	877	2	0	1.301	0.0	8.627
CRP_HUMAN	1401	CRP	11.221	36788	4	2	1.602	0.0	7.004
RASF1_HUMAN	11186	RASSF1	11.142	1012	2	5	1.301	0.0	8.564
CIB4_HUMAN	130106	CIB4	11.092	3	1	0	1.0	0.0	11.092
CDR1_HUMAN	1038	CDR1	11.06	1172	2	0	1.301	0.0	8.501
CHK1_HUMAN	1111	CHEK1	11.018	1262	2	3	1.301	0.0	8.468
NQO1_HUMAN	1728	NQO1	10.941	1445	2	1	1.301	0.0	8.41
ERCC1_HUMAN	2067	ERCC1	10.864	1656	2	2	1.301	0.0	8.35
IKBA_HUMAN	4792	NFKBIA	10.842	3112	2	10	1.301	0.041	8.076
ZHX2_HUMAN	22882	ZHX2	10.77	1955	2	4	1.301	0.0	8.278
PGFRA_HUMAN	5156	PDGFRA	10.752	2020	2	2	1.301	0.0	8.264
ATP23_HUMAN	91419	ATP23	10.724	7	1	0	1.0	0.0	10.724
FLNB_HUMAN	2317	FLNB	10.687	176	1	13	1.0	0.146	9.324
CREB1_HUMAN	1385	CREB1	10.639	2466	2	4	1.301	0.0	8.178
MET_HUMAN	4233	MET	10.632	2497	2	2	1.301	0.0	8.172
RASN_HUMAN	4893	NRAS	10.621	2546	2	9	1.301	0.0	8.164
NIPS2_HUMAN	2631	NIPSNAP2	10.615	9	1	0	1.0	0.0	10.615
RET7_HUMAN	116362	RBP7	10.615	9	1	1	1.0	0.0	10.615
MGMT_HUMAN	4255	MGMT	10.609	2601	2	2	1.301	0.0	8.154
COMT_HUMAN	1312	COMT	10.552	2880	2	1	1.301	0.0	8.11
P3C2G_HUMAN	5288	PIK3C2G	10.528	11	1	3	1.0	0.0	10.528
HHLA2_HUMAN	11148	HHLA2	10.528	11	1	1	1.0	0.0	10.528
DDX56_HUMAN	54606	DDX56	10.528	11	1	0	1.0	0.0	10.528
MIB2_HUMAN	142678	MIB2	10.528	11	1	0	1.0	0.0	10.528
SDK1_HUMAN	221935	SDK1	10.528	11	1	0	1.0	0.0	10.528
CDK2_HUMAN	1017	CDK2	10.504	3134	2	4	1.301	0.0	8.073
MXRA5_HUMAN	25878	MXRA5	10.49	12	1	1	1.0	0.0	10.49
CMGA_HUMAN	1113	CHGA	10.449	3455	2	0	1.301	0.0	8.031
CKLF8_HUMAN	152189	CMTM8	10.393	15	1	1	1.0	0.0	10.393
ERAL1_HUMAN	26284	ERAL1	10.368	3986	2	1	1.301	0.0	7.969
JAK2_HUMAN	3717	JAK2	10.335	4222	2	2	1.301	0.0	7.944
MUC1_HUMAN	4582	MUC1	10.334	4231	2	1	1.301	0.0	7.943
RET_HUMAN	5979	RET	10.331	4253	2	1	1.301	0.0	7.941
T4S5_HUMAN	9032	TM4SF5	10.291	19	1	1	1.0	0.0	10.291
SESN3_HUMAN	143686	SESN3	10.291	19	1	0	1.0	0.0	10.291
FOXP4_HUMAN	116113	FOXP4	10.208	23	1	1	1.0	0.0	10.208
PTN12_HUMAN	5782	PTPN12	10.154	66	1	10	1.0	0.041	9.75
A0A0A0MQW5_HUMAN	114783	LMTK3	10.138	27	1	0	1.0	0.0	10.138
DNJB4_HUMAN	11080	DNAJB4	10.122	28	1	0	1.0	0.0	10.122
ADIRF_HUMAN	10974	ADIRF	10.107	29	1	0	1.0	0.0	10.107
KIT_HUMAN	3815	KIT	10.093	6488	2	2	1.301	0.0	7.757
IP3KC_HUMAN	80271	ITPKC	10.078	31	1	0	1.0	0.0	10.078
HIF1A_HUMAN	3091	HIF1A	10.038	7140	2	0	1.301	0.0	7.716
CTRO_HUMAN	11113	CIT	10.038	34	1	0	1.0	0.0	10.038
CAR10_HUMAN	29775	CARD10	10.038	34	1	0	1.0	0.0	10.038
PTPRS_HUMAN	5802	PTPRS	10.025	35	1	3	1.0	0.0	10.025
CP3A4_HUMAN	1576	CYP3A4	10.021	7364	2	3	1.301	0.0	7.702
PTPRK_HUMAN	5796	PTPRK	10.013	36	1	1	1.0	0.0	10.013
RASF2_HUMAN	9770	RASSF2	9.936	43	1	1	1.0	0.0	9.936
RASL2_HUMAN	10156	RASA4	9.936	43	1	5	1.0	0.0	9.936
MAGB6_HUMAN	158809	MAGEB6	9.907	46	1	0	1.0	0.0	9.907
ANO1_HUMAN	55107	ANO1	9.865	268	1	11	1.0	0.079	9.141
BRCA1_HUMAN	672	BRCA1	9.863	9743	2	3	1.301	0.0	7.581
LRRF1_HUMAN	9208	LRRFIP1	9.862	51	1	0	1.0	0.0	9.862
WWP1_HUMAN	11059	WWP1	9.862	51	1	1	1.0	0.0	9.862
MYC_HUMAN	4609	MYC	9.831	10313	2	2	1.301	0.0	7.556
SOX7_HUMAN	83595	SOX7	9.829	55	1	2	1.0	0.0	9.829
DCTN1_HUMAN	1639	DCTN1	9.791	60	1	1	1.0	0.0	9.791
GRP1_HUMAN	10125	RASGRP1	9.791	60	1	2	1.0	0.0	9.791
SLU7_HUMAN	10569	SLU7	9.777	62	1	1	1.0	0.0	9.777
EMP1_HUMAN	2012	EMP1	9.763	64	1	0	1.0	0.0	9.763
UBE4B_HUMAN	10277	UBE4B	9.757	65	1	1	1.0	0.0	9.757
INLR1_HUMAN	163702	IFNLR1	9.743	67	1	0	1.0	0.0	9.743
DOCK1_HUMAN	1793	DOCK1	9.683	77	1	3	1.0	0.0	9.683
NRSN1_HUMAN	140767	NRSN1	9.672	79	1	1	1.0	0.0	9.672
DC1I2_HUMAN	1781	DYNC1I2	9.64	85	1	0	1.0	0.0	9.64
SIAT9_HUMAN	8869	ST3GAL5	9.635	86	1	1	1.0	0.0	9.635
BRMS1_HUMAN	25855	BRMS1	9.596	94	1	2	1.0	0.0	9.596
DUS4_HUMAN	1846	DUSP4	9.587	96	1	9	1.0	0.0	9.587
AGAP2_HUMAN	116986	AGAP2	9.583	97	1	2	1.0	0.0	9.583
ACK1_HUMAN	10188	TNK2	9.578	98	1	1	1.0	0.0	9.578
UBE2C_HUMAN	11065	UBE2C	9.565	101	1	1	1.0	0.0	9.565
AL1A3_HUMAN	220	ALDH1A3	9.544	106	1	2	1.0	0.0	9.544
HIP1_HUMAN	3092	HIP1	9.532	109	1	1	1.0	0.0	9.532
DHX9_HUMAN	1660	DHX9	9.524	111	1	2	1.0	0.0	9.524
FRS2_HUMAN	10818	FRS2	9.516	113	1	7	1.0	0.0	9.516
PRSS8_HUMAN	5652	PRSS8	9.505	116	1	1	1.0	0.0	9.505
TEFF2_HUMAN	23671	TMEFF2	9.483	122	1	1	1.0	0.0	9.483
GNA13_HUMAN	10672	GNA13	9.462	128	1	0	1.0	0.0	9.462
PRAG1_HUMAN	157285	PRAG1	9.459	129	1	1	1.0	0.0	9.459
HNRPD_HUMAN	3184	HNRNPD	9.439	135	1	0	1.0	0.0	9.439
MK01_HUMAN	5594	MAPK1	9.415	21517	2	1	1.301	0.0	7.236
FLOT1_HUMAN	10211	FLOT1	9.411	144	1	0	1.0	0.0	9.411
ACHA5_HUMAN	1138	CHRNA5	9.391	151	1	0	1.0	0.0	9.391
S27A5_HUMAN	10998	SLC27A5	9.391	151	1	0	1.0	0.0	9.391
CP2AD_HUMAN	1553	CYP2A13	9.385	153	1	0	1.0	0.0	9.385
SFRP5_HUMAN	6425	SFRP5	9.385	153	1	1	1.0	0.0	9.385
SPY2_HUMAN	10253	SPRY2	9.382	154	1	1	1.0	0.0	9.382
TFDP1_HUMAN	7027	TFDP1	9.379	155	1	3	1.0	0.0	9.379
PPM1D_HUMAN	8493	PPM1D	9.371	158	1	1	1.0	0.0	9.371
DPYL1_HUMAN	1400	CRMP1	9.363	161	1	0	1.0	0.0	9.363
TAAR1_HUMAN	134864	TAAR1	9.36	162	1	0	1.0	0.0	9.36
CBLB_HUMAN	868	CBLB	9.342	169	1	0	1.0	0.0	9.342
XIRP1_HUMAN	165904	XIRP1	9.342	169	1	0	1.0	0.0	9.342
MERTK_HUMAN	10461	MERTK	9.337	171	1	1	1.0	0.0	9.337
DUS6_HUMAN	1848	DUSP6	9.332	173	1	4	1.0	0.0	9.332
GAB1_HUMAN	2549	GAB1	9.319	178	1	2	1.0	0.0	9.319
PRGC2_HUMAN	133522	PPARGC1B	9.319	178	1	1	1.0	0.0	9.319
CAD11_HUMAN	1009	CDH11	9.309	182	1	0	1.0	0.0	9.309
TNR12_HUMAN	51330	TNFRSF12A	9.293	189	1	2	1.0	0.0	9.293
WWOX_HUMAN	51741	WWOX	9.254	207	1	0	1.0	0.0	9.254
KLF6_HUMAN	1316	KLF6	9.231	218	1	0	1.0	0.0	9.231
DYN2_HUMAN	1785	DNM2	9.229	219	1	4	1.0	0.0	9.229
WIF1_HUMAN	11197	WIF1	9.225	221	1	1	1.0	0.0	9.225
TS101_HUMAN	7251	TSG101	9.223	222	1	5	1.0	0.0	9.223
CFAD_HUMAN	1675	CFD	9.21	229	1	0	1.0	0.0	9.21
MRP5_HUMAN	10057	ABCC5	9.173	249	1	0	1.0	0.0	9.173
PTPRU_HUMAN	10076	PTPRU	9.17	251	1	2	1.0	0.0	9.17
FOLR1_HUMAN	2348	FOLR1	9.166	253	1	4	1.0	0.0	9.166
CRK_HUMAN	1398	CRK	9.148	264	1	5	1.0	0.0	9.148
GLYAT_HUMAN	10249	GLYAT	9.14	269	1	0	1.0	0.0	9.14
EFNB2_HUMAN	1948	EFNB2	9.138	270	1	0	1.0	0.0	9.138
PBX1_HUMAN	5087	PBX1	9.129	276	1	1	1.0	0.0	9.129
AMACR_HUMAN	23600	AMACR	9.118	283	1	4	1.0	0.0	9.118
ACKR3_HUMAN	57007	ACKR3	9.103	293	1	3	1.0	0.0	9.103
RAB5A_HUMAN	5868	RAB5A	9.087	304	1	2	1.0	0.0	9.087
CYTB_HUMAN	1476	CSTB	9.03	346	1	1	1.0	0.0	9.03
MSLN_HUMAN	10232	MSLN	9.013	360	1	4	1.0	0.0	9.013
LIRB1_HUMAN	10859	LILRB1	9.004	368	1	0	1.0	0.0	9.004
ADRM1_HUMAN	11047	ADRM1	8.997	374	1	0	1.0	0.0	8.997
HDAC6_HUMAN	10013	HDAC6	8.992	378	1	0	1.0	0.0	8.992
LAT1_HUMAN	8140	SLC7A5	8.99	380	1	0	1.0	0.0	8.99
STA5B_HUMAN	6777	STAT5B	8.972	396	1	0	1.0	0.0	8.972
EPHA2_HUMAN	1969	EPHA2	8.969	399	1	3	1.0	0.0	8.969
DCC_HUMAN	1630	DCC	8.963	404	1	0	1.0	0.0	8.963
CXCR6_HUMAN	10663	CXCR6	8.961	406	1	1	1.0	0.0	8.961
FGFR4_HUMAN	2264	FGFR4	8.957	410	1	0	1.0	0.0	8.957
TXK_HUMAN	7294	TXK	8.944	422	1	0	1.0	0.0	8.944
IL24_HUMAN	11009	IL24	8.925	441	1	1	1.0	0.0	8.925
NEST_HUMAN	10763	NES	8.901	466	1	2	1.0	0.0	8.901
WFDC2_HUMAN	10406	WFDC2	8.9	467	1	2	1.0	0.0	8.9
MLN_HUMAN	100507027	MRLN	8.899	468	1	1	1.0	0.0	8.899
RPP14_HUMAN	11102	RPP14	8.871	499	1	0	1.0	0.0	8.871
DUS1_HUMAN	1843	DUSP1	8.849	526	1	2	1.0	0.0	8.849
ACTN4_HUMAN	81	ACTN4	8.832	547	1	1	1.0	0.0	8.832
COHA1_HUMAN	1308	COL17A1	8.832	547	1	0	1.0	0.0	8.832
PE2R2_HUMAN	5732	PTGER2	8.823	558	1	0	1.0	0.0	8.823
ANXA1_HUMAN	301	ANXA1	8.821	561	1	1	1.0	0.0	8.821
PARK7_HUMAN	11315	PARK7	8.807	579	1	0	1.0	0.0	8.807
CREM_HUMAN	1390	CREM	8.786	608	1	0	1.0	0.0	8.786
CASP_HUMAN	1523	CUX1	8.781	615	1	4	1.0	0.0	8.781
AKT2_HUMAN	208	AKT2	8.766	636	1	0	1.0	0.0	8.766
COF1_HUMAN	1072	CFL1	8.745	668	1	1	1.0	0.0	8.745
FUS_HUMAN	2521	FUS	8.72	708	1	0	1.0	0.0	8.72
C11B2_HUMAN	1585	CYP11B2	8.706	731	1	0	1.0	0.0	8.706
FHIT_HUMAN	2272	FHIT	8.689	760	1	0	1.0	0.0	8.689
PRRT2_HUMAN	112476	PRRT2	8.686	765	1	0	1.0	0.0	8.686
CBL_HUMAN	867	CBL	8.681	774	1	1	1.0	0.0	8.681
SSA27_HUMAN	10534	SSSCA1	8.67	794	1	0	1.0	0.0	8.67
CP24A_HUMAN	1591	CYP24A1	8.65	831	1	1	1.0	0.0	8.65
DCTN6_HUMAN	10671	DCTN6	8.643	844	1	0	1.0	0.0	8.643
ZEB1_HUMAN	6935	ZEB1	8.64	851	1	6	1.0	0.0	8.64
CY24B_HUMAN	1536	CYBB	8.616	898	1	0	1.0	0.0	8.616
TWST1_HUMAN	7291	TWIST1	8.586	962	1	2	1.0	0.0	8.586
IF4E_HUMAN	1977	EIF4E	8.571	997	1	0	1.0	0.0	8.571
NKX21_HUMAN	7080	NKX2-1	8.562	1017	1	0	1.0	0.0	8.562
DMPK_HUMAN	1760	DMPK	8.518	1125	1	1	1.0	0.0	8.518
MICA_HUMAN	100507436	MICA	8.513	1138	1	2	1.0	0.0	8.513
NAMPT_HUMAN	10135	NAMPT	8.512	1143	1	1	1.0	0.0	8.512
ISK1_HUMAN	6690	SPINK1	8.51	1148	1	1	1.0	0.0	8.51
PRKDC_HUMAN	5591	PRKDC	8.489	1205	1	1	1.0	0.0	8.489
ADA17_HUMAN	6868	ADAM17	8.484	1219	1	2	1.0	0.0	8.484
FGFR2_HUMAN	2263	FGFR2	8.457	1295	1	1	1.0	0.0	8.457
SHH_HUMAN	6469	SHH	8.455	1302	1	0	1.0	0.0	8.455
PCSK9_HUMAN	255738	PCSK9	8.449	1321	1	1	1.0	0.0	8.449
CHK2_HUMAN	11200	CHEK2	8.438	1355	1	1	1.0	0.0	8.438
SDC1_HUMAN	6382	SDC1	8.431	1376	1	2	1.0	0.0	8.431
PML_HUMAN	5371	PML	8.389	1516	1	1	1.0	0.0	8.389
CDK6_HUMAN	1021	CDK6	8.384	1532	1	0	1.0	0.0	8.384
CP3A5_HUMAN	1577	CYP3A5	8.381	1545	1	1	1.0	0.0	8.381
DYH8_HUMAN	1769	DNAH8	8.365	1603	1	0	1.0	0.0	8.365
FGFR1_HUMAN	2260	FGFR1	8.361	1615	1	3	1.0	0.0	8.361
MMP14_HUMAN	4323	MMP14	8.319	1781	1	1	1.0	0.0	8.319
CP19A_HUMAN	1588	CYP19A1	8.289	1908	1	0	1.0	0.0	8.289
SPB3_HUMAN	6317	SERPINB3	8.277	1962	1	0	1.0	0.0	8.277
NLRP3_HUMAN	114548	NLRP3	8.258	2048	1	0	1.0	0.0	8.258
KS6B1_HUMAN	6198	RPS6KB1	8.246	2108	1	0	1.0	0.0	8.246
RAC1_HUMAN	5879	RAC1	8.243	2122	1	1	1.0	0.0	8.243
NOTC1_HUMAN	4851	NOTCH1	8.231	2179	1	2	1.0	0.0	8.231
AHR_HUMAN	196	AHR	8.225	2209	1	1	1.0	0.0	8.225
HMDH_HUMAN	3156	HMGCR	8.22	2238	1	0	1.0	0.0	8.22
GTR1_HUMAN	6513	SLC2A1	8.183	2436	1	1	1.0	0.0	8.183
MP2K1_HUMAN	5604	MAP2K1	8.169	2516	1	5	1.0	0.0	8.169
K1C19_HUMAN	3880	KRT19	8.15	2627	1	1	1.0	0.0	8.15
PROM1_HUMAN	8842	PROM1	8.138	2703	1	1	1.0	0.0	8.138
ADRB2_HUMAN	154	ADRB2	8.124	2787	1	0	1.0	0.0	8.124
HS90A_HUMAN	3320	HSP90AA1	8.094	2989	1	1	1.0	0.0	8.094
ITB1_HUMAN	3688	ITGB1	8.093	2999	1	1	1.0	0.0	8.093
SDF1_HUMAN	6387	CXCL12	8.061	3227	1	0	1.0	0.0	8.061
DESM_HUMAN	1674	DES	8.043	3365	1	0	1.0	0.0	8.043
CTLA4_HUMAN	1493	CTLA4	7.987	3826	1	0	1.0	0.0	7.987
MTHR_HUMAN	4524	MTHFR	7.915	4515	1	1	1.0	0.0	7.915
MP2K7_HUMAN	5609	MAP2K7	7.906	4606	1	6	1.0	0.0	7.906
RB_HUMAN	5925	RB1	7.905	4614	1	3	1.0	0.0	7.905
PECA1_HUMAN	5175	PECAM1	7.842	5336	1	0	1.0	0.0	7.842
CXCR4_HUMAN	7852	CXCR4	7.838	5392	1	1	1.0	0.0	7.838
VGFR2_HUMAN	3791	KDR	7.759	6464	1	1	1.0	0.0	7.759
FGF2_HUMAN	2247	FGF2	7.751	6580	1	0	1.0	0.0	7.751
KCMB2_HUMAN	10242	KCNMB2	7.661	8108	1	1	1.0	0.0	7.661
PGH2_HUMAN	5743	PTGS2	7.649	8324	1	1	1.0	0.0	7.649
PRGR_HUMAN	5241	PGR	7.636	8583	1	0	1.0	0.0	7.636
CCND1_HUMAN	595	CCND1	7.596	9412	1	0	1.0	0.0	7.596
MDR1_HUMAN	5243	ABCB1	7.544	10598	1	3	1.0	0.0	7.544
FINC_HUMAN	2335	FN1	7.456	12999	1	0	1.0	0.0	7.456
CSF2_HUMAN	1437	CSF2	7.394	14987	1	0	1.0	0.0	7.394
IGF1_HUMAN	3479	IGF1	7.243	21183	1	2	1.0	0.0	7.243
BCL2_HUMAN	596	BCL2	7.198	23522	1	0	1.0	0.0	7.198
IL8_HUMAN	3576	CXCL8	7.161	25628	1	1	1.0	0.0	7.161
