Big_T	2023
Big_F	17252753
UniProtKB_ID	GeneID	Gene_Name	PPS	Big_P	T+P	Citation	1+Log(T+P)	log10((Cit/yr+1)/10)	1+log10(F/T)+log10(F/P)
ERBB2_HUMAN	2064	ERBB2	46.619	26330	833	1249	3.921	2.097	7.747
EGFR_HUMAN	1956	EGFR	43.622	30695	368	1298	3.566	2.114	7.681
PK3CA_HUMAN	5290	PIK3CA	30.641	2646	22	144	2.342	1.161	8.745
ARF_HUMAN	1029	CDKN2A	25.111	9187	25	45	2.398	0.663	8.204
BRCA1_HUMAN	672	BRCA1	21.421	9743	16	25	2.204	0.415	8.179
AKT1_HUMAN	207	AKT1	20.675	18505	6	68	1.778	0.839	7.9
CDK4_HUMAN	1019	CDK4	19.537	3335	7	25	1.845	0.415	8.645
COBA2_HUMAN	1302	COL11A2	19.484	1728	8	18	1.903	0.279	8.93
CISH_HUMAN	1154	CISH	18.062	475	8	2	1.903	0.0	9.491
ERBB3_HUMAN	2065	ERBB3	17.985	1783	4	25	1.602	0.415	8.917
ESR1_HUMAN	2099	ESR1	17.022	13814	6	21	1.778	0.342	8.027
CTNB1_HUMAN	1499	CTNNB1	16.616	8844	5	20	1.699	0.322	8.221
STAR3_HUMAN	10948	STARD3	15.336	61	3	4	1.477	0.0	10.382
TOP2A_HUMAN	7153	TOP2A	15.15	514	4	9	1.602	0.0	9.457
HBEGF_HUMAN	1839	HBEGF	14.912	724	4	7	1.602	0.0	9.308
PTEN_HUMAN	5728	PTEN	14.885	6259	6	7	1.778	0.0	8.371
KINH_HUMAN	3799	KIF5B	14.666	108	1	27	1.0	0.447	10.134
S2543_HUMAN	203427	SLC25A43	14.656	8	2	0	1.301	0.0	11.265
ERBB4_HUMAN	2066	ERBB4	14.639	1071	4	4	1.602	0.0	9.138
CD24_HUMAN	100133941	CD24	14.48	1346	4	3	1.602	0.0	9.039
P53_HUMAN	7157	TP53	14.28	46130	8	5	1.903	0.0	7.504
CDK2_HUMAN	1017	CDK2	14.076	3134	2	20	1.301	0.322	8.672
TBB3_HUMAN	10381	TUBB3	13.811	657	3	0	1.477	0.0	9.35
EGF_HUMAN	1950	EGF	13.582	4898	4	1	1.602	0.0	8.478
CDX2_HUMAN	1045	CDX2	13.55	987	3	2	1.477	0.0	9.173
RASK_HUMAN	3845	KRAS	13.468	10492	3	14	1.477	0.176	8.147
CDN1A_HUMAN	1026	CDKN1A	13.457	5857	4	3	1.602	0.0	8.4
PARP1_HUMAN	142	PARP1	13.376	6579	4	5	1.602	0.0	8.349
TACC3_HUMAN	10460	TACC3	13.223	101	2	5	1.301	0.0	10.163
AKT3_HUMAN	10000	AKT3	12.629	289	2	1	1.301	0.0	9.707
RAD21_HUMAN	5885	RAD21	12.613	297	2	4	1.301	0.0	9.695
RAD50_HUMAN	10111	RAD50	12.361	464	2	2	1.301	0.0	9.501
CCND1_HUMAN	595	CCND1	12.104	9412	3	1	1.477	0.0	8.194
RASF1_HUMAN	11186	RASSF1	11.921	1012	2	2	1.301	0.0	9.163
CA064_HUMAN	149563	C1orf64	11.867	2	1	0	1.0	0.0	11.867
MTOR_HUMAN	2475	MTOR	11.822	14590	2	14	1.301	0.176	8.003
CHK2_HUMAN	11200	CHEK2	11.756	1355	2	1	1.301	0.0	9.036
CATD_HUMAN	1509	CTSD	11.515	2076	2	2	1.301	0.0	8.85
RDM1_HUMAN	201299	RDM1	11.39	6	1	1	1.0	0.0	11.39
CDN1B_HUMAN	1027	CDKN1B	11.305	3007	2	3	1.301	0.0	8.69
MDM2_HUMAN	4193	MDM2	11.212	3545	2	2	1.301	0.0	8.618
RB_HUMAN	5925	RB1	11.063	4614	2	4	1.301	0.0	8.504
RPP30_HUMAN	10556	RPP30	10.867	20	1	0	1.0	0.0	10.867
ERLN2_HUMAN	11160	ERLIN2	10.845	21	1	1	1.0	0.0	10.845
PTN12_HUMAN	5782	PTPN12	10.776	66	1	10	1.0	0.041	10.348
RHBT2_HUMAN	23221	RHOBTB2	10.534	43	1	0	1.0	0.0	10.534
C43BP_HUMAN	10087	COL4A3BP	10.486	48	1	1	1.0	0.0	10.486
WWP1_HUMAN	11059	WWP1	10.46	51	1	1	1.0	0.0	10.46
CHD5_HUMAN	26038	CHD5	10.427	55	1	2	1.0	0.0	10.427
E2F5_HUMAN	1875	E2F5	10.31	72	1	1	1.0	0.0	10.31
VAV3_HUMAN	10451	VAV3	10.287	76	1	0	1.0	0.0	10.287
MIEN1_HUMAN	84299	MIEN1	10.213	90	1	2	1.0	0.0	10.213
CAD17_HUMAN	1015	CDH17	10.199	93	1	1	1.0	0.0	10.199
DIRA3_HUMAN	9077	DIRAS3	10.199	93	1	0	1.0	0.0	10.199
ACK1_HUMAN	10188	TNK2	10.176	98	1	8	1.0	0.0	10.176
ING4_HUMAN	51147	ING4	10.168	100	1	1	1.0	0.0	10.168
PPM1D_HUMAN	8493	PPM1D	9.969	158	1	1	1.0	0.0	9.969
VEGFA_HUMAN	7422	VEGFA	9.956	32733	2	1	1.301	0.0	7.653
MDC1_HUMAN	9656	MDC1	9.956	163	1	0	1.0	0.0	9.956
XIRP1_HUMAN	165904	XIRP1	9.94	169	1	0	1.0	0.0	9.94
CRYAB_HUMAN	1410	CRYAB	9.889	190	1	4	1.0	0.0	9.889
CRKL_HUMAN	1399	CRKL	9.831	217	1	1	1.0	0.0	9.831
GABT_HUMAN	18	ABAT	9.802	232	1	0	1.0	0.0	9.802
ELF3_HUMAN	1999	ELF3	9.787	240	1	0	1.0	0.0	9.787
HXA10_HUMAN	3206	HOXA10	9.777	246	1	0	1.0	0.0	9.777
PTPRU_HUMAN	10076	PTPRU	9.768	251	1	2	1.0	0.0	9.768
PALB2_HUMAN	79728	PALB2	9.751	261	1	3	1.0	0.0	9.751
NCOR2_HUMAN	9612	NCOR2	9.746	264	1	2	1.0	0.0	9.746
MSX1_HUMAN	4487	MSX1	9.669	315	1	0	1.0	0.0	9.669
ADA2A_HUMAN	150	ADRA2A	9.668	316	1	0	1.0	0.0	9.668
MSLN_HUMAN	10232	MSLN	9.611	360	1	4	1.0	0.0	9.611
PRAP1_HUMAN	118471	PRAP1	9.611	360	1	1	1.0	0.0	9.611
DCC_HUMAN	1630	DCC	9.561	404	1	0	1.0	0.0	9.561
FGFR4_HUMAN	2264	FGFR4	9.555	410	1	2	1.0	0.0	9.555
ROS1_HUMAN	6098	ROS1	9.539	425	1	5	1.0	0.0	9.539
IL24_HUMAN	11009	IL24	9.523	441	1	1	1.0	0.0	9.523
ELAV1_HUMAN	1994	ELAVL1	9.512	453	1	0	1.0	0.0	9.512
FOSB_HUMAN	2354	FOSB	9.485	482	1	1	1.0	0.0	9.485
ANXA1_HUMAN	301	ANXA1	9.419	561	1	1	1.0	0.0	9.419
CASP_HUMAN	1523	CUX1	9.379	615	1	1	1.0	0.0	9.379
CDN1C_HUMAN	1028	CDKN1C	9.321	702	1	2	1.0	0.0	9.321
PAEP_HUMAN	5047	PAEP	9.27	791	1	0	1.0	0.0	9.27
SSA27_HUMAN	10534	SSSCA1	9.268	794	1	0	1.0	0.0	9.268
CLUS_HUMAN	1191	CLU	9.233	861	1	0	1.0	0.0	9.233
STK11_HUMAN	6794	STK11	9.205	917	1	1	1.0	0.0	9.205
DPYD_HUMAN	1806	DPYD	9.204	919	1	1	1.0	0.0	9.204
TWST1_HUMAN	7291	TWIST1	9.185	962	1	7	1.0	0.0	9.185
4EBP1_HUMAN	1978	EIF4EBP1	9.156	1027	1	1	1.0	0.0	9.156
DMPK_HUMAN	1760	DMPK	9.117	1125	1	1	1.0	0.0	9.117
CHK1_HUMAN	1111	CHEK1	9.067	1262	1	5	1.0	0.0	9.067
FGFR2_HUMAN	2263	FGFR2	9.055	1295	1	5	1.0	0.0	9.055
SDC1_HUMAN	6382	SDC1	9.029	1376	1	2	1.0	0.0	9.029
DNMT1_HUMAN	1786	DNMT1	8.97	1576	1	1	1.0	0.0	8.97
CBP_HUMAN	1387	CREBBP	8.963	1601	1	0	1.0	0.0	8.963
CAV1_HUMAN	857	CAV1	8.944	1675	1	2	1.0	0.0	8.944
CADH2_HUMAN	1000	CDH2	8.941	1685	1	2	1.0	0.0	8.941
CP19A_HUMAN	1588	CYP19A1	8.887	1908	1	3	1.0	0.0	8.887
KS6B1_HUMAN	6198	RPS6KB1	8.844	2108	1	2	1.0	0.0	8.844
AHR_HUMAN	196	AHR	8.823	2209	1	1	1.0	0.0	8.823
K2C7_HUMAN	3855	KRT7	8.813	2263	1	0	1.0	0.0	8.813
MP2K1_HUMAN	5604	MAP2K1	8.767	2516	1	5	1.0	0.0	8.767
MGMT_HUMAN	4255	MGMT	8.753	2601	1	0	1.0	0.0	8.753
ADRB2_HUMAN	154	ADRB2	8.723	2787	1	3	1.0	0.0	8.723
HS90A_HUMAN	3320	HSP90AA1	8.692	2989	1	4	1.0	0.0	8.692
TEN1_HUMAN	10178	TENM1	8.595	3736	1	0	1.0	0.0	8.595
CP2D6_HUMAN	1565	CYP2D6	8.562	4031	1	0	1.0	0.0	8.562
SP1_HUMAN	6667	SP1	8.506	4591	1	2	1.0	0.0	8.506
BRCA2_HUMAN	675	BRCA2	8.369	6283	1	0	1.0	0.0	8.369
CP3A4_HUMAN	1576	CYP3A4	8.3	7364	1	2	1.0	0.0	8.3
KCMB2_HUMAN	10242	KCNMB2	8.259	8108	1	0	1.0	0.0	8.259
MK14_HUMAN	1432	MAPK14	8.241	8447	1	0	1.0	0.0	8.241
PRGR_HUMAN	5241	PGR	8.234	8583	1	0	1.0	0.0	8.234
MYC_HUMAN	4609	MYC	8.154	10313	1	0	1.0	0.0	8.154
FETA_HUMAN	174	AFP	8.153	10333	1	1	1.0	0.0	8.153
