Big_T	1363
Big_F	17252753
UniProtKB_ID	GeneID	Gene_Name	PPS	Big_P	T+P	Citation	1+Log(T+P)	log10((Cit/yr+1)/10)	1+log10(F/T)+log10(F/P)
IDHC_HUMAN	3417	IDH1	54.027	1683	490	1730	3.69	2.238	9.113
ASXL1_HUMAN	171023	ASXL1	38.737	351	55	163	2.74	1.215	9.794
DNM3A_HUMAN	1788	DNMT3A	32.311	930	23	121	2.362	1.086	9.371
CEBPA_HUMAN	1050	CEBPA	30.902	1727	27	91	2.431	0.964	9.102
EGFR_HUMAN	1956	EGFR	29.043	30695	49	101	2.69	1.009	7.852
ARF_HUMAN	1029	CDKN2A	23.365	9187	22	27	2.342	0.447	8.376
IDHP_HUMAN	3418	IDH2	23.064	810	9	30	1.954	0.491	9.431
CFAH_HUMAN	3075	CFH	21.282	1793	5	43	1.699	0.643	9.086
HIF1A_HUMAN	3091	HIF1A	21.116	7140	7	43	1.845	0.643	8.485
CIC_HUMAN	23152	CIC	19.7	54	3	23	1.477	0.38	10.607
SH2B3_HUMAN	10019	SH2B3	18.519	145	6	10	1.778	0.041	10.178
STAG2_HUMAN	10735	STAG2	18.304	111	4	14	1.602	0.176	10.294
MGMT_HUMAN	4255	MGMT	18.287	2601	7	15	1.845	0.204	8.924
FLT3_HUMAN	2322	FLT3	17.811	2594	9	10	1.954	0.041	8.925
CTCF_HUMAN	10664	CTCF	17.774	508	2	34	1.301	0.544	9.633
OLIG2_HUMAN	10215	OLIG2	17.491	318	6	2	1.778	0.0	9.837
CTNB1_HUMAN	1499	CTNNB1	15.832	8844	7	10	1.845	0.041	8.392
DNMT1_HUMAN	1786	DNMT1	15.687	1576	4	12	1.602	0.114	9.142
H33_HUMAN	3021	H3F3B	14.477	51	1	22	1.0	0.362	10.632
TET2_HUMAN	54790	TET2	14.179	550	3	6	1.477	0.0	9.599
CDK4_HUMAN	1019	CDK4	14.124	3335	4	7	1.602	0.0	8.816
EZH2_HUMAN	2146	EZH2	13.622	1309	3	3	1.477	0.0	9.222
ERBB2_HUMAN	2064	ERBB2	13.453	26330	5	8	1.699	0.0	7.919
TERT_HUMAN	7015	TERT	12.868	4242	2	14	1.301	0.176	8.712
ETS2_HUMAN	2114	ETS2	12.825	303	2	5	1.301	0.0	9.858
CTNA2_HUMAN	1496	CTNNA2	12.742	32	1	14	1.0	0.176	10.834
BRAF_HUMAN	673	BRAF	12.55	6965	3	0	1.477	0.0	8.496
IKZF1_HUMAN	10320	IKZF1	12.533	508	2	1	1.301	0.0	9.633
CH3L1_HUMAN	1116	CHI3L1	12.22	884	2	3	1.301	0.0	9.393
NUP62_HUMAN	23636	NUP62	12.163	979	2	4	1.301	0.0	9.348
RUNX1_HUMAN	861	RUNX1	12.051	2302	2	10	1.301	0.041	8.977
MSH6_HUMAN	2956	MSH6	11.999	1307	2	0	1.301	0.0	9.223
NLRP3_HUMAN	114548	NLRP3	11.746	2048	2	1	1.301	0.0	9.028
ALK_HUMAN	238	ALK	11.571	2791	2	1	1.301	0.0	8.893
GFAP_HUMAN	2670	GFAP	11.498	3173	2	0	1.301	0.0	8.838
K9JJH7_HUMAN	200424	TET3	11.268	79	1	11	1.0	0.079	10.442
SRSF2_HUMAN	6427	SRSF2	11.208	363	1	13	1.0	0.146	9.779
ST17A_HUMAN	9263	STK17A	11.135	16	1	0	1.0	0.0	11.135
SF3A1_HUMAN	10291	SF3A1	11.038	20	1	2	1.0	0.0	11.038
CPT1C_HUMAN	126129	CPT1C	10.959	24	1	1	1.0	0.0	10.959
EMP3_HUMAN	2014	EMP3	10.892	28	1	0	1.0	0.0	10.892
RAB38_HUMAN	23682	RAB38	10.848	31	1	0	1.0	0.0	10.848
GNT2A_HUMAN	2651	GCNT2	10.834	32	1	0	1.0	0.0	10.834
LSAMP_HUMAN	4045	LSAMP	10.783	36	1	0	1.0	0.0	10.783
MTOR_HUMAN	2475	MTOR	10.636	14590	2	5	1.301	0.0	8.175
FUBP1_HUMAN	8880	FUBP1	10.494	70	1	2	1.0	0.0	10.494
DKK2_HUMAN	27123	DKK2	10.447	78	1	1	1.0	0.0	10.447
SPRE1_HUMAN	161742	SPRED1	10.425	82	1	3	1.0	0.0	10.425
DLL3_HUMAN	10683	DLL3	10.42	83	1	1	1.0	0.0	10.42
CHIO_HUMAN	1124	CHN2	10.385	90	1	0	1.0	0.0	10.385
RPE_HUMAN	6120	RPE	10.361	95	1	0	1.0	0.0	10.361
IMA1_HUMAN	3838	KPNA2	10.335	101	1	2	1.0	0.0	10.335
TACC3_HUMAN	10460	TACC3	10.335	101	1	7	1.0	0.0	10.335
SETX_HUMAN	23064	SETX	10.294	111	1	0	1.0	0.0	10.294
BCOR_HUMAN	54880	BCOR	10.29	112	1	7	1.0	0.0	10.29
SATB2_HUMAN	23314	SATB2	10.256	121	1	0	1.0	0.0	10.256
U2AF2_HUMAN	11338	U2AF2	10.249	123	1	2	1.0	0.0	10.249
ATRX_HUMAN	546	ATRX	10.214	340	1	10	1.0	0.041	9.808
SETD2_HUMAN	29072	SETD2	10.211	342	1	10	1.0	0.041	9.805
ANM5_HUMAN	10419	PRMT5	10.154	153	1	0	1.0	0.0	10.154
ACACA_HUMAN	31	ACACA	10.152	154	1	0	1.0	0.0	10.152
E2F2_HUMAN	1870	E2F2	10.114	168	1	8	1.0	0.0	10.114
RENR_HUMAN	10159	ATP6AP2	10.114	168	1	0	1.0	0.0	10.114
MYLIP_HUMAN	29116	MYLIP	10.094	176	1	0	1.0	0.0	10.094
DMBT1_HUMAN	1755	DMBT1	10.082	181	1	0	1.0	0.0	10.082
MTMRB_HUMAN	10903	MTMR11	10.019	209	1	0	1.0	0.0	10.019
KLF6_HUMAN	1316	KLF6	10.001	218	1	7	1.0	0.0	10.001
DAXX_HUMAN	1616	DAXX	9.991	223	1	2	1.0	0.0	9.991
P53_HUMAN	7157	TP53	9.986	46130	2	1	1.301	0.0	7.675
SALL4_HUMAN	57167	SALL4	9.985	226	1	0	1.0	0.0	9.985
RET1_HUMAN	5947	RBP1	9.961	239	1	2	1.0	0.0	9.961
EXT1_HUMAN	2131	EXT1	9.946	247	1	0	1.0	0.0	9.946
CEBPZ_HUMAN	10153	CEBPZ	9.928	258	1	0	1.0	0.0	9.928
PROX1_HUMAN	5629	PROX1	9.883	286	1	1	1.0	0.0	9.883
AKT3_HUMAN	10000	AKT3	9.878	289	1	1	1.0	0.0	9.878
SF3B1_HUMAN	23451	SF3B1	9.875	291	1	0	1.0	0.0	9.875
HXC10_HUMAN	3226	HOXC10	9.806	341	1	1	1.0	0.0	9.806
PRDX1_HUMAN	5052	PRDX1	9.793	352	1	2	1.0	0.0	9.793
EVI1_HUMAN	2122	MECOM	9.787	357	1	1	1.0	0.0	9.787
HMGA1_HUMAN	3159	HMGA1	9.737	400	1	1	1.0	0.0	9.737
CCHL_HUMAN	3052	HCCS	9.734	403	1	0	1.0	0.0	9.734
CSF3R_HUMAN	1441	CSF3R	9.668	469	1	0	1.0	0.0	9.668
CD166_HUMAN	214	ALCAM	9.606	541	1	2	1.0	0.0	9.606
SAMP_HUMAN	325	APCS	9.6	548	1	2	1.0	0.0	9.6
PDPN_HUMAN	10630	PDPN	9.589	563	1	0	1.0	0.0	9.589
JAK3_HUMAN	3718	JAK3	9.531	643	1	0	1.0	0.0	9.531
CO2A1_HUMAN	1280	COL2A1	9.518	662	1	2	1.0	0.0	9.518
FYN_HUMAN	2534	FYN	9.496	697	1	3	1.0	0.0	9.496
BASI_HUMAN	682	BSG	9.444	785	1	2	1.0	0.0	9.444
EWS_HUMAN	2130	EWSR1	9.404	862	1	7	1.0	0.0	9.404
EPAS1_HUMAN	2034	EPAS1	9.358	957	1	0	1.0	0.0	9.358
CDX2_HUMAN	1045	CDX2	9.345	987	1	0	1.0	0.0	9.345
NAMPT_HUMAN	10135	NAMPT	9.281	1143	1	0	1.0	0.0	9.281
H2AX_HUMAN	3014	H2AFX	9.264	1188	1	4	1.0	0.0	9.264
NKG2D_HUMAN	22914	KLRK1	9.244	1245	1	2	1.0	0.0	9.244
FGFR2_HUMAN	2263	FGFR2	9.227	1295	1	7	1.0	0.0	9.227
BMP4_HUMAN	652	BMP4	9.159	1513	1	1	1.0	0.0	9.159
CDK6_HUMAN	1021	CDK6	9.154	1532	1	2	1.0	0.0	9.154
XIAP_HUMAN	331	XIAP	9.139	1584	1	0	1.0	0.0	9.139
CBP_HUMAN	1387	CREBBP	9.135	1601	1	2	1.0	0.0	9.135
FGFR1_HUMAN	2260	FGFR1	9.131	1615	1	1	1.0	0.0	9.131
ERCC1_HUMAN	2067	ERCC1	9.12	1656	1	0	1.0	0.0	9.12
CADH2_HUMAN	1000	CDH2	9.113	1685	1	1	1.0	0.0	9.113
ETV6_HUMAN	2120	ETV6	9.103	1723	1	6	1.0	0.0	9.103
ERG_HUMAN	2078	ERG	9.07	1860	1	0	1.0	0.0	9.07
PGFRA_HUMAN	5156	PDGFRA	9.034	2020	1	0	1.0	0.0	9.034
NOTC1_HUMAN	4851	NOTCH1	9.001	2179	1	3	1.0	0.0	9.001
HLAG_HUMAN	3135	HLA-G	8.988	2247	1	1	1.0	0.0	8.988
AMPN_HUMAN	290	ANPEP	8.987	2249	1	0	1.0	0.0	8.987
RASH_HUMAN	3265	HRAS	8.984	2263	1	1	1.0	0.0	8.984
WT1_HUMAN	7490	WT1	8.978	2295	1	0	1.0	0.0	8.978
G6PD_HUMAN	2539	G6PD	8.739	3985	1	0	1.0	0.0	8.739
JAK2_HUMAN	3717	JAK2	8.714	4222	1	2	1.0	0.0	8.714
RB_HUMAN	5925	RB1	8.675	4614	1	1	1.0	0.0	8.675
ABL1_HUMAN	25	ABL1	8.539	6311	1	0	1.0	0.0	8.539
VGFR2_HUMAN	3791	KDR	8.529	6464	1	1	1.0	0.0	8.529
PARP1_HUMAN	142	PARP1	8.521	6579	1	1	1.0	0.0	8.521
FGF2_HUMAN	2247	FGF2	8.521	6580	1	0	1.0	0.0	8.521
COX8A_HUMAN	1351	COX8A	8.436	7998	1	0	1.0	0.0	8.436
MYC_HUMAN	4609	MYC	8.326	10313	1	0	1.0	0.0	8.326
RASK_HUMAN	3845	KRAS	8.318	10492	1	0	1.0	0.0	8.318
CSF2_HUMAN	1437	CSF2	8.163	14987	1	0	1.0	0.0	8.163
AKT1_HUMAN	207	AKT1	8.072	18505	1	2	1.0	0.0	8.072
