Big_T	6476
Big_F	17252753
UniProtKB_ID	GeneID	Gene_Name	PPS	Big_P	T+P	Citation	1+Log(T+P)	log10((Cit/yr+1)/10)	1+log10(F/T)+log10(F/P)
RASK_HUMAN	3845	KRAS	50.055	10492	1349	2632	4.13	2.42	7.641
EGFR_HUMAN	1956	EGFR	47.05	30695	1228	2937	4.089	2.468	7.175
RASH_HUMAN	3265	HRAS	37.371	2263	176	178	3.246	1.253	8.308
ARF_HUMAN	1029	CDKN2A	35.078	9187	129	278	3.111	1.446	7.699
CTNB1_HUMAN	1499	CTNNB1	33.016	8844	74	256	2.869	1.41	7.716
PK3CA_HUMAN	5290	PIK3CA	32.11	2646	33	238	2.519	1.378	8.24
BRAF_HUMAN	673	BRAF	31.688	6965	62	181	2.792	1.26	7.819
ZHX2_HUMAN	22882	ZHX2	31.096	1955	48	107	2.681	1.033	8.371
AKT1_HUMAN	207	AKT1	29.121	18505	51	169	2.708	1.23	7.395
AMER1_HUMAN	139285	AMER1	28.399	56	3	243	1.477	1.387	9.914
RASN_HUMAN	4893	NRAS	28.25	2546	33	79	2.519	0.903	8.257
ALK_HUMAN	238	ALK	25.794	2791	26	52	2.415	0.724	8.217
ERBB2_HUMAN	2064	ERBB2	25.577	26330	41	82	2.613	0.919	7.242
ALEX_HUMAN	2778	GNAS	24.521	1281	21	34	2.322	0.544	8.555
ASXL1_HUMAN	171023	ASXL1	24.233	351	13	34	2.114	0.544	9.117
FLT3_HUMAN	2322	FLT3	23.18	2594	19	33	2.279	0.531	8.248
MTOR_HUMAN	2475	MTOR	22.137	14590	16	55	2.204	0.748	7.498
CDX2_HUMAN	1045	CDX2	21.898	987	16	20	2.204	0.322	8.668
YAP1_HUMAN	10413	YAP1	21.843	877	8	39	1.903	0.602	8.719
EGF_HUMAN	1950	EGF	21.404	4898	11	43	2.041	0.643	7.972
CEAM3_HUMAN	1084	CEACAM3	20.346	9052	19	22	2.279	0.362	7.705
MSH6_HUMAN	2956	MSH6	20.342	1307	12	19	2.079	0.301	8.546
FGFR3_HUMAN	2261	FGFR3	18.834	1310	10	15	2.0	0.204	8.545
2AAA_HUMAN	5518	PPP2R1A	18.804	53	2	38	1.301	0.591	9.938
CDK4_HUMAN	1019	CDK4	18.584	3335	12	15	2.079	0.204	8.139
CDN1A_HUMAN	1026	CDKN1A	18.554	5857	16	13	2.204	0.146	7.895
DUS4_HUMAN	1846	DUSP4	18.422	96	4	19	1.602	0.301	9.68
DNM3A_HUMAN	1788	DNMT3A	18.26	930	6	20	1.778	0.322	8.694
PTN11_HUMAN	5781	PTPN11	17.884	1150	8	14	1.903	0.176	8.602
SOS1_HUMAN	6654	SOS1	17.162	391	6	12	1.778	0.114	9.07
MGMT_HUMAN	4255	MGMT	16.964	2601	6	18	1.778	0.279	8.247
CEBPA_HUMAN	1050	CEBPA	16.465	1727	9	5	1.954	0.0	8.425
PTEN_HUMAN	5728	PTEN	16.326	6259	7	16	1.845	0.23	7.866
A0A024R7K5_HUMAN	100271849	MEF2B	16.205	30	1	38	1.0	0.591	10.185
MUTYH_HUMAN	4595	MUTYH	15.885	536	6	5	1.778	0.0	8.933
B2L11_HUMAN	10018	BCL2L11	15.837	365	5	10	1.699	0.041	9.1
IDHC_HUMAN	3417	IDH1	15.513	1683	3	22	1.477	0.362	8.436
TET2_HUMAN	54790	TET2	15.456	550	3	17	1.477	0.255	8.922
TCFL5_HUMAN	10732	TCFL5	15.347	121	4	0	1.602	0.0	9.58
KIT_HUMAN	3815	KIT	15.341	6488	9	5	1.954	0.0	7.85
JAK2_HUMAN	3717	JAK2	15.295	4222	4	19	1.602	0.301	8.037
FGFR2_HUMAN	2263	FGFR2	15.203	1295	6	9	1.778	0.0	8.55
RRP44_HUMAN	22894	DIS3	15.142	40	1	31	1.0	0.505	10.06
TBB3_HUMAN	10381	TUBB3	15.027	657	5	3	1.699	0.0	8.845
RAF1_HUMAN	5894	RAF1	14.892	1938	6	7	1.778	0.0	8.375
FRS2_HUMAN	10818	FRS2	14.716	113	2	16	1.301	0.23	9.609
RASF1_HUMAN	11186	RASSF1	14.708	1012	5	3	1.699	0.0	8.657
ICMT_HUMAN	23463	ICMT	14.622	58	3	6	1.477	0.0	9.899
MYC_HUMAN	4609	MYC	14.556	10313	8	5	1.903	0.0	7.649
P53_HUMAN	7157	TP53	14.551	46130	12	6	2.079	0.0	6.998
DCC_HUMAN	1630	DCC	14.508	404	4	1	1.602	0.0	9.056
NPT2B_HUMAN	10568	SLC34A2	14.4	82	3	8	1.477	0.0	9.749
SPRE1_HUMAN	161742	SPRED1	14.4	82	3	4	1.477	0.0	9.749
CSF2_HUMAN	1437	CSF2	14.248	14987	8	6	1.903	0.0	7.487
APC_HUMAN	324	APC	14.211	619	4	1	1.602	0.0	8.871
ESR1_HUMAN	2099	ESR1	14.147	13814	4	18	1.602	0.279	7.522
MACC1_HUMAN	346389	MACC1	14.109	129	3	6	1.477	0.0	9.552
MP2K1_HUMAN	5604	MAP2K1	14.036	2516	5	6	1.699	0.0	8.262
EREG_HUMAN	2069	EREG	14.021	148	3	3	1.477	0.0	9.492
SEPT9_HUMAN	10801	SEPT9	13.991	155	3	2	1.477	0.0	9.472
KINH_HUMAN	3799	KIF5B	13.935	108	1	27	1.0	0.447	9.629
STAG2_HUMAN	10735	STAG2	13.917	111	2	13	1.301	0.146	9.617
RASL2_HUMAN	10156	RASA4	13.842	43	2	11	1.301	0.079	10.029
CRKL_HUMAN	1399	CRKL	13.776	217	3	7	1.477	0.0	9.326
TEN1_HUMAN	10178	TENM1	13.744	3736	5	8	1.699	0.0	8.09
AKT3_HUMAN	10000	AKT3	13.592	289	3	6	1.477	0.0	9.201
PD1L1_HUMAN	29126	CD274	13.564	2564	4	10	1.602	0.041	8.253
FGFR1_HUMAN	2260	FGFR1	13.544	1615	4	9	1.602	0.0	8.454
IGF1_HUMAN	3479	IGF1	13.536	21183	7	7	1.845	0.0	7.336
ANX10_HUMAN	11199	ANXA10	13.453	21	2	1	1.301	0.0	10.34
ELF3_HUMAN	1999	ELF3	13.433	240	1	27	1.0	0.447	9.282
4EBP1_HUMAN	1978	EIF4EBP1	13.136	1027	3	10	1.477	0.041	8.651
CP1A1_HUMAN	1543	CYP1A1	13.106	3030	4	1	1.602	0.0	8.181
MK01_HUMAN	5594	MAPK1	13.032	21517	6	8	1.778	0.0	7.329
HBEGF_HUMAN	1839	HBEGF	13.003	724	3	5	1.477	0.0	8.803
CEAM5_HUMAN	1048	CEACAM5	12.984	490	2	13	1.301	0.146	8.972
FHIT_HUMAN	2272	FHIT	12.971	760	3	2	1.477	0.0	8.782
IGF1R_HUMAN	3480	IGF1R	12.967	3702	4	7	1.602	0.0	8.094
GRB2_HUMAN	2885	GRB2	12.945	792	3	1	1.477	0.0	8.764
FAS_HUMAN	2194	FASN	12.913	832	3	2	1.477	0.0	8.742
IFI44_HUMAN	10561	IFI44	12.862	902	3	1	1.477	0.0	8.707
STK11_HUMAN	6794	STK11	12.851	917	3	1	1.477	0.0	8.7
NF1_HUMAN	4763	NF1	12.739	5140	4	2	1.602	0.0	7.951
CFTR_HUMAN	1080	CFTR	12.646	4546	1	37	1.0	0.58	8.005
NQO1_HUMAN	1728	NQO1	12.559	1445	3	1	1.477	0.0	8.503
IRS1_HUMAN	3667	IRS1	12.517	1544	3	8	1.477	0.0	8.474
RET_HUMAN	5979	RET	12.503	4253	3	11	1.477	0.079	8.034
ETV6_HUMAN	2120	ETV6	12.446	1723	3	3	1.477	0.0	8.426
SMAD4_HUMAN	4089	SMAD4	12.445	1728	3	5	1.477	0.0	8.425
CENPE_HUMAN	1062	CENPE	12.389	138	2	3	1.301	0.0	9.523
MK14_HUMAN	1432	MAPK14	12.308	8447	3	12	1.477	0.114	7.736
GNA11_HUMAN	2767	GNA11	12.292	164	2	1	1.301	0.0	9.448
HPRT_HUMAN	3251	HPRT1	12.282	2227	3	6	1.477	0.0	8.315
RHG07_HUMAN	10395	DLC1	12.281	167	2	2	1.301	0.0	9.44
DUS6_HUMAN	1848	DUSP6	12.261	173	2	3	1.301	0.0	9.424
MYCN_HUMAN	4613	MYCN	12.238	2383	3	0	1.477	0.0	8.285
HMMR_HUMAN	3161	HMMR	12.22	186	2	3	1.301	0.0	9.393
CDN2C_HUMAN	1031	CDKN2C	12.211	189	2	3	1.301	0.0	9.386
BAX_HUMAN	581	BAX	12.195	11225	4	1	1.602	0.0	7.612
CHKA_HUMAN	1119	CHKA	12.174	202	2	0	1.301	0.0	9.357
WIF1_HUMAN	11197	WIF1	12.123	221	2	2	1.301	0.0	9.318
CDN1B_HUMAN	1027	CDKN1B	12.089	3007	3	2	1.477	0.0	8.184
CDK2_HUMAN	1017	CDK2	12.063	3134	3	2	1.477	0.0	8.166
MLH1_HUMAN	4292	MLH1	12.043	3231	3	4	1.477	0.0	8.153
RALA_HUMAN	5898	RALA	12.023	264	2	5	1.301	0.0	9.241
GLYAT_HUMAN	10249	GLYAT	12.012	269	2	0	1.301	0.0	9.233
CMGA_HUMAN	1113	CHGA	12.0	3455	3	1	1.477	0.0	8.124
SF3B1_HUMAN	23451	SF3B1	11.968	291	2	3	1.301	0.0	9.198
CTNA2_HUMAN	1496	CTNNA2	11.946	32	1	14	1.0	0.176	10.157
GNAQ_HUMAN	2776	GNAQ	11.919	317	2	0	1.301	0.0	9.161
EVI1_HUMAN	2122	MECOM	11.852	357	2	4	1.301	0.0	9.11
FOS_HUMAN	2353	FOS	11.844	4405	3	4	1.477	0.0	8.018
ADRM1_HUMAN	11047	ADRM1	11.826	374	2	2	1.301	0.0	9.09
ROS1_HUMAN	6098	ROS1	11.753	425	2	5	1.301	0.0	9.034
DCK_HUMAN	1633	DCK	11.724	448	2	1	1.301	0.0	9.011
FBXW7_HUMAN	55294	FBXW7	11.692	474	2	3	1.301	0.0	8.987
RPP14_HUMAN	11102	RPP14	11.663	499	2	0	1.301	0.0	8.964
ABL1_HUMAN	25	ABL1	11.613	6311	3	2	1.477	0.0	7.862
RAP1A_HUMAN	5906	RAP1A	11.606	552	2	0	1.301	0.0	8.92
CDK5_HUMAN	1020	CDK5	11.6	558	2	4	1.301	0.0	8.916
PARP1_HUMAN	142	PARP1	11.587	6579	3	1	1.477	0.0	7.844
CASP_HUMAN	1523	CUX1	11.545	615	2	4	1.301	0.0	8.874
JAK3_HUMAN	3718	JAK3	11.52	643	2	4	1.301	0.0	8.854
EZH2_HUMAN	2146	EZH2	11.472	1309	2	10	1.301	0.041	8.545
CRP_HUMAN	1401	CRP	11.368	36788	4	4	1.602	0.0	7.096
DYH2_HUMAN	146754	DNAH2	11.361	2	1	4	1.0	0.0	11.361
F8W8Y7_HUMAN	100131755	ARMCX4	11.361	2	1	0	1.0	0.0	11.361
PLK1_HUMAN	5347	PLK1	11.329	901	2	4	1.301	0.0	8.708
DPYD_HUMAN	1806	DPYD	11.318	919	2	0	1.301	0.0	8.699
GLI1_HUMAN	2735	GLI1	11.256	1025	2	0	1.301	0.0	8.652
FCG2A_HUMAN	2212	FCGR2A	11.234	1066	2	1	1.301	0.0	8.635
WDHD1_HUMAN	11169	WDHD1	11.216	1100	2	1	1.301	0.0	8.621
MICA_HUMAN	100507436	MICA	11.197	1138	2	1	1.301	0.0	8.606
SPYA_HUMAN	189	AGXT	11.188	1156	2	0	1.301	0.0	8.599
CIB4_HUMAN	130106	CIB4	11.185	3	1	0	1.0	0.0	11.185
CD24_HUMAN	100133941	CD24	11.102	1346	2	4	1.301	0.0	8.533
CHD4_HUMAN	1108	CHD4	11.099	50	1	12	1.0	0.114	9.963
DNMT1_HUMAN	1786	DNMT1	11.013	1576	2	2	1.301	0.0	8.465
ERCC1_HUMAN	2067	ERCC1	10.985	1656	2	2	1.301	0.0	8.443
CADH2_HUMAN	1000	CDH2	10.975	1685	2	1	1.301	0.0	8.436
ERBB3_HUMAN	2065	ERBB3	10.943	1783	2	3	1.301	0.0	8.411
KMT2A_HUMAN	4297	KMT2A	10.852	2095	2	1	1.301	0.0	8.341
NOTC1_HUMAN	4851	NOTCH1	10.83	2179	2	9	1.301	0.0	8.324
WT1_HUMAN	7490	WT1	10.801	2295	2	0	1.301	0.0	8.302
ATM_HUMAN	472	ATM	10.79	2339	2	1	1.301	0.0	8.293
PTN21_HUMAN	11099	PTPN21	10.759	8	1	2	1.0	0.0	10.759
MSH2_HUMAN	4436	MSH2	10.729	2603	2	2	1.301	0.0	8.247
SPY3_HUMAN	10251	SPRY3	10.708	9	1	3	1.0	0.0	10.708
M4K5_HUMAN	11183	MAP4K5	10.708	9	1	1	1.0	0.0	10.708
RET7_HUMAN	116362	RBP7	10.708	9	1	1	1.0	0.0	10.708
VGFR1_HUMAN	2321	FLT1	10.68	2839	2	0	1.301	0.0	8.209
VTI1A_HUMAN	143187	VTI1A	10.662	10	1	0	1.0	0.0	10.662
DESM_HUMAN	1674	DES	10.584	3365	2	0	1.301	0.0	8.135
MXRA5_HUMAN	25878	MXRA5	10.583	12	1	1	1.0	0.0	10.583
1C07_HUMAN	3107	HLA-C	10.568	2502	1	18	1.0	0.279	8.264
MDM2_HUMAN	4193	MDM2	10.555	3545	2	1	1.301	0.0	8.113
A2ML1_HUMAN	144568	A2ML1	10.548	13	1	1	1.0	0.0	10.548
UBP16_HUMAN	10600	USP16	10.516	14	1	2	1.0	0.0	10.516
SP140_HUMAN	11262	SP140	10.516	14	1	2	1.0	0.0	10.516
CTBP1_HUMAN	1487	CTBP1	10.482	89	1	11	1.0	0.079	9.713
CP2D6_HUMAN	1565	CYP2D6	10.482	4031	2	0	1.301	0.0	8.057
STK33_HUMAN	65975	STK33	10.458	16	1	0	1.0	0.0	10.458
MUC1_HUMAN	4582	MUC1	10.455	4231	2	2	1.301	0.0	8.036
HGF_HUMAN	3082	HGF	10.432	4410	2	2	1.301	0.0	8.018
TNFL6_HUMAN	356	FASLG	10.421	4494	2	1	1.301	0.0	8.01
NELFB_HUMAN	25920	NELFB	10.407	18	1	2	1.0	0.0	10.407
TLK2_HUMAN	11011	TLK2	10.384	19	1	0	1.0	0.0	10.384
ALPK2_HUMAN	115701	ALPK2	10.384	19	1	0	1.0	0.0	10.384
CAD10_HUMAN	1008	CDH10	10.361	20	1	9	1.0	0.0	10.361
FNTA_HUMAN	2339	FNTA	10.361	20	1	0	1.0	0.0	10.361
SNUT2_HUMAN	10713	USP39	10.361	20	1	0	1.0	0.0	10.361
NGAP_HUMAN	9462	RASAL2	10.34	21	1	4	1.0	0.0	10.34
1A01_HUMAN	3105	HLA-A	10.322	5350	2	0	1.301	0.0	7.934
ATS14_HUMAN	140766	ADAMTS14	10.32	22	1	2	1.0	0.0	10.32
JUN_HUMAN	3725	JUN	10.296	5610	2	1	1.301	0.0	7.913
VGFR2_HUMAN	3791	KDR	10.216	6464	2	1	1.301	0.0	7.852
TSN31_HUMAN	6302	TSPAN31	10.215	28	1	1	1.0	0.0	10.215
FGF2_HUMAN	2247	FGF2	10.205	6580	2	7	1.301	0.0	7.844
HIF1A_HUMAN	3091	HIF1A	10.159	7140	2	3	1.301	0.0	7.809
RCAN2_HUMAN	10231	RCAN2	10.157	32	1	0	1.0	0.0	10.157
PA216_HUMAN	11145	PLA2G16	10.144	33	1	0	1.0	0.0	10.144
CTRO_HUMAN	11113	CIT	10.131	34	1	0	1.0	0.0	10.131
RGMA_HUMAN	56963	RGMA	10.131	34	1	1	1.0	0.0	10.131
MACD2_HUMAN	140733	MACROD2	10.131	34	1	1	1.0	0.0	10.131
P2RY8_HUMAN	286530	P2RY8	10.118	35	1	2	1.0	0.0	10.118
DAAM1_HUMAN	23002	DAAM1	10.106	36	1	3	1.0	0.0	10.106
RHOQ_HUMAN	23433	RHOQ	10.106	36	1	2	1.0	0.0	10.106
RIT1_HUMAN	6016	RIT1	10.039	42	1	8	1.0	0.0	10.039
RASF2_HUMAN	9770	RASSF2	10.029	43	1	1	1.0	0.0	10.029
DHX15_HUMAN	1665	DHX15	10.019	44	1	4	1.0	0.0	10.019
MAFG_HUMAN	4097	MAFG	10.019	44	1	4	1.0	0.0	10.019
FXYD3_HUMAN	5349	FXYD3	10.009	45	1	0	1.0	0.0	10.009
MAGB6_HUMAN	158809	MAGEB6	10.0	46	1	0	1.0	0.0	10.0
MACF1_HUMAN	23499	MACF1	9.99	47	1	1	1.0	0.0	9.99
LYPD1_HUMAN	116372	LYPD1	9.99	47	1	0	1.0	0.0	9.99
CHD5_HUMAN	26038	CHD5	9.922	55	1	2	1.0	0.0	9.922
NTAN1_HUMAN	123803	NTAN1	9.922	55	1	1	1.0	0.0	9.922
CADH4_HUMAN	1002	CDH4	9.907	57	1	9	1.0	0.0	9.907
GCSP_HUMAN	2731	GLDC	9.907	57	1	4	1.0	0.0	9.907
PTF1A_HUMAN	256297	PTF1A	9.899	58	1	0	1.0	0.0	9.899
HERC5_HUMAN	51191	HERC5	9.892	59	1	3	1.0	0.0	9.892
GRP1_HUMAN	10125	RASGRP1	9.884	60	1	2	1.0	0.0	9.884
BAP31_HUMAN	10134	BCAP31	9.884	60	1	2	1.0	0.0	9.884
PARI_HUMAN	55010	PARPBP	9.884	60	1	1	1.0	0.0	9.884
TXNL1_HUMAN	9352	TXNL1	9.877	61	1	0	1.0	0.0	9.877
ABL2_HUMAN	27	ABL2	9.836	67	1	0	1.0	0.0	9.836
INLR1_HUMAN	163702	IFNLR1	9.836	67	1	0	1.0	0.0	9.836
SHOC2_HUMAN	8036	SHOC2	9.83	68	1	0	1.0	0.0	9.83
IF2B3_HUMAN	10643	IGF2BP3	9.805	72	1	1	1.0	0.0	9.805
HUWE1_HUMAN	10075	HUWE1	9.776	77	1	1	1.0	0.0	9.776
HMGCL_HUMAN	3155	HMGCL	9.77	78	1	0	1.0	0.0	9.77
DC1I2_HUMAN	1781	DYNC1I2	9.733	85	1	0	1.0	0.0	9.733
ABI1_HUMAN	10006	ABI1	9.733	85	1	0	1.0	0.0	9.733
RASF5_HUMAN	83593	RASSF5	9.733	85	1	0	1.0	0.0	9.733
NRCAM_HUMAN	4897	NRCAM	9.694	93	1	0	1.0	0.0	9.694
RFOX1_HUMAN	54715	RBFOX1	9.694	93	1	1	1.0	0.0	9.694
BRMS1_HUMAN	25855	BRMS1	9.689	94	1	0	1.0	0.0	9.689
ECT2_HUMAN	1894	ECT2	9.685	95	1	2	1.0	0.0	9.685
DAB2P_HUMAN	153090	DAB2IP	9.68	96	1	0	1.0	0.0	9.68
ACK1_HUMAN	10188	TNK2	9.671	98	1	1	1.0	0.0	9.671
DNA2_HUMAN	1763	DNA2	9.667	99	1	0	1.0	0.0	9.667
AATC_HUMAN	2805	GOT1	9.662	100	1	0	1.0	0.0	9.662
KKCC2_HUMAN	10645	CAMKK2	9.662	100	1	3	1.0	0.0	9.662
TACC3_HUMAN	10460	TACC3	9.658	101	1	1	1.0	0.0	9.658
TRIB1_HUMAN	10221	TRIB1	9.645	104	1	0	1.0	0.0	9.645
PADI2_HUMAN	11240	PADI2	9.641	105	1	0	1.0	0.0	9.641
CDK8_HUMAN	1024	CDK8	9.625	109	1	2	1.0	0.0	9.625
DHX9_HUMAN	1660	DHX9	9.617	111	1	2	1.0	0.0	9.617
SERC_HUMAN	29968	PSAT1	9.609	113	1	3	1.0	0.0	9.609
CELF1_HUMAN	10658	CELF1	9.602	115	1	3	1.0	0.0	9.602
TGT_HUMAN	81890	QTRT1	9.602	115	1	0	1.0	0.0	9.602
CDC37_HUMAN	11140	CDC37	9.598	116	1	2	1.0	0.0	9.598
HXA5_HUMAN	3202	HOXA5	9.594	117	1	1	1.0	0.0	9.594
ARAF_HUMAN	369	ARAF	9.565	125	1	4	1.0	0.0	9.565
SOMA_HUMAN	2688	GH1	9.559	20651	2	0	1.301	0.0	7.347
GNA13_HUMAN	10672	GNA13	9.555	128	1	0	1.0	0.0	9.555
CHFR_HUMAN	55743	CHFR	9.545	131	1	0	1.0	0.0	9.545
ERF_HUMAN	2077	ERF	9.529	136	1	0	1.0	0.0	9.529
CSN8_HUMAN	10920	COPS8	9.519	139	1	5	1.0	0.0	9.519
SH2B3_HUMAN	10019	SH2B3	9.501	145	1	0	1.0	0.0	9.501
FBLN3_HUMAN	2202	EFEMP1	9.495	147	1	0	1.0	0.0	9.495
TFEB_HUMAN	7942	TFEB	9.489	149	1	0	1.0	0.0	9.489
BCL2_HUMAN	596	BCL2	9.485	23522	2	1	1.301	0.0	7.291
TIF1B_HUMAN	10155	TRIM28	9.475	154	1	2	1.0	0.0	9.475
SPY2_HUMAN	10253	SPRY2	9.475	154	1	3	1.0	0.0	9.475
VPP3_HUMAN	10312	TCIRG1	9.445	165	1	0	1.0	0.0	9.445
IL8_HUMAN	3576	CXCL8	9.437	25628	2	2	1.301	0.0	7.254
MERTK_HUMAN	10461	MERTK	9.429	171	1	1	1.0	0.0	9.429
RCC1_HUMAN	1104	RCC1	9.419	175	1	6	1.0	0.0	9.419
GAB1_HUMAN	2549	GAB1	9.412	178	1	1	1.0	0.0	9.412
PRGC2_HUMAN	133522	PPARGC1B	9.412	178	1	1	1.0	0.0	9.412
CLC10_HUMAN	10462	CLEC10A	9.395	185	1	2	1.0	0.0	9.395
ELK1_HUMAN	2002	ELK1	9.386	189	1	2	1.0	0.0	9.386
CMC2_HUMAN	10165	SLC25A13	9.381	191	1	0	1.0	0.0	9.381
CALRL_HUMAN	10203	CALCRL	9.379	192	1	3	1.0	0.0	9.379
B4GT1_HUMAN	2683	B4GALT1	9.37	196	1	1	1.0	0.0	9.37
CD8A_HUMAN	925	CD8A	9.367	28961	2	3	1.301	0.0	7.2
FBN2_HUMAN	2201	FBN2	9.366	198	1	9	1.0	0.0	9.366
WWOX_HUMAN	51741	WWOX	9.346	207	1	0	1.0	0.0	9.346
CLCN5_HUMAN	1184	CLCN5	9.342	209	1	0	1.0	0.0	9.342
CYLD_HUMAN	1540	CYLD	9.342	209	1	9	1.0	0.0	9.342
GRP75_HUMAN	3313	HSPA9	9.326	217	1	0	1.0	0.0	9.326
LAMP3_HUMAN	27074	LAMP3	9.324	218	1	0	1.0	0.0	9.324
KLK6_HUMAN	5653	KLK6	9.322	219	1	1	1.0	0.0	9.322
DAXX_HUMAN	1616	DAXX	9.314	223	1	1	1.0	0.0	9.314
MRP5_HUMAN	10057	ABCC5	9.266	249	1	2	1.0	0.0	9.266
FOLR1_HUMAN	2348	FOLR1	9.259	253	1	4	1.0	0.0	9.259
ETV4_HUMAN	2118	ETV4	9.256	255	1	2	1.0	0.0	9.256
ATP6_HUMAN	4508	MT-ATP6	9.252	257	1	0	1.0	0.0	9.252
PHB_HUMAN	5245	PHB	9.234	268	1	2	1.0	0.0	9.234
ING1_HUMAN	3621	ING1	9.226	273	1	0	1.0	0.0	9.226
PBX1_HUMAN	5087	PBX1	9.221	276	1	1	1.0	0.0	9.221
CAD13_HUMAN	1012	CDH13	9.217	279	1	1	1.0	0.0	9.217
IRF5_HUMAN	3663	IRF5	9.211	283	1	0	1.0	0.0	9.211
AMACR_HUMAN	23600	AMACR	9.211	283	1	4	1.0	0.0	9.211
OX2G_HUMAN	4345	CD200	9.194	294	1	2	1.0	0.0	9.194
NDRG1_HUMAN	10397	NDRG1	9.182	302	1	3	1.0	0.0	9.182
ANXA6_HUMAN	309	ANXA6	9.159	319	1	2	1.0	0.0	9.159
5NT3A_HUMAN	51251	NT5C3A	9.148	327	1	0	1.0	0.0	9.148
X6R868_HUMAN	1056	CEL	9.144	330	1	1	1.0	0.0	9.144
HXA9_HUMAN	3205	HOXA9	9.144	330	1	1	1.0	0.0	9.144
SETD2_HUMAN	29072	SETD2	9.128	342	1	0	1.0	0.0	9.128
PO2F2_HUMAN	5452	POU2F2	9.112	355	1	1	1.0	0.0	9.112
MSLN_HUMAN	10232	MSLN	9.106	360	1	4	1.0	0.0	9.106
SRSF2_HUMAN	6427	SRSF2	9.102	363	1	7	1.0	0.0	9.102
COBA2_HUMAN	1302	COL11A2	9.092	1728	1	11	1.0	0.079	8.425
ROA1_HUMAN	3178	HNRNPA1	9.088	375	1	0	1.0	0.0	9.088
HDAC6_HUMAN	10013	HDAC6	9.085	378	1	2	1.0	0.0	9.085
DSRAD_HUMAN	103	ADAR	9.07	391	1	2	1.0	0.0	9.07
MSX2_HUMAN	4488	MSX2	9.058	402	1	1	1.0	0.0	9.058
CTND1_HUMAN	1500	CTNND1	9.043	416	1	9	1.0	0.0	9.043
IL6_HUMAN	3569	IL6	9.019	53611	2	1	1.301	0.0	6.932
MOT1_HUMAN	6566	SLC16A1	9.017	442	1	1	1.0	0.0	9.017
FGF4_HUMAN	2249	FGF4	8.999	461	1	0	1.0	0.0	8.999
CISH_HUMAN	1154	CISH	8.986	475	1	0	1.0	0.0	8.986
IKZF1_HUMAN	10320	IKZF1	8.957	508	1	0	1.0	0.0	8.957
CTCF_HUMAN	10664	CTCF	8.957	508	1	0	1.0	0.0	8.957
WASP_HUMAN	7454	WAS	8.954	511	1	1	1.0	0.0	8.954
GATA2_HUMAN	2624	GATA2	8.953	512	1	0	1.0	0.0	8.953
ATF2_HUMAN	1386	ATF2	8.951	514	1	0	1.0	0.0	8.951
DAPK1_HUMAN	1612	DAPK1	8.945	522	1	0	1.0	0.0	8.945
CD166_HUMAN	214	ALCAM	8.929	541	1	0	1.0	0.0	8.929
ACTN4_HUMAN	81	ACTN4	8.924	547	1	1	1.0	0.0	8.924
COHA1_HUMAN	1308	COL17A1	8.924	547	1	0	1.0	0.0	8.924
PE2R2_HUMAN	5732	PTGER2	8.916	558	1	1	1.0	0.0	8.916
CXL13_HUMAN	10563	CXCL13	8.907	570	1	2	1.0	0.0	8.907
XRCC6_HUMAN	2547	XRCC6	8.879	607	1	0	1.0	0.0	8.879
AREG_HUMAN	374	AREG	8.86	635	1	0	1.0	0.0	8.86
GA45A_HUMAN	1647	GADD45A	8.86	634	1	1	1.0	0.0	8.86
AKT2_HUMAN	208	AKT2	8.859	636	1	1	1.0	0.0	8.859
CD52_HUMAN	1043	CD52	8.857	639	1	1	1.0	0.0	8.857
CBSL_HUMAN	875	CBSL	8.856	640	1	0	1.0	0.0	8.856
CP11A_HUMAN	1583	CYP11A1	8.849	651	1	0	1.0	0.0	8.849
P85A_HUMAN	5295	PIK3R1	8.844	658	1	7	1.0	0.0	8.844
RAN_HUMAN	5901	RAN	8.836	670	1	2	1.0	0.0	8.836
HXK2_HUMAN	3099	HK2	8.834	673	1	1	1.0	0.0	8.834
FCG3A_HUMAN	2214	FCGR3A	8.824	5507	1	12	1.0	0.114	7.921
FYN_HUMAN	2534	FYN	8.819	697	1	3	1.0	0.0	8.819
CDN1C_HUMAN	1028	CDKN1C	8.816	702	1	0	1.0	0.0	8.816
SMCA4_HUMAN	6597	SMARCA4	8.809	714	1	8	1.0	0.0	8.809
GELS_HUMAN	2934	GSN	8.804	722	1	0	1.0	0.0	8.804
PDX1_HUMAN	3651	PDX1	8.802	725	1	1	1.0	0.0	8.802
CCR1_HUMAN	1230	CCR1	8.783	758	1	0	1.0	0.0	8.783
PRRT2_HUMAN	112476	PRRT2	8.779	765	1	0	1.0	0.0	8.779
CBL_HUMAN	867	CBL	8.774	774	1	7	1.0	0.0	8.774
ETS1_HUMAN	2113	ETS1	8.763	793	1	0	1.0	0.0	8.763
CP24A_HUMAN	1591	CYP24A1	8.743	831	1	0	1.0	0.0	8.743
AL1A1_HUMAN	216	ALDH1A1	8.732	852	1	0	1.0	0.0	8.732
NLRP3_HUMAN	114548	NLRP3	8.697	2048	1	10	1.0	0.041	8.351
TWST1_HUMAN	7291	TWIST1	8.679	962	1	2	1.0	0.0	8.679
NUP62_HUMAN	23636	NUP62	8.672	979	1	0	1.0	0.0	8.672
IF4E_HUMAN	1977	EIF4E	8.664	997	1	0	1.0	0.0	8.664
NKX21_HUMAN	7080	NKX2-1	8.655	1017	1	0	1.0	0.0	8.655
ADML_HUMAN	133	ADM	8.649	1031	1	0	1.0	0.0	8.649
GDN_HUMAN	5270	SERPINE2	8.644	1043	1	1	1.0	0.0	8.644
JAK1_HUMAN	3716	JAK1	8.642	1047	1	0	1.0	0.0	8.642
NBN_HUMAN	4683	NBN	8.621	1099	1	0	1.0	0.0	8.621
CADH5_HUMAN	1003	CDH5	8.609	1131	1	9	1.0	0.0	8.609
AURKA_HUMAN	6790	AURKA	8.608	1134	1	1	1.0	0.0	8.608
PDGFB_HUMAN	5155	PDGFB	8.593	1172	1	0	1.0	0.0	8.593
MARH8_HUMAN	220972	MARCH8	8.587	1189	1	4	1.0	0.0	8.587
ADRB1_HUMAN	153	ADRB1	8.577	1218	1	1	1.0	0.0	8.577
CHK1_HUMAN	1111	CHEK1	8.561	1262	1	0	1.0	0.0	8.561
ACHA4_HUMAN	1137	CHRNA4	8.548	1300	1	0	1.0	0.0	8.548
ABCA1_HUMAN	19	ABCA1	8.538	1333	1	1	1.0	0.0	8.538
CHK2_HUMAN	11200	CHEK2	8.53	1355	1	0	1.0	0.0	8.53
EGR1_HUMAN	1958	EGR1	8.515	1404	1	0	1.0	0.0	8.515
CP17A_HUMAN	1586	CYP17A1	8.513	1409	1	0	1.0	0.0	8.513
CDK6_HUMAN	1021	CDK6	8.477	1532	1	0	1.0	0.0	8.477
CXCL7_HUMAN	5473	PPBP	8.477	1534	1	0	1.0	0.0	8.477
ANGP2_HUMAN	285	ANGPT2	8.467	1569	1	0	1.0	0.0	8.467
CBP_HUMAN	1387	CREBBP	8.458	1601	1	1	1.0	0.0	8.458
CAV1_HUMAN	857	CAV1	8.438	1675	1	0	1.0	0.0	8.438
ERCC8_HUMAN	1161	ERCC8	8.419	1750	1	0	1.0	0.0	8.419
CXA1_HUMAN	2697	GJA1	8.392	1865	1	0	1.0	0.0	8.392
GRP78_HUMAN	3309	HSPA5	8.39	1873	1	1	1.0	0.0	8.39
HSPB1_HUMAN	3315	HSPB1	8.388	1880	1	0	1.0	0.0	8.388
CP19A_HUMAN	1588	CYP19A1	8.382	1908	1	3	1.0	0.0	8.382
KPCD_HUMAN	5580	PRKCD	8.38	1915	1	4	1.0	0.0	8.38
FCGR1_HUMAN	2209	FCGR1A	8.376	1935	1	0	1.0	0.0	8.376
PGFRA_HUMAN	5156	PDGFRA	8.357	2020	1	1	1.0	0.0	8.357
PGFRB_HUMAN	5159	PDGFRB	8.357	2018	1	0	1.0	0.0	8.357
CATD_HUMAN	1509	CTSD	8.345	2076	1	0	1.0	0.0	8.345
CP2E1_HUMAN	1571	CYP2E1	8.343	2088	1	0	1.0	0.0	8.343
CATB_HUMAN	1508	CTSB	8.341	2098	1	1	1.0	0.0	8.341
RAC1_HUMAN	5879	RAC1	8.336	2122	1	4	1.0	0.0	8.336
RUNX1_HUMAN	861	RUNX1	8.3	2302	1	3	1.0	0.0	8.3
GTR1_HUMAN	6513	SLC2A1	8.276	2436	1	1	1.0	0.0	8.276
ELNE_HUMAN	1991	ELANE	8.273	2453	1	0	1.0	0.0	8.273
SIR1_HUMAN	23411	SIRT1	8.271	2460	1	3	1.0	0.0	8.271
MET_HUMAN	4233	MET	8.265	2497	1	3	1.0	0.0	8.265
MCL1_HUMAN	4170	MCL1	8.236	2669	1	2	1.0	0.0	8.236
PROM1_HUMAN	8842	PROM1	8.23	2703	1	0	1.0	0.0	8.23
TR11B_HUMAN	4982	TNFRSF11B	8.22	2767	1	0	1.0	0.0	8.22
GSK3B_HUMAN	2932	GSK3B	8.209	2838	1	0	1.0	0.0	8.209
TNR6_HUMAN	355	FAS	8.204	2871	1	1	1.0	0.0	8.204
HS90A_HUMAN	3320	HSP90AA1	8.187	2989	1	0	1.0	0.0	8.187
IKBA_HUMAN	4792	NFKBIA	8.169	3112	1	0	1.0	0.0	8.169
MIB1_HUMAN	57534	MIB1	8.167	3128	1	0	1.0	0.0	8.167
ELN_HUMAN	2006	ELN	8.114	3538	1	0	1.0	0.0	8.114
OSTP_HUMAN	6696	SPP1	8.091	3725	1	1	1.0	0.0	8.091
ENOG_HUMAN	2026	ENO2	8.064	3962	1	0	1.0	0.0	8.064
NEP_HUMAN	4311	MME	8.006	4534	1	0	1.0	0.0	8.006
TNF10_HUMAN	8743	TNFSF10	7.978	4830	1	2	1.0	0.0	7.978
IGF2_HUMAN	3481	IGF2	7.958	5059	1	1	1.0	0.0	7.958
PTPRC_HUMAN	5788	PTPRC	7.873	6151	1	2	1.0	0.0	7.873
PK3CD_HUMAN	5293	PIK3CD	7.817	6997	1	1	1.0	0.0	7.817
A4_HUMAN	351	APP	7.805	7204	1	0	1.0	0.0	7.805
STAT3_HUMAN	6774	STAT3	7.805	7199	1	1	1.0	0.0	7.805
CP3A4_HUMAN	1576	CYP3A4	7.795	7364	1	3	1.0	0.0	7.795
COX8A_HUMAN	1351	COX8A	7.759	7998	1	0	1.0	0.0	7.759
KCMB2_HUMAN	10242	KCNMB2	7.753	8108	1	2	1.0	0.0	7.753
PRGR_HUMAN	5241	PGR	7.729	8583	1	3	1.0	0.0	7.729
CADH1_HUMAN	999	CDH1	7.698	9209	1	0	1.0	0.0	7.698
FETA_HUMAN	174	AFP	7.648	10333	1	0	1.0	0.0	7.648
THRB_HUMAN	2147	F2	7.496	14673	1	0	1.0	0.0	7.496
KLK3_HUMAN	354	KLK3	7.438	16765	1	0	1.0	0.0	7.438
IL10_HUMAN	3586	IL10	7.302	22907	1	1	1.0	0.0	7.302
TGFB1_HUMAN	7040	TGFB1	7.274	24445	1	0	1.0	0.0	7.274
IL1B_HUMAN	3553	IL1B	7.21	28325	1	0	1.0	0.0	7.21
VEGFA_HUMAN	7422	VEGFA	7.147	32733	1	1	1.0	0.0	7.147
IFNG_HUMAN	3458	IFNG	7.125	34431	1	1	1.0	0.0	7.125
CD4_HUMAN	920	CD4	6.924	54739	1	2	1.0	0.0	6.924
