Big_T	1028
Big_F	17252753
UniProtKB_ID	GeneID	Gene_Name	PPS	Big_P	T+P	Citation	1+Log(T+P)	log10((Cit/yr+1)/10)	1+log10(F/T)+log10(F/P)
EGFR_HUMAN	1956	EGFR	42.621	30695	224	986	3.35	1.994	7.975
MET_HUMAN	4233	MET	32.421	2497	51	73	2.708	0.869	9.064
HGF_HUMAN	3082	HGF	28.703	4410	36	49	2.556	0.699	8.817
ERBB2_HUMAN	2064	ERBB2	26.245	26330	34	53	2.531	0.732	8.041
ARF_HUMAN	1029	CDKN2A	21.765	9187	14	25	2.146	0.415	8.498
ALK_HUMAN	238	ALK	21.119	2791	11	19	2.041	0.301	9.016
CDK6_HUMAN	1021	CDK6	17.85	1532	6	13	1.778	0.146	9.276
VGFR2_HUMAN	3791	KDR	17.149	6464	4	23	1.602	0.38	8.651
CDK4_HUMAN	1019	CDK4	17.011	3335	8	4	1.903	0.0	8.939
CTNB1_HUMAN	1499	CTNNB1	16.015	8844	4	18	1.602	0.279	8.515
COMT_HUMAN	1312	COMT	14.422	2880	4	0	1.602	0.0	9.002
RET_HUMAN	5979	RET	14.151	4253	4	8	1.602	0.0	8.833
AKT1_HUMAN	207	AKT1	13.922	18505	5	6	1.699	0.0	8.194
FGFR1_HUMAN	2260	FGFR1	13.669	1615	3	7	1.477	0.0	9.253
GAB1_HUMAN	2549	GAB1	13.285	178	2	2	1.301	0.0	10.211
TPR_HUMAN	7175	TPR	13.184	213	2	1	1.301	0.0	10.133
CRKL_HUMAN	1399	CRKL	13.173	217	2	5	1.301	0.0	10.125
PAK1_HUMAN	5058	PAK1	12.787	430	2	9	1.301	0.0	9.828
APT_HUMAN	353	APRT	12.783	433	2	0	1.301	0.0	9.825
BRCA1_HUMAN	672	BRCA1	12.515	9743	3	4	1.477	0.0	8.473
P53_HUMAN	7157	TP53	12.492	46130	4	3	1.602	0.0	7.798
FGF7_HUMAN	2252	FGF7	12.472	751	2	1	1.301	0.0	9.586
RASK_HUMAN	3845	KRAS	12.468	10492	3	9	1.477	0.0	8.441
SGPL1_HUMAN	8879	SGPL1	12.343	943	2	0	1.301	0.0	9.487
FGFR2_HUMAN	2263	FGFR2	12.164	1295	2	0	1.301	0.0	9.349
CD24_HUMAN	100133941	CD24	12.142	1346	2	2	1.301	0.0	9.333
FMR1_HUMAN	2332	FMR1	12.111	1423	2	0	1.301	0.0	9.308
HFE_HUMAN	3077	HFE	12.046	1596	2	0	1.301	0.0	9.259
PGFRA_HUMAN	5156	PDGFRA	11.913	2020	2	9	1.301	0.0	9.156
IL8_HUMAN	3576	CXCL8	11.895	25628	3	0	1.477	0.0	8.053
MYCN_HUMAN	4613	MYCN	11.819	2383	2	0	1.301	0.0	9.085
RASN_HUMAN	4893	NRAS	11.782	2546	2	7	1.301	0.0	9.056
K1C19_HUMAN	3880	KRT19	11.764	2627	2	0	1.301	0.0	9.042
CLD23_HUMAN	137075	CLDN23	11.462	10	1	2	1.0	0.0	11.462
CHLE_HUMAN	590	BCHE	11.388	5112	2	0	1.301	0.0	8.753
PTEN_HUMAN	5728	PTEN	11.274	6259	2	4	1.301	0.0	8.665
VWF_HUMAN	7450	VWF	11.218	6909	2	0	1.301	0.0	8.622
T4S5_HUMAN	9032	TM4SF5	11.183	19	1	1	1.0	0.0	11.183
DUS12_HUMAN	11266	DUSP12	11.183	19	1	0	1.0	0.0	11.183
ALAT1_HUMAN	2875	GPT	11.129	8086	2	0	1.301	0.0	8.554
CEAM3_HUMAN	1084	CEACAM3	11.065	9052	2	0	1.301	0.0	8.505
LFNG_HUMAN	3955	LFNG	10.93	34	1	5	1.0	0.0	10.93
ARFRP_HUMAN	10139	ARFRP1	10.918	35	1	3	1.0	0.0	10.918
IPO8_HUMAN	10526	IPO8	10.918	35	1	3	1.0	0.0	10.918
WWP1_HUMAN	11059	WWP1	10.754	51	1	0	1.0	0.0	10.754
AKAP9_HUMAN	10142	AKAP9	10.676	61	1	6	1.0	0.0	10.676
STAR3_HUMAN	10948	STARD3	10.676	61	1	0	1.0	0.0	10.676
FGL2_HUMAN	10875	FGL2	10.669	62	1	0	1.0	0.0	10.669
PBX2_HUMAN	5089	PBX2	10.604	72	1	0	1.0	0.0	10.604
NAR1_HUMAN	417	ART1	10.575	77	1	0	1.0	0.0	10.575
HGFA_HUMAN	3083	HGFAC	10.527	86	1	1	1.0	0.0	10.527
MLH3_HUMAN	27030	MLH3	10.475	97	1	0	1.0	0.0	10.475
ACK1_HUMAN	10188	TNK2	10.47	98	1	1	1.0	0.0	10.47
TACC3_HUMAN	10460	TACC3	10.457	101	1	9	1.0	0.0	10.457
ROR1_HUMAN	4919	ROR1	10.416	111	1	5	1.0	0.0	10.416
KCNJ1_HUMAN	3758	KCNJ1	10.269	156	1	0	1.0	0.0	10.269
PRCC_HUMAN	5546	PRCC	10.242	166	1	0	1.0	0.0	10.242
GRAM_HUMAN	3004	GZMM	10.239	167	1	0	1.0	0.0	10.239
DUS6_HUMAN	1848	DUSP6	10.224	173	1	0	1.0	0.0	10.224
AT2B2_HUMAN	491	ATP2B2	10.197	184	1	0	1.0	0.0	10.197
SOX4_HUMAN	6659	SOX4	10.183	190	1	1	1.0	0.0	10.183
LDHB_HUMAN	3945	LDHB	10.181	191	1	0	1.0	0.0	10.181
ACTA_HUMAN	59	ACTA2	10.163	199	1	2	1.0	0.0	10.163
EPHB4_HUMAN	2050	EPHB4	10.156	202	1	0	1.0	0.0	10.156
PK3CA_HUMAN	5290	PIK3CA	10.069	2646	1	12	1.0	0.114	9.039
FIBA_HUMAN	2243	FGA	10.047	260	1	0	1.0	0.0	10.047
RON_HUMAN	4486	MST1R	10.016	279	1	2	1.0	0.0	10.016
PENK_HUMAN	5179	PENK	10.005	286	1	0	1.0	0.0	10.005
CHD7_HUMAN	55636	CHD7	9.993	294	1	1	1.0	0.0	9.993
S12A3_HUMAN	6559	SLC12A3	9.961	317	1	0	1.0	0.0	9.961
MYH7_HUMAN	4625	MYH7	9.955	321	1	0	1.0	0.0	9.955
ARI1A_HUMAN	8289	ARID1A	9.948	326	1	1	1.0	0.0	9.948
FANCA_HUMAN	2175	FANCA	9.929	341	1	0	1.0	0.0	9.929
DNAS1_HUMAN	1773	DNASE1	9.91	356	1	0	1.0	0.0	9.91
GGT1_HUMAN	2678	GGT1	9.883	379	1	4	1.0	0.0	9.883
EPHA2_HUMAN	1969	EPHA2	9.861	399	1	1	1.0	0.0	9.861
DCC_HUMAN	1630	DCC	9.855	404	1	0	1.0	0.0	9.855
ROS1_HUMAN	6098	ROS1	9.833	425	1	5	1.0	0.0	9.833
UTS2_HUMAN	10911	UTS2	9.826	432	1	0	1.0	0.0	9.826
HNF1B_HUMAN	6928	HNF1B	9.812	446	1	1	1.0	0.0	9.812
CLD4_HUMAN	1364	CLDN4	9.809	449	1	0	1.0	0.0	9.809
FGF4_HUMAN	2249	FGF4	9.798	461	1	0	1.0	0.0	9.798
BIRC2_HUMAN	329	BIRC2	9.674	614	1	0	1.0	0.0	9.674
AKT2_HUMAN	208	AKT2	9.658	636	1	2	1.0	0.0	9.658
TBB3_HUMAN	10381	TUBB3	9.644	657	1	1	1.0	0.0	9.644
CBL_HUMAN	867	CBL	9.573	774	1	0	1.0	0.0	9.573
ETS1_HUMAN	2113	ETS1	9.562	793	1	0	1.0	0.0	9.562
AL1A1_HUMAN	216	ALDH1A1	9.531	852	1	0	1.0	0.0	9.531
YAP1_HUMAN	10413	YAP1	9.519	877	1	2	1.0	0.0	9.519
LRRK2_HUMAN	120892	LRRK2	9.519	876	1	3	1.0	0.0	9.519
CH3L1_HUMAN	1116	CHI3L1	9.515	884	1	1	1.0	0.0	9.515
PAR2_HUMAN	2150	F2RL1	9.51	895	1	0	1.0	0.0	9.51
HBB_HUMAN	3043	HBB	9.509	897	1	0	1.0	0.0	9.509
STK11_HUMAN	6794	STK11	9.499	917	1	3	1.0	0.0	9.499
FBN1_HUMAN	2200	FBN1	9.496	923	1	0	1.0	0.0	9.496
CXCR2_HUMAN	3579	CXCR2	9.464	995	1	0	1.0	0.0	9.464
RASF1_HUMAN	11186	RASSF1	9.457	1012	1	6	1.0	0.0	9.457
PKD1_HUMAN	5310	PKD1	9.423	1092	1	0	1.0	0.0	9.423
MARH1_HUMAN	55016	MARCH1	9.401	1151	1	0	1.0	0.0	9.401
FOXO1_HUMAN	2308	FOXO1	9.396	1163	1	0	1.0	0.0	9.396
NTRK1_HUMAN	4914	NTRK1	9.354	1282	1	0	1.0	0.0	9.354
MEFV_HUMAN	4210	MEFV	9.349	1297	1	0	1.0	0.0	9.349
PCSK9_HUMAN	255738	PCSK9	9.341	1321	1	0	1.0	0.0	9.341
HD_HUMAN	3064	HTT	9.34	1323	1	0	1.0	0.0	9.34
TSC1_HUMAN	7248	TSC1	9.321	1381	1	0	1.0	0.0	9.321
CO1A2_HUMAN	1278	COL1A2	9.274	1539	1	0	1.0	0.0	9.274
CADH2_HUMAN	1000	CDH2	9.235	1685	1	2	1.0	0.0	9.235
SMAD4_HUMAN	4089	SMAD4	9.224	1728	1	2	1.0	0.0	9.224
ERG_HUMAN	2078	ERG	9.192	1860	1	0	1.0	0.0	9.192
5HT2A_HUMAN	3356	HTR2A	9.191	1865	1	0	1.0	0.0	9.191
TYRO_HUMAN	7299	TYR	9.19	1869	1	0	1.0	0.0	9.19
RAF1_HUMAN	5894	RAF1	9.174	1938	1	2	1.0	0.0	9.174
ZHX2_HUMAN	22882	ZHX2	9.171	1955	1	1	1.0	0.0	9.171
PON1_HUMAN	5444	PON1	9.157	2016	1	0	1.0	0.0	9.157
TTHY_HUMAN	7276	TTR	9.14	2098	1	0	1.0	0.0	9.14
C5AR1_HUMAN	728	C5AR1	9.112	2235	1	0	1.0	0.0	9.112
VHL_HUMAN	7428	VHL	9.104	2280	1	0	1.0	0.0	9.104
TMED2_HUMAN	10959	TMED2	9.089	2361	1	0	1.0	0.0	9.089
CSF1_HUMAN	1435	CSF1	9.044	2616	1	0	1.0	0.0	9.044
VGFR1_HUMAN	2321	FLT1	9.009	2839	1	0	1.0	0.0	9.009
GSK3B_HUMAN	2932	GSK3B	9.009	2838	1	0	1.0	0.0	9.009
HS90A_HUMAN	3320	HSP90AA1	8.986	2989	1	1	1.0	0.0	8.986
CDN1B_HUMAN	1027	CDKN1B	8.984	3007	1	0	1.0	0.0	8.984
AGTR1_HUMAN	185	AGTR1	8.981	3025	1	0	1.0	0.0	8.981
INSR_HUMAN	3643	INSR	8.979	3040	1	0	1.0	0.0	8.979
CDK2_HUMAN	1017	CDK2	8.966	3134	1	0	1.0	0.0	8.966
GFAP_HUMAN	2670	GFAP	8.96	3173	1	0	1.0	0.0	8.96
MLH1_HUMAN	4292	MLH1	8.952	3231	1	0	1.0	0.0	8.952
BGAT_HUMAN	28	ABO	8.939	3333	1	0	1.0	0.0	8.939
JAK2_HUMAN	3717	JAK2	8.836	4222	1	2	1.0	0.0	8.836
FOS_HUMAN	2353	FOS	8.818	4405	1	0	1.0	0.0	8.818
RB_HUMAN	5925	RB1	8.798	4614	1	0	1.0	0.0	8.798
EGF_HUMAN	1950	EGF	8.772	4898	1	5	1.0	0.0	8.772
NF1_HUMAN	4763	NF1	8.751	5140	1	0	1.0	0.0	8.751
2B13_HUMAN	3123	HLA-DRB1	8.736	5313	1	0	1.0	0.0	8.736
PECA1_HUMAN	5175	PECAM1	8.734	5336	1	0	1.0	0.0	8.734
A1AT_HUMAN	5265	SERPINA1	8.669	6209	1	0	1.0	0.0	8.669
PARP1_HUMAN	142	PARP1	8.643	6579	1	2	1.0	0.0	8.643
CYC_HUMAN	54205	CYCS	8.633	6736	1	0	1.0	0.0	8.633
ANDR_HUMAN	367	AR	8.623	6901	1	1	1.0	0.0	8.623
BRAF_HUMAN	673	BRAF	8.619	6965	1	0	1.0	0.0	8.619
MK14_HUMAN	1432	MAPK14	8.535	8447	1	0	1.0	0.0	8.535
CADH1_HUMAN	999	CDH1	8.497	9209	1	1	1.0	0.0	8.497
NELFD_HUMAN	51497	NELFCD	8.471	9794	1	0	1.0	0.0	8.471
VIME_HUMAN	7431	VIM	8.45	10272	1	1	1.0	0.0	8.45
ESR1_HUMAN	2099	ESR1	8.321	13814	1	2	1.0	0.0	8.321
ACE_HUMAN	1636	ACE	8.292	14773	1	0	1.0	0.0	8.292
KLK3_HUMAN	354	KLK3	8.237	16765	1	1	1.0	0.0	8.237
CRP_HUMAN	1401	CRP	7.895	36788	1	0	1.0	0.0	7.895
IL6_HUMAN	3569	IL6	7.731	53611	1	7	1.0	0.0	7.731
CD4_HUMAN	920	CD4	7.723	54739	1	1	1.0	0.0	7.723
