Big_T	48261
Big_F	17252753
UniProtKB_ID	GeneID	Gene_Name	PPS	Big_P	T+P	Citation	1+Log(T+P)	log10((Cit/yr+1)/10)	1+log10(F/T)+log10(F/P)
DMD_HUMAN	1756	DMD	28.289	2559	100	67	3.0	0.833	7.381
ANGT_HUMAN	183	AGT	27.762	11591	170	78	3.23	0.898	6.725
FBX32_HUMAN	114907	FBXO32	25.673	223	25	43	2.398	0.643	8.441
INS_HUMAN	3630	INS	24.546	42836	109	88	3.037	0.949	6.157
ACE_HUMAN	1636	ACE	24.393	14773	110	43	3.041	0.643	6.62
CD59_HUMAN	966	CD59	24.362	14755	104	45	3.017	0.663	6.62
EDN1_HUMAN	1906	EDN1	24.153	7138	69	43	2.839	0.643	6.936
NKX25_HUMAN	1482	NKX2-5	23.365	674	21	40	2.322	0.613	7.961
ERG_HUMAN	2078	ERG	23.199	1860	32	37	2.505	0.58	7.52
CXA1_HUMAN	2697	GJA1	22.996	1865	22	51	2.342	0.716	7.519
LEP_HUMAN	3952	LEP	22.265	7002	24	66	2.38	0.826	6.944
TNNT2_HUMAN	7139	TNNT2	22.252	2999	24	45	2.38	0.663	7.312
IGF1_HUMAN	3479	IGF1	22.209	21183	65	41	2.813	0.623	6.463
MYH14_HUMAN	79784	MYH14	21.919	2817	51	18	2.708	0.279	7.34
MK14_HUMAN	1432	MAPK14	21.807	8447	43	34	2.633	0.544	6.863
HCN4_HUMAN	10021	HCN4	21.78	193	14	25	2.146	0.415	8.504
AKT1_HUMAN	207	AKT1	21.724	18505	42	50	2.623	0.708	6.522
DESM_HUMAN	1674	DES	21.659	3365	48	19	2.681	0.301	7.263
FKTN_HUMAN	2218	FKTN	21.638	178	18	18	2.255	0.279	8.539
PRGC1_HUMAN	10891	PPARGC1A	21.241	1298	13	44	2.114	0.653	7.676
TITIN_HUMAN	7273	TTN	21.089	648	11	39	2.041	0.602	7.978
SOMA_HUMAN	2688	GH1	20.841	20651	72	22	2.857	0.362	6.474
DAG1_HUMAN	1605	DAG1	20.833	173	13	20	2.114	0.322	8.551
CO2_HUMAN	717	C2	20.648	15163	74	17	2.869	0.255	6.608
FGF2_HUMAN	2247	FGF2	20.45	6580	26	32	2.415	0.519	6.971
CYTF_HUMAN	8530	CST7	20.283	280	27	5	2.431	0.0	8.342
KNG1_HUMAN	3827	KNG1	20.152	4025	29	21	2.462	0.342	7.185
DMPK_HUMAN	1760	DMPK	19.998	1125	32	11	2.505	0.079	7.738
CISY_HUMAN	1431	CS	19.689	810	21	14	2.322	0.176	7.881
IL6_HUMAN	3569	IL6	19.538	53611	43	38	2.633	0.591	6.059
TNNI3_HUMAN	7137	TNNI3	19.518	1943	20	19	2.301	0.301	7.501
KCMB2_HUMAN	10242	KCNMB2	19.515	8108	49	13	2.69	0.146	6.88
CXG1_HUMAN	10052	GJC1	19.474	131	8	21	1.903	0.342	8.672
EMD_HUMAN	2010	EMD	19.297	272	17	11	2.23	0.079	8.355
FNDC5_HUMAN	252995	FNDC5	19.27	310	10	20	2.0	0.322	8.298
RENI_HUMAN	5972	REN	19.251	15907	44	18	2.643	0.279	6.588
ISL1_HUMAN	3670	ISL1	19.214	275	5	39	1.699	0.602	8.35
AGTR1_HUMAN	185	AGTR1	19.173	3025	20	20	2.301	0.322	7.309
LAMA2_HUMAN	3908	LAMA2	19.084	260	19	5	2.279	0.0	8.375
FINC_HUMAN	2335	FN1	18.848	12999	37	17	2.568	0.255	6.676
LMNA_HUMAN	4000	LMNA	18.848	1307	22	12	2.342	0.114	7.673
CMA1_HUMAN	1215	CMA1	18.846	684	18	12	2.255	0.114	7.954
EIF3K_HUMAN	27335	EIF3K	18.526	204	9	16	1.954	0.23	8.48
POMT1_HUMAN	10585	POMT1	18.37	90	8	14	1.903	0.176	8.835
GDE_HUMAN	178	AGL	18.303	97	12	0	2.079	0.0	8.803
LYAG_HUMAN	2548	GAA	18.288	671	11	17	2.041	0.255	7.963
CRP_HUMAN	1401	CRP	18.23	36788	34	24	2.531	0.398	6.223
NPY_HUMAN	4852	NPY	18.188	2036	27	1	2.431	0.0	7.481
TKN1_HUMAN	6863	TAC1	18.178	4407	35	2	2.544	0.0	7.145
ANFB_HUMAN	4879	NPPB	18.174	5715	32	11	2.505	0.079	7.032
MTOR_HUMAN	2475	MTOR	18.103	14590	20	26	2.301	0.431	6.625
ADRB1_HUMAN	153	ADRB1	18.046	1218	20	10	2.301	0.041	7.704
KCNH2_HUMAN	3757	KCNH2	18.026	1396	12	18	2.079	0.279	7.645
RYR1_HUMAN	6261	RYR1	18.026	651	14	12	2.146	0.114	7.976
CNR1_HUMAN	1268	CNR1	18.014	1665	12	19	2.079	0.301	7.568
CI072_HUMAN	203228	C9orf72	17.97	564	4	42	1.602	0.633	8.038
SCN5A_HUMAN	6331	SCN5A	17.903	1183	11	18	2.041	0.279	7.717
NOS2_HUMAN	4843	NOS2	17.666	5227	21	14	2.322	0.176	7.071
ACES_HUMAN	43	ACHE	17.663	4133	29	3	2.462	0.0	7.173
DYH8_HUMAN	1769	DNAH8	17.613	1603	21	7	2.322	0.0	7.585
ELN_HUMAN	2006	ELN	17.605	3538	27	3	2.431	0.0	7.241
P3C2A_HUMAN	5286	PIK3C2A	17.561	1007	18	4	2.255	0.0	7.786
CTNB1_HUMAN	1499	CTNNB1	17.557	8844	8	45	1.903	0.663	6.843
CELF1_HUMAN	10658	CELF1	17.458	115	5	19	1.699	0.301	8.729
IL1A_HUMAN	3552	IL1A	17.408	14669	17	24	2.23	0.398	6.623
HD_HUMAN	3064	HTT	17.293	1323	9	19	1.954	0.301	7.668
PTGIS_HUMAN	5740	PTGIS	17.232	223	11	1	2.041	0.0	8.441
ADA1D_HUMAN	146	ADRA1D	17.207	2777	22	8	2.342	0.0	7.346
ADRB2_HUMAN	154	ADRB2	17.204	2787	22	9	2.342	0.0	7.344
EPO_HUMAN	2056	EPO	17.158	15574	21	18	2.322	0.279	6.597
DYSF_HUMAN	8291	DYSF	17.123	370	11	10	2.041	0.041	8.221
ANDR_HUMAN	367	AR	17.094	6901	24	11	2.38	0.079	6.951
NOS1_HUMAN	4842	NOS1	16.955	995	15	4	2.176	0.0	7.792
BMP4_HUMAN	652	BMP4	16.934	1513	3	55	1.477	0.748	7.61
KIT_HUMAN	3815	KIT	16.85	6488	26	6	2.415	0.0	6.977
TTHY_HUMAN	7276	TTR	16.842	2098	18	8	2.255	0.0	7.468
CNTF_HUMAN	1270	CNTF	16.815	504	12	5	2.079	0.0	8.087
MYG_HUMAN	4151	MB	16.709	1617	16	1	2.204	0.0	7.581
IL1B_HUMAN	3553	IL1B	16.702	28325	27	15	2.431	0.204	6.337
PDE5A_HUMAN	8654	PDE5A	16.626	1545	14	10	2.146	0.041	7.601
CRF_HUMAN	1392	CRH	16.617	4959	22	6	2.342	0.0	7.094
ANF_HUMAN	4878	NPPA	16.61	1793	16	3	2.204	0.0	7.536
FA9_HUMAN	2158	F9	16.601	2136	14	11	2.146	0.079	7.46
CHLE_HUMAN	590	BCHE	16.586	5112	22	8	2.342	0.0	7.081
MYH6_HUMAN	4624	MYH6	16.496	348	10	7	2.0	0.0	8.248
DOPO_HUMAN	1621	DBH	16.441	1028	13	3	2.114	0.0	7.778
TNFA_HUMAN	7124	TNF	16.368	75731	31	18	2.491	0.279	5.909
THRB_HUMAN	2147	F2	16.288	14673	24	11	2.38	0.079	6.623
ARBK1_HUMAN	156	GRK2	16.281	377	8	11	1.903	0.079	8.213
PADI1_HUMAN	29943	PADI1	16.199	490	10	0	2.0	0.0	8.099
IFNG_HUMAN	3458	IFNG	16.13	34431	19	19	2.279	0.301	6.253
TNNT1_HUMAN	7138	TNNT1	15.979	631	10	1	2.0	0.0	7.989
ACHA4_HUMAN	1137	CHRNA4	15.959	1300	12	0	2.079	0.0	7.676
BDNF_HUMAN	627	BDNF	15.927	5335	9	19	1.954	0.301	7.062
MYP0_HUMAN	4359	MPZ	15.912	444	9	4	1.954	0.0	8.142
TRAM1_HUMAN	23471	TRAM1	15.91	445	9	1	1.954	0.0	8.141
ESR1_HUMAN	2099	ESR1	15.909	13814	19	12	2.279	0.114	6.649
SMBP2_HUMAN	3508	IGHMBP2	15.894	71	6	2	1.778	0.0	8.938
ISLR2_HUMAN	57611	ISLR2	15.774	32	5	1	1.699	0.0	9.284
VIP_HUMAN	7432	VIP	15.742	3591	15	0	2.176	0.0	7.234
IFI44_HUMAN	10561	IFI44	15.669	902	10	4	2.0	0.0	7.834
KCNJ2_HUMAN	3759	KCNJ2	15.564	346	7	10	1.845	0.041	8.25
ESR2_HUMAN	2100	ESR2	15.537	3549	14	2	2.146	0.0	7.239
DPOG1_HUMAN	5428	POLG	15.535	423	8	5	1.903	0.0	8.163
VEGFA_HUMAN	7422	VEGFA	15.534	32733	23	12	2.362	0.114	6.274
UTS2_HUMAN	10911	UTS2	15.518	432	8	2	1.903	0.0	8.154
CTF1_HUMAN	1489	CTF1	15.512	649	8	10	1.903	0.041	7.977
RYR2_HUMAN	6262	RYR2	15.499	442	8	6	1.903	0.0	8.144
C11B2_HUMAN	1585	CYP11B2	15.489	731	9	7	1.954	0.0	7.926
ICAM1_HUMAN	3383	ICAM1	15.469	11659	20	4	2.301	0.0	6.723
KCRB_HUMAN	1152	CKB	15.392	503	8	1	1.903	0.0	8.088
1C07_HUMAN	3107	HLA-C	15.368	2502	12	5	2.079	0.0	7.391
PLEC_HUMAN	5339	PLEC	15.338	229	6	10	1.778	0.041	8.43
CNN1_HUMAN	1264	CNN1	15.335	58	5	0	1.699	0.0	9.026
RENR_HUMAN	10159	ATP6AP2	15.228	168	6	7	1.778	0.0	8.564
PLPL6_HUMAN	10908	PNPLA6	15.21	172	6	3	1.778	0.0	8.554
CPT2_HUMAN	1376	CPT2	15.202	355	7	1	1.845	0.0	8.239
DCE1_HUMAN	2571	GAD1	15.179	1053	9	5	1.954	0.0	7.767
NEU2_HUMAN	551	AVP	15.141	5426	14	0	2.146	0.0	7.055
CP2J2_HUMAN	1573	CYP2J2	15.138	189	6	8	1.778	0.0	8.513
GLGB_HUMAN	2632	GBE1	15.089	81	5	0	1.699	0.0	8.881
ANFC_HUMAN	4880	NPPC	15.077	415	7	2	1.845	0.0	8.171
NEU1_HUMAN	5020	OXT	15.074	1788	10	1	2.0	0.0	7.537
MMP2_HUMAN	4313	MMP2	15.052	10989	17	8	2.23	0.0	6.749
DYN2_HUMAN	1785	DNM2	15.024	219	6	5	1.778	0.0	8.449
MYOD1_HUMAN	4654	MYOD1	15.004	804	8	4	1.903	0.0	7.884
CP3A4_HUMAN	1576	CYP3A4	14.941	7364	9	15	1.954	0.204	6.922
HMOX1_HUMAN	3162	HMOX1	14.918	3032	10	10	2.0	0.041	7.308
UCHL1_HUMAN	7345	UCHL1	14.884	1365	8	10	1.903	0.041	7.654
KCRM_HUMAN	1158	CKM	14.862	270	6	1	1.778	0.0	8.358
CXB1_HUMAN	2705	GJB1	14.84	558	7	1	1.845	0.0	8.043
RHOA_HUMAN	387	RHOA	14.835	2356	10	5	2.0	0.0	7.417
BGAT_HUMAN	28	ABO	14.834	3333	11	1	2.041	0.0	7.267
TENA_HUMAN	3371	TNC	14.829	1590	9	5	1.954	0.0	7.588
E2JJS1_HUMAN	100288687	DUX4	14.817	117	5	8	1.699	0.0	8.721
CSF2_HUMAN	1437	CSF2	14.752	14987	17	0	2.23	0.0	6.614
UCN1_HUMAN	7349	UCN	14.705	331	6	2	1.778	0.0	8.27
AHSP_HUMAN	51327	AHSP	14.695	335	6	8	1.778	0.0	8.264
CAR16_HUMAN	114769	CARD16	14.657	352	6	3	1.778	0.0	8.243
MYLK_HUMAN	4638	MYLK	14.644	358	6	1	1.778	0.0	8.236
PNMA2_HUMAN	10687	PNMA2	14.631	1264	8	0	1.903	0.0	7.688
TSK_HUMAN	25987	TSKU	14.617	371	6	2	1.778	0.0	8.22
SO1B1_HUMAN	10599	SLCO1B1	14.597	756	7	5	1.845	0.0	7.911
PAI1_HUMAN	5054	SERPINE1	14.587	7746	13	1	2.114	0.0	6.9
ECE1_HUMAN	1889	ECE1	14.584	387	6	1	1.778	0.0	8.202
HMDH_HUMAN	3156	HMGCR	14.575	2238	7	12	1.845	0.114	7.44
CREB1_HUMAN	1385	CREB1	14.457	2466	9	3	1.954	0.0	7.398
CALRL_HUMAN	10203	CALCRL	14.452	192	5	2	1.699	0.0	8.506
EDNRA_HUMAN	1909	EDNRA	14.434	1603	8	2	1.903	0.0	7.585
ADML_HUMAN	133	ADM	14.348	1031	7	0	1.845	0.0	7.776
ABHD5_HUMAN	51099	ABHD5	14.34	69	4	1	1.602	0.0	8.951
ACE2_HUMAN	59272	ACE2	14.325	541	5	11	1.699	0.079	8.056
MMP1_HUMAN	4312	MMP1	14.32	5066	7	14	1.845	0.176	7.085
PTGDS_HUMAN	5730	PTGDS	14.306	1086	7	1	1.845	0.0	7.754
IFIT1_HUMAN	3434	IFIT1	14.286	569	6	0	1.778	0.0	8.034
AAKG2_HUMAN	51422	PRKAG2	14.254	78	4	2	1.602	0.0	8.897
AGAL_HUMAN	2717	GLA	14.244	1174	7	6	1.845	0.0	7.72
SMTN_HUMAN	6525	SMTN	14.228	81	4	0	1.602	0.0	8.881
DAF_HUMAN	1604	CD55	14.22	1210	7	2	1.845	0.0	7.707
CY24B_HUMAN	1536	CYBB	14.206	898	5	12	1.699	0.114	7.836
UROK_HUMAN	5328	PLAU	14.202	3329	9	1	1.954	0.0	7.267
DBP_HUMAN	1628	DBP	14.164	3482	9	3	1.954	0.0	7.248
HYES_HUMAN	2053	EPHX2	14.14	293	5	4	1.699	0.0	8.323
PPARG_HUMAN	5468	PPARG	14.12	5362	10	7	2.0	0.0	7.06
G3P_HUMAN	2597	GAPDH	14.118	2349	8	1	1.903	0.0	7.419
CD34_HUMAN	947	CD34	14.076	20916	10	14	2.0	0.176	6.469
TRPV4_HUMAN	59341	TRPV4	14.07	322	5	1	1.699	0.0	8.282
PTHY_HUMAN	5741	PTH	14.064	13691	13	2	2.114	0.0	6.653
CAMP_HUMAN	820	CAMP	14.062	1473	7	0	1.845	0.0	7.621
ENOG_HUMAN	2026	ENO2	14.054	3962	9	0	1.954	0.0	7.192
SCN4A_HUMAN	6329	SCN4A	14.041	335	5	4	1.699	0.0	8.264
SHAN2_HUMAN	22941	SHANK2	14.009	350	5	1	1.699	0.0	8.245
NCAM1_HUMAN	4684	NCAM1	13.975	6337	10	0	2.0	0.0	6.988
CSF3_HUMAN	1440	CSF3	13.973	12033	11	10	2.041	0.041	6.709
PDE3A_HUMAN	5139	PDE3A	13.943	122	4	2	1.602	0.0	8.703
PAR2_HUMAN	2150	F2RL1	13.937	895	6	5	1.778	0.0	7.838
GBRAP_HUMAN	11337	GABARAP	13.927	391	5	8	1.699	0.0	8.197
MK01_HUMAN	5594	MAPK1	13.915	21517	13	10	2.114	0.041	6.456
S10A1_HUMAN	6271	S100A1	13.911	4688	9	4	1.954	0.0	7.119
STRAP_HUMAN	11171	STRAP	13.89	411	5	0	1.699	0.0	8.176
FKRP_HUMAN	79147	FKRP	13.857	138	4	2	1.602	0.0	8.65
A4_HUMAN	351	APP	13.833	7204	9	10	1.954	0.041	6.932
CALCA_HUMAN	796	CALCA	13.804	3435	8	1	1.903	0.0	7.254
CATB_HUMAN	1508	CTSB	13.779	2098	7	8	1.845	0.0	7.468
COX8A_HUMAN	1351	COX8A	13.773	7998	10	1	2.0	0.0	6.887
MTPN_HUMAN	136319	MTPN	13.756	30	3	0	1.477	0.0	9.312
NOS3_HUMAN	4846	NOS3	13.752	3658	8	4	1.903	0.0	7.226
TEN1_HUMAN	10178	TENM1	13.735	3736	8	1	1.903	0.0	7.217
GTR4_HUMAN	6517	SLC2A4	13.717	1189	6	1	1.778	0.0	7.714
APJ_HUMAN	187	APLNR	13.716	169	4	4	1.602	0.0	8.562
CPT1B_HUMAN	1375	CPT1B	13.7	173	4	2	1.602	0.0	8.551
GDNF_HUMAN	2668	GDNF	13.677	1253	6	1	1.778	0.0	7.692
NTRK1_HUMAN	4914	NTRK1	13.659	1282	6	3	1.778	0.0	7.682
B3GA1_HUMAN	27087	B3GAT1	13.649	2467	7	1	1.845	0.0	7.397
CD4_HUMAN	920	CD4	13.647	54739	18	5	2.255	0.0	6.051
CRYAB_HUMAN	1410	CRYAB	13.635	190	4	6	1.602	0.0	8.511
AL5AP_HUMAN	241	ALOX5AP	13.627	1336	6	0	1.778	0.0	7.664
PDE3B_HUMAN	5140	PDE3B	13.61	197	4	1	1.602	0.0	8.495
ACTA_HUMAN	59	ACTA2	13.603	199	4	1	1.602	0.0	8.491
HGF_HUMAN	3082	HGF	13.598	4410	8	1	1.903	0.0	7.145
TF_HUMAN	2152	F3	13.593	2644	7	1	1.845	0.0	7.367
E7ETZ0_HUMAN	801	CALM1	13.563	1452	6	2	1.778	0.0	7.628
CP4F3_HUMAN	4051	CYP4F3	13.558	4628	8	6	1.903	0.0	7.124
TPR_HUMAN	7175	TPR	13.555	213	4	1	1.602	0.0	8.461
SBP1_HUMAN	8991	SELENBP1	13.548	4685	8	2	1.903	0.0	7.119
TBB3_HUMAN	10381	TUBB3	13.544	657	5	2	1.699	0.0	7.972
CLCN1_HUMAN	1180	CLCN1	13.542	217	4	4	1.602	0.0	8.453
AATM_HUMAN	2806	GOT2	13.533	220	4	0	1.602	0.0	8.447
BIRC1_HUMAN	4671	NAIP	13.517	225	4	0	1.602	0.0	8.437
TRI63_HUMAN	84676	TRIM63	13.5	376	4	10	1.602	0.041	8.214
ACTS_HUMAN	58	ACTA1	13.493	1589	6	2	1.778	0.0	7.588
CDK20_HUMAN	23552	CDK20	13.493	704	5	0	1.699	0.0	7.942
CBP_HUMAN	1387	CREBBP	13.488	1601	6	4	1.778	0.0	7.585
SODC_HUMAN	6647	SOD1	13.477	5101	8	6	1.903	0.0	7.082
GELS_HUMAN	2934	GSN	13.474	722	5	0	1.699	0.0	7.931
GATA4_HUMAN	2626	GATA4	13.467	729	5	4	1.699	0.0	7.927
ALKB1_HUMAN	8846	ALKBH1	13.456	498	2	22	1.301	0.362	8.092
MUSK_HUMAN	4593	MUSK	13.436	253	4	3	1.602	0.0	8.386
DNJB6_HUMAN	10049	DNAJB6	13.428	50	3	5	1.477	0.0	9.091
KI21A_HUMAN	55605	KIF21A	13.428	50	3	0	1.477	0.0	9.091
ATP6_HUMAN	4508	MT-ATP6	13.425	257	4	1	1.602	0.0	8.38
ERCC8_HUMAN	1161	ERCC8	13.419	1750	6	2	1.778	0.0	7.546
GLUC_HUMAN	2641	GCG	13.406	3341	7	5	1.845	0.0	7.266
SMG1_HUMAN	23049	SMG1	13.402	797	5	1	1.699	0.0	7.888
SGCA_HUMAN	6442	SGCA	13.401	266	4	1	1.602	0.0	8.365
VINC_HUMAN	7414	VCL	13.401	798	5	1	1.699	0.0	7.888
E3Q1N2_HUMAN	101927655	ZASP	13.355	56	3	5	1.477	0.0	9.041
CAN3_HUMAN	825	CAPN3	13.348	287	4	2	1.602	0.0	8.332
AT2A2_HUMAN	488	ATP2A2	13.331	294	4	7	1.602	0.0	8.321
KLK1_HUMAN	3816	KLK1	13.326	296	4	1	1.602	0.0	8.318
EGFR_HUMAN	1956	EGFR	13.323	30695	13	4	2.114	0.0	6.302
GAN_HUMAN	8139	GAN	13.322	59	3	3	1.477	0.0	9.019
APRIO_HUMAN	5621	PRNP	13.302	3805	7	5	1.845	0.0	7.209
NAC1_HUMAN	6546	SLC8A1	13.301	307	4	7	1.602	0.0	8.302
LRP1_HUMAN	4035	LRP1	13.274	948	5	2	1.699	0.0	7.813
TBX20_HUMAN	57057	TBX20	13.269	64	3	5	1.477	0.0	8.983
FGF1_HUMAN	2246	FGF1	13.245	986	5	4	1.699	0.0	7.796
IRS1_HUMAN	3667	IRS1	13.228	1544	5	10	1.699	0.041	7.601
GDF8_HUMAN	2660	MSTN	13.226	342	4	1	1.602	0.0	8.255
VDR_HUMAN	7421	VDR	13.225	4185	7	6	1.845	0.0	7.168
CYTB_HUMAN	1476	CSTB	13.218	346	4	0	1.602	0.0	8.25
TMTC3_HUMAN	160418	TMTC3	13.2	355	4	0	1.602	0.0	8.239
GRAN_HUMAN	25801	GCA	13.185	73	3	3	1.477	0.0	8.926
CERU_HUMAN	1356	CP	13.184	2373	6	2	1.778	0.0	7.414
MRI_HUMAN	78996	MRI	13.176	1082	5	0	1.699	0.0	7.755
CN37_HUMAN	1267	CNP	13.173	369	4	3	1.602	0.0	8.222
T53I2_HUMAN	58476	TP53INP2	13.167	372	4	0	1.602	0.0	8.219
CFTR_HUMAN	1080	CFTR	13.159	4546	7	4	1.845	0.0	7.132
LIPN_HUMAN	643418	LIPN	13.152	380	4	1	1.602	0.0	8.21
MYCD_HUMAN	93649	MYOCD	13.143	78	3	2	1.477	0.0	8.897
BMP1_HUMAN	649	BMP1	13.142	2505	6	2	1.778	0.0	7.391
NAMPT_HUMAN	10135	NAMPT	13.136	1143	5	7	1.699	0.0	7.731
CENPJ_HUMAN	55835	CENPJ	13.128	1155	5	0	1.699	0.0	7.727
TADBP_HUMAN	23435	TARDBP	13.126	1158	5	4	1.699	0.0	7.726
TRXR3_HUMAN	114112	TXNRD3	13.118	81	3	0	1.477	0.0	8.881
CATA_HUMAN	847	CAT	13.117	4790	7	5	1.845	0.0	7.109
GALR1_HUMAN	2587	GALR1	13.103	83	3	0	1.477	0.0	8.87
GON1_HUMAN	2796	GNRH1	13.103	8020	8	1	1.903	0.0	6.885
DLL3_HUMAN	10683	DLL3	13.103	83	3	3	1.477	0.0	8.87
CNOT8_HUMAN	9337	CNOT8	13.093	1210	5	0	1.699	0.0	7.707
MYOTI_HUMAN	9499	MYOT	13.087	85	3	4	1.477	0.0	8.86
PGS2_HUMAN	1634	DCN	13.081	421	4	0	1.602	0.0	8.165
NEUL_HUMAN	57486	NLN	13.08	86	3	1	1.477	0.0	8.855
SYNE1_HUMAN	23345	SYNE1	13.073	87	3	7	1.477	0.0	8.85
NF1_HUMAN	4763	NF1	13.061	5140	7	1	1.845	0.0	7.078
SYUA_HUMAN	6622	SNCA	13.061	2782	6	2	1.778	0.0	7.345
MYH2_HUMAN	4620	MYH2	13.051	90	3	3	1.477	0.0	8.835
VGFR1_HUMAN	2321	FLT1	13.045	2839	6	7	1.778	0.0	7.336
MSS51_HUMAN	118490	MSS51	13.025	6	2	0	1.301	0.0	10.011
G6PI_HUMAN	2821	GPI	13.022	1333	5	0	1.699	0.0	7.665
NDUB3_HUMAN	4709	NDUFB3	13.022	2927	6	0	1.778	0.0	7.323
REG1A_HUMAN	5967	REG1A	13.02	460	4	0	1.602	0.0	8.127
PITX2_HUMAN	5308	PITX2	13.014	464	4	4	1.602	0.0	8.123
NEUM_HUMAN	2596	GAP43	13.012	465	4	0	1.602	0.0	8.122
CDN1B_HUMAN	1027	CDKN1B	13.001	3007	6	4	1.778	0.0	7.311
AAPK1_HUMAN	5562	PRKAA1	12.999	759	4	10	1.602	0.041	7.909
ETFD_HUMAN	2110	ETFDH	12.996	98	3	0	1.477	0.0	8.798
SC6A2_HUMAN	6530	SLC6A2	12.989	481	4	1	1.602	0.0	8.107
IL8_HUMAN	3576	CXCL8	12.975	25628	9	11	1.954	0.079	6.381
GCR_HUMAN	2908	NR3C1	12.94	3252	6	5	1.778	0.0	7.277
FABPH_HUMAN	2170	FABP3	12.934	520	4	0	1.602	0.0	8.074
POSTN_HUMAN	10631	POSTN	12.933	521	4	4	1.602	0.0	8.073
DNJC5_HUMAN	80331	DNAJC5	12.928	109	3	0	1.477	0.0	8.752
CTGF_HUMAN	1490	CTGF	12.912	1548	5	7	1.699	0.0	7.6
K1C20_HUMAN	54474	KRT20	12.912	10103	8	0	1.903	0.0	6.785
PPARA_HUMAN	5465	PPARA	12.897	3441	6	5	1.778	0.0	7.253
CMGA_HUMAN	1113	CHGA	12.893	3455	6	6	1.778	0.0	7.251
PACA_HUMAN	116	ADCYAP1	12.886	557	4	0	1.602	0.0	8.044
FOG1_HUMAN	161882	ZFPM1	12.884	559	4	1	1.602	0.0	8.042
RIMS3_HUMAN	9783	RIMS3	12.863	8	2	0	1.301	0.0	9.886
PXDNL_HUMAN	137902	PXDNL	12.863	8	2	3	1.301	0.0	9.886
HSPB6_HUMAN	126393	HSPB6	12.861	121	3	0	1.477	0.0	8.707
CYC_HUMAN	54205	CYCS	12.844	6736	7	2	1.845	0.0	6.961
AICDA_HUMAN	57379	AICDA	12.841	3697	6	0	1.778	0.0	7.222
5NTD_HUMAN	4907	NT5E	12.825	1741	5	1	1.699	0.0	7.549
GSHR_HUMAN	2936	GSR	12.81	1778	5	1	1.699	0.0	7.54
OPA1_HUMAN	4976	OPA1	12.808	363	3	11	1.477	0.079	8.23
TGFB1_HUMAN	7040	TGFB1	12.802	24445	10	4	2.0	0.0	6.401
HIF1A_HUMAN	3091	HIF1A	12.797	7140	7	4	1.845	0.0	6.936
PMP22_HUMAN	5376	PMP22	12.792	638	4	0	1.602	0.0	7.985
PABP2_HUMAN	8106	PABPN1	12.786	136	3	2	1.477	0.0	8.656
ERAL1_HUMAN	26284	ERAL1	12.783	3986	6	1	1.778	0.0	7.189
BMP2_HUMAN	650	BMP2	12.777	4018	6	4	1.778	0.0	7.185
ATX2_HUMAN	6311	ATXN2	12.774	655	4	0	1.602	0.0	7.973
HSP74_HUMAN	3308	HSPA4	12.763	4092	6	7	1.778	0.0	7.178
TRFE_HUMAN	7018	TF	12.754	12237	8	1	1.903	0.0	6.702
VPP2_HUMAN	23545	ATP6V0A2	12.748	680	4	0	1.602	0.0	7.957
KCNN3_HUMAN	3782	KCNN3	12.74	146	3	1	1.477	0.0	8.625
UBP19_HUMAN	10869	USP19	12.736	10	2	2	1.301	0.0	9.79
FHL2_HUMAN	2274	FHL2	12.706	154	3	0	1.477	0.0	8.602
KAD1_HUMAN	203	AK1	12.698	156	3	1	1.477	0.0	8.596
PDE4A_HUMAN	5141	PDE4A	12.698	730	4	0	1.602	0.0	7.926
CATD_HUMAN	1509	CTSD	12.695	2076	5	8	1.699	0.0	7.472
TNFL6_HUMAN	356	FASLG	12.69	4494	6	2	1.778	0.0	7.137
MLC1_HUMAN	23209	MLC1	12.679	750	4	0	1.602	0.0	7.914
ATN1_HUMAN	1822	ATN1	12.675	755	4	3	1.602	0.0	7.912
ADRB3_HUMAN	155	ADRB3	12.667	763	4	4	1.602	0.0	7.907
S17A5_HUMAN	26503	SLC17A5	12.665	4645	6	0	1.778	0.0	7.123
MD2BP_HUMAN	9587	MAD2L1BP	12.662	165	3	3	1.477	0.0	8.572
DGC14_HUMAN	8220	DGCR14	12.639	171	3	0	1.477	0.0	8.557
NOTC3_HUMAN	4854	NOTCH3	12.627	809	4	0	1.602	0.0	7.882
LMNB1_HUMAN	4001	LMNB1	12.61	179	3	3	1.477	0.0	8.537
ARF_HUMAN	1029	CDKN2A	12.595	9187	7	3	1.845	0.0	6.826
GTR1_HUMAN	6513	SLC2A1	12.577	2436	5	2	1.699	0.0	7.403
BGAL_HUMAN	2720	GLB1	12.571	2455	5	1	1.699	0.0	7.399
PECA1_HUMAN	5175	PECAM1	12.558	5336	6	8	1.778	0.0	7.062
MGLL_HUMAN	11343	MGLL	12.558	194	3	3	1.477	0.0	8.502
ATX3_HUMAN	4287	ATXN3	12.546	909	4	0	1.602	0.0	7.831
MPRIP_HUMAN	23164	MPRIP	12.546	14	2	2	1.301	0.0	9.643
EF1A2_HUMAN	1917	EEF1A2	12.543	912	4	2	1.602	0.0	7.83
MASP1_HUMAN	5648	MASP1	12.529	203	3	4	1.477	0.0	8.482
SGPL1_HUMAN	8879	SGPL1	12.52	943	4	0	1.602	0.0	7.815
VIME_HUMAN	7431	VIM	12.506	10272	7	0	1.845	0.0	6.778
MYC_HUMAN	4609	MYC	12.502	10313	7	3	1.845	0.0	6.776
LBP_HUMAN	3929	LBP	12.488	987	4	4	1.602	0.0	7.795
FETUA_HUMAN	197	AHSG	12.487	874	3	12	1.477	0.114	7.848
LT4R1_HUMAN	1241	LTB4R	12.486	217	3	3	1.477	0.0	8.453
GSK3B_HUMAN	2932	GSK3B	12.464	2838	5	7	1.699	0.0	7.337
MCR_HUMAN	4306	NR3C2	12.451	1042	4	4	1.602	0.0	7.772
RPC10_HUMAN	51728	POLR3K	12.443	232	3	0	1.477	0.0	8.424
CAN2_HUMAN	824	CAPN2	12.441	233	3	3	1.477	0.0	8.422
FOXO3_HUMAN	2309	FOXO3	12.438	1061	4	8	1.602	0.0	7.764
UCN3_HUMAN	114131	UCN3	12.435	235	3	1	1.477	0.0	8.418
CYB_HUMAN	4519	MT-CYB	12.426	1080	4	2	1.602	0.0	7.756
KCMA1_HUMAN	3778	KCNMA1	12.424	239	3	2	1.477	0.0	8.411
SEM3A_HUMAN	10371	SEMA3A	12.416	242	3	7	1.477	0.0	8.406
INSR_HUMAN	3643	INSR	12.414	3040	5	0	1.699	0.0	7.307
H15_HUMAN	3009	HIST1H1B	12.409	1107	4	1	1.602	0.0	7.745
CP2C9_HUMAN	1559	CYP2C9	12.401	3093	5	0	1.699	0.0	7.299
HMOX2_HUMAN	3163	HMOX2	12.395	250	3	2	1.477	0.0	8.392
HXK1_HUMAN	3098	HK1	12.386	1143	4	3	1.602	0.0	7.731
TXNIP_HUMAN	10628	TXNIP	12.383	255	3	1	1.477	0.0	8.383
COMP_HUMAN	1311	COMP	12.368	261	3	2	1.477	0.0	8.373
SC6A4_HUMAN	6532	SLC6A4	12.365	3249	5	6	1.699	0.0	7.278
PYGM_HUMAN	5837	PYGM	12.363	263	3	0	1.477	0.0	8.37
ANXA5_HUMAN	308	ANXA5	12.359	6904	6	6	1.778	0.0	6.95
GRIP1_HUMAN	23426	GRIP1	12.351	268	3	0	1.477	0.0	8.361
RPB3_HUMAN	5432	POLR2C	12.345	20	2	0	1.301	0.0	9.488
CAD13_HUMAN	1012	CDH13	12.325	279	3	0	1.477	0.0	8.344
ZN273_HUMAN	10793	ZNF273	12.317	21	2	0	1.301	0.0	9.467
PNOC_HUMAN	5368	PNOC	12.314	284	3	0	1.477	0.0	8.336
RHG26_HUMAN	23092	ARHGAP26	12.305	288	3	0	1.477	0.0	8.33
PO5F1_HUMAN	5460	POU5F1	12.304	3526	5	3	1.699	0.0	7.242
RTCA_HUMAN	8634	RTCA	12.266	23	2	2	1.301	0.0	9.428
PAX7_HUMAN	5081	PAX7	12.259	309	3	5	1.477	0.0	8.3
ARI4B_HUMAN	51742	ARID4B	12.247	315	3	1	1.477	0.0	8.291
RL4_HUMAN	6124	RPL4	12.243	317	3	0	1.477	0.0	8.288
ALBU_HUMAN	213	ALB	12.238	8072	6	1	1.778	0.0	6.882
ALAT1_HUMAN	2875	GPT	12.237	8086	6	0	1.778	0.0	6.882
KCNN4_HUMAN	3783	KCNN4	12.233	322	3	3	1.477	0.0	8.282
APEL_HUMAN	8862	APLN	12.229	324	3	7	1.477	0.0	8.279
MYPC3_HUMAN	4607	MYBPC3	12.219	329	3	7	1.477	0.0	8.272
MAFF_HUMAN	23764	MAFF	12.219	25	2	0	1.301	0.0	9.392
G6PD_HUMAN	2539	G6PD	12.214	3985	5	0	1.699	0.0	7.189
CAC1C_HUMAN	775	CACNA1C	12.204	337	3	0	1.477	0.0	8.262
CXAR_HUMAN	1525	CXADR	12.204	337	3	3	1.477	0.0	8.262
PRGR_HUMAN	5241	PGR	12.191	8583	6	0	1.778	0.0	6.856
NOD1_HUMAN	10392	NOD1	12.187	346	3	0	1.477	0.0	8.25
FIBB_HUMAN	2244	FGB	12.183	15352	7	0	1.845	0.0	6.603
COLI_HUMAN	5443	POMC	12.176	8744	6	0	1.778	0.0	6.848
RMD3_HUMAN	55177	RMDN3	12.175	27	2	0	1.301	0.0	9.358
GHR_HUMAN	2690	GHR	12.15	1605	4	1	1.602	0.0	7.584
ALG3_HUMAN	10195	ALG3	12.116	30	2	3	1.301	0.0	9.312
MGP_HUMAN	4256	MGP	12.11	390	3	3	1.477	0.0	8.198
SODE_HUMAN	6649	SOD3	12.11	390	3	1	1.477	0.0	8.198
STIM1_HUMAN	6786	STIM1	12.1	396	3	3	1.477	0.0	8.192
NFKB1_HUMAN	4790	NFKB1	12.097	9691	6	7	1.778	0.0	6.803
CKAP4_HUMAN	10970	CKAP4	12.097	31	2	1	1.301	0.0	9.298
SLAP1_HUMAN	6503	SLA	12.094	400	3	0	1.477	0.0	8.187
RL5_HUMAN	6125	RPL5	12.091	402	3	0	1.477	0.0	8.185
TDT_HUMAN	1791	DNTT	12.075	1787	4	0	1.602	0.0	7.537
MUC7_HUMAN	4589	MUC7	12.066	418	3	0	1.477	0.0	8.168
PAMR1_HUMAN	25891	PAMR1	12.062	33	2	0	1.301	0.0	9.271
GRP_HUMAN	2922	GRP	12.055	1841	4	1	1.602	0.0	7.524
C11B1_HUMAN	1584	CYP11B1	12.046	431	3	0	1.477	0.0	8.155
5HT2A_HUMAN	3356	HTR2A	12.046	1865	4	0	1.602	0.0	7.519
GAST_HUMAN	2520	GAST	12.027	5136	5	1	1.699	0.0	7.079
FHOD1_HUMAN	29109	FHOD1	12.013	36	2	1	1.301	0.0	9.233
CNDP1_HUMAN	84735	CNDP1	12.007	70	2	10	1.301	0.041	8.944
TERA_HUMAN	7415	VCP	12.001	462	3	2	1.477	0.0	8.125
MLN_HUMAN	100507027	MRLN	11.993	468	3	3	1.477	0.0	8.119
PDIA1_HUMAN	5034	P4HB	11.99	470	3	0	1.477	0.0	8.117
BL1S2_HUMAN	282991	BLOC1S2	11.99	470	3	0	1.477	0.0	8.117
P2RY1_HUMAN	5028	P2RY1	11.978	479	3	5	1.477	0.0	8.109
TRH_HUMAN	7200	TRH	11.976	2061	4	0	1.602	0.0	7.475
PDE1C_HUMAN	5137	PDE1C	11.967	39	2	0	1.301	0.0	9.198
CEAM5_HUMAN	1048	CEACAM5	11.964	490	3	0	1.477	0.0	8.099
JUN_HUMAN	3725	JUN	11.962	5610	5	2	1.699	0.0	7.041
MK03_HUMAN	5595	MAPK3	11.948	11751	6	6	1.778	0.0	6.719
SIN1_HUMAN	79109	MAPKAP1	11.939	509	3	0	1.477	0.0	8.083
FUT2_HUMAN	2524	FUT2	11.936	512	3	0	1.477	0.0	8.08
CDN1A_HUMAN	1026	CDKN1A	11.93	5857	5	2	1.699	0.0	7.022
LPP_HUMAN	4026	LPP	11.912	43	2	0	1.301	0.0	9.156
CR1_HUMAN	1378	CR1	11.911	2262	4	5	1.602	0.0	7.435
MYOG_HUMAN	4656	MYOG	11.909	534	3	0	1.477	0.0	8.062
V2R_HUMAN	554	AVPR2	11.907	535	3	0	1.477	0.0	8.061
LYVE1_HUMAN	10894	LYVE1	11.907	535	3	3	1.477	0.0	8.061
C1S_HUMAN	716	C1S	11.886	553	3	0	1.477	0.0	8.047
ANXA1_HUMAN	301	ANXA1	11.877	561	3	3	1.477	0.0	8.041
NFL_HUMAN	4747	NEFL	11.873	564	3	3	1.477	0.0	8.038
HRH1_HUMAN	3269	HRH1	11.866	571	3	0	1.477	0.0	8.033
APAF_HUMAN	317	APAF1	11.843	591	3	0	1.477	0.0	8.018
CASP3_HUMAN	836	CASP3	11.833	19304	6	10	1.778	0.041	6.504
KCMB1_HUMAN	3779	KCNMB1	11.813	2605	4	0	1.602	0.0	7.374
VWF_HUMAN	7450	VWF	11.808	6909	5	1	1.699	0.0	6.95
TSHR_HUMAN	7253	TSHR	11.805	2634	4	1	1.602	0.0	7.369
SORCN_HUMAN	6717	SRI	11.803	2643	4	0	1.602	0.0	7.367
CALCR_HUMAN	799	CALCR	11.802	630	3	1	1.477	0.0	7.99
DPYL3_HUMAN	1809	DPYSL3	11.794	53	2	0	1.301	0.0	9.065
NACA2_HUMAN	342538	NACA2	11.794	53	2	0	1.301	0.0	9.065
CAH2_HUMAN	760	CA2	11.791	2690	4	3	1.602	0.0	7.36
LEG4_HUMAN	3960	LGALS4	11.784	648	3	0	1.477	0.0	7.978
GRASP_HUMAN	160622	GRASP	11.784	54	2	3	1.301	0.0	9.057
C1QA_HUMAN	712	C1QA	11.768	2781	4	0	1.602	0.0	7.345
CEBPB_HUMAN	1051	CEBPB	11.767	1097	3	10	1.477	0.041	7.749
COMT_HUMAN	1312	COMT	11.743	2880	4	0	1.602	0.0	7.33
MRC2_HUMAN	9902	MRC2	11.743	58	2	2	1.301	0.0	9.026
CDN1C_HUMAN	1028	CDKN1C	11.733	702	3	1	1.477	0.0	7.943
PLMN_HUMAN	5340	PLG	11.716	2993	4	1	1.602	0.0	7.313
CP26B_HUMAN	56603	CYP26B1	11.715	61	2	1	1.301	0.0	9.004
S100B_HUMAN	6285	S100B	11.701	3058	4	2	1.602	0.0	7.304
CX3C1_HUMAN	1524	CX3CR1	11.697	743	3	5	1.477	0.0	7.919
AAPK2_HUMAN	5563	PRKAA2	11.697	743	3	2	1.477	0.0	7.919
NBL1_HUMAN	4681	NBL1	11.695	745	3	0	1.477	0.0	7.917
PA21B_HUMAN	5319	PLA2G1B	11.682	3144	4	0	1.602	0.0	7.292
GFAP_HUMAN	2670	GFAP	11.676	3173	4	0	1.602	0.0	7.288
LAP4A_HUMAN	9741	LAPTM4A	11.67	66	2	0	1.301	0.0	8.97
MSRB2_HUMAN	22921	MSRB2	11.662	67	2	0	1.301	0.0	8.963
KCIP2_HUMAN	30819	KCNIP2	11.662	67	2	1	1.301	0.0	8.963
ADIPO_HUMAN	9370	ADIPOQ	11.642	8653	5	6	1.699	0.0	6.852
KCNE3_HUMAN	10008	KCNE3	11.637	70	2	7	1.301	0.0	8.944
CASR_HUMAN	846	CASR	11.633	820	3	3	1.477	0.0	7.876
JAG1_HUMAN	182	JAG1	11.626	829	3	9	1.477	0.0	7.871
RTN4_HUMAN	57142	RTN4	11.587	882	3	2	1.477	0.0	7.844
CXL10_HUMAN	3627	CXCL10	11.581	3639	4	2	1.602	0.0	7.229
ALDH2_HUMAN	217	ALDH2	11.577	896	3	8	1.477	0.0	7.837
KAD2_HUMAN	204	AK2	11.569	79	2	0	1.301	0.0	8.892
PCSK1_HUMAN	27344	PCSK1N	11.569	906	3	3	1.477	0.0	7.832
FBN1_HUMAN	2200	FBN1	11.557	923	3	1	1.477	0.0	7.824
CCR5_HUMAN	1234	CCR5	11.555	3774	4	1	1.602	0.0	7.213
NELFD_HUMAN	51497	NELFCD	11.55	9794	5	0	1.699	0.0	6.798
ES1_HUMAN	8209	C21orf33	11.541	83	2	0	1.301	0.0	8.87
L1CAM_HUMAN	3897	L1CAM	11.536	955	3	0	1.477	0.0	7.81
CCL2_HUMAN	6347	CCL2	11.533	10029	5	1	1.699	0.0	6.788
IL6RB_HUMAN	3572	IL6ST	11.53	964	3	5	1.477	0.0	7.805
VP13A_HUMAN	23230	VPS13A	11.521	86	2	0	1.301	0.0	8.855
TNR16_HUMAN	4804	NGFR	11.514	988	3	2	1.477	0.0	7.795
FETA_HUMAN	174	AFP	11.511	10333	5	0	1.699	0.0	6.775
SRCN1_HUMAN	80725	SRCIN1	11.508	88	2	0	1.301	0.0	8.845
LMOD1_HUMAN	25802	LMOD1	11.502	1006	3	0	1.477	0.0	7.787
FKB1B_HUMAN	2281	FKBP1B	11.495	90	2	1	1.301	0.0	8.835
AAAS_HUMAN	8086	AAAS	11.495	90	2	0	1.301	0.0	8.835
SUIS_HUMAN	6476	SI	11.49	1026	3	1	1.477	0.0	7.778
NEBU_HUMAN	4703	NEB	11.489	91	2	4	1.301	0.0	8.83
PMGT1_HUMAN	55624	POMGNT1	11.489	91	2	1	1.301	0.0	8.83
AT2A1_HUMAN	487	ATP2A1	11.483	92	2	0	1.301	0.0	8.826
PK3CD_HUMAN	5293	PIK3CD	11.481	6997	3	14	1.477	0.176	6.944
IDS_HUMAN	3423	IDS	11.477	1046	3	0	1.477	0.0	7.77
SGCD_HUMAN	6444	SGCD	11.476	93	2	3	1.301	0.0	8.821
TELT_HUMAN	8557	TCAP	11.476	93	2	0	1.301	0.0	8.821
RFOX1_HUMAN	54715	RBFOX1	11.476	93	2	5	1.301	0.0	8.821
KCNQ1_HUMAN	3784	KCNQ1	11.453	1087	3	3	1.477	0.0	7.753
TGFB3_HUMAN	7043	TGFB3	11.45	1092	3	1	1.477	0.0	7.751
PICK1_HUMAN	9463	PICK1	11.45	1091	3	0	1.477	0.0	7.752
FOS_HUMAN	2353	FOS	11.448	4405	4	4	1.602	0.0	7.146
CAC1A_HUMAN	773	CACNA1A	11.445	1100	3	1	1.477	0.0	7.748
CAH3_HUMAN	761	CA3	11.444	1101	3	1	1.477	0.0	7.748
HOP_HUMAN	84525	HOPX	11.441	99	2	0	1.301	0.0	8.794
NU3M_HUMAN	4537	MT-ND3	11.435	100	2	0	1.301	0.0	8.79
UBA1_HUMAN	7317	UBA1	11.43	101	2	1	1.301	0.0	8.785
CO3_HUMAN	718	C3	11.422	4567	4	4	1.602	0.0	7.13
HSPB8_HUMAN	26353	HSPB8	11.408	105	2	5	1.301	0.0	8.768
CO1A1_HUMAN	1277	COL1A1	11.406	1168	3	2	1.477	0.0	7.722
TNNC1_HUMAN	7134	TNNC1	11.403	106	2	2	1.301	0.0	8.764
PAK4_HUMAN	10298	PAK4	11.403	106	2	1	1.301	0.0	8.764
ADM2_HUMAN	79924	ADM2	11.403	106	2	0	1.301	0.0	8.764
PFKAM_HUMAN	5213	PFKM	11.397	107	2	0	1.301	0.0	8.76
CD97_HUMAN	976	CD97	11.387	109	2	1	1.301	0.0	8.752
CP27B_HUMAN	1594	CYP27B1	11.383	556	2	12	1.301	0.114	8.044
KCND2_HUMAN	3751	KCND2	11.323	122	2	3	1.301	0.0	8.703
CORIN_HUMAN	10699	CORIN	11.309	125	2	3	1.301	0.0	8.693
SUGP1_HUMAN	57794	SUGP1	11.309	125	2	0	1.301	0.0	8.693
ODB2_HUMAN	1629	DBT	11.3	127	2	0	1.301	0.0	8.686
RO52_HUMAN	6737	TRIM21	11.295	1390	3	0	1.477	0.0	7.647
KCNA4_HUMAN	3739	KCNA4	11.292	129	2	1	1.301	0.0	8.679
EGR1_HUMAN	1958	EGR1	11.288	1404	3	1	1.477	0.0	7.642
PO6F1_HUMAN	5463	POU6F1	11.274	133	2	2	1.301	0.0	8.666
CP1B1_HUMAN	1545	CYP1B1	11.273	1437	3	0	1.477	0.0	7.632
AT2A3_HUMAN	489	ATP2A3	11.27	134	2	1	1.301	0.0	8.662
LRP4_HUMAN	4038	LRP4	11.266	135	2	4	1.301	0.0	8.659
SURF1_HUMAN	6834	SURF1	11.266	135	2	0	1.301	0.0	8.659
PCNA_HUMAN	5111	PCNA	11.254	5813	4	2	1.602	0.0	7.025
CRIP2_HUMAN	1397	CRIP2	11.241	141	2	0	1.301	0.0	8.64
PI2R_HUMAN	5739	PTGIR	11.237	142	2	0	1.301	0.0	8.637
5HT1A_HUMAN	3350	HTR1A	11.234	1528	3	0	1.477	0.0	7.605
CO1A2_HUMAN	1278	COL1A2	11.229	1539	3	3	1.477	0.0	7.602
UPAR_HUMAN	5329	PLAUR	11.225	1549	3	1	1.477	0.0	7.599
DSC2_HUMAN	1824	DSC2	11.21	149	2	2	1.301	0.0	8.616
CD44_HUMAN	960	CD44	11.206	6231	4	1	1.602	0.0	6.995
COX41_HUMAN	1327	COX4I1	11.203	151	2	0	1.301	0.0	8.611
PLXB1_HUMAN	5364	PLXNB1	11.203	151	2	0	1.301	0.0	8.611
ACM2_HUMAN	1129	CHRM2	11.199	152	2	0	1.301	0.0	8.608
PERM_HUMAN	4353	MPO	11.192	6357	4	2	1.602	0.0	6.986
TLR4_HUMAN	7099	TLR4	11.183	6440	4	3	1.602	0.0	6.98
VGFR2_HUMAN	3791	KDR	11.181	6464	4	2	1.602	0.0	6.979
CADH2_HUMAN	1000	CDH2	11.171	1685	3	3	1.477	0.0	7.563
KIN17_HUMAN	22944	KIN	11.166	161	2	0	1.301	0.0	8.583
RAMP1_HUMAN	10267	RAMP1	11.163	162	2	0	1.301	0.0	8.58
AOFB_HUMAN	4129	MAOB	11.16	1715	3	1	1.477	0.0	7.555
LOX5_HUMAN	240	ALOX5	11.159	1718	3	0	1.477	0.0	7.554
GLCNE_HUMAN	10020	GNE	11.152	165	2	1	1.301	0.0	8.572
GALA_HUMAN	51083	GAL	11.146	167	2	0	1.301	0.0	8.567
PUR8_HUMAN	158	ADSL	11.136	170	2	0	1.301	0.0	8.559
MIF_HUMAN	4282	MIF	11.13	1798	3	0	1.477	0.0	7.535
NGF_HUMAN	4803	NGF	11.13	1798	3	2	1.477	0.0	7.535
EFNA1_HUMAN	1942	EFNA1	11.126	173	2	5	1.301	0.0	8.551
HMGB1_HUMAN	3146	HMGB1	11.125	1811	3	5	1.477	0.0	7.532
KCNB1_HUMAN	3745	KCNB1	11.122	174	2	1	1.301	0.0	8.549
THIO_HUMAN	7295	TXN	11.11	1854	3	1	1.477	0.0	7.521
IL4_HUMAN	3565	IL4	11.106	17876	5	2	1.699	0.0	6.537
HSPB1_HUMAN	3315	HSPB1	11.101	1880	3	1	1.477	0.0	7.515
MOT8_HUMAN	6567	SLC16A2	11.097	182	2	1	1.301	0.0	8.529
CH60_HUMAN	3329	HSPD1	11.095	1898	3	3	1.477	0.0	7.511
PIT1_HUMAN	5449	POU1F1	11.094	564	2	11	1.301	0.079	8.038
UTRO_HUMAN	7402	UTRN	11.091	184	2	0	1.301	0.0	8.525
CD36_HUMAN	948	CD36	11.09	1913	3	3	1.477	0.0	7.508
SMAD2_HUMAN	4087	SMAD2	11.09	1913	3	6	1.477	0.0	7.508
RCAN1_HUMAN	1827	RCAN1	11.085	186	2	3	1.301	0.0	8.52
MT1B_HUMAN	4490	MT1B	11.085	186	2	2	1.301	0.0	8.52
KCNJ5_HUMAN	3762	KCNJ5	11.073	190	2	0	1.301	0.0	8.511
OGA_HUMAN	10724	MGEA5	11.056	2017	3	5	1.477	0.0	7.485
NLRP3_HUMAN	114548	NLRP3	11.046	2048	3	0	1.477	0.0	7.478
DNM1L_HUMAN	10059	DNM1L	11.03	205	2	3	1.301	0.0	8.478
SHPS1_HUMAN	140885	SIRPA	11.03	205	2	3	1.301	0.0	8.478
MYH11_HUMAN	4629	MYH11	11.0	394	2	10	1.301	0.041	8.194
ANPRA_HUMAN	4881	NPR1	10.987	221	2	1	1.301	0.0	8.445
MTAP_HUMAN	4507	MTAP	10.98	224	2	0	1.301	0.0	8.439
ECHA_HUMAN	3030	HADHA	10.977	225	2	0	1.301	0.0	8.437
PPLA_HUMAN	5350	PLN	10.977	225	2	5	1.301	0.0	8.437
SL9C1_HUMAN	285335	SLC9C1	10.97	228	2	1	1.301	0.0	8.432
DRD2_HUMAN	1813	DRD2	10.969	2309	3	0	1.477	0.0	7.426
GABT_HUMAN	18	ABAT	10.96	232	2	0	1.301	0.0	8.424
NSF_HUMAN	4905	NSF	10.957	233	2	1	1.301	0.0	8.422
CEAM3_HUMAN	1084	CEACAM3	10.946	9052	4	0	1.602	0.0	6.833
SODM_HUMAN	6648	SOD2	10.941	2413	3	2	1.477	0.0	7.407
CP2B6_HUMAN	1555	CYP2B6	10.934	2440	3	0	1.477	0.0	7.402
MLRV_HUMAN	4633	MYL2	10.934	243	2	5	1.301	0.0	8.404
SIR1_HUMAN	23411	SIRT1	10.929	2460	3	9	1.477	0.0	7.399
HRH3_HUMAN	11255	HRH3	10.925	247	2	2	1.301	0.0	8.397
GSK3A_HUMAN	2931	GSK3A	10.922	248	2	1	1.301	0.0	8.395
MRP5_HUMAN	10057	ABCC5	10.92	249	2	2	1.301	0.0	8.393
LIPL_HUMAN	4023	LPL	10.916	2508	3	6	1.477	0.0	7.39
PTPRU_HUMAN	10076	PTPRU	10.915	251	2	0	1.301	0.0	8.39
P2RX1_HUMAN	5023	P2RX1	10.913	252	2	1	1.301	0.0	8.388
RACK1_HUMAN	10399	RACK1	10.904	256	2	2	1.301	0.0	8.381
SP2_HUMAN	6668	SP2	10.891	262	2	0	1.301	0.0	8.371
ARID2_HUMAN	196528	ARID2	10.887	264	2	0	1.301	0.0	8.368
AA3R_HUMAN	140	ADORA3	10.885	265	2	0	1.301	0.0	8.366
HEY1_HUMAN	23462	HEY1	10.883	266	2	4	1.301	0.0	8.365
KS6A1_HUMAN	6195	RPS6KA1	10.878	268	2	1	1.301	0.0	8.361
CAV3_HUMAN	859	CAV3	10.856	279	2	3	1.301	0.0	8.344
ADT3_HUMAN	293	SLC25A6	10.85	282	2	2	1.301	0.0	8.339
GLPC_HUMAN	2995	GYPC	10.846	284	2	0	1.301	0.0	8.336
GATA6_HUMAN	2627	GATA6	10.844	285	2	3	1.301	0.0	8.335
STC1_HUMAN	6781	STC1	10.844	285	2	1	1.301	0.0	8.335
ATS1_HUMAN	9510	ADAMTS1	10.828	293	2	0	1.301	0.0	8.323
PLPL2_HUMAN	57104	PNPLA2	10.826	294	2	2	1.301	0.0	8.321
ABCB7_HUMAN	22	ABCB7	10.811	302	2	0	1.301	0.0	8.31
DAP1_HUMAN	1611	DAP	10.798	309	2	1	1.301	0.0	8.3
IDE_HUMAN	3416	IDE	10.798	309	2	2	1.301	0.0	8.3
BAX_HUMAN	581	BAX	10.796	11225	4	4	1.602	0.0	6.739
EP300_HUMAN	2033	EP300	10.794	3033	3	4	1.477	0.0	7.308
NU1M_HUMAN	4535	MT-ND1	10.791	313	2	0	1.301	0.0	8.294
ZN383_HUMAN	163087	ZNF383	10.79	1	1	0	1.0	0.0	10.79
TAGL_HUMAN	6876	TAGLN	10.789	314	2	0	1.301	0.0	8.293
OLIG2_HUMAN	10215	OLIG2	10.782	318	2	1	1.301	0.0	8.287
CP1A2_HUMAN	1544	CYP1A2	10.778	3110	3	0	1.477	0.0	7.297
NOX1_HUMAN	27035	NOX1	10.778	320	2	2	1.301	0.0	8.284
MA2A1_HUMAN	4124	MAN2A1	10.771	324	2	0	1.301	0.0	8.279
GRAA_HUMAN	3001	GZMA	10.761	330	2	0	1.301	0.0	8.271
CEBPD_HUMAN	1052	CEBPD	10.756	333	2	0	1.301	0.0	8.267
FLNC_HUMAN	2318	FLNC	10.752	335	2	3	1.301	0.0	8.264
TPPP3_HUMAN	51673	TPPP3	10.751	336	2	0	1.301	0.0	8.263
ACM3_HUMAN	1131	CHRM3	10.742	341	2	0	1.301	0.0	8.257
SUH_HUMAN	3516	RBPJ	10.742	341	2	4	1.301	0.0	8.257
EF2_HUMAN	1938	EEF2	10.732	347	2	0	1.301	0.0	8.249
MFN2_HUMAN	9927	MFN2	10.732	347	2	3	1.301	0.0	8.249
DKK3_HUMAN	27122	DKK3	10.732	347	2	0	1.301	0.0	8.249
BKRB1_HUMAN	623	BDKRB1	10.715	358	2	0	1.301	0.0	8.236
NK2R_HUMAN	6865	TACR2	10.707	363	2	1	1.301	0.0	8.23
FA8_HUMAN	2157	F8	10.688	3577	3	4	1.477	0.0	7.236
DCX_HUMAN	1641	DCX	10.683	379	2	0	1.301	0.0	8.211
ADR1_HUMAN	51094	ADIPOR1	10.683	379	2	1	1.301	0.0	8.211
MBP_HUMAN	4155	MBP	10.682	3613	3	0	1.477	0.0	7.232
PE2R1_HUMAN	5731	PTGER1	10.675	384	2	1	1.301	0.0	8.205
NPDC1_HUMAN	56654	NPDC1	10.675	384	2	0	1.301	0.0	8.205
IGF1R_HUMAN	3480	IGF1R	10.666	3702	3	2	1.477	0.0	7.221
STAC3_HUMAN	246329	STAC3	10.666	390	2	5	1.301	0.0	8.198
CD2_HUMAN	914	CD2	10.66	3738	3	1	1.477	0.0	7.217
CXCR6_HUMAN	10663	CXCR6	10.644	406	2	5	1.301	0.0	8.181
NFAC1_HUMAN	4772	NFATC1	10.641	408	2	1	1.301	0.0	8.179
PEPC_HUMAN	5225	PGC	10.64	409	2	0	1.301	0.0	8.178
3BHS1_HUMAN	3283	HSD3B1	10.633	414	2	0	1.301	0.0	8.173
TANK_HUMAN	10010	TANK	10.627	418	2	1	1.301	0.0	8.168
GCH1_HUMAN	2643	GCH1	10.626	419	2	0	1.301	0.0	8.167
SNW1_HUMAN	22938	SNW1	10.622	422	2	0	1.301	0.0	8.164
KGP1_HUMAN	5592	PRKG1	10.621	423	2	0	1.301	0.0	8.163
PPB1_HUMAN	250	ALPP	10.618	3991	3	0	1.477	0.0	7.188
VPS52_HUMAN	6293	VPS52	10.613	429	2	0	1.301	0.0	8.157
MTRR_HUMAN	4552	MTRR	10.61	431	2	0	1.301	0.0	8.155
KAT2B_HUMAN	8850	KAT2B	10.593	444	2	1	1.301	0.0	8.142
FLNA_HUMAN	2316	FLNA	10.591	446	2	3	1.301	0.0	8.14
RU17_HUMAN	6625	SNRNP70	10.581	454	2	0	1.301	0.0	8.132
TERT_HUMAN	7015	TERT	10.579	4242	3	3	1.477	0.0	7.162
RET_HUMAN	5979	RET	10.577	4253	3	0	1.477	0.0	7.161
KCC2G_HUMAN	818	CAMK2G	10.576	458	2	2	1.301	0.0	8.129
AA2AR_HUMAN	135	ADORA2A	10.569	463	2	1	1.301	0.0	8.124
PCSK5_HUMAN	5125	PCSK5	10.567	465	2	0	1.301	0.0	8.122
SRF_HUMAN	6722	SRF	10.565	467	2	6	1.301	0.0	8.12
CASA1_HUMAN	1446	CSN1S1	10.551	478	2	0	1.301	0.0	8.11
TFE2_HUMAN	6929	TCF3	10.547	482	2	1	1.301	0.0	8.106
SMN_HUMAN	6607	SMN2	10.535	492	2	5	1.301	0.0	8.098
ZEB2_HUMAN	9839	ZEB2	10.535	492	2	2	1.301	0.0	8.098
MMRN1_HUMAN	22915	MMRN1	10.531	496	2	1	1.301	0.0	8.094
CO7_HUMAN	730	C7	10.519	506	2	0	1.301	0.0	8.085
KLK3_HUMAN	354	KLK3	10.518	16765	4	0	1.602	0.0	6.565
MSMB_HUMAN	4477	MSMB	10.518	507	2	0	1.301	0.0	8.085
PTN1_HUMAN	5770	PTPN1	10.518	507	2	1	1.301	0.0	8.085
ACTN1_HUMAN	87	ACTN1	10.513	512	2	2	1.301	0.0	8.08
ATF2_HUMAN	1386	ATF2	10.51	514	2	1	1.301	0.0	8.079
BKRB2_HUMAN	624	BDKRB2	10.502	522	2	0	1.301	0.0	8.072
FANCB_HUMAN	2187	FANCB	10.502	4785	3	0	1.477	0.0	7.11
OXYR_HUMAN	5021	OXTR	10.502	522	2	0	1.301	0.0	8.072
KPCE_HUMAN	5581	PRKCE	10.495	528	2	1	1.301	0.0	8.067
PRVA_HUMAN	5816	PVALB	10.489	534	2	1	1.301	0.0	8.062
ZC4H2_HUMAN	55906	ZC4H2	10.488	2	1	0	1.0	0.0	10.488
KCC1G_HUMAN	57172	CAMK1G	10.488	2	1	0	1.0	0.0	10.488
FA71B_HUMAN	153745	FAM71B	10.488	2	1	1	1.0	0.0	10.488
DRS7C_HUMAN	201140	DHRS7C	10.488	2	1	0	1.0	0.0	10.488
FABP4_HUMAN	2167	FABP4	10.468	554	2	1	1.301	0.0	8.046
CD68_HUMAN	968	CD68	10.462	5091	3	0	1.477	0.0	7.083
SYNEM_HUMAN	23336	SYNM	10.454	568	2	0	1.301	0.0	8.035
CXL13_HUMAN	10563	CXCL13	10.452	570	2	1	1.301	0.0	8.034
ID1_HUMAN	3397	ID1	10.447	575	2	4	1.301	0.0	8.03
EPHB2_HUMAN	2048	EPHB2	10.445	577	2	0	1.301	0.0	8.028
RL34_HUMAN	6164	RPL34	10.443	579	2	0	1.301	0.0	8.027
ARSA_HUMAN	410	ARSA	10.434	588	2	0	1.301	0.0	8.02
ATX1_HUMAN	6310	ATXN1	10.433	589	2	0	1.301	0.0	8.019
ATP4A_HUMAN	495	ATP4A	10.416	607	2	2	1.301	0.0	8.006
CREM_HUMAN	1390	CREM	10.416	608	2	3	1.301	0.0	8.006
AIRE_HUMAN	326	AIRE	10.411	613	2	0	1.301	0.0	8.002
NOX4_HUMAN	50507	NOX4	10.397	628	2	5	1.301	0.0	7.992
HSF1_HUMAN	3297	HSF1	10.376	652	2	1	1.301	0.0	7.975
NMDZ1_HUMAN	2902	GRIN1	10.374	654	2	0	1.301	0.0	7.974
PAF15_HUMAN	9768	PCLAF	10.373	656	2	0	1.301	0.0	7.973
ITK_HUMAN	3702	ITK	10.368	661	2	1	1.301	0.0	7.969
PKD2_HUMAN	5311	PKD2	10.348	685	2	1	1.301	0.0	7.954
CLD16_HUMAN	10686	CLDN16	10.342	99	1	14	1.0	0.176	8.794
FUS_HUMAN	2521	FUS	10.33	708	2	2	1.301	0.0	7.939
CORO7_HUMAN	79585	CORO7	10.328	710	2	1	1.301	0.0	7.938
NEMO_HUMAN	8517	IKBKG	10.327	711	2	0	1.301	0.0	7.938
PE2R4_HUMAN	5734	PTGER4	10.324	715	2	0	1.301	0.0	7.935
ONCM_HUMAN	5008	OSM	10.318	723	2	0	1.301	0.0	7.93
F193A_HUMAN	8603	FAM193A	10.312	3	1	0	1.0	0.0	10.312
LIRB5_HUMAN	10990	LILRB5	10.312	3	1	0	1.0	0.0	10.312
TRIM7_HUMAN	81786	TRIM7	10.312	3	1	0	1.0	0.0	10.312
JSPR1_HUMAN	126306	JSRP1	10.312	3	1	3	1.0	0.0	10.312
ZN540_HUMAN	163255	ZNF540	10.312	3	1	0	1.0	0.0	10.312
THAP5_HUMAN	168451	THAP5	10.312	3	1	0	1.0	0.0	10.312
TY3H_HUMAN	7054	TH	10.309	734	2	0	1.301	0.0	7.924
CHP1_HUMAN	11261	CHP1	10.293	755	2	0	1.301	0.0	7.912
PRRT2_HUMAN	112476	PRRT2	10.286	765	2	0	1.301	0.0	7.906
GLNA_HUMAN	2752	GLUL	10.273	783	2	1	1.301	0.0	7.896
P2RX7_HUMAN	5027	P2RX7	10.273	783	2	4	1.301	0.0	7.896
PSA_HUMAN	9520	NPEPPS	10.266	792	2	1	1.301	0.0	7.891
MC4R_HUMAN	4160	MC4R	10.26	800	2	2	1.301	0.0	7.886
KCJ11_HUMAN	3767	KCNJ11	10.258	804	2	5	1.301	0.0	7.884
FRDA_HUMAN	2395	FXN	10.248	818	2	4	1.301	0.0	7.877
VTDB_HUMAN	2638	GC	10.235	837	2	1	1.301	0.0	7.867
HRH2_HUMAN	3274	HRH2	10.235	837	2	0	1.301	0.0	7.867
RHD_HUMAN	6007	RHD	10.224	854	2	0	1.301	0.0	7.858
IRF1_HUMAN	3659	IRF1	10.222	857	2	1	1.301	0.0	7.857
FOXM1_HUMAN	2305	FOXM1	10.212	872	2	8	1.301	0.0	7.849
NUCL_HUMAN	4691	NCL	10.212	872	2	1	1.301	0.0	7.849
LRRK2_HUMAN	120892	LRRK2	10.209	876	2	4	1.301	0.0	7.847
CP2C8_HUMAN	1558	CYP2C8	10.205	882	2	6	1.301	0.0	7.844
CH3L1_HUMAN	1116	CHI3L1	10.204	884	2	4	1.301	0.0	7.843
PRL_HUMAN	5617	PRL	10.19	7779	3	0	1.477	0.0	6.898
SDHB_HUMAN	6390	SDHB	10.188	910	2	0	1.301	0.0	7.83
AVL9_HUMAN	23080	AVL9	10.187	4	1	0	1.0	0.0	10.187
RM37_HUMAN	51253	MRPL37	10.187	4	1	0	1.0	0.0	10.187
MYNN_HUMAN	55892	MYNN	10.187	4	1	0	1.0	0.0	10.187
TRI45_HUMAN	80263	TRIM45	10.187	4	1	0	1.0	0.0	10.187
CHCH1_HUMAN	118487	CHCHD1	10.187	4	1	0	1.0	0.0	10.187
MAMD1_HUMAN	10046	MAMLD1	10.178	925	2	0	1.301	0.0	7.823
TWST1_HUMAN	7291	TWIST1	10.156	962	2	2	1.301	0.0	7.806
CDX2_HUMAN	1045	CDX2	10.142	987	2	0	1.301	0.0	7.795
4EBP1_HUMAN	1978	EIF4EBP1	10.119	1027	2	0	1.301	0.0	7.778
LPH_HUMAN	3938	LCT	10.119	1027	2	0	1.301	0.0	7.778
ANGI_HUMAN	283	ANG	10.113	1039	2	0	1.301	0.0	7.773
L0N195_HUMAN	3439	IFNA1	10.113	8773	3	0	1.477	0.0	6.846
IL2_HUMAN	3558	IL2	10.109	30132	4	3	1.602	0.0	6.31
ZN569_HUMAN	148266	ZNF569	10.091	5	1	0	1.0	0.0	10.091
SUN3_HUMAN	256979	SUN3	10.091	5	1	0	1.0	0.0	10.091
FA12_HUMAN	2161	F12	10.086	1090	2	0	1.301	0.0	7.752
TRPV1_HUMAN	7442	TRPV1	10.081	1100	2	0	1.301	0.0	7.748
ALDR_HUMAN	231	AKR1B1	10.074	1112	2	0	1.301	0.0	7.743
MARH1_HUMAN	55016	MARCH1	10.055	1151	2	2	1.301	0.0	7.728
APOB_HUMAN	338	APOB	10.048	9710	3	1	1.477	0.0	6.802
MARH8_HUMAN	220972	MARCH8	10.037	1189	2	1	1.301	0.0	7.714
MB12B_HUMAN	89853	MVB12B	10.011	6	1	0	1.0	0.0	10.011
CXD3_HUMAN	125111	GJD3	10.011	6	1	2	1.0	0.0	10.011
SH3R2_HUMAN	153769	SH3RF2	10.011	6	1	0	1.0	0.0	10.011
ZACN_HUMAN	353174	ZACN	10.011	6	1	0	1.0	0.0	10.011
EGLN_HUMAN	2022	ENG	10.003	1261	2	0	1.301	0.0	7.689
ALEX_HUMAN	2778	GNAS	9.994	1281	2	0	1.301	0.0	7.682
ABCA1_HUMAN	19	ABCA1	9.972	1333	2	2	1.301	0.0	7.665
TSC2_HUMAN	7249	TSC2	9.964	1353	2	0	1.301	0.0	7.658
CXCR3_HUMAN	2833	CXCR3	9.963	1355	2	2	1.301	0.0	7.658
KLK4_HUMAN	9622	KLK4	9.954	1375	2	0	1.301	0.0	7.651
ZN195_HUMAN	7748	ZNF195	9.944	7	1	0	1.0	0.0	9.944
PECR_HUMAN	55825	PECR	9.944	7	1	0	1.0	0.0	9.944
NDUAC_HUMAN	55967	NDUFA12	9.944	7	1	0	1.0	0.0	9.944
NDUF5_HUMAN	79133	NDUFAF5	9.944	7	1	1	1.0	0.0	9.944
MELT_HUMAN	79674	VEPH1	9.944	7	1	0	1.0	0.0	9.944
SBSN_HUMAN	374897	SBSN	9.944	7	1	0	1.0	0.0	9.944
AQP4_HUMAN	361	AQP4	9.943	1404	2	2	1.301	0.0	7.642
CCR7_HUMAN	1236	CCR7	9.941	1409	2	0	1.301	0.0	7.641
POTEF_HUMAN	728378	POTEF	9.936	1421	2	1	1.301	0.0	7.637
FMR1_HUMAN	2332	FMR1	9.935	1423	2	0	1.301	0.0	7.636
IBP2_HUMAN	3485	IGFBP2	9.927	1443	2	4	1.301	0.0	7.63
NQO1_HUMAN	1728	NQO1	9.926	1445	2	3	1.301	0.0	7.63
TGM2_HUMAN	7052	TGM2	9.926	1447	2	0	1.301	0.0	7.629
CETP_HUMAN	1071	CETP	9.912	1482	2	0	1.301	0.0	7.619
RET4_HUMAN	5950	RBP4	9.909	1491	2	5	1.301	0.0	7.616
MERL_HUMAN	4771	NF2	9.898	1519	2	0	1.301	0.0	7.608
MCP_HUMAN	4179	CD46	9.886	1553	2	0	1.301	0.0	7.598
ZN135_HUMAN	7694	ZNF135	9.886	1553	2	0	1.301	0.0	7.598
YAF2_HUMAN	10138	YAF2	9.886	8	1	0	1.0	0.0	9.886
RBM7_HUMAN	10179	RBM7	9.886	8	1	0	1.0	0.0	9.886
GEMI5_HUMAN	25929	GEMIN5	9.886	8	1	4	1.0	0.0	9.886
GIMA1_HUMAN	170575	GIMAP1	9.886	8	1	0	1.0	0.0	9.886
LA_HUMAN	6741	SSB	9.866	1607	2	0	1.301	0.0	7.584
FGFR1_HUMAN	2260	FGFR1	9.864	1615	2	1	1.301	0.0	7.581
SFPA2_HUMAN	729238	SFTPA2	9.859	1628	2	0	1.301	0.0	7.578
TRBM_HUMAN	7056	THBD	9.852	1647	2	1	1.301	0.0	7.573
CAV1_HUMAN	857	CAV1	9.843	1675	2	3	1.301	0.0	7.566
PSN1_HUMAN	5663	PSEN1	9.841	1680	2	0	1.301	0.0	7.564
MRVI1_HUMAN	10335	MRVI1	9.835	9	1	0	1.0	0.0	9.835
FBX25_HUMAN	26260	FBXO25	9.835	9	1	0	1.0	0.0	9.835
CDKL3_HUMAN	51265	CDKL3	9.835	9	1	0	1.0	0.0	9.835
ZN322_HUMAN	79692	ZNF322	9.835	9	1	0	1.0	0.0	9.835
B3GL2_HUMAN	148789	B3GALNT2	9.835	9	1	0	1.0	0.0	9.835
OSTN_HUMAN	344901	OSTN	9.835	9	1	0	1.0	0.0	9.835
MMP9_HUMAN	4318	MMP9	9.827	13703	3	2	1.477	0.0	6.653
CEBPA_HUMAN	1050	CEBPA	9.826	1727	2	1	1.301	0.0	7.552
P53_HUMAN	7157	TP53	9.813	46130	4	7	1.602	0.0	6.126
VTNC_HUMAN	7448	VTN	9.811	1771	2	0	1.301	0.0	7.541
HNRPC_HUMAN	3183	HNRNPC	9.81	1775	2	1	1.301	0.0	7.54
PKP2_HUMAN	5318	PKP2	9.804	172	1	13	1.0	0.146	8.554
CDN2B_HUMAN	1030	CDKN2B	9.795	1824	2	0	1.301	0.0	7.528
PTHR_HUMAN	5744	PTHLH	9.791	1835	2	0	1.301	0.0	7.526
FASTK_HUMAN	10922	FASTK	9.79	10	1	0	1.0	0.0	9.79
TRI54_HUMAN	57159	TRIM54	9.79	10	1	1	1.0	0.0	9.79
HYCCI_HUMAN	84668	FAM126A	9.79	10	1	0	1.0	0.0	9.79
GSC_HUMAN	145258	GSC	9.79	10	1	0	1.0	0.0	9.79
LIX1_HUMAN	167410	LIX1	9.79	10	1	1	1.0	0.0	9.79
PYC_HUMAN	5091	PC	9.784	1859	2	0	1.301	0.0	7.52
GRP78_HUMAN	3309	HSPA5	9.78	1873	2	4	1.301	0.0	7.517
CP19A_HUMAN	1588	CYP19A1	9.769	1908	2	1	1.301	0.0	7.509
RAF1_HUMAN	5894	RAF1	9.761	1938	2	1	1.301	0.0	7.502
JUNB_HUMAN	3726	JUNB	9.76	1939	2	2	1.301	0.0	7.502
MIS_HUMAN	268	AMH	9.755	1957	2	0	1.301	0.0	7.498
CCKN_HUMAN	885	CCK	9.752	1967	2	0	1.301	0.0	7.496
S45A2_HUMAN	51151	SLC45A2	9.749	192	1	13	1.0	0.146	8.506
COX7C_HUMAN	1350	COX7C	9.748	11	1	0	1.0	0.0	9.748
PZRN3_HUMAN	23024	PDZRN3	9.748	11	1	0	1.0	0.0	9.748
CHP3_HUMAN	54997	TESC	9.748	11	1	0	1.0	0.0	9.748
CAVN4_HUMAN	347273	CAVIN4	9.748	11	1	8	1.0	0.0	9.748
NBR1_HUMAN	4077	NBR1	9.741	58	1	11	1.0	0.079	9.026
PGFRB_HUMAN	5159	PDGFRB	9.738	2018	2	0	1.301	0.0	7.485
SNAI1_HUMAN	6615	SNAI1	9.735	2026	2	0	1.301	0.0	7.483
AKAP9_HUMAN	10142	AKAP9	9.717	61	1	11	1.0	0.079	9.004
RPC7_HUMAN	10622	POLR3G	9.71	12	1	1	1.0	0.0	9.71
RAC1_HUMAN	5879	RAC1	9.709	2122	2	3	1.301	0.0	7.463
PSMD1_HUMAN	5707	PSMD1	9.701	2154	2	0	1.301	0.0	7.456
VGLL4_HUMAN	9686	VGLL4	9.676	13	1	1	1.0	0.0	9.676
DDHD2_HUMAN	23259	DDHD2	9.676	13	1	1	1.0	0.0	9.676
TPPC1_HUMAN	58485	TRAPPC1	9.676	13	1	0	1.0	0.0	9.676
ISCA2_HUMAN	122961	ISCA2	9.676	13	1	0	1.0	0.0	9.676
DIRA1_HUMAN	148252	DIRAS1	9.676	13	1	0	1.0	0.0	9.676
CMYA5_HUMAN	202333	CMYA5	9.676	13	1	0	1.0	0.0	9.676
ALG11_HUMAN	440138	ALG11	9.676	13	1	0	1.0	0.0	9.676
TSP1_HUMAN	7057	THBS1	9.672	2268	2	1	1.301	0.0	7.434
WT1_HUMAN	7490	WT1	9.665	2295	2	2	1.301	0.0	7.429
BAD_HUMAN	572	BAD	9.655	2337	2	0	1.301	0.0	7.421
ATM_HUMAN	472	ATM	9.654	2339	2	2	1.301	0.0	7.42
FAK1_HUMAN	5747	PTK2	9.65	2356	2	0	1.301	0.0	7.417
RFIP5_HUMAN	26056	RAB11FIP5	9.643	14	1	0	1.0	0.0	9.643
IBP1_HUMAN	3484	IGFBP1	9.635	2421	2	3	1.301	0.0	7.406
HCFC1_HUMAN	3054	HCFC1	9.634	2426	2	0	1.301	0.0	7.405
COG2_HUMAN	22796	COG2	9.632	2433	2	1	1.301	0.0	7.403
RTKN_HUMAN	6242	RTKN	9.613	15	1	1	1.0	0.0	9.613
HNRPR_HUMAN	10236	HNRNPR	9.613	15	1	4	1.0	0.0	9.613
B4GA1_HUMAN	11041	B4GAT1	9.613	15	1	0	1.0	0.0	9.613
FACR1_HUMAN	84188	FAR1	9.613	15	1	0	1.0	0.0	9.613
SRFB1_HUMAN	153443	SRFBP1	9.613	15	1	1	1.0	0.0	9.613
CD1A_HUMAN	909	CD1A	9.601	2569	2	0	1.301	0.0	7.38
CSF1_HUMAN	1435	CSF1	9.591	2616	2	2	1.301	0.0	7.372
SC6A3_HUMAN	6531	SLC6A3	9.59	2619	2	2	1.301	0.0	7.371
SLIB_HUMAN	2691	GHRH	9.587	2635	2	0	1.301	0.0	7.369
CAH1_HUMAN	759	CA1	9.586	2638	2	1	1.301	0.0	7.368
EMC3_HUMAN	55831	EMC3	9.585	16	1	0	1.0	0.0	9.585
TP8L1_HUMAN	126282	TNFAIP8L1	9.585	16	1	0	1.0	0.0	9.585
RPTN_HUMAN	126638	RPTN	9.585	16	1	0	1.0	0.0	9.585
VMA21_HUMAN	203547	VMA21	9.585	16	1	3	1.0	0.0	9.585
PROM1_HUMAN	8842	PROM1	9.572	2703	2	1	1.301	0.0	7.358
SYPH_HUMAN	6855	SYP	9.566	2735	2	0	1.301	0.0	7.353
NF2L2_HUMAN	4780	NFE2L2	9.564	2742	2	1	1.301	0.0	7.351
A2MG_HUMAN	2	A2M	9.563	2748	2	0	1.301	0.0	7.35
COX1_HUMAN	4512	MT-CO1	9.561	2758	2	2	1.301	0.0	7.349
COX5B_HUMAN	1329	COX5B	9.559	17	1	0	1.0	0.0	9.559
GLP1R_HUMAN	2740	GLP1R	9.559	2767	2	0	1.301	0.0	7.348
TR11B_HUMAN	4982	TNFRSF11B	9.559	2767	2	5	1.301	0.0	7.348
SYNCI_HUMAN	81493	SYNC	9.559	17	1	1	1.0	0.0	9.559
MOT12_HUMAN	387700	SLC16A12	9.559	17	1	1	1.0	0.0	9.559
FA10_HUMAN	2159	F10	9.558	2775	2	0	1.301	0.0	7.346
RIMS2_HUMAN	9699	RIMS2	9.534	18	1	0	1.0	0.0	9.534
CAN9_HUMAN	10753	CAPN9	9.534	18	1	5	1.0	0.0	9.534
DEPP_HUMAN	11067	DEPP	9.534	18	1	0	1.0	0.0	9.534
MPC2_HUMAN	25874	MPC2	9.534	18	1	0	1.0	0.0	9.534
ITB1_HUMAN	3688	ITGB1	9.514	2999	2	0	1.301	0.0	7.312
EXOC5_HUMAN	10640	EXOC5	9.511	19	1	0	1.0	0.0	9.511
GPD1L_HUMAN	23171	GPD1L	9.511	19	1	3	1.0	0.0	9.511
B2L13_HUMAN	23786	BCL2L13	9.511	19	1	0	1.0	0.0	9.511
RHDF1_HUMAN	64285	RHBDF1	9.511	19	1	0	1.0	0.0	9.511
CCBE1_HUMAN	147372	CCBE1	9.511	19	1	4	1.0	0.0	9.511
REM2_HUMAN	161253	REM2	9.511	19	1	0	1.0	0.0	9.511
CP1A1_HUMAN	1543	CYP1A1	9.508	3030	2	1	1.301	0.0	7.308
MIB1_HUMAN	57534	MIB1	9.49	3128	2	0	1.301	0.0	7.294
CDK2_HUMAN	1017	CDK2	9.489	3134	2	0	1.301	0.0	7.293
PSD4_HUMAN	23550	PSD4	9.488	20	1	1	1.0	0.0	9.488
EPG5_HUMAN	57724	EPG5	9.488	20	1	7	1.0	0.0	9.488
SYNP2_HUMAN	171024	SYNPO2	9.488	20	1	1	1.0	0.0	9.488
CXL17_HUMAN	284340	CXCL17	9.488	20	1	1	1.0	0.0	9.488
BCL2_HUMAN	596	BCL2	9.48	23522	3	1	1.477	0.0	6.418
ELAV3_HUMAN	1995	ELAVL3	9.467	21	1	0	1.0	0.0	9.467
ABI2_HUMAN	10152	ABI2	9.467	21	1	0	1.0	0.0	9.467
MD13L_HUMAN	23389	MED13L	9.467	21	1	1	1.0	0.0	9.467
FGD4_HUMAN	121512	FGD4	9.467	21	1	0	1.0	0.0	9.467
NPNT_HUMAN	255743	NPNT	9.467	21	1	2	1.0	0.0	9.467
MY18A_HUMAN	399687	MYO18A	9.467	21	1	3	1.0	0.0	9.467
MMP3_HUMAN	4314	MMP3	9.455	3326	2	2	1.301	0.0	7.268
DNJB2_HUMAN	3300	DNAJB2	9.447	22	1	0	1.0	0.0	9.447
CNOT3_HUMAN	4849	CNOT3	9.447	22	1	0	1.0	0.0	9.447
PDE1B_HUMAN	5153	PDE1B	9.447	22	1	6	1.0	0.0	9.447
MOT5_HUMAN	9122	SLC16A4	9.447	22	1	0	1.0	0.0	9.447
LMTK2_HUMAN	22853	LMTK2	9.447	22	1	1	1.0	0.0	9.447
SEP10_HUMAN	151011	SEPT10	9.447	22	1	0	1.0	0.0	9.447
GFRP_HUMAN	2644	GCHFR	9.428	23	1	1	1.0	0.0	9.428
GNS_HUMAN	2799	GNS	9.428	23	1	0	1.0	0.0	9.428
PDLI1_HUMAN	9124	PDLIM1	9.428	23	1	0	1.0	0.0	9.428
ECEL1_HUMAN	9427	ECEL1	9.428	23	1	1	1.0	0.0	9.428
EFTS_HUMAN	10102	TSFM	9.428	23	1	0	1.0	0.0	9.428
PMF1_HUMAN	11243	PMF1	9.428	23	1	0	1.0	0.0	9.428
SEPT8_HUMAN	23176	SEPT8	9.428	23	1	0	1.0	0.0	9.428
ABCBA_HUMAN	23456	ABCB10	9.428	23	1	2	1.0	0.0	9.428
MBNL2_HUMAN	10150	MBNL2	9.409	24	1	1	1.0	0.0	9.409
OBSL1_HUMAN	23363	OBSL1	9.409	24	1	2	1.0	0.0	9.409
ZFYV1_HUMAN	53349	ZFYVE1	9.409	24	1	0	1.0	0.0	9.409
CPT1C_HUMAN	126129	CPT1C	9.409	24	1	0	1.0	0.0	9.409
AMOT_HUMAN	154796	AMOT	9.409	24	1	0	1.0	0.0	9.409
ERBB2_HUMAN	2064	ERBB2	9.408	26330	3	2	1.477	0.0	6.369
ARVC_HUMAN	421	ARVCF	9.392	25	1	0	1.0	0.0	9.392
PP1R8_HUMAN	5511	PPP1R8	9.392	25	1	1	1.0	0.0	9.392
DCTN2_HUMAN	10540	DCTN2	9.392	25	1	0	1.0	0.0	9.392
ZKSC7_HUMAN	55888	ZKSCAN7	9.392	25	1	0	1.0	0.0	9.392
PEAR1_HUMAN	375033	PEAR1	9.392	25	1	0	1.0	0.0	9.392
EDF1_HUMAN	8721	EDF1	9.375	26	1	0	1.0	0.0	9.375
HES2_HUMAN	54626	HES2	9.375	26	1	3	1.0	0.0	9.375
ZN384_HUMAN	171017	ZNF384	9.375	26	1	0	1.0	0.0	9.375
TKN4_HUMAN	255061	TAC4	9.375	26	1	0	1.0	0.0	9.375
FCRL6_HUMAN	343413	FCRL6	9.375	26	1	0	1.0	0.0	9.375
TBB2B_HUMAN	347733	TUBB2B	9.375	26	1	3	1.0	0.0	9.375
HOIL1_HUMAN	10616	RBCK1	9.358	27	1	2	1.0	0.0	9.358
CASZ1_HUMAN	54897	CASZ1	9.358	27	1	2	1.0	0.0	9.358
PGLT1_HUMAN	56983	POGLUT1	9.358	27	1	0	1.0	0.0	9.358
SMRD3_HUMAN	6604	SMARCD3	9.342	28	1	1	1.0	0.0	9.342
LBX1_HUMAN	10660	LBX1	9.342	28	1	0	1.0	0.0	9.342
PAPOA_HUMAN	10914	PAPOLA	9.342	28	1	1	1.0	0.0	9.342
OBSCN_HUMAN	84033	OBSCN	9.342	28	1	2	1.0	0.0	9.342
MGT5B_HUMAN	146664	MGAT5B	9.342	28	1	0	1.0	0.0	9.342
CD38_HUMAN	952	CD38	9.339	4089	2	3	1.301	0.0	7.178
AL9A1_HUMAN	223	ALDH9A1	9.327	29	1	0	1.0	0.0	9.327
PEX10_HUMAN	5192	PEX10	9.327	29	1	0	1.0	0.0	9.327
TMOD1_HUMAN	7111	TMOD1	9.327	29	1	0	1.0	0.0	9.327
INT6_HUMAN	26512	INTS6	9.327	29	1	0	1.0	0.0	9.327
NRK2_HUMAN	27231	NMRK2	9.327	29	1	2	1.0	0.0	9.327
GTR14_HUMAN	144195	SLC2A14	9.327	29	1	2	1.0	0.0	9.327
FGF23_HUMAN	8074	FGF23	9.321	1638	1	16	1.0	0.23	7.575
GNAZ_HUMAN	2781	GNAZ	9.312	30	1	0	1.0	0.0	9.312
ACAD9_HUMAN	28976	ACAD9	9.312	30	1	1	1.0	0.0	9.312
PEBP4_HUMAN	157310	PEBP4	9.312	30	1	0	1.0	0.0	9.312
KIF22_HUMAN	3835	KIF22	9.298	31	1	0	1.0	0.0	9.298
SPON1_HUMAN	10418	SPON1	9.298	31	1	0	1.0	0.0	9.298
PDZD2_HUMAN	23037	PDZD2	9.298	31	1	2	1.0	0.0	9.298
SMYD2_HUMAN	56950	SMYD2	9.298	31	1	1	1.0	0.0	9.298
IL1RA_HUMAN	3557	IL1RN	9.29	4455	2	0	1.301	0.0	7.141
MDFI_HUMAN	4188	MDFI	9.284	32	1	0	1.0	0.0	9.284
GPC6_HUMAN	10082	GPC6	9.284	32	1	1	1.0	0.0	9.284
RCAN2_HUMAN	10231	RCAN2	9.284	32	1	0	1.0	0.0	9.284
ZBT18_HUMAN	10472	ZBTB18	9.284	32	1	2	1.0	0.0	9.284
PLXD1_HUMAN	23129	PLXND1	9.284	32	1	7	1.0	0.0	9.284
BMP10_HUMAN	27302	BMP10	9.284	32	1	0	1.0	0.0	9.284
RGCC_HUMAN	28984	RGCC	9.284	32	1	1	1.0	0.0	9.284
BUP1_HUMAN	51733	UPB1	9.284	32	1	0	1.0	0.0	9.284
TAAR9_HUMAN	134860	TAAR9	9.284	32	1	0	1.0	0.0	9.284
COFA1_HUMAN	1306	COL15A1	9.271	33	1	1	1.0	0.0	9.271
MP2K7_HUMAN	5609	MAP2K7	9.271	4606	2	0	1.301	0.0	7.126
PANX2_HUMAN	56666	PANX2	9.271	33	1	0	1.0	0.0	9.271
PDZD4_HUMAN	57595	PDZD4	9.271	33	1	2	1.0	0.0	9.271
MUC16_HUMAN	94025	MUC16	9.271	4611	2	0	1.301	0.0	7.126
ACTY_HUMAN	10120	ACTR1B	9.258	34	1	0	1.0	0.0	9.258
S12A7_HUMAN	10723	SLC12A7	9.258	34	1	3	1.0	0.0	9.258
HPBP1_HUMAN	23640	HSPBP1	9.258	34	1	1	1.0	0.0	9.258
ANKR1_HUMAN	27063	ANKRD1	9.258	34	1	2	1.0	0.0	9.258
FBN3_HUMAN	84467	FBN3	9.258	34	1	2	1.0	0.0	9.258
PCP4_HUMAN	5121	PCP4	9.245	35	1	0	1.0	0.0	9.245
AFG32_HUMAN	10939	AFG3L2	9.245	35	1	1	1.0	0.0	9.245
SPG20_HUMAN	23111	SPG20	9.245	35	1	0	1.0	0.0	9.245
SAR1B_HUMAN	51128	SAR1B	9.245	35	1	1	1.0	0.0	9.245
TMM70_HUMAN	54968	TMEM70	9.245	35	1	0	1.0	0.0	9.245
SCYL1_HUMAN	57410	SCYL1	9.245	35	1	1	1.0	0.0	9.245
MLRA_HUMAN	58498	MYL7	9.245	35	1	6	1.0	0.0	9.245
GTR12_HUMAN	154091	SLC2A12	9.245	35	1	3	1.0	0.0	9.245
TNF10_HUMAN	8743	TNFSF10	9.244	4830	2	0	1.301	0.0	7.105
GLI2_HUMAN	2736	GLI2	9.242	4855	2	0	1.301	0.0	7.103
EGF_HUMAN	1950	EGF	9.237	4898	2	0	1.301	0.0	7.099
RHOQ_HUMAN	23433	RHOQ	9.233	36	1	1	1.0	0.0	9.233
UBIA1_HUMAN	29914	UBIAD1	9.233	36	1	6	1.0	0.0	9.233
IBP3_HUMAN	3486	IGFBP3	9.225	4998	2	1	1.301	0.0	7.091
ITAM_HUMAN	3684	ITGAM	9.224	5008	2	0	1.301	0.0	7.09
CAH5B_HUMAN	11238	CA5B	9.221	37	1	1	1.0	0.0	9.221
IGF2_HUMAN	3481	IGF2	9.218	5059	2	0	1.301	0.0	7.085
GLYG_HUMAN	2992	GYG1	9.21	38	1	0	1.0	0.0	9.21
IL13_HUMAN	3596	IL13	9.21	5136	2	4	1.301	0.0	7.079
OR1D2_HUMAN	4991	OR1D2	9.21	38	1	4	1.0	0.0	9.21
NAC2_HUMAN	6543	SLC8A2	9.21	38	1	0	1.0	0.0	9.21
COX17_HUMAN	10063	COX17	9.21	38	1	0	1.0	0.0	9.21
HNRPQ_HUMAN	10492	SYNCRIP	9.21	38	1	3	1.0	0.0	9.21
MYOZ2_HUMAN	51778	MYOZ2	9.21	38	1	0	1.0	0.0	9.21
AAA1_HUMAN	56301	SLC7A10	9.21	38	1	0	1.0	0.0	9.21
CLPB_HUMAN	81570	CLPB	9.21	38	1	0	1.0	0.0	9.21
TPA_HUMAN	5327	PLAT	9.209	5139	2	0	1.301	0.0	7.079
TNR5_HUMAN	958	CD40	9.206	5172	2	0	1.301	0.0	7.076
UBB_HUMAN	7314	UBB	9.198	39	1	0	1.0	0.0	9.198
NEP1_HUMAN	10436	EMG1	9.198	39	1	0	1.0	0.0	9.198
CAND2_HUMAN	23066	CAND2	9.198	39	1	0	1.0	0.0	9.198
TIMP1_HUMAN	7076	TIMP1	9.189	5332	2	0	1.301	0.0	7.063
1A01_HUMAN	3105	HLA-A	9.187	5350	2	0	1.301	0.0	7.061
KCNC4_HUMAN	3749	KCNC4	9.187	40	1	1	1.0	0.0	9.187
SMC4_HUMAN	10051	SMC4	9.187	40	1	0	1.0	0.0	9.187
IQGA2_HUMAN	10788	IQGAP2	9.187	40	1	4	1.0	0.0	9.187
GP132_HUMAN	29933	GPR132	9.187	40	1	0	1.0	0.0	9.187
TFB1M_HUMAN	51106	TFB1M	9.187	40	1	2	1.0	0.0	9.187
UBX11_HUMAN	91544	UBXN11	9.187	40	1	0	1.0	0.0	9.187
KCNV2_HUMAN	169522	KCNV2	9.187	40	1	0	1.0	0.0	9.187
FGF12_HUMAN	2257	FGF12	9.177	41	1	3	1.0	0.0	9.177
AGFG2_HUMAN	3268	AGFG2	9.177	41	1	0	1.0	0.0	9.177
EMIL1_HUMAN	11117	EMILIN1	9.177	41	1	1	1.0	0.0	9.177
PKHG5_HUMAN	57449	PLEKHG5	9.177	41	1	0	1.0	0.0	9.177
S29A4_HUMAN	222962	SLC29A4	9.177	41	1	5	1.0	0.0	9.177
ATPO_HUMAN	539	ATP5O	9.166	42	1	0	1.0	0.0	9.166
IFNB_HUMAN	3456	IFNB1	9.166	5545	2	2	1.301	0.0	7.046
MYBPH_HUMAN	4608	MYBPH	9.166	42	1	1	1.0	0.0	9.166
RIT1_HUMAN	6016	RIT1	9.166	42	1	8	1.0	0.0	9.166
GEMI2_HUMAN	8487	GEMIN2	9.166	42	1	2	1.0	0.0	9.166
NMUR1_HUMAN	10316	NMUR1	9.166	42	1	0	1.0	0.0	9.166
ABCC9_HUMAN	10060	ABCC9	9.162	98	1	10	1.0	0.041	8.798
UBP2_HUMAN	9099	USP2	9.156	43	1	0	1.0	0.0	9.156
GILT_HUMAN	10437	IFI30	9.156	43	1	1	1.0	0.0	9.156
3HAO_HUMAN	23498	HAAO	9.156	43	1	0	1.0	0.0	9.156
PLIN5_HUMAN	440503	PLIN5	9.156	43	1	6	1.0	0.0	9.156
MDHM_HUMAN	4191	MDH2	9.146	44	1	0	1.0	0.0	9.146
RB3GP_HUMAN	22930	RAB3GAP1	9.146	44	1	2	1.0	0.0	9.146
SENP6_HUMAN	26054	SENP6	9.146	44	1	0	1.0	0.0	9.146
SENP3_HUMAN	26168	SENP3	9.146	44	1	0	1.0	0.0	9.146
ERLEC_HUMAN	27248	ERLEC1	9.146	44	1	0	1.0	0.0	9.146
MAS1L_HUMAN	116511	MAS1L	9.146	44	1	0	1.0	0.0	9.146
VIAAT_HUMAN	140679	SLC32A1	9.146	44	1	0	1.0	0.0	9.146
HAP28_HUMAN	11333	PDAP1	9.136	45	1	0	1.0	0.0	9.136
CMTA1_HUMAN	23261	CAMTA1	9.136	45	1	4	1.0	0.0	9.136
HES6_HUMAN	55502	HES6	9.136	45	1	0	1.0	0.0	9.136
LRC25_HUMAN	126364	LRRC25	9.136	45	1	0	1.0	0.0	9.136
ACTC_HUMAN	70	ACTC1	9.127	46	1	2	1.0	0.0	9.127
DLG2_HUMAN	1740	DLG2	9.127	46	1	0	1.0	0.0	9.127
PQBP1_HUMAN	10084	PQBP1	9.127	46	1	0	1.0	0.0	9.127
CREB3_HUMAN	10488	CREB3	9.127	46	1	0	1.0	0.0	9.127
LBH_HUMAN	81606	LBH	9.127	46	1	0	1.0	0.0	9.127
IL5_HUMAN	3567	IL5	9.117	6055	2	0	1.301	0.0	7.007
SEM3C_HUMAN	10512	SEMA3C	9.117	47	1	1	1.0	0.0	9.117
MACF1_HUMAN	23499	MACF1	9.117	47	1	0	1.0	0.0	9.117
H13_HUMAN	3007	HIST1H1D	9.108	48	1	5	1.0	0.0	9.108
ADA19_HUMAN	8728	ADAM19	9.108	48	1	2	1.0	0.0	9.108
AHNK_HUMAN	79026	AHNAK	9.108	48	1	1	1.0	0.0	9.108
LOXL3_HUMAN	84695	LOXL3	9.108	48	1	0	1.0	0.0	9.108
A1AT_HUMAN	5265	SERPINA1	9.103	6209	2	2	1.301	0.0	6.996
HES3_HUMAN	390992	HES3	9.099	49	1	0	1.0	0.0	9.099
PTEN_HUMAN	5728	PTEN	9.098	6259	2	0	1.301	0.0	6.993
ABL1_HUMAN	25	ABL1	9.093	6311	2	2	1.301	0.0	6.989
SPTB2_HUMAN	6711	SPTBN1	9.091	50	1	0	1.0	0.0	9.091
SYLC_HUMAN	51520	LARS	9.091	50	1	0	1.0	0.0	9.091
ADCY9_HUMAN	115	ADCY9	9.074	52	1	1	1.0	0.0	9.074
KI20B_HUMAN	9585	KIF20B	9.074	52	1	0	1.0	0.0	9.074
HTAI2_HUMAN	10553	HTATIP2	9.074	52	1	0	1.0	0.0	9.074
LPPRC_HUMAN	10128	LRPPRC	9.065	53	1	2	1.0	0.0	9.065
ROBO3_HUMAN	64221	ROBO3	9.065	53	1	0	1.0	0.0	9.065
IL17_HUMAN	3605	IL17A	9.058	6719	2	3	1.301	0.0	6.962
AA2BR_HUMAN	136	ADORA2B	9.057	54	1	0	1.0	0.0	9.057
HXA4_HUMAN	3201	HOXA4	9.057	54	1	0	1.0	0.0	9.057
DDX20_HUMAN	11218	DDX20	9.057	54	1	1	1.0	0.0	9.057
EVPL_HUMAN	2125	EVPL	9.049	55	1	3	1.0	0.0	9.049
TF3B_HUMAN	2972	BRF1	9.049	55	1	1	1.0	0.0	9.049
RANB9_HUMAN	10048	RANBP9	9.049	55	1	0	1.0	0.0	9.049
RS24_HUMAN	6229	RPS24	9.041	56	1	0	1.0	0.0	9.041
IRPL1_HUMAN	11141	IL1RAPL1	9.041	56	1	0	1.0	0.0	9.041
GP182_HUMAN	11318	GPR182	9.041	56	1	0	1.0	0.0	9.041
OSTCN_HUMAN	632	BGLAP	9.04	6938	2	1	1.301	0.0	6.948
REEP5_HUMAN	7905	REEP5	9.034	57	1	0	1.0	0.0	9.034
TRI32_HUMAN	22954	TRIM32	9.034	57	1	2	1.0	0.0	9.034
WLS_HUMAN	79971	WLS	9.026	58	1	0	1.0	0.0	9.026
ITB5_HUMAN	3693	ITGB5	9.019	59	1	1	1.0	0.0	9.019
LGMN_HUMAN	5641	LGMN	9.019	59	1	0	1.0	0.0	9.019
STAT3_HUMAN	6774	STAT3	9.019	7199	2	1	1.301	0.0	6.932
DCTN1_HUMAN	1639	DCTN1	9.011	60	1	1	1.0	0.0	9.011
ENOB_HUMAN	2027	ENO3	9.011	60	1	0	1.0	0.0	9.011
GNPAT_HUMAN	8443	GNPAT	9.011	60	1	0	1.0	0.0	9.011
PKR1_HUMAN	10887	PROKR1	9.011	60	1	0	1.0	0.0	9.011
PARI_HUMAN	55010	PARPBP	9.011	60	1	0	1.0	0.0	9.011
CIDEC_HUMAN	63924	CIDEC	9.011	60	1	1	1.0	0.0	9.011
FBRL_HUMAN	2091	FBL	9.004	61	1	2	1.0	0.0	9.004
GDF3_HUMAN	9573	GDF3	9.004	61	1	0	1.0	0.0	9.004
SGO1_HUMAN	151648	SGO1	9.004	61	1	2	1.0	0.0	9.004
DYHC1_HUMAN	1778	DYNC1H1	8.983	64	1	3	1.0	0.0	8.983
GOGA2_HUMAN	2801	GOLGA2	8.983	64	1	0	1.0	0.0	8.983
KCNN2_HUMAN	3781	KCNN2	8.983	64	1	0	1.0	0.0	8.983
CD14_HUMAN	929	CD14	8.981	7700	2	2	1.301	0.0	6.903
MT1X_HUMAN	4501	MT1X	8.977	65	1	0	1.0	0.0	8.977
FXR1_HUMAN	8087	FXR1	8.977	65	1	0	1.0	0.0	8.977
UBE4B_HUMAN	10277	UBE4B	8.977	65	1	5	1.0	0.0	8.977
DPOLM_HUMAN	27434	POLM	8.977	65	1	0	1.0	0.0	8.977
TP4A1_HUMAN	7803	PTP4A1	8.97	66	1	1	1.0	0.0	8.97
GIPC1_HUMAN	10755	GIPC1	8.97	66	1	2	1.0	0.0	8.97
KCNKH_HUMAN	89822	KCNK17	8.97	66	1	1	1.0	0.0	8.97
ITA9_HUMAN	3680	ITGA9	8.963	67	1	1	1.0	0.0	8.963
MEOX2_HUMAN	4223	MEOX2	8.957	68	1	0	1.0	0.0	8.957
SCOT1_HUMAN	5019	OXCT1	8.957	68	1	0	1.0	0.0	8.957
TMC6_HUMAN	11322	TMC6	8.957	68	1	0	1.0	0.0	8.957
ACOT1_HUMAN	641371	ACOT1	8.957	68	1	0	1.0	0.0	8.957
CNTN1_HUMAN	1272	CNTN1	8.951	69	1	1	1.0	0.0	8.951
NLGN1_HUMAN	22871	NLGN1	8.951	69	1	0	1.0	0.0	8.951
NT5C_HUMAN	30833	NT5C	8.951	69	1	0	1.0	0.0	8.951
CRDL1_HUMAN	91851	CHRDL1	8.951	69	1	0	1.0	0.0	8.951
CGL_HUMAN	1491	CTH	8.944	70	1	2	1.0	0.0	8.944
CLM6_HUMAN	10871	CD300C	8.944	70	1	0	1.0	0.0	8.944
ALDOA_HUMAN	226	ALDOA	8.938	71	1	0	1.0	0.0	8.938
NDUF3_HUMAN	25915	NDUFAF3	8.938	71	1	0	1.0	0.0	8.938
STIM2_HUMAN	57620	STIM2	8.938	71	1	3	1.0	0.0	8.938
LC7L3_HUMAN	51747	LUC7L3	8.932	72	1	0	1.0	0.0	8.932
TNIP3_HUMAN	79931	TNIP3	8.932	72	1	0	1.0	0.0	8.932
WNT7B_HUMAN	7477	WNT7B	8.926	73	1	2	1.0	0.0	8.926
ZYX_HUMAN	7791	ZYX	8.926	73	1	0	1.0	0.0	8.926
FBLI1_HUMAN	54751	FBLIM1	8.926	73	1	0	1.0	0.0	8.926
SELS_HUMAN	55829	SELENOS	8.926	73	1	0	1.0	0.0	8.926
A0A075B762_HUMAN	100132406	NBPF10	8.926	73	1	0	1.0	0.0	8.926
CNTFR_HUMAN	1271	CNTFR	8.92	74	1	1	1.0	0.0	8.92
FLII_HUMAN	2314	FLII	8.92	74	1	0	1.0	0.0	8.92
M3K3_HUMAN	4215	MAP3K3	8.92	74	1	1	1.0	0.0	8.92
MD2L2_HUMAN	10459	MAD2L2	8.92	74	1	0	1.0	0.0	8.92
AZIN2_HUMAN	113451	AZIN2	8.92	74	1	0	1.0	0.0	8.92
MCAT_HUMAN	788	SLC25A20	8.914	75	1	0	1.0	0.0	8.914
ARHG8_HUMAN	10276	NET1	8.914	75	1	0	1.0	0.0	8.914
IVD_HUMAN	3712	IVD	8.909	76	1	0	1.0	0.0	8.909
PDK2_HUMAN	5164	PDK2	8.909	76	1	1	1.0	0.0	8.909
ACY1_HUMAN	95	ACY1	8.892	79	1	0	1.0	0.0	8.892
IOD1_HUMAN	1733	DIO1	8.892	79	1	0	1.0	0.0	8.892
TEAD1_HUMAN	7003	TEAD1	8.892	79	1	1	1.0	0.0	8.892
EXOS8_HUMAN	11340	EXOSC8	8.892	79	1	2	1.0	0.0	8.892
ATP5E_HUMAN	514	ATP5E	8.886	80	1	0	1.0	0.0	8.886
ST5_HUMAN	6764	ST5	8.886	80	1	0	1.0	0.0	8.886
S36A1_HUMAN	206358	SLC36A1	8.886	80	1	2	1.0	0.0	8.886
GRK6_HUMAN	2870	GRK6	8.881	81	1	0	1.0	0.0	8.881
PROD_HUMAN	5625	PRODH	8.881	81	1	0	1.0	0.0	8.881
MADD_HUMAN	8567	MADD	8.881	81	1	0	1.0	0.0	8.881
AGRG1_HUMAN	9289	ADGRG1	8.881	81	1	1	1.0	0.0	8.881
CADH1_HUMAN	999	CDH1	8.88	9209	2	0	1.301	0.0	6.825
TCF21_HUMAN	6943	TCF21	8.876	82	1	1	1.0	0.0	8.876
NMU_HUMAN	10874	NMU	8.87	83	1	1	1.0	0.0	8.87
SIX4_HUMAN	51804	SIX4	8.87	83	1	0	1.0	0.0	8.87
CO6A3_HUMAN	1293	COL6A3	8.86	85	1	2	1.0	0.0	8.86
AMPB_HUMAN	6051	RNPEP	8.86	85	1	0	1.0	0.0	8.86
NRTN_HUMAN	4902	NRTN	8.855	86	1	0	1.0	0.0	8.855
NCS1_HUMAN	23413	NCS1	8.855	86	1	0	1.0	0.0	8.855
PF2R_HUMAN	5737	PTGFR	8.845	88	1	0	1.0	0.0	8.845
VAMP8_HUMAN	8673	VAMP8	8.845	88	1	0	1.0	0.0	8.845
KAD3_HUMAN	50808	AK3	8.845	88	1	0	1.0	0.0	8.845
GOLP3_HUMAN	64083	GOLPH3	8.845	88	1	1	1.0	0.0	8.845
CTRL_HUMAN	1506	CTRL	8.84	89	1	7	1.0	0.0	8.84
VAPB_HUMAN	9217	VAPB	8.84	89	1	0	1.0	0.0	8.84
SELN_HUMAN	57190	SELENON	8.84	89	1	0	1.0	0.0	8.84
CHIO_HUMAN	1124	CHN2	8.835	90	1	0	1.0	0.0	8.835
ST7_HUMAN	7982	ST7	8.835	90	1	0	1.0	0.0	8.835
S35B2_HUMAN	347734	SLC35B2	8.835	90	1	1	1.0	0.0	8.835
DAB1_HUMAN	1600	DAB1	8.83	91	1	0	1.0	0.0	8.83
GARS_HUMAN	2617	GARS	8.83	91	1	0	1.0	0.0	8.83
TF2H2_HUMAN	2966	GTF2H2	8.83	91	1	0	1.0	0.0	8.83
IEX1_HUMAN	8870	IER3	8.83	91	1	0	1.0	0.0	8.83
CDC5L_HUMAN	988	CDC5L	8.826	92	1	0	1.0	0.0	8.826
DGUOK_HUMAN	1716	DGUOK	8.826	92	1	0	1.0	0.0	8.826
ADA2C_HUMAN	152	ADRA2C	8.821	93	1	0	1.0	0.0	8.821
TPM2_HUMAN	7169	TPM2	8.821	93	1	0	1.0	0.0	8.821
CRLF1_HUMAN	9244	CRLF1	8.821	93	1	0	1.0	0.0	8.821
BHE41_HUMAN	79365	BHLHE41	8.821	93	1	0	1.0	0.0	8.821
LSP1_HUMAN	4046	LSP1	8.816	94	1	0	1.0	0.0	8.816
SC5A7_HUMAN	60482	SLC5A7	8.816	94	1	0	1.0	0.0	8.816
CASQ2_HUMAN	845	CASQ2	8.812	95	1	2	1.0	0.0	8.812
NDUA2_HUMAN	4695	NDUFA2	8.807	96	1	2	1.0	0.0	8.807
ADCY5_HUMAN	111	ADCY5	8.803	97	1	1	1.0	0.0	8.803
ANK2_HUMAN	287	ANK2	8.803	97	1	2	1.0	0.0	8.803
CO6A2_HUMAN	1292	COL6A2	8.803	97	1	0	1.0	0.0	8.803
NDUS4_HUMAN	4724	NDUFS4	8.803	97	1	1	1.0	0.0	8.803
KCNQ4_HUMAN	9132	KCNQ4	8.803	97	1	1	1.0	0.0	8.803
HAND2_HUMAN	9464	HAND2	8.803	97	1	0	1.0	0.0	8.803
SIX6_HUMAN	4990	SIX6	8.798	98	1	0	1.0	0.0	8.798
HAND1_HUMAN	9421	HAND1	8.798	98	1	2	1.0	0.0	8.798
DNA2_HUMAN	1763	DNA2	8.794	99	1	0	1.0	0.0	8.794
AL1A2_HUMAN	8854	ALDH1A2	8.794	99	1	0	1.0	0.0	8.794
ZN363_HUMAN	25898	RCHY1	8.794	99	1	0	1.0	0.0	8.794
PEO1_HUMAN	56652	TWNK	8.794	99	1	0	1.0	0.0	8.794
GLSK_HUMAN	2744	GLS	8.79	100	1	0	1.0	0.0	8.79
LRP8_HUMAN	7804	LRP8	8.79	100	1	0	1.0	0.0	8.79
KKCC2_HUMAN	10645	CAMKK2	8.79	100	1	0	1.0	0.0	8.79
DTNB_HUMAN	1838	DTNB	8.785	101	1	0	1.0	0.0	8.785
TCPG_HUMAN	7203	CCT3	8.785	101	1	0	1.0	0.0	8.785
IRAK3_HUMAN	11213	IRAK3	8.785	101	1	1	1.0	0.0	8.785
CASK_HUMAN	1448	CSN3	8.781	102	1	1	1.0	0.0	8.781
VACHT_HUMAN	6572	SLC18A3	8.781	102	1	0	1.0	0.0	8.781
AKTIP_HUMAN	64400	AKTIP	8.781	102	1	0	1.0	0.0	8.781
COCH_HUMAN	1690	COCH	8.777	103	1	1	1.0	0.0	8.777
M3K20_HUMAN	51776	MAP3K20	8.777	103	1	0	1.0	0.0	8.777
TRIB1_HUMAN	10221	TRIB1	8.772	104	1	2	1.0	0.0	8.772
AT132_HUMAN	23400	ATP13A2	8.772	104	1	0	1.0	0.0	8.772
TNT_HUMAN	162083	C16orf82	8.772	104	1	0	1.0	0.0	8.772
HPS1_HUMAN	3257	HPS1	8.768	105	1	0	1.0	0.0	8.768
NR2C1_HUMAN	7181	NR2C1	8.768	105	1	2	1.0	0.0	8.768
PO3F4_HUMAN	5456	POU3F4	8.764	106	1	0	1.0	0.0	8.764
AKP13_HUMAN	11214	AKAP13	8.764	106	1	1	1.0	0.0	8.764
SYF2_HUMAN	25949	SYF2	8.764	106	1	0	1.0	0.0	8.764
MYOZ3_HUMAN	91977	MYOZ3	8.764	106	1	0	1.0	0.0	8.764
CO4A2_HUMAN	1284	COL4A2	8.76	107	1	1	1.0	0.0	8.76
DPYS_HUMAN	1807	DPYS	8.76	107	1	0	1.0	0.0	8.76
ETV3_HUMAN	2117	ETV3	8.76	107	1	0	1.0	0.0	8.76
TCP4_HUMAN	10923	SUB1	8.76	107	1	0	1.0	0.0	8.76
AT2B4_HUMAN	493	ATP2B4	8.756	108	1	0	1.0	0.0	8.756
TIF1A_HUMAN	8805	TRIM24	8.756	108	1	0	1.0	0.0	8.756
EGLN2_HUMAN	112398	EGLN2	8.756	108	1	1	1.0	0.0	8.756
GLRA1_HUMAN	2741	GLRA1	8.752	109	1	1	1.0	0.0	8.752
HIS1_HUMAN	3346	HTN1	8.752	109	1	2	1.0	0.0	8.752
A0A0A0MT80_HUMAN	50651	SLC45A1	8.748	110	1	0	1.0	0.0	8.748
BHMT1_HUMAN	635	BHMT	8.744	111	1	0	1.0	0.0	8.744
SETX_HUMAN	23064	SETX	8.744	111	1	0	1.0	0.0	8.744
ADA2_HUMAN	51816	ADA2	8.744	111	1	1	1.0	0.0	8.744
KCNC1_HUMAN	3746	KCNC1	8.74	112	1	0	1.0	0.0	8.74
TBX2_HUMAN	6909	TBX2	8.74	112	1	0	1.0	0.0	8.74
KCNJ8_HUMAN	3764	KCNJ8	8.736	113	1	1	1.0	0.0	8.736
KC1AL_HUMAN	122011	CSNK1A1L	8.736	113	1	0	1.0	0.0	8.736
CTNS_HUMAN	1497	CTNS	8.733	114	1	1	1.0	0.0	8.733
PPP5_HUMAN	5536	PPP5C	8.733	114	1	0	1.0	0.0	8.733
S61A1_HUMAN	29927	SEC61A1	8.733	114	1	9	1.0	0.0	8.733
GDAP1_HUMAN	54332	GDAP1	8.733	114	1	0	1.0	0.0	8.733
CLCN3_HUMAN	1182	CLCN3	8.729	115	1	0	1.0	0.0	8.729
DCP2_HUMAN	167227	DCP2	8.725	116	1	3	1.0	0.0	8.725
RNLS_HUMAN	55328	RNLS	8.721	117	1	3	1.0	0.0	8.721
TRPM6_HUMAN	140803	TRPM6	8.721	117	1	0	1.0	0.0	8.721
ECHB_HUMAN	3032	HADHB	8.718	118	1	0	1.0	0.0	8.718
MPRD_HUMAN	4074	M6PR	8.718	118	1	0	1.0	0.0	8.718
CAC1F_HUMAN	778	CACNA1F	8.714	119	1	3	1.0	0.0	8.714
TOPB1_HUMAN	11073	TOPBP1	8.71	120	1	2	1.0	0.0	8.71
CF015_HUMAN	29113	C6orf15	8.71	120	1	0	1.0	0.0	8.71
SEM3G_HUMAN	56920	SEMA3G	8.71	120	1	0	1.0	0.0	8.71
PLVAP_HUMAN	83483	PLVAP	8.71	120	1	0	1.0	0.0	8.71
EFGM_HUMAN	85476	GFM1	8.71	120	1	1	1.0	0.0	8.71
KCNJ3_HUMAN	3760	KCNJ3	8.707	121	1	0	1.0	0.0	8.707
AP2B_HUMAN	7021	TFAP2B	8.707	121	1	0	1.0	0.0	8.707
AMPD3_HUMAN	272	AMPD3	8.703	122	1	0	1.0	0.0	8.703
RD23B_HUMAN	5887	RAD23B	8.703	122	1	0	1.0	0.0	8.703
TRAP1_HUMAN	10131	TRAP1	8.7	123	1	0	1.0	0.0	8.7
SMS1_HUMAN	259230	SGMS1	8.7	123	1	0	1.0	0.0	8.7
HXA1_HUMAN	3198	HOXA1	8.696	124	1	1	1.0	0.0	8.696
SIX2_HUMAN	10736	SIX2	8.696	124	1	0	1.0	0.0	8.696
CMPK2_HUMAN	129607	CMPK2	8.696	124	1	1	1.0	0.0	8.696
LY75_HUMAN	4065	LY75	8.689	126	1	1	1.0	0.0	8.689
NEUL1_HUMAN	9148	NEURL1	8.689	126	1	0	1.0	0.0	8.689
DAB2_HUMAN	1601	DAB2	8.686	127	1	1	1.0	0.0	8.686
FACE1_HUMAN	10269	ZMPSTE24	8.686	127	1	2	1.0	0.0	8.686
NPTX2_HUMAN	4885	NPTX2	8.682	128	1	0	1.0	0.0	8.682
GNA13_HUMAN	10672	GNA13	8.682	128	1	1	1.0	0.0	8.682
EDAR_HUMAN	10913	EDAR	8.682	128	1	0	1.0	0.0	8.682
KLK8_HUMAN	11202	KLK8	8.682	128	1	1	1.0	0.0	8.682
MNX1_HUMAN	3110	MNX1	8.679	129	1	0	1.0	0.0	8.679
NR1D2_HUMAN	9975	NR1D2	8.679	129	1	0	1.0	0.0	8.679
RXFP2_HUMAN	122042	RXFP2	8.679	129	1	0	1.0	0.0	8.679
ASIC1_HUMAN	41	ASIC1	8.672	131	1	1	1.0	0.0	8.672
APOM_HUMAN	55937	APOM	8.669	132	1	0	1.0	0.0	8.669
BMR1B_HUMAN	658	BMPR1B	8.666	133	1	0	1.0	0.0	8.666
CAC1D_HUMAN	776	CACNA1D	8.666	133	1	1	1.0	0.0	8.666
MAOM_HUMAN	4200	ME2	8.666	133	1	0	1.0	0.0	8.666
SFPQ_HUMAN	6421	SFPQ	8.666	133	1	0	1.0	0.0	8.666
CALD1_HUMAN	800	CALD1	8.662	134	1	1	1.0	0.0	8.662
GLO2_HUMAN	3029	HAGH	8.662	134	1	0	1.0	0.0	8.662
NKX61_HUMAN	4825	NKX6-1	8.662	134	1	0	1.0	0.0	8.662
HPSE2_HUMAN	60495	HPSE2	8.659	135	1	2	1.0	0.0	8.659
CJ090_HUMAN	118611	C10orf90	8.656	136	1	0	1.0	0.0	8.656
FSTL1_HUMAN	11167	FSTL1	8.653	137	1	2	1.0	0.0	8.653
RIR2B_HUMAN	50484	RRM2B	8.653	137	1	0	1.0	0.0	8.653
SEPT5_HUMAN	5413	SEPT5	8.65	138	1	0	1.0	0.0	8.65
TPSN_HUMAN	6892	TAPBP	8.65	138	1	0	1.0	0.0	8.65
PARD3_HUMAN	56288	PARD3	8.65	138	1	0	1.0	0.0	8.65
APBA1_HUMAN	320	APBA1	8.647	139	1	0	1.0	0.0	8.647
WDTC1_HUMAN	23038	WDTC1	8.647	139	1	2	1.0	0.0	8.647
TNKS2_HUMAN	80351	TNKS2	8.647	139	1	0	1.0	0.0	8.647
GABR2_HUMAN	9568	GABBR2	8.643	140	1	1	1.0	0.0	8.643
KIF1B_HUMAN	23095	KIF1B	8.643	140	1	0	1.0	0.0	8.643
CNTN3_HUMAN	5067	CNTN3	8.64	141	1	0	1.0	0.0	8.64
NDUS7_HUMAN	374291	NDUFS7	8.64	141	1	1	1.0	0.0	8.64
XPO2_HUMAN	1434	CSE1L	8.637	142	1	0	1.0	0.0	8.637
HEM0_HUMAN	212	ALAS2	8.634	143	1	0	1.0	0.0	8.634
CAC1G_HUMAN	8913	CACNA1G	8.634	143	1	2	1.0	0.0	8.634
NTAL_HUMAN	7462	LAT2	8.625	146	1	0	1.0	0.0	8.625
GRAP2_HUMAN	9402	GRAP2	8.625	146	1	0	1.0	0.0	8.625
KCNQ3_HUMAN	3786	KCNQ3	8.622	147	1	0	1.0	0.0	8.622
MSRA_HUMAN	4482	MSRA	8.622	147	1	1	1.0	0.0	8.622
CP26A_HUMAN	1592	CYP26A1	8.619	148	1	1	1.0	0.0	8.619
P5CR1_HUMAN	5831	PYCR1	8.619	148	1	0	1.0	0.0	8.619
SEMG1_HUMAN	6406	SEMG1	8.619	148	1	1	1.0	0.0	8.619
SMUG1_HUMAN	23583	SMUG1	8.619	148	1	0	1.0	0.0	8.619
CBLC_HUMAN	23624	CBLC	8.616	149	1	0	1.0	0.0	8.616
SAHH_HUMAN	191	AHCY	8.613	150	1	1	1.0	0.0	8.613
MYPT1_HUMAN	4659	PPP1R12A	8.613	150	1	0	1.0	0.0	8.613
STXB1_HUMAN	6812	STXBP1	8.613	150	1	1	1.0	0.0	8.613
CP2AD_HUMAN	1553	CYP2A13	8.605	153	1	1	1.0	0.0	8.605
PANX1_HUMAN	24145	PANX1	8.605	153	1	0	1.0	0.0	8.605
FRIL_HUMAN	2512	FTL	8.602	154	1	0	1.0	0.0	8.602
PIGF_HUMAN	5281	PIGF	8.602	154	1	0	1.0	0.0	8.602
HDAC5_HUMAN	10014	HDAC5	8.602	154	1	1	1.0	0.0	8.602
TIF1B_HUMAN	10155	TRIM28	8.602	154	1	1	1.0	0.0	8.602
PIF1_HUMAN	80119	PIF1	8.602	154	1	0	1.0	0.0	8.602
ADT1_HUMAN	291	SLC25A4	8.599	155	1	0	1.0	0.0	8.599
GPBAR_HUMAN	151306	GPBAR1	8.599	155	1	6	1.0	0.0	8.599
PO3F2_HUMAN	5454	POU3F2	8.596	156	1	0	1.0	0.0	8.596
EHMT2_HUMAN	10919	EHMT2	8.594	157	1	0	1.0	0.0	8.594
AMPD1_HUMAN	270	AMPD1	8.591	158	1	0	1.0	0.0	8.591
KCNA2_HUMAN	3737	KCNA2	8.591	158	1	0	1.0	0.0	8.591
P2RX2_HUMAN	22953	P2RX2	8.591	158	1	0	1.0	0.0	8.591
CAN10_HUMAN	11132	CAPN10	8.588	159	1	0	1.0	0.0	8.588
TP4A3_HUMAN	11156	PTP4A3	8.588	159	1	2	1.0	0.0	8.588
VATE1_HUMAN	529	ATP6V1E1	8.585	160	1	0	1.0	0.0	8.585
NU6M_HUMAN	4541	MT-ND6	8.585	160	1	0	1.0	0.0	8.585
RAD1_HUMAN	5810	RAD1	8.585	160	1	0	1.0	0.0	8.585
SCO2_HUMAN	9997	SCO2	8.585	160	1	0	1.0	0.0	8.585
OPRX_HUMAN	4987	OPRL1	8.583	161	1	0	1.0	0.0	8.583
SCG2_HUMAN	7857	SCG2	8.583	161	1	0	1.0	0.0	8.583
IRG1_HUMAN	730249	ACOD1	8.58	162	1	0	1.0	0.0	8.58
GRIA3_HUMAN	2892	GRIA3	8.577	163	1	1	1.0	0.0	8.577
FMOD_HUMAN	2331	FMOD	8.572	165	1	1	1.0	0.0	8.572
IF16_HUMAN	3428	IFI16	8.572	165	1	0	1.0	0.0	8.572
TALDO_HUMAN	6888	TALDO1	8.569	166	1	0	1.0	0.0	8.569
P2RY4_HUMAN	5030	P2RY4	8.564	168	1	0	1.0	0.0	8.564
XIRP1_HUMAN	165904	XIRP1	8.562	169	1	1	1.0	0.0	8.562
FOXC2_HUMAN	2303	FOXC2	8.559	170	1	0	1.0	0.0	8.559
I18BP_HUMAN	10068	IL18BP	8.557	171	1	0	1.0	0.0	8.557
ACADV_HUMAN	37	ACADVL	8.554	172	1	0	1.0	0.0	8.554
KITM_HUMAN	7084	TK2	8.554	172	1	1	1.0	0.0	8.554
CSN2_HUMAN	9318	COPS2	8.554	172	1	0	1.0	0.0	8.554
SH2D3_HUMAN	10044	SH2D3C	8.554	172	1	1	1.0	0.0	8.554
FKBP4_HUMAN	2288	FKBP4	8.551	173	1	0	1.0	0.0	8.551
GSTO1_HUMAN	9446	GSTO1	8.551	173	1	2	1.0	0.0	8.551
RGMC_HUMAN	148738	HFE2	8.549	174	1	0	1.0	0.0	8.549
KCNK9_HUMAN	51305	KCNK9	8.546	175	1	0	1.0	0.0	8.546
NOV_HUMAN	4856	NOV	8.544	176	1	1	1.0	0.0	8.544
ROBO1_HUMAN	6091	ROBO1	8.544	176	1	0	1.0	0.0	8.544
DSG2_HUMAN	1829	DSG2	8.542	177	1	1	1.0	0.0	8.542
MTM1_HUMAN	4534	MTM1	8.542	177	1	0	1.0	0.0	8.542
HMR1_HUMAN	3140	MR1	8.539	178	1	0	1.0	0.0	8.539
DTBP1_HUMAN	84062	DTNBP1	8.534	180	1	2	1.0	0.0	8.534
BIN1_HUMAN	274	BIN1	8.532	181	1	1	1.0	0.0	8.532
RGS2_HUMAN	5997	RGS2	8.532	181	1	1	1.0	0.0	8.532
CAD11_HUMAN	1009	CDH11	8.529	182	1	0	1.0	0.0	8.529
KCNE2_HUMAN	9992	KCNE2	8.527	183	1	0	1.0	0.0	8.527
FST_HUMAN	10468	FST	8.525	184	1	4	1.0	0.0	8.525
CORT_HUMAN	1325	CORT	8.522	185	1	0	1.0	0.0	8.522
DEF5_HUMAN	1670	DEFA5	8.522	185	1	1	1.0	0.0	8.522
PK3CB_HUMAN	5291	PIK3CB	8.52	186	1	0	1.0	0.0	8.52
CO5A1_HUMAN	1289	COL5A1	8.518	187	1	1	1.0	0.0	8.518
CSN5_HUMAN	10987	COPS5	8.518	187	1	0	1.0	0.0	8.518
BAF_HUMAN	8815	BANF1	8.515	188	1	0	1.0	0.0	8.515
AIFM1_HUMAN	9131	AIFM1	8.515	188	1	4	1.0	0.0	8.515
CO4A1_HUMAN	1282	COL4A1	8.513	189	1	1	1.0	0.0	8.513
FHL1_HUMAN	2273	FHL1	8.513	189	1	0	1.0	0.0	8.513
HMGB2_HUMAN	3148	HMGB2	8.513	189	1	0	1.0	0.0	8.513
SUMO2_HUMAN	6613	SUMO2	8.513	189	1	0	1.0	0.0	8.513
TRIO_HUMAN	7204	TRIO	8.513	189	1	0	1.0	0.0	8.513
PP2AA_HUMAN	5515	PPP2CA	8.511	190	1	0	1.0	0.0	8.511
THA_HUMAN	7067	THRA	8.506	192	1	0	1.0	0.0	8.506
ARF6_HUMAN	382	ARF6	8.504	193	1	0	1.0	0.0	8.504
NR4A3_HUMAN	8013	NR4A3	8.499	195	1	0	1.0	0.0	8.499
KLF2_HUMAN	10365	KLF2	8.499	195	1	1	1.0	0.0	8.499
PRIMA_HUMAN	145270	PRIMA1	8.499	195	1	0	1.0	0.0	8.499
IOD2_HUMAN	1734	DIO2	8.497	196	1	0	1.0	0.0	8.497
FAAA_HUMAN	2184	FAH	8.497	196	1	0	1.0	0.0	8.497
NFM_HUMAN	4741	NEFM	8.495	197	1	0	1.0	0.0	8.495
CLC4C_HUMAN	170482	CLEC4C	8.495	197	1	0	1.0	0.0	8.495
DLG1_HUMAN	1739	DLG1	8.493	198	1	0	1.0	0.0	8.493
AFAM_HUMAN	173	AFM	8.491	199	1	1	1.0	0.0	8.491
MBNL1_HUMAN	4154	MBNL1	8.486	201	1	2	1.0	0.0	8.486
MIP_HUMAN	4284	MIP	8.486	201	1	1	1.0	0.0	8.486
CHKA_HUMAN	1119	CHKA	8.484	202	1	0	1.0	0.0	8.484
KPYR_HUMAN	5313	PKLR	8.484	202	1	1	1.0	0.0	8.484
SGCB_HUMAN	6443	SGCB	8.482	203	1	0	1.0	0.0	8.482
P2RX3_HUMAN	5024	P2RX3	8.48	204	1	0	1.0	0.0	8.48
CDKN3_HUMAN	1033	CDKN3	8.478	205	1	0	1.0	0.0	8.478
ZFYV9_HUMAN	9372	ZFYVE9	8.478	205	1	0	1.0	0.0	8.478
K1C15_HUMAN	3866	KRT15	8.476	206	1	0	1.0	0.0	8.476
RHAG_HUMAN	6005	RHAG	8.476	206	1	0	1.0	0.0	8.476
FMN1_HUMAN	342184	FMN1	8.476	206	1	0	1.0	0.0	8.476
PAF1_HUMAN	54623	PAF1	8.474	207	1	0	1.0	0.0	8.474
ORN_HUMAN	25996	REXO2	8.471	208	1	0	1.0	0.0	8.471
CYLD_HUMAN	1540	CYLD	8.469	209	1	1	1.0	0.0	8.469
CSK21_HUMAN	1457	CSNK2A1	8.467	210	1	0	1.0	0.0	8.467
CP51A_HUMAN	1595	CYP51A1	8.467	210	1	6	1.0	0.0	8.467
ODP2_HUMAN	1737	DLAT	8.467	210	1	0	1.0	0.0	8.467
SIA4C_HUMAN	6484	ST3GAL4	8.467	210	1	0	1.0	0.0	8.467
SEM1_HUMAN	7979	SEM1	8.467	210	1	0	1.0	0.0	8.467
PANK2_HUMAN	80025	PANK2	8.467	210	1	0	1.0	0.0	8.467
FAT1_HUMAN	2195	FAT1	8.465	211	1	3	1.0	0.0	8.465
EAA3_HUMAN	6505	SLC1A1	8.465	211	1	0	1.0	0.0	8.465
CAN1_HUMAN	823	CAPN1	8.463	212	1	0	1.0	0.0	8.463
RABP1_HUMAN	1381	CRABP1	8.463	212	1	0	1.0	0.0	8.463
TYB4_HUMAN	7114	TMSB4X	8.463	212	1	0	1.0	0.0	8.463
NR5A2_HUMAN	2494	NR5A2	8.461	213	1	0	1.0	0.0	8.461
HBE_HUMAN	3046	HBE1	8.461	213	1	0	1.0	0.0	8.461
HESX1_HUMAN	8820	HESX1	8.457	215	1	0	1.0	0.0	8.457
IFIT3_HUMAN	3437	IFIT3	8.455	216	1	0	1.0	0.0	8.455
TIPRL_HUMAN	261726	TIPRL	8.453	217	1	0	1.0	0.0	8.453
KLF6_HUMAN	1316	KLF6	8.451	218	1	0	1.0	0.0	8.451
DHPR_HUMAN	5860	QDPR	8.451	218	1	6	1.0	0.0	8.451
ELF4_HUMAN	2000	ELF4	8.449	219	1	0	1.0	0.0	8.449
MP2K3_HUMAN	5606	MAP2K3	8.449	219	1	1	1.0	0.0	8.449
DDAH1_HUMAN	23576	DDAH1	8.449	219	1	1	1.0	0.0	8.449
P2RY6_HUMAN	5031	P2RY6	8.441	223	1	0	1.0	0.0	8.441
UBE2B_HUMAN	7320	UBE2B	8.441	223	1	0	1.0	0.0	8.441
HINT1_HUMAN	3094	HINT1	8.439	224	1	0	1.0	0.0	8.439
SPAST_HUMAN	6683	SPAST	8.43	229	1	0	1.0	0.0	8.43
ACOC_HUMAN	48	ACO1	8.428	230	1	0	1.0	0.0	8.428
DLDH_HUMAN	1738	DLD	8.424	232	1	0	1.0	0.0	8.424
RBTN2_HUMAN	4005	LMO2	8.418	235	1	0	1.0	0.0	8.418
O10K2_HUMAN	391107	OR10K2	8.415	237	1	0	1.0	0.0	8.415
CPSM_HUMAN	1373	CPS1	8.413	238	1	0	1.0	0.0	8.413
SRA1_HUMAN	10011	SRA1	8.413	238	1	0	1.0	0.0	8.413
I17RA_HUMAN	23765	IL17RA	8.411	239	1	2	1.0	0.0	8.411
MVD1_HUMAN	4597	MVD	8.408	241	1	0	1.0	0.0	8.408
CSRP3_HUMAN	8048	CSRP3	8.404	243	1	0	1.0	0.0	8.404
PNPH_HUMAN	4860	PNP	8.402	244	1	0	1.0	0.0	8.402
PDE4D_HUMAN	5144	PDE4D	8.402	244	1	7	1.0	0.0	8.402
DCAF7_HUMAN	10238	DCAF7	8.402	244	1	0	1.0	0.0	8.402
MARK3_HUMAN	4140	MARK3	8.4	245	1	0	1.0	0.0	8.4
CXA5_HUMAN	2702	GJA5	8.399	246	1	0	1.0	0.0	8.399
AOXA_HUMAN	316	AOX1	8.393	249	1	7	1.0	0.0	8.393
PHX2B_HUMAN	8929	PHOX2B	8.393	249	1	1	1.0	0.0	8.393
FOLR1_HUMAN	2348	FOLR1	8.386	253	1	0	1.0	0.0	8.386
MEF2C_HUMAN	4208	MEF2C	8.385	254	1	2	1.0	0.0	8.385
SGCG_HUMAN	6445	SGCG	8.385	254	1	0	1.0	0.0	8.385
CEBPZ_HUMAN	10153	CEBPZ	8.378	258	1	0	1.0	0.0	8.378
TNFL4_HUMAN	7292	TNFSF4	8.375	260	1	1	1.0	0.0	8.375
FUMH_HUMAN	2271	FH	8.373	261	1	0	1.0	0.0	8.373
ITLN1_HUMAN	55600	ITLN1	8.37	263	1	0	1.0	0.0	8.37
RALA_HUMAN	5898	RALA	8.368	264	1	0	1.0	0.0	8.368
KCNK5_HUMAN	8645	KCNK5	8.365	266	1	0	1.0	0.0	8.365
SIX1_HUMAN	6495	SIX1	8.363	267	1	1	1.0	0.0	8.363
PADI4_HUMAN	23569	PADI4	8.363	267	1	0	1.0	0.0	8.363
5HT1D_HUMAN	3352	HTR1D	8.361	268	1	0	1.0	0.0	8.361
LEG9_HUMAN	3965	LGALS9	8.361	268	1	1	1.0	0.0	8.361
SDC4_HUMAN	6385	SDC4	8.361	268	1	0	1.0	0.0	8.361
PERI_HUMAN	5630	PRPH	8.36	269	1	0	1.0	0.0	8.36
UROM_HUMAN	7369	UMOD	8.36	269	1	0	1.0	0.0	8.36
ACVR1_HUMAN	90	ACVR1	8.358	270	1	0	1.0	0.0	8.358
EFNB2_HUMAN	1948	EFNB2	8.358	270	1	0	1.0	0.0	8.358
CP4F2_HUMAN	8529	CYP4F2	8.357	271	1	0	1.0	0.0	8.357
CCNO_HUMAN	10309	CCNO	8.357	271	1	0	1.0	0.0	8.357
FSD1_HUMAN	79187	FSD1	8.357	271	1	1	1.0	0.0	8.357
NCOA3_HUMAN	8202	NCOA3	8.352	274	1	0	1.0	0.0	8.352
AIF1_HUMAN	199	AIF1	8.349	276	1	0	1.0	0.0	8.349
BAG1_HUMAN	573	BAG1	8.349	276	1	0	1.0	0.0	8.349
SHOX_HUMAN	6473	SHOX	8.345	278	1	2	1.0	0.0	8.345
S22A5_HUMAN	6584	SLC22A5	8.345	278	1	1	1.0	0.0	8.345
MRP6_HUMAN	368	ABCC6	8.344	279	1	2	1.0	0.0	8.344
CENPB_HUMAN	1059	CENPB	8.344	279	1	0	1.0	0.0	8.344
MAVS_HUMAN	57506	MAVS	8.341	281	1	0	1.0	0.0	8.341
AMACR_HUMAN	23600	AMACR	8.338	283	1	1	1.0	0.0	8.338
IL31R_HUMAN	133396	IL31RA	8.338	283	1	0	1.0	0.0	8.338
FADS1_HUMAN	3992	FADS1	8.336	284	1	0	1.0	0.0	8.336
PENK_HUMAN	5179	PENK	8.333	286	1	0	1.0	0.0	8.333
CLIP1_HUMAN	6249	CLIP1	8.333	286	1	0	1.0	0.0	8.333
CLN3_HUMAN	1201	CLN3	8.33	288	1	0	1.0	0.0	8.33
INGR2_HUMAN	3460	IFNGR2	8.329	289	1	0	1.0	0.0	8.329
CDK7_HUMAN	1022	CDK7	8.321	294	1	0	1.0	0.0	8.321
CHD7_HUMAN	55636	CHD7	8.321	294	1	0	1.0	0.0	8.321
TRI27_HUMAN	5987	TRIM27	8.32	295	1	0	1.0	0.0	8.32
ARP2_HUMAN	10097	ACTR2	8.318	296	1	2	1.0	0.0	8.318
SCN2A_HUMAN	6326	SCN2A	8.317	297	1	0	1.0	0.0	8.317
SC6A7_HUMAN	6534	SLC6A7	8.315	298	1	0	1.0	0.0	8.315
DECR_HUMAN	1666	DECR1	8.314	299	1	0	1.0	0.0	8.314
VAV_HUMAN	7409	VAV1	8.311	301	1	0	1.0	0.0	8.311
IRF9_HUMAN	10379	IRF9	8.311	301	1	2	1.0	0.0	8.311
AMD_HUMAN	5066	PAM	8.31	302	1	0	1.0	0.0	8.31
NDRG1_HUMAN	10397	NDRG1	8.31	302	1	0	1.0	0.0	8.31
XLRS1_HUMAN	6247	RS1	8.307	304	1	0	1.0	0.0	8.307
SCAR3_HUMAN	51435	SCARA3	8.307	304	1	0	1.0	0.0	8.307
GALNS_HUMAN	2588	GALNS	8.3	309	1	0	1.0	0.0	8.3
NFH_HUMAN	4744	NEFH	8.298	310	1	0	1.0	0.0	8.298
CSPG2_HUMAN	1462	VCAN	8.297	311	1	1	1.0	0.0	8.297
MEF2A_HUMAN	4205	MEF2A	8.294	313	1	1	1.0	0.0	8.294
MSRE_HUMAN	4481	MSR1	8.293	314	1	0	1.0	0.0	8.293
ADA2A_HUMAN	150	ADRA2A	8.29	316	1	1	1.0	0.0	8.29
ENPP1_HUMAN	5167	ENPP1	8.29	316	1	3	1.0	0.0	8.29
LIPS_HUMAN	3991	LIPE	8.288	317	1	0	1.0	0.0	8.288
HPTR_HUMAN	3250	HPR	8.287	318	1	4	1.0	0.0	8.287
STH_HUMAN	246744	STH	8.286	319	1	0	1.0	0.0	8.286
HNMT_HUMAN	3176	HNMT	8.284	320	1	0	1.0	0.0	8.284
AK1C1_HUMAN	1645	AKR1C1	8.28	323	1	0	1.0	0.0	8.28
PVR_HUMAN	5817	PVR	8.28	323	1	0	1.0	0.0	8.28
CAGE1_HUMAN	285782	CAGE1	8.28	323	1	0	1.0	0.0	8.28
PLIN2_HUMAN	123	PLIN2	8.279	324	1	1	1.0	0.0	8.279
SYT1_HUMAN	6857	SYT1	8.276	326	1	1	1.0	0.0	8.276
TRPC1_HUMAN	7220	TRPC1	8.275	327	1	2	1.0	0.0	8.275
5NT3A_HUMAN	51251	NT5C3A	8.275	327	1	0	1.0	0.0	8.275
FOXG1_HUMAN	2290	FOXG1	8.272	329	1	0	1.0	0.0	8.272
DCHS_HUMAN	3067	HDC	8.271	330	1	0	1.0	0.0	8.271
CLTR1_HUMAN	10800	CYSLTR1	8.267	333	1	0	1.0	0.0	8.267
SIR3_HUMAN	23410	SIRT3	8.266	334	1	4	1.0	0.0	8.266
PDP1_HUMAN	54704	PDP1	8.266	334	1	0	1.0	0.0	8.266
KPCD1_HUMAN	5587	PRKD1	8.262	337	1	4	1.0	0.0	8.262
S10AC_HUMAN	6283	S100A12	8.261	338	1	2	1.0	0.0	8.261
TEBP_HUMAN	10728	PTGES3	8.261	338	1	0	1.0	0.0	8.261
KCNA1_HUMAN	3736	KCNA1	8.259	339	1	0	1.0	0.0	8.259
CTAG2_HUMAN	30848	CTAG2	8.255	342	1	4	1.0	0.0	8.255
HXC8_HUMAN	3224	HOXC8	8.253	344	1	0	1.0	0.0	8.253
C1QRF_HUMAN	10882	C1QL1	8.249	347	1	2	1.0	0.0	8.249
PLCB1_HUMAN	23236	PLCB1	8.249	347	1	0	1.0	0.0	8.249
HEXA_HUMAN	3073	HEXA	8.247	349	1	0	1.0	0.0	8.247
DHE3_HUMAN	2746	GLUD1	8.244	351	1	0	1.0	0.0	8.244
PRDX1_HUMAN	5052	PRDX1	8.243	352	1	0	1.0	0.0	8.243
KCNK3_HUMAN	3777	KCNK3	8.241	354	1	0	1.0	0.0	8.241
TRAF3_HUMAN	7187	TRAF3	8.239	355	1	0	1.0	0.0	8.239
CRCM1_HUMAN	84876	ORAI1	8.239	355	1	0	1.0	0.0	8.239
SP7_HUMAN	121340	SP7	8.239	355	1	0	1.0	0.0	8.239
PRAP1_HUMAN	118471	PRAP1	8.233	360	1	0	1.0	0.0	8.233
MT3_HUMAN	4504	MT3	8.232	361	1	0	1.0	0.0	8.232
NFE2_HUMAN	4778	NFE2	8.232	361	1	0	1.0	0.0	8.232
SET1A_HUMAN	9739	SETD1A	8.23	363	1	0	1.0	0.0	8.23
ACOD_HUMAN	6319	SCD	8.228	364	1	8	1.0	0.0	8.228
RBM40_HUMAN	55599	RNPC3	8.225	367	1	0	1.0	0.0	8.225
DLL4_HUMAN	54567	DLL4	8.224	368	1	0	1.0	0.0	8.224
LSM2_HUMAN	57819	LSM2	8.222	369	1	0	1.0	0.0	8.222
KISS1_HUMAN	3814	KISS1	8.219	372	1	2	1.0	0.0	8.219
KCNA5_HUMAN	3741	KCNA5	8.218	373	1	1	1.0	0.0	8.218
ASM_HUMAN	6609	SMPD1	8.218	373	1	0	1.0	0.0	8.218
ROA1_HUMAN	3178	HNRNPA1	8.215	375	1	1	1.0	0.0	8.215
HEMO_HUMAN	3263	HPX	8.215	375	1	0	1.0	0.0	8.215
PPIA_HUMAN	5478	PPIA	8.211	379	1	0	1.0	0.0	8.211
RNAS2_HUMAN	6036	RNASE2	8.211	379	1	0	1.0	0.0	8.211
KCNE1_HUMAN	3753	KCNE1	8.21	380	1	3	1.0	0.0	8.21
LAT1_HUMAN	8140	SLC7A5	8.21	380	1	0	1.0	0.0	8.21
NR1H3_HUMAN	10062	NR1H3	8.21	380	1	1	1.0	0.0	8.21
S1PR1_HUMAN	1901	S1PR1	8.209	381	1	0	1.0	0.0	8.209
CY24A_HUMAN	1535	CYBA	8.207	382	1	5	1.0	0.0	8.207
FCG2B_HUMAN	2213	FCGR2B	8.207	382	1	1	1.0	0.0	8.207
SNP25_HUMAN	6616	SNAP25	8.207	382	1	0	1.0	0.0	8.207
TYK2_HUMAN	7297	TYK2	8.206	383	1	0	1.0	0.0	8.206
TEST_HUMAN	10942	PRSS21	8.206	383	1	1	1.0	0.0	8.206
PGM1_HUMAN	5236	PGM1	8.202	387	1	0	1.0	0.0	8.202
M3K5_HUMAN	4217	MAP3K5	8.2	389	1	1	1.0	0.0	8.2
ROCK1_HUMAN	6093	ROCK1	8.197	391	1	3	1.0	0.0	8.197
5NTC_HUMAN	22978	NT5C2	8.194	394	1	1	1.0	0.0	8.194
MARCS_HUMAN	4082	MARCKS	8.191	397	1	0	1.0	0.0	8.191
MP2K4_HUMAN	6416	MAP2K4	8.191	397	1	1	1.0	0.0	8.191
VIPR1_HUMAN	7433	VIPR1	8.191	397	1	0	1.0	0.0	8.191
ATG7_HUMAN	10533	ATG7	8.191	397	1	1	1.0	0.0	8.191
LN28A_HUMAN	79727	LIN28A	8.191	397	1	0	1.0	0.0	8.191
CD209_HUMAN	30835	CD209	8.19	398	1	1	1.0	0.0	8.19
CP7A1_HUMAN	1581	CYP7A1	8.189	399	1	0	1.0	0.0	8.189
EAA2_HUMAN	6506	SLC1A2	8.187	400	1	2	1.0	0.0	8.187
PRKN_HUMAN	5071	PRKN	8.186	401	1	0	1.0	0.0	8.186
MSX2_HUMAN	4488	MSX2	8.185	402	1	0	1.0	0.0	8.185
TNR9_HUMAN	3604	TNFRSF9	8.184	403	1	1	1.0	0.0	8.184
TPM3_HUMAN	7170	TPM3	8.184	403	1	1	1.0	0.0	8.184
DCC_HUMAN	1630	DCC	8.183	404	1	0	1.0	0.0	8.183
SOX10_HUMAN	6663	SOX10	8.182	405	1	0	1.0	0.0	8.182
TAZ_HUMAN	6901	TAZ	8.181	406	1	2	1.0	0.0	8.181
RICTR_HUMAN	253260	RICTOR	8.18	407	1	0	1.0	0.0	8.18
DLG4_HUMAN	1742	DLG4	8.179	408	1	1	1.0	0.0	8.179
ATF6A_HUMAN	22926	ATF6	8.179	408	1	7	1.0	0.0	8.179
PPIG_HUMAN	9360	PPIG	8.178	409	1	0	1.0	0.0	8.178
NOGG_HUMAN	9241	NOG	8.175	412	1	0	1.0	0.0	8.175
NR0B1_HUMAN	190	NR0B1	8.173	414	1	0	1.0	0.0	8.173
RFOX3_HUMAN	146713	RBFOX3	8.173	414	1	0	1.0	0.0	8.173
ARGI1_HUMAN	383	ARG1	8.169	417	1	3	1.0	0.0	8.169
GUAD_HUMAN	9615	GDA	8.164	422	1	0	1.0	0.0	8.164
KHDR3_HUMAN	10656	KHDRBS3	8.164	422	1	0	1.0	0.0	8.164
ROS1_HUMAN	6098	ROS1	8.161	425	1	0	1.0	0.0	8.161
SYWC_HUMAN	7453	WARS	8.16	426	1	0	1.0	0.0	8.16
TPPP_HUMAN	11076	TPPP	8.157	429	1	0	1.0	0.0	8.157
PAK1_HUMAN	5058	PAK1	8.156	430	1	0	1.0	0.0	8.156
ILK_HUMAN	3611	ILK	8.152	434	1	4	1.0	0.0	8.152
HEM2_HUMAN	210	ALAD	8.151	435	1	0	1.0	0.0	8.151
STX1A_HUMAN	6804	STX1A	8.151	435	1	0	1.0	0.0	8.151
CSPG4_HUMAN	1464	CSPG4	8.145	441	1	5	1.0	0.0	8.145
IL24_HUMAN	11009	IL24	8.145	441	1	1	1.0	0.0	8.145
MOT1_HUMAN	6566	SLC16A1	8.144	442	1	1	1.0	0.0	8.144
HNRPM_HUMAN	4670	HNRNPM	8.143	443	1	0	1.0	0.0	8.143
HEM3_HUMAN	3145	HMBS	8.142	444	1	0	1.0	0.0	8.142
EDN2_HUMAN	1907	EDN2	8.139	447	1	0	1.0	0.0	8.139
UTER_HUMAN	7356	SCGB1A1	8.136	450	1	0	1.0	0.0	8.136
ELAV1_HUMAN	1994	ELAVL1	8.133	453	1	2	1.0	0.0	8.133
41_HUMAN	2035	EPB41	8.132	454	1	0	1.0	0.0	8.132
VASP_HUMAN	7408	VASP	8.125	462	1	4	1.0	0.0	8.125
NEST_HUMAN	10763	NES	8.121	466	1	1	1.0	0.0	8.121
MRP4_HUMAN	10257	ABCC4	8.119	468	1	0	1.0	0.0	8.119
GRPR_HUMAN	2925	GRPR	8.114	474	1	0	1.0	0.0	8.114
MMP10_HUMAN	4319	MMP10	8.112	476	1	0	1.0	0.0	8.112
CD47_HUMAN	961	CD47	8.109	479	1	0	1.0	0.0	8.109
SKI_HUMAN	6497	SKI	8.109	479	1	0	1.0	0.0	8.109
FEZF2_HUMAN	55079	FEZF2	8.109	479	1	0	1.0	0.0	8.109
GHSR_HUMAN	2693	GHSR	8.108	480	1	0	1.0	0.0	8.108
MYOC_HUMAN	4653	MYOC	8.108	480	1	1	1.0	0.0	8.108
IL16_HUMAN	3603	IL16	8.107	481	1	0	1.0	0.0	8.107
LYOX_HUMAN	4015	LOX	8.103	486	1	0	1.0	0.0	8.103
S29A1_HUMAN	2030	SLC29A1	8.101	488	1	0	1.0	0.0	8.101
ACADM_HUMAN	34	ACADM	8.099	490	1	0	1.0	0.0	8.099
OREX_HUMAN	3060	HCRT	8.098	491	1	0	1.0	0.0	8.098
CYB5_HUMAN	1528	CYB5A	8.097	493	1	0	1.0	0.0	8.097
RORG_HUMAN	6097	RORC	8.095	495	1	0	1.0	0.0	8.095
BPI_HUMAN	671	BPI	8.094	496	1	0	1.0	0.0	8.094
XK_HUMAN	7504	XK	8.092	498	1	0	1.0	0.0	8.092
RPP14_HUMAN	11102	RPP14	8.091	499	1	0	1.0	0.0	8.091
PPBI_HUMAN	248	ALPI	8.086	505	1	0	1.0	0.0	8.086
IKZF1_HUMAN	10320	IKZF1	8.084	508	1	3	1.0	0.0	8.084
CD1B_HUMAN	910	CD1B	8.082	510	1	0	1.0	0.0	8.082
P85B_HUMAN	5296	PIK3R2	8.082	510	1	0	1.0	0.0	8.082
AMRP_HUMAN	4043	LRPAP1	8.081	511	1	1	1.0	0.0	8.081
WASP_HUMAN	7454	WAS	8.081	511	1	0	1.0	0.0	8.081
IFIH1_HUMAN	64135	IFIH1	8.081	511	1	1	1.0	0.0	8.081
GATA2_HUMAN	2624	GATA2	8.08	512	1	0	1.0	0.0	8.08
CD82_HUMAN	3732	CD82	8.076	517	1	0	1.0	0.0	8.076
GPC3_HUMAN	2719	GPC3	8.07	524	1	1	1.0	0.0	8.07
DUS1_HUMAN	1843	DUSP1	8.069	526	1	4	1.0	0.0	8.069
ABCB6_HUMAN	10058	ABCB6	8.067	528	1	0	1.0	0.0	8.067
GSH1_HUMAN	2729	GCLC	8.066	529	1	0	1.0	0.0	8.066
DNER_HUMAN	92737	DNER	8.064	532	1	0	1.0	0.0	8.064
TSLP_HUMAN	85480	TSLP	8.061	535	1	0	1.0	0.0	8.061
CD166_HUMAN	214	ALCAM	8.056	541	1	4	1.0	0.0	8.056
EST1_HUMAN	1066	CES1	8.048	551	1	0	1.0	0.0	8.048
XPC_HUMAN	7508	XPC	8.044	557	1	0	1.0	0.0	8.044
CDK5_HUMAN	1020	CDK5	8.043	558	1	1	1.0	0.0	8.043
TYPH_HUMAN	1890	TYMP	8.041	560	1	0	1.0	0.0	8.041
DDX58_HUMAN	23586	DDX58	8.041	560	1	7	1.0	0.0	8.041
TYY1_HUMAN	7528	YY1	8.04	562	1	1	1.0	0.0	8.04
PDPN_HUMAN	10630	PDPN	8.039	563	1	2	1.0	0.0	8.039
USH1G_HUMAN	124590	USH1G	8.039	563	1	0	1.0	0.0	8.039
CD177_HUMAN	57126	CD177	8.038	564	1	0	1.0	0.0	8.038
LOX15_HUMAN	246	ALOX15	8.029	576	1	0	1.0	0.0	8.029
IBP5_HUMAN	3488	IGFBP5	8.027	579	1	1	1.0	0.0	8.027
PARK7_HUMAN	11315	PARK7	8.027	579	1	0	1.0	0.0	8.027
IL12A_HUMAN	3592	IL12A	8.025	581	1	2	1.0	0.0	8.025
SYCY1_HUMAN	30816	ERVW-1	8.025	581	1	1	1.0	0.0	8.025
PEDF_HUMAN	5176	SERPINF1	8.024	583	1	1	1.0	0.0	8.024
C4BPA_HUMAN	722	C4BPA	8.022	586	1	0	1.0	0.0	8.022
IKKA_HUMAN	1147	CHUK	8.019	590	1	0	1.0	0.0	8.019
CCL7_HUMAN	6354	CCL7	8.012	599	1	0	1.0	0.0	8.012
TSPO_HUMAN	706	TSPO	8.011	600	1	6	1.0	0.0	8.011
UCP1_HUMAN	7350	UCP1	8.006	607	1	1	1.0	0.0	8.006
BIRC2_HUMAN	329	BIRC2	8.001	614	1	0	1.0	0.0	8.001
APC_HUMAN	324	APC	7.998	619	1	0	1.0	0.0	7.998
ENOA_HUMAN	2023	ENO1	7.996	622	1	1	1.0	0.0	7.996
D103A_HUMAN	55894	DEFB103B	7.995	623	1	0	1.0	0.0	7.995
CD20_HUMAN	931	MS4A1	7.992	627	1	0	1.0	0.0	7.992
VEGFD_HUMAN	2277	VEGFD	7.99	630	1	4	1.0	0.0	7.99
PDGFA_HUMAN	5154	PDGFA	7.989	632	1	0	1.0	0.0	7.989
SCN1A_HUMAN	6323	SCN1A	7.985	638	1	1	1.0	0.0	7.985
CBSL_HUMAN	875	CBSL	7.983	640	1	0	1.0	0.0	7.983
MAGA3_HUMAN	4102	MAGEA3	7.983	640	1	0	1.0	0.0	7.983
MYPR_HUMAN	5354	PLP1	7.983	640	1	0	1.0	0.0	7.983
5HT1B_HUMAN	3351	HTR1B	7.981	644	1	0	1.0	0.0	7.981
CP11A_HUMAN	1583	CYP11A1	7.976	651	1	0	1.0	0.0	7.976
PGS1_HUMAN	633	BGN	7.964	669	1	0	1.0	0.0	7.964
RAN_HUMAN	5901	RAN	7.963	670	1	0	1.0	0.0	7.963
DHI2_HUMAN	3291	HSD11B2	7.959	677	1	0	1.0	0.0	7.959
GPX1_HUMAN	2876	GPX1	7.958	679	1	2	1.0	0.0	7.958
EDN3_HUMAN	1908	EDN3	7.957	680	1	0	1.0	0.0	7.957
PPARD_HUMAN	5467	PPARD	7.957	680	1	0	1.0	0.0	7.957
EPOR_HUMAN	2057	EPOR	7.956	681	1	0	1.0	0.0	7.956
DBLOH_HUMAN	56616	DIABLO	7.953	686	1	0	1.0	0.0	7.953
X3CL1_HUMAN	6376	CX3CL1	7.947	696	1	1	1.0	0.0	7.947
FYN_HUMAN	2534	FYN	7.946	697	1	0	1.0	0.0	7.946
NRG1_HUMAN	3084	NRG1	7.946	697	1	0	1.0	0.0	7.946
SMAD1_HUMAN	4086	SMAD1	7.941	706	1	1	1.0	0.0	7.941
IBP4_HUMAN	3487	IGFBP4	7.94	707	1	1	1.0	0.0	7.94
RBBP4_HUMAN	5928	RBBP4	7.938	711	1	0	1.0	0.0	7.938
SMCA4_HUMAN	6597	SMARCA4	7.936	714	1	5	1.0	0.0	7.936
CATK_HUMAN	1513	CTSK	7.934	717	1	1	1.0	0.0	7.934
G6PC_HUMAN	2538	G6PC	7.933	718	1	0	1.0	0.0	7.933
HBEGF_HUMAN	1839	HBEGF	7.93	724	1	0	1.0	0.0	7.93
CCL22_HUMAN	6367	CCL22	7.928	727	1	0	1.0	0.0	7.928
BACE1_HUMAN	23621	BACE1	7.927	729	1	1	1.0	0.0	7.927
AGTR2_HUMAN	186	AGTR2	7.925	732	1	0	1.0	0.0	7.925
FSHR_HUMAN	2492	FSHR	7.919	743	1	0	1.0	0.0	7.919
COPE_HUMAN	11316	COPE	7.914	751	1	0	1.0	0.0	7.914
OXLA_HUMAN	259307	IL4I1	7.909	759	1	0	1.0	0.0	7.909
INSRR_HUMAN	3645	INSRR	7.907	763	1	0	1.0	0.0	7.907
OAS3_HUMAN	4940	OAS3	7.901	774	1	0	1.0	0.0	7.901
AQP1_HUMAN	358	AQP1	7.899	777	1	0	1.0	0.0	7.899
PTX3_HUMAN	5806	PTX3	7.895	784	1	0	1.0	0.0	7.895
APR_HUMAN	5366	PMAIP1	7.894	787	1	0	1.0	0.0	7.894
CLD1_HUMAN	9076	CLDN1	7.894	786	1	1	1.0	0.0	7.894
GRB2_HUMAN	2885	GRB2	7.891	792	1	2	1.0	0.0	7.891
PAEP_HUMAN	5047	PAEP	7.891	791	1	0	1.0	0.0	7.891
SFTPD_HUMAN	6441	SFTPD	7.889	795	1	0	1.0	0.0	7.889
RETN_HUMAN	56729	RETN	7.889	796	1	5	1.0	0.0	7.889
EDA_HUMAN	1896	EDA	7.886	801	1	0	1.0	0.0	7.886
AOC1_HUMAN	26	AOC1	7.884	805	1	0	1.0	0.0	7.884
FCERA_HUMAN	2205	FCER1A	7.884	805	1	0	1.0	0.0	7.884
MUC18_HUMAN	4162	MCAM	7.88	812	1	0	1.0	0.0	7.88
TOR1A_HUMAN	1861	TOR1A	7.874	824	1	0	1.0	0.0	7.874
CNTN2_HUMAN	6900	CNTN2	7.87	830	1	0	1.0	0.0	7.87
PIP_HUMAN	5304	PIP	7.868	835	1	2	1.0	0.0	7.868
CATL1_HUMAN	1514	CTSL	7.866	839	1	0	1.0	0.0	7.866
MX1_HUMAN	4599	MX1	7.861	848	1	7	1.0	0.0	7.861
GRN_HUMAN	2896	GRN	7.855	861	1	0	1.0	0.0	7.855
NTRK2_HUMAN	4915	NTRK2	7.85	870	1	1	1.0	0.0	7.85
CDD_HUMAN	978	CDA	7.848	874	1	0	1.0	0.0	7.848
CP27A_HUMAN	1593	CYP27A1	7.848	874	1	0	1.0	0.0	7.848
SELPL_HUMAN	6404	SELPLG	7.848	875	1	0	1.0	0.0	7.848
YAP1_HUMAN	10413	YAP1	7.847	877	1	9	1.0	0.0	7.847
S10AA_HUMAN	6281	S100A10	7.846	879	1	0	1.0	0.0	7.846
CO5_HUMAN	727	C5	7.837	897	1	0	1.0	0.0	7.837
HBB_HUMAN	3043	HBB	7.837	897	1	0	1.0	0.0	7.837
TBX1_HUMAN	6899	TBX1	7.831	908	1	0	1.0	0.0	7.831
DPYD_HUMAN	1806	DPYD	7.826	919	1	1	1.0	0.0	7.826
CNR2_HUMAN	1269	CNR2	7.825	922	1	0	1.0	0.0	7.825
RAGE_HUMAN	177	AGER	7.824	924	1	0	1.0	0.0	7.824
EPAS1_HUMAN	2034	EPAS1	7.809	957	1	1	1.0	0.0	7.809
CATG_HUMAN	1511	CTSG	7.805	966	1	0	1.0	0.0	7.805
PH4H_HUMAN	5053	PAH	7.805	965	1	1	1.0	0.0	7.805
PAX6_HUMAN	5080	PAX6	7.805	964	1	0	1.0	0.0	7.805
DKK1_HUMAN	22943	DKK1	7.8	976	1	9	1.0	0.0	7.8
NUP62_HUMAN	23636	NUP62	7.799	979	1	2	1.0	0.0	7.799
PTC1_HUMAN	5727	PTCH1	7.793	993	1	1	1.0	0.0	7.793
PPAP_HUMAN	55	ACPP	7.792	995	1	0	1.0	0.0	7.792
NKX21_HUMAN	7080	NKX2-1	7.782	1017	1	0	1.0	0.0	7.782
GLI1_HUMAN	2735	GLI1	7.779	1025	1	1	1.0	0.0	7.779
IL17F_HUMAN	112744	IL17F	7.775	1033	1	0	1.0	0.0	7.775
DPOLA_HUMAN	5422	POLA1	7.772	1041	1	0	1.0	0.0	7.772
GDN_HUMAN	5270	SERPINE2	7.771	1043	1	0	1.0	0.0	7.771
DAPK3_HUMAN	1613	DAPK3	7.77	1045	1	0	1.0	0.0	7.77
STS_HUMAN	412	STS	7.769	1048	1	0	1.0	0.0	7.769
CSH2_HUMAN	1443	CSH2	7.768	1050	1	0	1.0	0.0	7.768
ERCC2_HUMAN	2068	ERCC2	7.767	1053	1	2	1.0	0.0	7.767
LSHR_HUMAN	3973	LHCGR	7.767	1054	1	0	1.0	0.0	7.767
TFPI1_HUMAN	7035	TFPI	7.757	1077	1	0	1.0	0.0	7.757
DFB4A_HUMAN	1673	DEFB4B	7.756	1081	1	0	1.0	0.0	7.756
PKD1_HUMAN	5310	PKD1	7.751	1092	1	0	1.0	0.0	7.751
WDHD1_HUMAN	11169	WDHD1	7.748	1100	1	0	1.0	0.0	7.748
PA2GA_HUMAN	5320	PLA2G2A	7.747	1104	1	0	1.0	0.0	7.747
EDNRB_HUMAN	1910	EDNRB	7.746	1105	1	0	1.0	0.0	7.746
B2LA1_HUMAN	597	BCL2A1	7.739	1124	1	0	1.0	0.0	7.739
CADH5_HUMAN	1003	CDH5	7.736	1131	1	1	1.0	0.0	7.736
GLPA_HUMAN	2993	GYPA	7.733	1138	1	0	1.0	0.0	7.733
CDR1_HUMAN	1038	CDR1	7.721	1172	1	0	1.0	0.0	7.721
ASGL1_HUMAN	80150	ASRGL1	7.718	1178	1	0	1.0	0.0	7.718
PAR1_HUMAN	2149	F2R	7.711	1197	1	0	1.0	0.0	7.711
FAK2_HUMAN	2185	PTK2B	7.706	1212	1	1	1.0	0.0	7.706
PROC_HUMAN	5624	PROC	7.697	1238	1	0	1.0	0.0	7.697
AP2A_HUMAN	7020	TFAP2A	7.694	1247	1	0	1.0	0.0	7.694
PDLI7_HUMAN	9260	PDLIM7	7.694	1246	1	0	1.0	0.0	7.694
NKG2D_HUMAN	22914	KLRK1	7.694	1245	1	1	1.0	0.0	7.694
CXCL9_HUMAN	4283	CXCL9	7.693	1249	1	0	1.0	0.0	7.693
NK1R_HUMAN	6869	TACR1	7.693	1249	1	0	1.0	0.0	7.693
TN13B_HUMAN	10673	TNFSF13B	7.691	1256	1	1	1.0	0.0	7.691
GROA_HUMAN	2919	CXCL1	7.689	1260	1	0	1.0	0.0	7.689
B3GN2_HUMAN	10678	B3GNT2	7.685	1273	1	1	1.0	0.0	7.685
PTPA_HUMAN	5524	PTPA	7.684	1274	1	0	1.0	0.0	7.684
LCAT_HUMAN	3931	LCAT	7.681	1283	1	0	1.0	0.0	7.681
FGFR2_HUMAN	2263	FGFR2	7.677	1295	1	0	1.0	0.0	7.677
MEFV_HUMAN	4210	MEFV	7.677	1297	1	0	1.0	0.0	7.677
EZH2_HUMAN	2146	EZH2	7.673	1309	1	0	1.0	0.0	7.673
OPSD_HUMAN	6010	RHO	7.665	1333	1	1	1.0	0.0	7.665
ANGP1_HUMAN	284	ANGPT1	7.659	1351	1	0	1.0	0.0	7.659
TSC1_HUMAN	7248	TSC1	7.649	1381	1	0	1.0	0.0	7.649
ADT2_HUMAN	292	SLC25A5	7.641	1407	1	0	1.0	0.0	7.641
CP17A_HUMAN	1586	CYP17A1	7.641	1409	1	0	1.0	0.0	7.641
ST2A1_HUMAN	6822	SULT2A1	7.638	1418	1	0	1.0	0.0	7.638
K2C5_HUMAN	3852	KRT5	7.634	1430	1	2	1.0	0.0	7.634
IL6RA_HUMAN	3570	IL6R	7.625	1462	1	2	1.0	0.0	7.625
CFLAR_HUMAN	8837	CFLAR	7.622	1469	1	1	1.0	0.0	7.622
SFTA1_HUMAN	653509	SFTPA1	7.621	1473	1	0	1.0	0.0	7.621
CABIN_HUMAN	23523	CABIN1	7.61	1511	1	0	1.0	0.0	7.61
PER2_HUMAN	8864	PER2	7.609	1516	1	0	1.0	0.0	7.609
CBX8_HUMAN	57332	CBX8	7.601	1545	1	0	1.0	0.0	7.601
DNMT1_HUMAN	1786	DNMT1	7.592	1576	1	1	1.0	0.0	7.592
CD79A_HUMAN	973	CD79A	7.58	1621	1	0	1.0	0.0	7.58
PER1_HUMAN	5187	PER1	7.58	1621	1	0	1.0	0.0	7.58
RAD51_HUMAN	5888	RAD51	7.577	1631	1	2	1.0	0.0	7.577
LEG3_HUMAN	3958	LGALS3	7.575	1637	1	1	1.0	0.0	7.575
PERT_HUMAN	7173	TPO	7.572	1651	1	0	1.0	0.0	7.572
PGP_HUMAN	283871	PGP	7.567	1668	1	0	1.0	0.0	7.567
IDHC_HUMAN	3417	IDH1	7.563	1683	1	0	1.0	0.0	7.563
TNR25_HUMAN	8718	TNFRSF25	7.559	1700	1	0	1.0	0.0	7.559
SMS_HUMAN	6750	SST	7.556	1712	1	0	1.0	0.0	7.556
PLGF_HUMAN	5228	PGF	7.553	1722	1	1	1.0	0.0	7.553
S10A8_HUMAN	6279	S100A8	7.551	1730	1	0	1.0	0.0	7.551
MMP13_HUMAN	4322	MMP13	7.542	1769	1	0	1.0	0.0	7.542
KPCA_HUMAN	5578	PRKCA	7.539	1780	1	1	1.0	0.0	7.539
CFAH_HUMAN	3075	CFH	7.536	1793	1	0	1.0	0.0	7.536
CR2_HUMAN	1380	CR2	7.531	1815	1	1	1.0	0.0	7.531
AOFA_HUMAN	4128	MAOA	7.522	1853	1	0	1.0	0.0	7.522
GRAB_HUMAN	3002	GZMB	7.512	1893	1	1	1.0	0.0	7.512
KPCD_HUMAN	5580	PRKCD	7.507	1915	1	1	1.0	0.0	7.507
GSTT1_HUMAN	2952	GSTT1	7.504	1930	1	0	1.0	0.0	7.504
ZHX2_HUMAN	22882	ZHX2	7.498	1955	1	0	1.0	0.0	7.498
SPB3_HUMAN	6317	SERPINB3	7.497	1962	1	0	1.0	0.0	7.497
PAX5_HUMAN	5079	PAX5	7.496	1964	1	1	1.0	0.0	7.496
ZNF77_HUMAN	58492	ZNF77	7.488	2001	1	0	1.0	0.0	7.488
PUM3_HUMAN	9933	PUM3	7.487	2006	1	0	1.0	0.0	7.487
PGFRA_HUMAN	5156	PDGFRA	7.484	2020	1	6	1.0	0.0	7.484
LEG1_HUMAN	3956	LGALS1	7.482	2031	1	0	1.0	0.0	7.482
NGAL_HUMAN	3934	LCN2	7.48	2038	1	0	1.0	0.0	7.48
CP2E1_HUMAN	1571	CYP2E1	7.47	2088	1	1	1.0	0.0	7.47
IL23A_HUMAN	51561	IL23A	7.453	2171	1	0	1.0	0.0	7.453
MRP1_HUMAN	4363	ABCC1	7.452	2177	1	0	1.0	0.0	7.452
IL7_HUMAN	3574	IL7	7.451	2180	1	4	1.0	0.0	7.451
NOTC1_HUMAN	4851	NOTCH1	7.451	2179	1	3	1.0	0.0	7.451
AHR_HUMAN	196	AHR	7.445	2209	1	0	1.0	0.0	7.445
C5AR1_HUMAN	728	C5AR1	7.44	2235	1	0	1.0	0.0	7.44
DRB4_HUMAN	3126	HLA-DRB4	7.435	2263	1	0	1.0	0.0	7.435
RASH_HUMAN	3265	HRAS	7.435	2263	1	1	1.0	0.0	7.435
SMAD3_HUMAN	4088	SMAD3	7.434	2266	1	2	1.0	0.0	7.434
TGFA_HUMAN	7039	TGFA	7.43	2286	1	0	1.0	0.0	7.43
ADA_HUMAN	100	ADA	7.427	2306	1	0	1.0	0.0	7.427
PRTN3_HUMAN	5657	PRTN3	7.423	2326	1	0	1.0	0.0	7.423
RUNX2_HUMAN	860	RUNX2	7.42	2344	1	0	1.0	0.0	7.42
TMED2_HUMAN	10959	TMED2	7.416	2361	1	0	1.0	0.0	7.416
ELNE_HUMAN	1991	ELANE	7.4	2453	1	0	1.0	0.0	7.4
IL15_HUMAN	3600	IL15	7.386	2534	1	0	1.0	0.0	7.386
NR4A1_HUMAN	3164	NR4A1	7.359	2694	1	3	1.0	0.0	7.359
ALK_HUMAN	238	ALK	7.344	2791	1	3	1.0	0.0	7.344
ITB2_HUMAN	3689	ITGB2	7.341	2806	1	0	1.0	0.0	7.341
LYAM1_HUMAN	6402	SELL	7.336	2840	1	0	1.0	0.0	7.336
STAT1_HUMAN	6772	STAT1	7.335	2847	1	1	1.0	0.0	7.335
TNR6_HUMAN	355	FAS	7.331	2871	1	0	1.0	0.0	7.331
CP2CJ_HUMAN	1557	CYP2C19	7.321	2941	1	0	1.0	0.0	7.321
FA5_HUMAN	2153	F5	7.308	3031	1	0	1.0	0.0	7.308
TNF11_HUMAN	8600	TNFSF11	7.304	3060	1	1	1.0	0.0	7.304
GSTK1_HUMAN	373156	GSTK1	7.301	3077	1	0	1.0	0.0	7.301
IKBA_HUMAN	4792	NFKBIA	7.296	3112	1	1	1.0	0.0	7.296
DQB1_HUMAN	3119	HLA-DQB1	7.281	3227	1	0	1.0	0.0	7.281
SDF1_HUMAN	6387	CXCL12	7.281	3227	1	6	1.0	0.0	7.281
CDK4_HUMAN	1019	CDK4	7.266	3335	1	0	1.0	0.0	7.266
CD5_HUMAN	921	CD5	7.246	3497	1	0	1.0	0.0	7.246
FPR1_HUMAN	2357	FPR1	7.24	3542	1	0	1.0	0.0	7.24
IFNA2_HUMAN	3440	IFNA2	7.223	3683	1	0	1.0	0.0	7.223
OSTP_HUMAN	6696	SPP1	7.218	3725	1	1	1.0	0.0	7.218
DPP4_HUMAN	1803	DPP4	7.213	3775	1	0	1.0	0.0	7.213
CTLA4_HUMAN	1493	CTLA4	7.207	3826	1	5	1.0	0.0	7.207
IL18_HUMAN	3606	IL18	7.192	3957	1	0	1.0	0.0	7.192
CP2D6_HUMAN	1565	CYP2D6	7.184	4031	1	0	1.0	0.0	7.184
NEUR1_HUMAN	4758	NEU1	7.182	4047	1	0	1.0	0.0	7.182
JAK2_HUMAN	3717	JAK2	7.164	4222	1	1	1.0	0.0	7.164
SRC_HUMAN	6714	SRC	7.148	4377	1	0	1.0	0.0	7.148
MTHR_HUMAN	4524	MTHFR	7.135	4515	1	2	1.0	0.0	7.135
NEP_HUMAN	4311	MME	7.133	4534	1	1	1.0	0.0	7.133
SP1_HUMAN	6667	SP1	7.128	4591	1	1	1.0	0.0	7.128
RB_HUMAN	5925	RB1	7.125	4614	1	0	1.0	0.0	7.125
SHBG_HUMAN	6462	SHBG	7.119	4679	1	0	1.0	0.0	7.119
DDIT3_HUMAN	1649	DDIT3	7.11	4779	1	0	1.0	0.0	7.11
LYAM2_HUMAN	6401	SELE	7.092	4980	1	1	1.0	0.0	7.092
FCG3A_HUMAN	2214	FCGR3A	7.048	5507	1	0	1.0	0.0	7.048
VCAM1_HUMAN	7412	VCAM1	7.043	5577	1	0	1.0	0.0	7.043
PTPRC_HUMAN	5788	PTPRC	7.0	6151	1	0	1.0	0.0	7.0
B2MG_HUMAN	567	B2M	6.979	6463	1	0	1.0	0.0	6.979
MK08_HUMAN	5599	MAPK8	6.975	6528	1	1	1.0	0.0	6.975
BRAF_HUMAN	673	BRAF	6.947	6965	1	3	1.0	0.0	6.947
COX2_HUMAN	4513	MT-CO2	6.939	7092	1	0	1.0	0.0	6.939
APOA1_HUMAN	335	APOA1	6.905	7665	1	0	1.0	0.0	6.905
1B07_HUMAN	3106	HLA-B	6.887	7993	1	0	1.0	0.0	6.887
PGH2_HUMAN	5743	PTGS2	6.869	8324	1	0	1.0	0.0	6.869
IL2RA_HUMAN	3559	IL2RA	6.845	8791	1	0	1.0	0.0	6.845
CCND1_HUMAN	595	CCND1	6.816	9412	1	3	1.0	0.0	6.816
BRCA1_HUMAN	672	BRCA1	6.801	9743	1	0	1.0	0.0	6.801
MDR1_HUMAN	5243	ABCB1	6.764	10598	1	0	1.0	0.0	6.764
APOE_HUMAN	348	APOE	6.753	10879	1	0	1.0	0.0	6.753
IL10_HUMAN	3586	IL10	6.429	22907	1	0	1.0	0.0	6.429
CD8A_HUMAN	925	CD8A	6.327	28961	1	0	1.0	0.0	6.327
