Big_T	4221
Big_F	17252753
UniProtKB_ID	GeneID	Gene_Name	PPS	Big_P	T+P	Citation	1+Log(T+P)	log10((Cit/yr+1)/10)	1+log10(F/T)+log10(F/P)
MSH6_HUMAN	2956	MSH6	35.778	1307	92	135	2.964	1.134	8.732
FUMH_HUMAN	2271	FH	35.516	261	67	86	2.826	0.94	9.432
CTNB1_HUMAN	1499	CTNNB1	29.915	8844	41	148	2.613	1.173	7.901
MED12_HUMAN	9968	MED12	29.441	156	20	55	2.301	0.748	9.655
PTEN_HUMAN	5728	PTEN	29.138	6259	63	65	2.799	0.82	8.052
PK3CA_HUMAN	5290	PIK3CA	27.936	2646	22	93	2.342	0.973	8.426
MLH1_HUMAN	4292	MLH1	27.141	3231	62	28	2.792	0.462	8.339
BRCA1_HUMAN	672	BRCA1	26.586	9743	71	33	2.851	0.531	7.859
P53_HUMAN	7157	TP53	26.578	46130	143	34	3.155	0.544	7.184
ERBB2_HUMAN	2064	ERBB2	23.898	26330	55	29	2.74	0.477	7.428
RASK_HUMAN	3845	KRAS	23.112	10492	69	12	2.839	0.114	7.827
EGFR_HUMAN	1956	EGFR	22.722	30695	37	32	2.568	0.519	7.361
NALP7_HUMAN	199713	NLRP7	20.915	90	13	9	2.114	0.0	9.894
FGFR2_HUMAN	2263	FGFR2	20.394	1295	12	17	2.079	0.255	8.736
AKT1_HUMAN	207	AKT1	20.114	18505	18	24	2.255	0.398	7.581
ARF_HUMAN	1029	CDKN2A	19.96	9187	34	5	2.531	0.0	7.885
RB_HUMAN	5925	RB1	19.251	4614	15	14	2.176	0.176	8.184
FHIT_HUMAN	2272	FHIT	19.245	760	14	5	2.146	0.0	8.967
ESR1_HUMAN	2099	ESR1	18.614	13814	26	7	2.415	0.0	7.708
HMGA2_HUMAN	8091	HMGA2	18.614	537	11	2	2.041	0.0	9.118
MSH2_HUMAN	4436	MSH2	18.587	2603	16	5	2.204	0.0	8.433
NDC80_HUMAN	10403	NDC80	18.253	322	9	0	1.954	0.0	9.34
STK11_HUMAN	6794	STK11	18.209	917	8	13	1.903	0.146	8.886
MYC_HUMAN	4609	MYC	18.194	10313	21	1	2.322	0.0	7.835
CHD4_HUMAN	1108	CHD4	18.047	50	2	29	1.301	0.477	10.149
RASH_HUMAN	3265	HRAS	17.955	2263	13	0	2.114	0.0	8.494
ARI1A_HUMAN	8289	ARID1A	17.866	326	2	40	1.301	0.613	9.335
PLPP_HUMAN	57026	PDXP	17.687	1527	11	0	2.041	0.0	8.664
PARP1_HUMAN	142	PARP1	17.233	6579	5	27	1.699	0.447	8.03
RASF1_HUMAN	11186	RASSF1	16.829	1012	8	2	1.903	0.0	8.843
CDK4_HUMAN	1019	CDK4	16.269	3335	9	2	1.954	0.0	8.325
CDN1A_HUMAN	1026	CDKN1A	16.161	5857	10	1	2.0	0.0	8.08
CDC73_HUMAN	79577	CDC73	16.153	219	5	4	1.699	0.0	9.508
PRGR_HUMAN	5241	PGR	15.829	8583	10	4	2.0	0.0	7.915
RA51B_HUMAN	5890	RAD51B	15.737	106	4	1	1.602	0.0	9.823
HMGA1_HUMAN	3159	HMGA1	15.709	400	5	1	1.699	0.0	9.246
PD1L1_HUMAN	29126	CD274	15.571	2564	5	13	1.699	0.146	8.439
BARD1_HUMAN	580	BARD1	15.421	167	4	1	1.602	0.0	9.626
DICER_HUMAN	23405	DICER1	15.306	691	5	9	1.699	0.0	9.009
TACC3_HUMAN	10460	TACC3	15.076	101	2	16	1.301	0.23	9.844
2AAA_HUMAN	5518	PPP2R1A	14.954	53	3	1	1.477	0.0	10.124
CHK1_HUMAN	1111	CHEK1	14.861	1262	5	3	1.699	0.0	8.747
DCC_HUMAN	1630	DCC	14.806	404	4	1	1.602	0.0	9.242
KAT6B_HUMAN	23522	KAT6B	14.794	68	3	2	1.477	0.0	10.016
MDM2_HUMAN	4193	MDM2	14.756	3545	6	1	1.778	0.0	8.299
CASP_HUMAN	1523	CUX1	14.514	615	4	0	1.602	0.0	9.059
CDN1C_HUMAN	1028	CDKN1C	14.422	702	4	0	1.602	0.0	9.002
RBBP4_HUMAN	5928	RBBP4	14.413	711	4	0	1.602	0.0	8.996
BAX_HUMAN	581	BAX	14.388	11225	7	2	1.845	0.0	7.798
ANDR_HUMAN	367	AR	14.242	6901	6	1	1.778	0.0	8.009
CO4A5_HUMAN	1287	COL4A5	14.228	301	3	10	1.477	0.041	9.37
CP1A1_HUMAN	1543	CYP1A1	14.215	3030	5	0	1.699	0.0	8.367
CDK2_HUMAN	1017	CDK2	14.19	3134	5	0	1.699	0.0	8.352
MICA_HUMAN	100507436	MICA	14.085	1138	4	7	1.602	0.0	8.792
CCND1_HUMAN	595	CCND1	14.002	9412	6	2	1.778	0.0	7.875
FGFR3_HUMAN	2261	FGFR3	13.988	1310	4	8	1.602	0.0	8.731
TRFM_HUMAN	4241	MELTF	13.821	310	3	1	1.477	0.0	9.357
COX6C_HUMAN	1345	COX6C	13.722	20	2	0	1.301	0.0	10.547
ELF3_HUMAN	1999	ELF3	13.702	240	1	27	1.0	0.447	9.468
MTOR_HUMAN	2475	MTOR	13.663	14590	6	3	1.778	0.0	7.684
KHD3L_HUMAN	154288	KHDC3L	13.643	23	2	2	1.301	0.0	10.487
HPRT_HUMAN	3251	HPRT1	13.618	2227	4	6	1.602	0.0	8.501
SNF5_HUMAN	6598	SMARCB1	13.394	603	3	1	1.477	0.0	9.068
FILA_HUMAN	2312	FLG	13.358	638	3	0	1.477	0.0	9.043
RRAS2_HUMAN	22800	RRAS2	13.331	40	2	0	1.301	0.0	10.246
FETA_HUMAN	174	AFP	13.309	10333	5	0	1.699	0.0	7.834
DPOLB_HUMAN	5423	POLB	13.262	741	3	0	1.477	0.0	8.978
CCL2_HUMAN	6347	CCL2	13.193	10029	3	15	1.477	0.204	7.847
EWS_HUMAN	2130	EWSR1	13.165	862	3	1	1.477	0.0	8.913
MUC16_HUMAN	94025	MUC16	13.112	4611	4	1	1.602	0.0	8.184
JAZF1_HUMAN	221895	JAZF1	13.056	65	2	9	1.301	0.0	10.035
CHK2_HUMAN	11200	CHEK2	12.875	1355	3	2	1.477	0.0	8.716
KIT_HUMAN	3815	KIT	12.874	6488	4	4	1.602	0.0	8.036
MLH3_HUMAN	27030	MLH3	12.83	97	2	1	1.301	0.0	9.861
RAD51_HUMAN	5888	RAD51	12.756	1631	3	2	1.477	0.0	8.636
BCL2_HUMAN	596	BCL2	12.702	23522	5	0	1.699	0.0	7.477
ZHX2_HUMAN	22882	ZHX2	12.64	1955	3	5	1.477	0.0	8.557
SPB3_HUMAN	6317	SERPINB3	12.638	1962	3	1	1.477	0.0	8.556
S14L2_HUMAN	23541	SEC14L2	12.58	151	2	0	1.301	0.0	9.669
K2C7_HUMAN	3855	KRT7	12.546	2263	3	0	1.477	0.0	8.494
RUNX1_HUMAN	861	RUNX1	12.535	2302	3	0	1.477	0.0	8.486
MDR1_HUMAN	5243	ABCB1	12.533	10598	4	0	1.602	0.0	7.823
FLCN_HUMAN	201163	FLCN	12.523	167	2	2	1.301	0.0	9.626
MYCN_HUMAN	4613	MYCN	12.513	2383	3	0	1.477	0.0	8.471
MALT1_HUMAN	10892	MALT1	12.43	197	2	0	1.301	0.0	9.554
CHKA_HUMAN	1119	CHKA	12.416	202	2	0	1.301	0.0	9.543
COMT_HUMAN	1312	COMT	12.391	2880	3	1	1.477	0.0	8.389
MIB1_HUMAN	57534	MIB1	12.338	3128	3	0	1.477	0.0	8.353
DESM_HUMAN	1674	DES	12.292	3365	3	1	1.477	0.0	8.321
CMGA_HUMAN	1113	CHGA	12.275	3455	3	0	1.477	0.0	8.31
GLYAT_HUMAN	10249	GLYAT	12.254	269	2	0	1.301	0.0	9.419
INGR2_HUMAN	3460	IFNGR2	12.213	289	2	0	1.301	0.0	9.387
TERT_HUMAN	7015	TERT	12.143	4242	3	2	1.477	0.0	8.221
SP1_HUMAN	6667	SP1	12.092	4591	3	2	1.477	0.0	8.186
CADM1_HUMAN	23705	CADM1	12.092	358	2	2	1.301	0.0	9.294
DPOD1_HUMAN	5424	POLD1	12.035	396	2	1	1.301	0.0	9.251
1A01_HUMAN	3105	HLA-A	11.994	5350	3	0	1.477	0.0	8.12
TPPP_HUMAN	11076	TPPP	11.99	429	2	0	1.301	0.0	9.216
FGF3_HUMAN	2248	FGF3	11.961	452	2	0	1.301	0.0	9.193
FBXW7_HUMAN	55294	FBXW7	11.934	474	2	4	1.301	0.0	9.172
STIL_HUMAN	6491	STIL	11.918	487	2	1	1.301	0.0	9.161
CD82_HUMAN	3732	CD82	11.885	517	2	1	1.301	0.0	9.135
MUTYH_HUMAN	4595	MUTYH	11.864	536	2	1	1.301	0.0	9.119
TYY1_HUMAN	7528	YY1	11.837	562	2	1	1.301	0.0	9.099
BRAF_HUMAN	673	BRAF	11.825	6965	3	1	1.477	0.0	8.005
HIF1A_HUMAN	3091	HIF1A	11.809	7140	3	2	1.477	0.0	7.995
CREM_HUMAN	1390	CREM	11.793	608	2	0	1.301	0.0	9.064
BIRC2_HUMAN	329	BIRC2	11.787	614	2	2	1.301	0.0	9.06
IFNG_HUMAN	3458	IFNG	11.713	34431	4	4	1.602	0.0	7.311
CADH1_HUMAN	999	CDH1	11.646	9209	3	2	1.477	0.0	7.884
DNM3B_HUMAN	1789	DNMT3B	11.62	826	2	5	1.301	0.0	8.931
CSF1R_HUMAN	1436	CSF1R	11.594	865	2	0	1.301	0.0	8.911
IFI44_HUMAN	10561	IFI44	11.57	902	2	2	1.301	0.0	8.893
F8W8Y7_HUMAN	100131755	ARMCX4	11.547	2	1	0	1.0	0.0	11.547
GLI1_HUMAN	2735	GLI1	11.498	1025	2	0	1.301	0.0	8.838
CSH2_HUMAN	1443	CSH2	11.484	1050	2	0	1.301	0.0	8.827
TGFR2_HUMAN	7048	TGFBR2	11.467	1083	2	0	1.301	0.0	8.814
HDAC1_HUMAN	3065	HDAC1	11.417	1183	2	0	1.301	0.0	8.775
DYR_HUMAN	1719	DHFR	11.361	1305	2	0	1.301	0.0	8.733
IL1A_HUMAN	3552	IL1A	11.347	14669	3	1	1.477	0.0	7.682
TSC1_HUMAN	7248	TSC1	11.329	1381	2	0	1.301	0.0	8.708
CDK6_HUMAN	1021	CDK6	11.271	1532	2	0	1.301	0.0	8.663
CADH2_HUMAN	1000	CDH2	11.217	1685	2	2	1.301	0.0	8.622
MEN1_HUMAN	4221	MEN1	11.204	1723	2	0	1.301	0.0	8.612
COBA2_HUMAN	1302	COL11A2	11.203	1728	2	0	1.301	0.0	8.611
SMAD4_HUMAN	4089	SMAD4	11.203	1728	2	0	1.301	0.0	8.611
LHPL3_HUMAN	375612	LHFPL3	11.149	5	1	0	1.0	0.0	11.149
SMAD2_HUMAN	4087	SMAD2	11.145	1913	2	1	1.301	0.0	8.567
APRG1_HUMAN	339883	APRG1	11.07	6	1	0	1.0	0.0	11.07
HLAG_HUMAN	3135	HLA-G	11.054	2247	2	1	1.301	0.0	8.497
P63_HUMAN	8626	TP63	11.024	2371	2	2	1.301	0.0	8.473
TGFB1_HUMAN	7040	TGFB1	11.019	24445	3	0	1.477	0.0	7.46
KDSR_HUMAN	2531	KDSR	11.003	7	1	0	1.0	0.0	11.003
SIR1_HUMAN	23411	SIRT1	11.003	2460	2	2	1.301	0.0	8.457
RASN_HUMAN	4893	NRAS	10.984	2546	2	0	1.301	0.0	8.442
GSTM1_HUMAN	2944	GSTM1	10.952	2692	2	0	1.301	0.0	8.418
M4K5_HUMAN	11183	MAP4K5	10.894	9	1	1	1.0	0.0	10.894
CDN1B_HUMAN	1027	CDKN1B	10.89	3007	2	0	1.301	0.0	8.37
DPOE1_HUMAN	5426	POLE	10.848	10	1	1	1.0	0.0	10.848
PPR1C_HUMAN	151242	PPP1R1C	10.848	10	1	0	1.0	0.0	10.848
IFI27_HUMAN	3429	IFI27	10.834	3320	2	0	1.301	0.0	8.327
AICDA_HUMAN	57379	AICDA	10.773	3697	2	0	1.301	0.0	8.28
CIP1_HUMAN	57820	CCNB1IP1	10.769	12	1	0	1.0	0.0	10.769
CCR5_HUMAN	1234	CCR5	10.761	3774	2	0	1.301	0.0	8.271
C9JVC3_HUMAN	100131827	ZNF717	10.734	13	1	0	1.0	0.0	10.734
G6PD_HUMAN	2539	G6PD	10.731	3985	2	0	1.301	0.0	8.248
QCR1_HUMAN	7384	UQCRC1	10.702	14	1	2	1.0	0.0	10.702
OPN3_HUMAN	23596	OPN3	10.702	14	1	0	1.0	0.0	10.702
FOS_HUMAN	2353	FOS	10.674	4405	2	3	1.301	0.0	8.204
MTHR_HUMAN	4524	MTHFR	10.66	4515	2	0	1.301	0.0	8.194
PLPL1_HUMAN	285848	PNPLA1	10.644	16	1	0	1.0	0.0	10.644
RAB32_HUMAN	10981	RAB32	10.593	18	1	0	1.0	0.0	10.593
LTMD1_HUMAN	25875	LETMD1	10.593	18	1	1	1.0	0.0	10.593
KILIN_HUMAN	100144748	KLLN	10.593	18	1	1	1.0	0.0	10.593
NF1_HUMAN	4763	NF1	10.587	5140	2	0	1.301	0.0	8.137
TLK2_HUMAN	11011	TLK2	10.57	19	1	1	1.0	0.0	10.57
2B13_HUMAN	3123	HLA-DRB1	10.568	5313	2	0	1.301	0.0	8.123
PECA1_HUMAN	5175	PECAM1	10.566	5336	2	0	1.301	0.0	8.121
GNAI2_HUMAN	2771	GNAI2	10.547	20	1	0	1.0	0.0	10.547
COG5_HUMAN	10466	COG5	10.547	20	1	0	1.0	0.0	10.547
CASP8_HUMAN	841	CASP8	10.541	5573	2	1	1.301	0.0	8.102
ORC5_HUMAN	5001	ORC5	10.526	21	1	0	1.0	0.0	10.526
MD13L_HUMAN	23389	MED13L	10.526	21	1	1	1.0	0.0	10.526
PHC3_HUMAN	80012	PHC3	10.526	21	1	0	1.0	0.0	10.526
PCNA_HUMAN	5111	PCNA	10.517	5813	2	0	1.301	0.0	8.084
BORG2_HUMAN	10602	CDC42EP3	10.468	24	1	0	1.0	0.0	10.468
B2MG_HUMAN	567	B2M	10.457	6463	2	0	1.301	0.0	8.038
DHRS4_HUMAN	10901	DHRS4	10.45	25	1	0	1.0	0.0	10.45
CCNL1_HUMAN	57018	CCNL1	10.45	25	1	0	1.0	0.0	10.45
CHSTF_HUMAN	51363	CHST15	10.433	26	1	0	1.0	0.0	10.433
ANXA5_HUMAN	308	ANXA5	10.42	6904	2	2	1.301	0.0	8.009
2AAB_HUMAN	5519	PPP2R1B	10.417	27	1	0	1.0	0.0	10.417
PK3CD_HUMAN	5293	PIK3CD	10.412	6997	2	1	1.301	0.0	8.003
CABL1_HUMAN	91768	CABLES1	10.401	28	1	0	1.0	0.0	10.401
DEPD5_HUMAN	9681	DEPDC5	10.386	29	1	0	1.0	0.0	10.386
SMHD1_HUMAN	23347	SMCHD1	10.386	29	1	1	1.0	0.0	10.386
NALP5_HUMAN	126206	NLRP5	10.386	29	1	3	1.0	0.0	10.386
GON1_HUMAN	2796	GNRH1	10.335	8020	2	0	1.301	0.0	7.944
PGH2_HUMAN	5743	PTGS2	10.314	8324	2	1	1.301	0.0	7.928
PCOC1_HUMAN	5118	PCOLCE	10.304	35	1	0	1.0	0.0	10.304
CTDSL_HUMAN	10217	CTDSPL	10.304	35	1	0	1.0	0.0	10.304
TNFA_HUMAN	7124	TNF	10.292	75731	3	1	1.477	0.0	6.967
SEC62_HUMAN	7095	SEC62	10.268	38	1	0	1.0	0.0	10.268
CLAT_HUMAN	1103	CHAT	10.257	39	1	0	1.0	0.0	10.257
TSP50_HUMAN	29122	PRSS50	10.235	41	1	0	1.0	0.0	10.235
KIF4A_HUMAN	24137	KIF4A	10.225	42	1	1	1.0	0.0	10.225
STML2_HUMAN	30968	STOML2	10.205	44	1	1	1.0	0.0	10.205
PCD10_HUMAN	57575	PCDH10	10.205	44	1	1	1.0	0.0	10.205
VIME_HUMAN	7431	VIM	10.195	10272	2	1	1.301	0.0	7.836
LYPD1_HUMAN	116372	LYPD1	10.176	47	1	0	1.0	0.0	10.176
CP2D7_HUMAN	1564	CYP2D7	10.167	48	1	0	1.0	0.0	10.167
ABC3H_HUMAN	164668	APOBEC3H	10.167	48	1	9	1.0	0.0	10.167
S12A4_HUMAN	6560	SLC12A4	10.158	49	1	1	1.0	0.0	10.158
RCAS1_HUMAN	9166	EBAG9	10.149	50	1	0	1.0	0.0	10.149
CIDEA_HUMAN	1149	CIDEA	10.085	58	1	0	1.0	0.0	10.085
PP1RA_HUMAN	5514	PPP1R10	10.085	58	1	0	1.0	0.0	10.085
RNF43_HUMAN	54894	RNF43	10.049	63	1	0	1.0	0.0	10.049
PO4F1_HUMAN	5457	POU4F1	10.003	70	1	0	1.0	0.0	10.003
WAPL_HUMAN	23063	WAPL	9.991	72	1	0	1.0	0.0	9.991
A0A075B762_HUMAN	100132406	NBPF10	9.985	73	1	0	1.0	0.0	9.985
PINX1_HUMAN	54984	PINX1	9.979	74	1	0	1.0	0.0	9.979
LUM_HUMAN	4060	LUM	9.973	75	1	0	1.0	0.0	9.973
HUWE1_HUMAN	10075	HUWE1	9.962	77	1	1	1.0	0.0	9.962
PCBP1_HUMAN	5093	PCBP1	9.951	79	1	0	1.0	0.0	9.951
RL22_HUMAN	6146	RPL22	9.951	79	1	4	1.0	0.0	9.951
OSMR_HUMAN	9180	OSMR	9.951	79	1	1	1.0	0.0	9.951
RED_HUMAN	3550	IK	9.934	82	1	0	1.0	0.0	9.934
LAMB1_HUMAN	3912	LAMB1	9.909	87	1	0	1.0	0.0	9.909
PAWR_HUMAN	5074	PAWR	9.904	88	1	3	1.0	0.0	9.904
ABC3A_HUMAN	200315	APOBEC3A	9.884	92	1	0	1.0	0.0	9.884
L2GL1_HUMAN	3996	LLGL1	9.871	95	1	0	1.0	0.0	9.871
PLAG1_HUMAN	5324	PLAG1	9.857	98	1	0	1.0	0.0	9.857
ACK1_HUMAN	10188	TNK2	9.857	98	1	0	1.0	0.0	9.857
DNA2_HUMAN	1763	DNA2	9.853	99	1	0	1.0	0.0	9.853
TMM54_HUMAN	113452	TMEM54	9.844	101	1	0	1.0	0.0	9.844
CO4A2_HUMAN	1284	COL4A2	9.819	107	1	1	1.0	0.0	9.819
UBP7_HUMAN	7874	USP7	9.819	107	1	0	1.0	0.0	9.819
RAD17_HUMAN	5884	RAD17	9.815	108	1	2	1.0	0.0	9.815
NRIP1_HUMAN	8204	NRIP1	9.795	113	1	4	1.0	0.0	9.795
FRS2_HUMAN	10818	FRS2	9.795	113	1	0	1.0	0.0	9.795
TETN_HUMAN	7123	CLEC3B	9.78	117	1	0	1.0	0.0	9.78
CCNG1_HUMAN	900	CCNG1	9.765	121	1	0	1.0	0.0	9.765
TCFL5_HUMAN	10732	TCFL5	9.765	121	1	0	1.0	0.0	9.765
CLIC1_HUMAN	1192	CLIC1	9.755	124	1	0	1.0	0.0	9.755
DPOLL_HUMAN	27343	POLL	9.744	127	1	0	1.0	0.0	9.744
IL10_HUMAN	3586	IL10	9.742	22907	2	1	1.301	0.0	7.488
HHAT_HUMAN	55733	HHAT	9.741	128	1	0	1.0	0.0	9.741
PRDM2_HUMAN	7799	PRDM2	9.708	138	1	0	1.0	0.0	9.708
AMYP_HUMAN	279	AMY2A	9.687	145	1	1	1.0	0.0	9.687
SMAD6_HUMAN	4091	SMAD6	9.655	156	1	0	1.0	0.0	9.655
SIN3A_HUMAN	25942	SIN3A	9.652	157	1	0	1.0	0.0	9.652
PEG3_HUMAN	5178	PEG3	9.647	159	1	6	1.0	0.0	9.647
TP4A3_HUMAN	11156	PTP4A3	9.647	159	1	0	1.0	0.0	9.647
ERAP1_HUMAN	51752	ERAP1	9.641	161	1	1	1.0	0.0	9.641
AK1BA_HUMAN	57016	AKR1B10	9.636	163	1	1	1.0	0.0	9.636
GNA11_HUMAN	2767	GNA11	9.633	164	1	0	1.0	0.0	9.633
RA51C_HUMAN	5889	RAD51C	9.633	164	1	0	1.0	0.0	9.633
DUS6_HUMAN	1848	DUSP6	9.61	173	1	0	1.0	0.0	9.61
SIAT1_HUMAN	6480	ST6GAL1	9.61	173	1	0	1.0	0.0	9.61
SSX1_HUMAN	6756	SSX1	9.608	174	1	0	1.0	0.0	9.608
EXO1_HUMAN	9156	EXO1	9.581	185	1	1	1.0	0.0	9.581
SOX4_HUMAN	6659	SOX4	9.57	190	1	9	1.0	0.0	9.57
THA_HUMAN	7067	THRA	9.565	192	1	0	1.0	0.0	9.565
AIMP1_HUMAN	9255	AIMP1	9.56	194	1	0	1.0	0.0	9.56
PEG10_HUMAN	23089	PEG10	9.56	194	1	1	1.0	0.0	9.56
CLC4C_HUMAN	170482	CLEC4C	9.554	197	1	0	1.0	0.0	9.554
ERR1_HUMAN	2101	ESRRA	9.547	200	1	1	1.0	0.0	9.547
INVO_HUMAN	3713	IVL	9.547	200	1	0	1.0	0.0	9.547
VEGFA_HUMAN	7422	VEGFA	9.541	32733	2	0	1.301	0.0	7.333
RORA_HUMAN	6095	RORA	9.534	206	1	0	1.0	0.0	9.534
WWOX_HUMAN	51741	WWOX	9.532	207	1	0	1.0	0.0	9.532
CYLD_HUMAN	1540	CYLD	9.528	209	1	0	1.0	0.0	9.528
1433S_HUMAN	2810	SFN	9.524	211	1	1	1.0	0.0	9.524
TEP1_HUMAN	7011	TEP1	9.518	214	1	0	1.0	0.0	9.518
CRKL_HUMAN	1399	CRKL	9.512	217	1	0	1.0	0.0	9.512
TS101_HUMAN	7251	TSG101	9.502	222	1	0	1.0	0.0	9.502
UBE2B_HUMAN	7320	UBE2B	9.5	223	1	0	1.0	0.0	9.5
MTAP_HUMAN	4507	MTAP	9.498	224	1	0	1.0	0.0	9.498
RAD_HUMAN	6236	RRAD	9.492	227	1	0	1.0	0.0	9.492
CFAD_HUMAN	1675	CFD	9.488	229	1	0	1.0	0.0	9.488
TACD2_HUMAN	4070	TACSTD2	9.487	230	1	0	1.0	0.0	9.487
FOXC1_HUMAN	2296	FOXC1	9.481	233	1	1	1.0	0.0	9.481
E2F4_HUMAN	1874	E2F4	9.461	244	1	0	1.0	0.0	9.461
TRFL_HUMAN	4057	LTF	9.449	251	1	1	1.0	0.0	9.449
RAE1_HUMAN	1121	CHM	9.442	255	1	0	1.0	0.0	9.442
TWSG1_HUMAN	57045	TWSG1	9.438	257	1	0	1.0	0.0	9.438
CCGL_HUMAN	140738	TMEM37	9.438	257	1	0	1.0	0.0	9.438
PALB2_HUMAN	79728	PALB2	9.432	261	1	3	1.0	0.0	9.432
ANO1_HUMAN	55107	ANO1	9.42	268	1	5	1.0	0.0	9.42
CAD13_HUMAN	1012	CDH13	9.403	279	1	1	1.0	0.0	9.403
GLHA_HUMAN	1081	CGA	9.395	284	1	0	1.0	0.0	9.395
GPV_HUMAN	2814	GP5	9.389	288	1	0	1.0	0.0	9.389
LCAP_HUMAN	4012	LNPEP	9.389	288	1	0	1.0	0.0	9.389
AKT3_HUMAN	10000	AKT3	9.387	289	1	1	1.0	0.0	9.387
EGLN1_HUMAN	54583	EGLN1	9.386	290	1	0	1.0	0.0	9.386
PGK1_HUMAN	5230	PGK1	9.368	302	1	0	1.0	0.0	9.368
NDRG1_HUMAN	10397	NDRG1	9.368	302	1	0	1.0	0.0	9.368
ETS2_HUMAN	2114	ETS2	9.367	303	1	0	1.0	0.0	9.367
THB_HUMAN	7068	THRB	9.358	309	1	0	1.0	0.0	9.358
NU1M_HUMAN	4535	MT-ND1	9.353	313	1	1	1.0	0.0	9.353
TFE3_HUMAN	7030	TFE3	9.349	316	1	0	1.0	0.0	9.349
MSH3_HUMAN	4437	MSH3	9.335	326	1	0	1.0	0.0	9.335
AXIN1_HUMAN	8312	AXIN1	9.335	326	1	3	1.0	0.0	9.335
CCL26_HUMAN	10344	CCL26	9.331	329	1	0	1.0	0.0	9.331
RN5A_HUMAN	6041	RNASEL	9.325	334	1	2	1.0	0.0	9.325
IFN17_HUMAN	3451	IFNA17	9.318	339	1	0	1.0	0.0	9.318
EBP_HUMAN	10682	EBP	9.317	340	1	0	1.0	0.0	9.317
FANCA_HUMAN	2175	FANCA	9.316	341	1	0	1.0	0.0	9.316
SP7_HUMAN	121340	SP7	9.298	355	1	0	1.0	0.0	9.298
3MG_HUMAN	4350	MPG	9.279	371	1	0	1.0	0.0	9.279
HEP2_HUMAN	3053	SERPIND1	9.275	374	1	0	1.0	0.0	9.275
ATF3_HUMAN	467	ATF3	9.262	386	1	3	1.0	0.0	9.262
PGM1_HUMAN	5236	PGM1	9.261	387	1	0	1.0	0.0	9.261
DSRAD_HUMAN	103	ADAR	9.256	391	1	0	1.0	0.0	9.256
GPER1_HUMAN	2852	GPER1	9.254	393	1	0	1.0	0.0	9.254
UBE3A_HUMAN	7337	UBE3A	9.254	393	1	0	1.0	0.0	9.254
DHSD_HUMAN	6392	SDHD	9.245	401	1	0	1.0	0.0	9.245
MSX2_HUMAN	4488	MSX2	9.244	402	1	1	1.0	0.0	9.244
FGFR4_HUMAN	2264	FGFR4	9.235	410	1	1	1.0	0.0	9.235
STRAP_HUMAN	11171	STRAP	9.234	411	1	0	1.0	0.0	9.234
DHB1_HUMAN	3292	HSD17B1	9.224	421	1	0	1.0	0.0	9.224
LSHB_HUMAN	3972	LHB	9.222	423	1	0	1.0	0.0	9.222
STMN1_HUMAN	3925	STMN1	9.214	431	1	2	1.0	0.0	9.214
RAD50_HUMAN	10111	RAD50	9.182	464	1	0	1.0	0.0	9.182
NEST_HUMAN	10763	NES	9.18	466	1	0	1.0	0.0	9.18
WFDC2_HUMAN	10406	WFDC2	9.179	467	1	0	1.0	0.0	9.179
GALT_HUMAN	2592	GALT	9.178	468	1	0	1.0	0.0	9.178
CISH_HUMAN	1154	CISH	9.172	475	1	0	1.0	0.0	9.172
CYB5_HUMAN	1528	CYB5A	9.155	493	1	0	1.0	0.0	9.155
RPP14_HUMAN	11102	RPP14	9.15	499	1	0	1.0	0.0	9.15
FA11_HUMAN	2160	F11	9.14	511	1	0	1.0	0.0	9.14
FUT2_HUMAN	2524	FUT2	9.139	512	1	3	1.0	0.0	9.139
ATF2_HUMAN	1386	ATF2	9.137	514	1	0	1.0	0.0	9.137
MPRI_HUMAN	3482	IGF2R	9.133	519	1	0	1.0	0.0	9.133
JIP2_HUMAN	23542	MAPK8IP2	9.083	583	1	0	1.0	0.0	9.083
ERN1_HUMAN	2081	ERN1	9.074	595	1	0	1.0	0.0	9.074
XRCC6_HUMAN	2547	XRCC6	9.065	607	1	1	1.0	0.0	9.065
SRSF1_HUMAN	6426	SRSF1	9.061	613	1	0	1.0	0.0	9.061
HPSE_HUMAN	10855	HPSE	9.057	619	1	0	1.0	0.0	9.057
RUNX3_HUMAN	864	RUNX3	9.056	620	1	3	1.0	0.0	9.056
SMAD7_HUMAN	4092	SMAD7	9.043	638	1	0	1.0	0.0	9.043
CP11A_HUMAN	1583	CYP11A1	9.035	651	1	0	1.0	0.0	9.035
P85A_HUMAN	5295	PIK3R1	9.03	658	1	7	1.0	0.0	9.03
ASC_HUMAN	29108	PYCARD	8.999	706	1	0	1.0	0.0	8.999
GELS_HUMAN	2934	GSN	8.99	722	1	0	1.0	0.0	8.99
HBEGF_HUMAN	1839	HBEGF	8.989	724	1	1	1.0	0.0	8.989
XBP1_HUMAN	7494	XBP1	8.987	726	1	0	1.0	0.0	8.987
FSHR_HUMAN	2492	FSHR	8.977	743	1	0	1.0	0.0	8.977
FGF7_HUMAN	2252	FGF7	8.973	751	1	0	1.0	0.0	8.973
CHP1_HUMAN	11261	CHP1	8.97	755	1	0	1.0	0.0	8.97
JIP1_HUMAN	9479	MAPK8IP1	8.967	760	1	0	1.0	0.0	8.967
CBL_HUMAN	867	CBL	8.96	774	1	1	1.0	0.0	8.96
OAS3_HUMAN	4940	OAS3	8.96	774	1	0	1.0	0.0	8.96
CISY_HUMAN	1431	CS	8.94	810	1	0	1.0	0.0	8.94
DCTN6_HUMAN	10671	DCTN6	8.922	844	1	0	1.0	0.0	8.922
IRF1_HUMAN	3659	IRF1	8.915	857	1	0	1.0	0.0	8.915
FOXM1_HUMAN	2305	FOXM1	8.908	872	1	2	1.0	0.0	8.908
YAP1_HUMAN	10413	YAP1	8.905	877	1	2	1.0	0.0	8.905
PMS2_HUMAN	5395	PMS2	8.904	879	1	0	1.0	0.0	8.904
ALDH2_HUMAN	217	ALDH2	8.896	896	1	0	1.0	0.0	8.896
TGFR1_HUMAN	7046	TGFBR1	8.895	898	1	1	1.0	0.0	8.895
PCSK1_HUMAN	27344	PCSK1N	8.891	906	1	0	1.0	0.0	8.891
SDHB_HUMAN	6390	SDHB	8.889	910	1	1	1.0	0.0	8.889
ATR_HUMAN	545	ATR	8.875	941	1	0	1.0	0.0	8.875
L1CAM_HUMAN	3897	L1CAM	8.868	955	1	2	1.0	0.0	8.868
EPAS1_HUMAN	2034	EPAS1	8.867	957	1	2	1.0	0.0	8.867
APOC3_HUMAN	345	APOC3	8.841	1016	1	0	1.0	0.0	8.841
4EBP1_HUMAN	1978	EIF4EBP1	8.837	1027	1	1	1.0	0.0	8.837
JAK1_HUMAN	3716	JAK1	8.828	1047	1	0	1.0	0.0	8.828
P73_HUMAN	7161	TP73	8.823	1060	1	0	1.0	0.0	8.823
APEX1_HUMAN	328	APEX1	8.82	1067	1	0	1.0	0.0	8.82
CYB_HUMAN	4519	MT-CYB	8.815	1080	1	0	1.0	0.0	8.815
NDKA_HUMAN	4830	NME1	8.815	1079	1	0	1.0	0.0	8.815
CEBPB_HUMAN	1051	CEBPB	8.808	1097	1	0	1.0	0.0	8.808
AURKA_HUMAN	6790	AURKA	8.794	1134	1	0	1.0	0.0	8.794
ARY2_HUMAN	10	NAT2	8.788	1148	1	0	1.0	0.0	8.788
FOXO1_HUMAN	2308	FOXO1	8.783	1163	1	3	1.0	0.0	8.783
PRKDC_HUMAN	5591	PRKDC	8.767	1205	1	1	1.0	0.0	8.767
MYD88_HUMAN	4615	MYD88	8.759	1229	1	1	1.0	0.0	8.759
NF2L2_HUMAN	4780	NFE2L2	8.758	2742	1	10	1.0	0.041	8.41
XRCC1_HUMAN	7515	XRCC1	8.754	1242	1	0	1.0	0.0	8.754
SON_HUMAN	6651	SON	8.747	1262	1	0	1.0	0.0	8.747
ALEX_HUMAN	2778	GNAS	8.741	1281	1	0	1.0	0.0	8.741
DQA1_HUMAN	3117	HLA-DQA1	8.734	1302	1	0	1.0	0.0	8.734
TSC2_HUMAN	7249	TSC2	8.717	1353	1	1	1.0	0.0	8.717
SRY_HUMAN	6736	SRY	8.716	1355	1	1	1.0	0.0	8.716
CP1B1_HUMAN	1545	CYP1B1	8.691	1437	1	0	1.0	0.0	8.691
NQO1_HUMAN	1728	NQO1	8.688	1445	1	0	1.0	0.0	8.688
EPCAM_HUMAN	4072	EPCAM	8.67	1509	1	4	1.0	0.0	8.67
IRS1_HUMAN	3667	IRS1	8.66	1544	1	0	1.0	0.0	8.66
HFE_HUMAN	3077	HFE	8.645	1596	1	0	1.0	0.0	8.645
LEG3_HUMAN	3958	LGALS3	8.634	1637	1	0	1.0	0.0	8.634
IDHC_HUMAN	3417	IDH1	8.622	1683	1	8	1.0	0.0	8.622
CD83_HUMAN	9308	CD83	8.615	1711	1	1	1.0	0.0	8.615
CDN2B_HUMAN	1030	CDKN2B	8.587	1824	1	0	1.0	0.0	8.587
FUT4_HUMAN	2526	FUT4	8.579	1860	1	0	1.0	0.0	8.579
GRAB_HUMAN	3002	GZMB	8.571	1893	1	0	1.0	0.0	8.571
CP19A_HUMAN	1588	CYP19A1	8.568	1908	1	0	1.0	0.0	8.568
GSTT1_HUMAN	2952	GSTT1	8.563	1930	1	0	1.0	0.0	8.563
RAF1_HUMAN	5894	RAF1	8.561	1938	1	0	1.0	0.0	8.561
LIF_HUMAN	3976	LIF	8.56	1943	1	0	1.0	0.0	8.56
CCNB1_HUMAN	891	CCNB1	8.552	1980	1	0	1.0	0.0	8.552
PGFRA_HUMAN	5156	PDGFRA	8.543	2020	1	0	1.0	0.0	8.543
TLR9_HUMAN	54106	TLR9	8.542	2025	1	2	1.0	0.0	8.542
KMT2A_HUMAN	4297	KMT2A	8.527	2095	1	0	1.0	0.0	8.527
PDCD1_HUMAN	5133	PDCD1	8.518	2138	1	3	1.0	0.0	8.518
MRP1_HUMAN	4363	ABCC1	8.51	2177	1	0	1.0	0.0	8.51
AMPN_HUMAN	290	ANPEP	8.496	2249	1	0	1.0	0.0	8.496
SMAD3_HUMAN	4088	SMAD3	8.493	2266	1	4	1.0	0.0	8.493
WT1_HUMAN	7490	WT1	8.487	2295	1	0	1.0	0.0	8.487
GSTP1_HUMAN	2950	GSTP1	8.474	2367	1	0	1.0	0.0	8.474
CREB1_HUMAN	1385	CREB1	8.456	2466	1	0	1.0	0.0	8.456
MET_HUMAN	4233	MET	8.451	2497	1	0	1.0	0.0	8.451
MGMT_HUMAN	4255	MGMT	8.433	2601	1	0	1.0	0.0	8.433
CSF1_HUMAN	1435	CSF1	8.431	2616	1	0	1.0	0.0	8.431
NR4A1_HUMAN	3164	NR4A1	8.418	2694	1	0	1.0	0.0	8.418
ADRB2_HUMAN	154	ADRB2	8.403	2787	1	0	1.0	0.0	8.403
GSK3B_HUMAN	2932	GSK3B	8.395	2838	1	0	1.0	0.0	8.395
NDUB3_HUMAN	4709	NDUFB3	8.382	2927	1	0	1.0	0.0	8.382
ESR2_HUMAN	2100	ESR2	8.298	3549	1	0	1.0	0.0	8.298
CTLA4_HUMAN	1493	CTLA4	8.265	3826	1	1	1.0	0.0	8.265
ENOG_HUMAN	2026	ENO2	8.25	3962	1	0	1.0	0.0	8.25
ERAL1_HUMAN	26284	ERAL1	8.248	3986	1	1	1.0	0.0	8.248
PPB1_HUMAN	250	ALPP	8.247	3991	1	0	1.0	0.0	8.247
ACES_HUMAN	43	ACHE	8.232	4133	1	0	1.0	0.0	8.232
TLR2_HUMAN	7097	TLR2	8.228	4167	1	1	1.0	0.0	8.228
HGF_HUMAN	3082	HGF	8.204	4410	1	1	1.0	0.0	8.204
TNFL6_HUMAN	356	FASLG	8.196	4494	1	0	1.0	0.0	8.196
NEP_HUMAN	4311	MME	8.192	4534	1	0	1.0	0.0	8.192
S10A1_HUMAN	6271	S100A1	8.177	4688	1	0	1.0	0.0	8.177
DDIT3_HUMAN	1649	DDIT3	8.169	4779	1	0	1.0	0.0	8.169
FANCB_HUMAN	2187	FANCB	8.168	4785	1	0	1.0	0.0	8.168
TNF10_HUMAN	8743	TNFSF10	8.164	4830	1	0	1.0	0.0	8.164
EGF_HUMAN	1950	EGF	8.158	4898	1	1	1.0	0.0	8.158
B2CL1_HUMAN	598	BCL2L1	8.155	4938	1	0	1.0	0.0	8.155
IGF2_HUMAN	3481	IGF2	8.144	5059	1	0	1.0	0.0	8.144
TIMP1_HUMAN	7076	TIMP1	8.121	5332	1	0	1.0	0.0	8.121
PPARG_HUMAN	5468	PPARG	8.119	5362	1	0	1.0	0.0	8.119
JUN_HUMAN	3725	JUN	8.099	5610	1	0	1.0	0.0	8.099
ABL1_HUMAN	25	ABL1	8.048	6311	1	0	1.0	0.0	8.048
TLR4_HUMAN	7099	TLR4	8.039	6440	1	0	1.0	0.0	8.039
FGF2_HUMAN	2247	FGF2	8.03	6580	1	0	1.0	0.0	8.03
PAI1_HUMAN	5054	SERPINE1	7.959	7746	1	0	1.0	0.0	7.959
L0N195_HUMAN	3439	IFNA1	7.905	8773	1	0	1.0	0.0	7.905
IL2RA_HUMAN	3559	IL2RA	7.904	8791	1	0	1.0	0.0	7.904
CEAM3_HUMAN	1084	CEACAM3	7.891	9052	1	0	1.0	0.0	7.891
NFKB1_HUMAN	4790	NFKB1	7.862	9691	1	1	1.0	0.0	7.862
K1C20_HUMAN	54474	KRT20	7.844	10103	1	0	1.0	0.0	7.844
PTHY_HUMAN	5741	PTH	7.712	13691	1	0	1.0	0.0	7.712
THRB_HUMAN	2147	F2	7.681	14673	1	4	1.0	0.0	7.681
ACE_HUMAN	1636	ACE	7.678	14773	1	0	1.0	0.0	7.678
IGF1_HUMAN	3479	IGF1	7.522	21183	1	0	1.0	0.0	7.522
MK01_HUMAN	5594	MAPK1	7.515	21517	1	1	1.0	0.0	7.515
IL8_HUMAN	3576	CXCL8	7.439	25628	1	0	1.0	0.0	7.439
IL1B_HUMAN	3553	IL1B	7.396	28325	1	0	1.0	0.0	7.396
IL2_HUMAN	3558	IL2	7.369	30132	1	0	1.0	0.0	7.369
IL6_HUMAN	3569	IL6	7.118	53611	1	0	1.0	0.0	7.118
CD4_HUMAN	920	CD4	7.11	54739	1	0	1.0	0.0	7.11
