Big_T	4640
Big_F	17252753
UniProtKB_ID	GeneID	Gene_Name	PPS	Big_P	T+P	Citation	1+Log(T+P)	log10((Cit/yr+1)/10)	1+log10(F/T)+log10(F/P)
BRAF_HUMAN	673	BRAF	43.192	6965	424	624	3.627	1.796	7.964
RET_HUMAN	5979	RET	42.734	4253	724	231	3.86	1.365	8.178
PTEN_HUMAN	5728	PTEN	31.069	6259	84	89	2.924	0.954	8.011
RASH_HUMAN	3265	HRAS	30.254	2263	52	72	2.716	0.863	8.452
EGFR_HUMAN	1956	EGFR	30.041	30695	73	173	2.863	1.241	7.32
ALEX_HUMAN	2778	GNAS	26.185	1281	33	30	2.519	0.491	8.7
RASN_HUMAN	4893	NRAS	25.881	2546	28	42	2.447	0.633	8.401
TERT_HUMAN	7015	TERT	25.233	4242	16	75	2.204	0.881	8.18
ZHX2_HUMAN	22882	ZHX2	23.621	1955	18	32	2.255	0.519	8.516
PTC1_HUMAN	5727	PTCH1	23.219	993	27	15	2.431	0.204	8.81
NKX21_HUMAN	7080	NKX2-1	22.682	1017	9	41	1.954	0.623	8.8
PPARG_HUMAN	5468	PPARG	22.142	5362	19	28	2.279	0.462	8.078
RASK_HUMAN	3845	KRAS	21.989	10492	29	22	2.462	0.362	7.786
TSHR_HUMAN	7253	TSHR	21.822	2634	40	1	2.602	0.0	8.387
CTNB1_HUMAN	1499	CTNNB1	21.803	8844	27	21	2.431	0.342	7.86
AKT1_HUMAN	207	AKT1	21.78	18505	18	42	2.255	0.633	7.54
MEN1_HUMAN	4221	MEN1	21.586	1723	33	1	2.519	0.0	8.571
P53_HUMAN	7157	TP53	21.491	46130	51	19	2.708	0.301	7.143
ALK_HUMAN	238	ALK	21.177	2791	11	30	2.041	0.491	8.361
DICER_HUMAN	23405	DICER1	21.024	691	13	16	2.114	0.23	8.968
SDHB_HUMAN	6390	SDHB	20.547	910	10	20	2.0	0.322	8.848
HABP2_HUMAN	3026	HABP2	20.14	132	8	14	1.903	0.176	9.687
LEG3_HUMAN	3958	LGALS3	19.582	1637	10	18	2.0	0.279	8.593
KAP0_HUMAN	5573	PRKAR1A	19.445	296	11	10	2.041	0.041	9.336
NTRK1_HUMAN	4914	NTRK1	18.67	1282	14	6	2.146	0.0	8.699
MTOR_HUMAN	2475	MTOR	18.445	14590	7	36	1.845	0.568	7.643
NF1_HUMAN	4763	NF1	18.259	5140	18	3	2.255	0.0	8.096
ARF_HUMAN	1029	CDKN2A	18.215	9187	21	3	2.322	0.0	7.844
APC_HUMAN	324	APC	18.031	619	10	1	2.0	0.0	9.015
THYG_HUMAN	7038	TG	17.873	2252	13	0	2.114	0.0	8.455
SC5A5_HUMAN	6528	SLC5A5	17.296	271	7	9	1.845	0.0	9.374
CMGA_HUMAN	1113	CHGA	17.192	3455	12	1	2.079	0.0	8.269
ETV6_HUMAN	2120	ETV6	17.067	1723	7	13	1.845	0.146	8.571
CDN1B_HUMAN	1027	CDKN1B	17.003	3007	11	2	2.041	0.0	8.329
ERBB2_HUMAN	2064	ERBB2	16.997	26330	20	3	2.301	0.0	7.387
FHIT_HUMAN	2272	FHIT	16.988	760	8	2	1.903	0.0	8.926
VGFR2_HUMAN	3791	KDR	16.958	6464	4	32	1.602	0.519	7.997
TFG_HUMAN	10342	TFG	16.925	70	5	1	1.699	0.0	9.962
CEAM3_HUMAN	1084	CEACAM3	16.848	9052	14	3	2.146	0.0	7.85
THB_HUMAN	7068	THRB	16.567	309	6	2	1.778	0.0	9.317
FOXE1_HUMAN	2304	FOXE1	16.521	121	5	5	1.699	0.0	9.724
MUTYH_HUMAN	4595	MUTYH	16.518	536	6	10	1.778	0.041	9.078
TPC1_HUMAN	53373	TPCN1	16.245	176	5	7	1.699	0.0	9.562
LYPD1_HUMAN	116372	LYPD1	16.237	47	4	3	1.602	0.0	10.135
THA_HUMAN	7067	THRA	16.181	192	5	3	1.699	0.0	9.524
CHK2_HUMAN	11200	CHEK2	16.007	1355	7	2	1.845	0.0	8.675
IDHC_HUMAN	3417	IDH1	15.938	1683	6	11	1.778	0.079	8.581
KILIN_HUMAN	100144748	KLLN	15.586	18	3	4	1.477	0.0	10.552
GDNF_HUMAN	2668	GDNF	15.486	1253	6	6	1.778	0.0	8.709
KIT_HUMAN	3815	KIT	15.215	6488	8	4	1.903	0.0	7.995
TEN1_HUMAN	10178	TENM1	15.194	3736	7	3	1.845	0.0	8.235
PSG2_HUMAN	5670	PSG2	15.142	785	5	0	1.699	0.0	8.912
AKAP9_HUMAN	10142	AKAP9	14.803	61	3	1	1.477	0.0	10.022
PERT_HUMAN	7173	TPO	14.593	1651	5	0	1.699	0.0	8.589
ESR1_HUMAN	2099	ESR1	14.59	13814	8	7	1.903	0.0	7.667
CP19A_HUMAN	1588	CYP19A1	14.486	1908	5	0	1.699	0.0	8.527
ZNF77_HUMAN	58492	ZNF77	14.451	2001	5	2	1.699	0.0	8.506
NNMT_HUMAN	4837	NNMT	14.386	117	3	1	1.477	0.0	9.739
FSHR_HUMAN	2492	FSHR	14.316	743	4	1	1.602	0.0	8.936
CDN1A_HUMAN	1026	CDKN1A	14.295	5857	6	1	1.778	0.0	8.039
ANDR_HUMAN	367	AR	14.169	6901	6	2	1.778	0.0	7.968
FLCN_HUMAN	201163	FLCN	14.157	167	3	1	1.477	0.0	9.584
CDX2_HUMAN	1045	CDX2	14.119	987	4	0	1.602	0.0	8.813
RASF1_HUMAN	11186	RASSF1	14.101	1012	4	6	1.602	0.0	8.802
GAST_HUMAN	2520	GAST	14.091	5136	5	10	1.699	0.041	8.097
CALCA_HUMAN	796	CALCA	14.052	3435	5	0	1.699	0.0	8.271
GLPA_HUMAN	2993	GYPA	14.02	1138	4	0	1.602	0.0	8.751
CHK1_HUMAN	1111	CHEK1	13.948	1262	4	4	1.602	0.0	8.706
CPSF2_HUMAN	53981	CPSF2	13.912	13	2	0	1.301	0.0	10.693
BRCA1_HUMAN	672	BRCA1	13.902	9743	6	1	1.778	0.0	7.818
FOS_HUMAN	2353	FOS	13.869	4405	5	1	1.699	0.0	8.163
PTTG1_HUMAN	9232	PTTG1	13.628	381	3	2	1.477	0.0	9.226
KMT2A_HUMAN	4297	KMT2A	13.595	2095	4	0	1.602	0.0	8.486
DHSD_HUMAN	6392	SDHD	13.595	401	3	3	1.477	0.0	9.204
PARP1_HUMAN	142	PARP1	13.573	6579	5	1	1.699	0.0	7.989
VHL_HUMAN	7428	VHL	13.536	2280	4	0	1.602	0.0	8.449
S26A4_HUMAN	5172	SLC26A4	13.429	520	3	1	1.477	0.0	9.091
SOMA_HUMAN	2688	GH1	13.322	20651	6	3	1.778	0.0	7.492
CCND1_HUMAN	595	CCND1	13.309	9412	5	0	1.699	0.0	7.833
MLH1_HUMAN	4292	MLH1	13.294	3231	4	2	1.602	0.0	8.298
IFI27_HUMAN	3429	IFI27	13.275	3320	4	2	1.602	0.0	8.286
MYC_HUMAN	4609	MYC	13.241	10313	5	0	1.699	0.0	7.794
NR2F6_HUMAN	2063	NR2F6	13.198	46	2	0	1.301	0.0	10.144
G6PD_HUMAN	2539	G6PD	13.148	3985	4	5	1.602	0.0	8.207
EWS_HUMAN	2130	EWSR1	13.104	862	3	0	1.477	0.0	8.872
STK11_HUMAN	6794	STK11	13.065	917	3	1	1.477	0.0	8.845
CCDC6_HUMAN	8030	CCDC6	12.878	81	2	2	1.301	0.0	9.899
UBE2C_HUMAN	11065	UBE2C	12.754	101	2	1	1.301	0.0	9.803
MK01_HUMAN	5594	MAPK1	12.698	21517	5	3	1.699	0.0	7.474
FRS2_HUMAN	10818	FRS2	12.69	113	2	4	1.301	0.0	9.754
SMAD4_HUMAN	4089	SMAD4	12.658	1728	3	2	1.477	0.0	8.57
KPCA_HUMAN	5578	PRKCA	12.639	1780	3	0	1.477	0.0	8.557
AIP_HUMAN	9049	AIP	12.603	132	2	0	1.301	0.0	9.687
IRAK1_HUMAN	3654	IRAK1	12.477	441	1	22	1.0	0.362	9.163
ATM_HUMAN	472	ATM	12.464	2339	3	0	1.477	0.0	8.438
CIKS_HUMAN	10758	TRAF3IP2	12.437	177	2	0	1.301	0.0	9.559
CDN2C_HUMAN	1031	CDKN2C	12.4	189	2	0	1.301	0.0	9.531
PK3CA_HUMAN	5290	PIK3CA	12.385	2646	3	9	1.477	0.0	8.385
MALT1_HUMAN	10892	MALT1	12.376	197	2	4	1.301	0.0	9.513
GSTM1_HUMAN	2944	GSTM1	12.374	2692	3	0	1.477	0.0	8.377
CDC73_HUMAN	79577	CDC73	12.316	219	2	1	1.301	0.0	9.467
TS101_HUMAN	7251	TSG101	12.309	222	2	1	1.301	0.0	9.461
DAXX_HUMAN	1616	DAXX	12.306	223	2	0	1.301	0.0	9.459
UROK_HUMAN	5328	PLAU	12.238	3329	3	4	1.477	0.0	8.285
CDK4_HUMAN	1019	CDK4	12.237	3335	3	0	1.477	0.0	8.284
MDM2_HUMAN	4193	MDM2	12.197	3545	3	2	1.477	0.0	8.257
KAT5_HUMAN	10524	KAT5	12.196	186	1	18	1.0	0.279	9.538
ACTHR_HUMAN	4158	MC2R	12.115	313	2	0	1.301	0.0	9.312
MSH3_HUMAN	4437	MSH3	12.092	326	2	0	1.301	0.0	9.294
HGF_HUMAN	3082	HGF	12.057	4410	2	14	1.301	0.176	8.163
TXK_HUMAN	7294	TXK	11.946	422	2	0	1.301	0.0	9.182
PAK1_HUMAN	5058	PAK1	11.935	430	2	0	1.301	0.0	9.174
BCL2_HUMAN	596	BCL2	11.912	23522	4	0	1.602	0.0	7.435
FGF3_HUMAN	2248	FGF3	11.907	452	2	0	1.301	0.0	9.152
PAX8_HUMAN	7849	PAX8	11.824	524	2	1	1.301	0.0	9.088
PIT1_HUMAN	5449	POU1F1	11.782	564	2	1	1.301	0.0	9.056
HIF1A_HUMAN	3091	HIF1A	11.748	7140	3	0	1.477	0.0	7.953
TTF1_HUMAN	7270	TTF1	11.735	613	2	6	1.301	0.0	9.02
JUND_HUMAN	3727	JUND	11.708	643	2	1	1.301	0.0	8.999
CHP1_HUMAN	11261	CHP1	11.617	755	2	0	1.301	0.0	8.929
CP24A_HUMAN	1591	CYP24A1	11.563	831	2	0	1.301	0.0	8.888
YAP1_HUMAN	10413	YAP1	11.533	877	2	4	1.301	0.0	8.864
TBX1_HUMAN	6899	TBX1	11.513	908	2	1	1.301	0.0	8.849
IF1AX_HUMAN	1964	EIF1AX	11.491	31	1	12	1.0	0.114	10.316
ERCC2_HUMAN	2068	ERCC2	11.429	1053	2	0	1.301	0.0	8.785
OGG1_HUMAN	4968	OGG1	11.424	1062	2	0	1.301	0.0	8.781
PPARA_HUMAN	5465	PPARA	11.415	3441	2	11	1.301	0.079	8.27
I23O1_HUMAN	3620	IDO1	11.394	1121	2	2	1.301	0.0	8.758
PDGFB_HUMAN	5155	PDGFB	11.369	1172	2	0	1.301	0.0	8.738
FINC_HUMAN	2335	FN1	11.364	12999	3	4	1.477	0.0	7.693
MARH8_HUMAN	220972	MARCH8	11.361	1189	2	2	1.301	0.0	8.732
FBX47_HUMAN	494188	FBXO47	11.33	3	1	0	1.0	0.0	11.33
MSH6_HUMAN	2956	MSH6	11.307	1307	2	2	1.301	0.0	8.691
FGFR3_HUMAN	2261	FGFR3	11.306	1310	2	0	1.301	0.0	8.69
CD24_HUMAN	100133941	CD24	11.29	1346	2	0	1.301	0.0	8.678
SRY_HUMAN	6736	SRY	11.287	1355	2	1	1.301	0.0	8.675
K2C5_HUMAN	3852	KRT5	11.256	1430	2	0	1.301	0.0	8.652
NQO1_HUMAN	1728	NQO1	11.25	1445	2	0	1.301	0.0	8.647
MERL_HUMAN	4771	NF2	11.222	1519	2	0	1.301	0.0	8.626
WDR3_HUMAN	10885	WDR3	11.205	4	1	0	1.0	0.0	11.205
RT4I1_HUMAN	84816	RTN4IP1	11.205	4	1	1	1.0	0.0	11.205
XIAP_HUMAN	331	XIAP	11.198	1584	2	1	1.301	0.0	8.607
RARA_HUMAN	5914	RARA	11.113	1844	2	1	1.301	0.0	8.541
RXRA_HUMAN	6256	RXRA	11.11	1854	2	0	1.301	0.0	8.539
KAZRN_HUMAN	23254	KAZN	11.108	5	1	0	1.0	0.0	11.108
DUS15_HUMAN	128853	DUSP15	11.108	5	1	0	1.0	0.0	11.108
DOK6_HUMAN	220164	DOK6	11.108	5	1	0	1.0	0.0	11.108
SNAI1_HUMAN	6615	SNAI1	11.059	2026	2	1	1.301	0.0	8.5
DEUP1_HUMAN	159989	DEUP1	11.029	6	1	1	1.0	0.0	11.029
HID1_HUMAN	283987	HID1	11.029	6	1	0	1.0	0.0	11.029
HLAG_HUMAN	3135	HLA-G	11.001	2247	2	3	1.301	0.0	8.456
K2C7_HUMAN	3855	KRT7	10.997	2263	2	0	1.301	0.0	8.452
CREB1_HUMAN	1385	CREB1	10.948	2466	2	0	1.301	0.0	8.415
FLT3_HUMAN	2322	FLT3	10.92	2594	2	0	1.301	0.0	8.393
K1C19_HUMAN	3880	KRT19	10.913	2627	2	0	1.301	0.0	8.388
NAA20_HUMAN	51126	NAA20	10.904	8	1	3	1.0	0.0	10.904
VGFR1_HUMAN	2321	FLT1	10.869	2839	2	0	1.301	0.0	8.354
SC65_HUMAN	10609	P3H4	10.853	9	1	0	1.0	0.0	10.853
EP300_HUMAN	2033	EP300	10.831	3033	2	0	1.301	0.0	8.325
MIB1_HUMAN	57534	MIB1	10.814	3128	2	0	1.301	0.0	8.312
SSX3_HUMAN	10214	SSX3	10.807	10	1	1	1.0	0.0	10.807
DOCK9_HUMAN	23348	DOCK9	10.807	10	1	0	1.0	0.0	10.807
DESM_HUMAN	1674	DES	10.773	3365	2	0	1.301	0.0	8.28
RPH3L_HUMAN	9501	RPH3AL	10.766	11	1	0	1.0	0.0	10.766
TI17A_HUMAN	10440	TIMM17A	10.728	12	1	0	1.0	0.0	10.728
NIBAN_HUMAN	116496	FAM129A	10.728	12	1	0	1.0	0.0	10.728
R51A1_HUMAN	10635	RAD51AP1	10.693	13	1	1	1.0	0.0	10.693
ENOG_HUMAN	2026	ENO2	10.68	3962	2	1	1.301	0.0	8.209
GAS8_HUMAN	2622	GAS8	10.631	15	1	1	1.0	0.0	10.631
NEP_HUMAN	4311	MME	10.604	4534	2	0	1.301	0.0	8.151
MED24_HUMAN	9862	MED24	10.603	16	1	1	1.0	0.0	10.603
MP2K7_HUMAN	5609	MAP2K7	10.595	4606	2	1	1.301	0.0	8.144
STX17_HUMAN	55014	STX17	10.577	17	1	0	1.0	0.0	10.577
CNKR1_HUMAN	10256	CNKSR1	10.552	18	1	0	1.0	0.0	10.552
FR1OP_HUMAN	11116	FGFR1OP	10.552	18	1	1	1.0	0.0	10.552
SRGP1_HUMAN	57522	SRGAP1	10.552	18	1	1	1.0	0.0	10.552
DOXA1_HUMAN	90527	DUOXA1	10.552	18	1	2	1.0	0.0	10.552
CCD80_HUMAN	151887	CCDC80	10.485	21	1	1	1.0	0.0	10.485
JUN_HUMAN	3725	JUN	10.484	5610	2	2	1.301	0.0	8.058
PCNA_HUMAN	5111	PCNA	10.464	5813	2	0	1.301	0.0	8.043
IL6_HUMAN	3569	IL6	10.453	53611	3	0	1.477	0.0	7.077
RASL1_HUMAN	8437	RASAL1	10.445	23	1	0	1.0	0.0	10.445
PDE8A_HUMAN	5151	PDE8A	10.427	24	1	1	1.0	0.0	10.427
MINP1_HUMAN	9562	MINPP1	10.427	24	1	0	1.0	0.0	10.427
RN139_HUMAN	11236	RNF139	10.427	24	1	0	1.0	0.0	10.427
RNF11_HUMAN	26994	RNF11	10.409	25	1	0	1.0	0.0	10.409
MK08_HUMAN	5599	MAPK8	10.398	6528	2	0	1.301	0.0	7.992
FGF2_HUMAN	2247	FGF2	10.394	6580	2	0	1.301	0.0	7.989
SASH1_HUMAN	23328	SASH1	10.376	27	1	2	1.0	0.0	10.376
PARP4_HUMAN	143	PARP4	10.345	29	1	0	1.0	0.0	10.345
ZN331_HUMAN	55422	ZNF331	10.302	32	1	0	1.0	0.0	10.302
CXXC5_HUMAN	51523	CXXC5	10.289	33	1	1	1.0	0.0	10.289
KCMB2_HUMAN	10242	KCNMB2	10.276	8108	2	0	1.301	0.0	7.898
MK14_HUMAN	1432	MAPK14	10.253	8447	2	2	1.301	0.0	7.88
EXTL3_HUMAN	2137	EXTL3	10.227	38	1	0	1.0	0.0	10.227
SEC62_HUMAN	7095	SEC62	10.227	38	1	1	1.0	0.0	10.227
OGFR_HUMAN	11054	OGFR	10.227	38	1	0	1.0	0.0	10.227
CLAT_HUMAN	1103	CHAT	10.216	39	1	0	1.0	0.0	10.216
CLIP2_HUMAN	7461	CLIP2	10.205	40	1	2	1.0	0.0	10.205
CADH1_HUMAN	999	CDH1	10.204	9209	2	0	1.301	0.0	7.843
T2R14_HUMAN	50840	TAS2R14	10.194	41	1	0	1.0	0.0	10.194
NFKB1_HUMAN	4790	NFKB1	10.175	9691	2	2	1.301	0.0	7.821
STML2_HUMAN	30968	STOML2	10.164	44	1	0	1.0	0.0	10.164
THADA_HUMAN	63892	THADA	10.126	48	1	1	1.0	0.0	10.126
CBX7_HUMAN	23492	CBX7	10.117	49	1	3	1.0	0.0	10.117
FGD1_HUMAN	2245	FGD1	10.067	55	1	0	1.0	0.0	10.067
CITE1_HUMAN	4435	CITED1	10.067	55	1	0	1.0	0.0	10.067
MK03_HUMAN	5595	MAPK3	10.066	11751	2	1	1.301	0.0	7.737
DKK4_HUMAN	27121	DKK4	10.044	58	1	0	1.0	0.0	10.044
SC5A8_HUMAN	160728	SLC5A8	10.044	58	1	1	1.0	0.0	10.044
NDUAD_HUMAN	51079	NDUFA13	9.988	66	1	0	1.0	0.0	9.988
PTHY_HUMAN	5741	PTH	9.98	13691	2	0	1.301	0.0	7.671
DUS5_HUMAN	1847	DUSP5	9.975	68	1	2	1.0	0.0	9.975
KCNE3_HUMAN	10008	KCNE3	9.962	70	1	0	1.0	0.0	9.962
RPGP1_HUMAN	5909	RAP1GAP	9.938	74	1	1	1.0	0.0	9.938
TLX3_HUMAN	30012	TLX3	9.938	74	1	1	1.0	0.0	9.938
ADCY3_HUMAN	109	ADCY3	9.926	76	1	0	1.0	0.0	9.926
MICU1_HUMAN	10367	MICU1	9.921	77	1	0	1.0	0.0	9.921
PTTG_HUMAN	754	PTTG1IP	9.915	78	1	1	1.0	0.0	9.915
RHOH_HUMAN	399	RHOH	9.904	80	1	0	1.0	0.0	9.904
NPT2B_HUMAN	10568	SLC34A2	9.893	82	1	1	1.0	0.0	9.893
CADH6_HUMAN	1004	CDH6	9.888	83	1	0	1.0	0.0	9.888
THOC1_HUMAN	9984	THOC1	9.883	84	1	1	1.0	0.0	9.883
MYOTI_HUMAN	9499	MYOT	9.878	85	1	0	1.0	0.0	9.878
HMGN2_HUMAN	3151	HMGN2	9.839	93	1	0	1.0	0.0	9.839
DUS4_HUMAN	1846	DUSP4	9.825	96	1	0	1.0	0.0	9.825
F16P1_HUMAN	2203	FBP1	9.82	97	1	0	1.0	0.0	9.82
ADCY1_HUMAN	107	ADCY1	9.812	99	1	0	1.0	0.0	9.812
ARI1B_HUMAN	57492	ARID1B	9.794	103	1	0	1.0	0.0	9.794
NR2C1_HUMAN	7181	NR2C1	9.786	105	1	2	1.0	0.0	9.786
KINH_HUMAN	3799	KIF5B	9.774	108	1	1	1.0	0.0	9.774
M3K8_HUMAN	1326	MAP3K8	9.766	110	1	0	1.0	0.0	9.766
ARAF_HUMAN	369	ARAF	9.71	125	1	0	1.0	0.0	9.71
NR2E3_HUMAN	10002	NR2E3	9.703	127	1	0	1.0	0.0	9.703
ECM1_HUMAN	1893	ECM1	9.687	132	1	1	1.0	0.0	9.687
PLK2_HUMAN	10769	PLK2	9.68	134	1	0	1.0	0.0	9.68
NISCH_HUMAN	11188	NISCH	9.68	134	1	0	1.0	0.0	9.68
MT1A_HUMAN	4489	MT1A	9.664	139	1	0	1.0	0.0	9.664
EGLN3_HUMAN	112399	EGLN3	9.655	142	1	0	1.0	0.0	9.655
TGFB1_HUMAN	7040	TGFB1	9.652	24445	2	0	1.301	0.0	7.418
IL8_HUMAN	3576	CXCL8	9.625	25628	2	3	1.301	0.0	7.398
ANM5_HUMAN	10419	PRMT5	9.622	153	1	3	1.0	0.0	9.622
SPY2_HUMAN	10253	SPRY2	9.62	154	1	0	1.0	0.0	9.62
KAD1_HUMAN	203	AK1	9.614	156	1	2	1.0	0.0	9.614
SDHF2_HUMAN	54949	SDHAF2	9.609	158	1	0	1.0	0.0	9.609
SDHL_HUMAN	10993	SDS	9.59	165	1	2	1.0	0.0	9.59
GRAM_HUMAN	3004	GZMM	9.584	167	1	0	1.0	0.0	9.584
E2F2_HUMAN	1870	E2F2	9.582	168	1	0	1.0	0.0	9.582
GFRA1_HUMAN	2674	GFRA1	9.572	172	1	0	1.0	0.0	9.572
H10_HUMAN	3005	H1F0	9.559	177	1	0	1.0	0.0	9.559
MOT8_HUMAN	6567	SLC16A2	9.547	182	1	1	1.0	0.0	9.547
ESM1_HUMAN	11082	ESM1	9.547	182	1	0	1.0	0.0	9.547
CSN5_HUMAN	10987	COPS5	9.535	187	1	0	1.0	0.0	9.535
PROK1_HUMAN	84432	PROK1	9.535	187	1	1	1.0	0.0	9.535
DRA_HUMAN	3122	HLA-DRA	9.531	189	1	0	1.0	0.0	9.531
PRIMA_HUMAN	145270	PRIMA1	9.517	195	1	0	1.0	0.0	9.517
IOD2_HUMAN	1734	DIO2	9.515	196	1	0	1.0	0.0	9.515
RORA_HUMAN	6095	RORA	9.493	206	1	0	1.0	0.0	9.493
SDHA_HUMAN	6389	SDHA	9.491	207	1	2	1.0	0.0	9.491
ITB4_HUMAN	3691	ITGB4	9.489	208	1	0	1.0	0.0	9.489
ORN_HUMAN	25996	REXO2	9.489	208	1	0	1.0	0.0	9.489
CLCN5_HUMAN	1184	CLCN5	9.487	209	1	0	1.0	0.0	9.487
HNRPK_HUMAN	3190	HNRNPK	9.487	209	1	1	1.0	0.0	9.487
RABP1_HUMAN	1381	CRABP1	9.481	212	1	1	1.0	0.0	9.481
K1C12_HUMAN	3859	KRT12	9.471	217	1	0	1.0	0.0	9.471
RPGF3_HUMAN	10411	RAPGEF3	9.461	222	1	0	1.0	0.0	9.461
RHOB_HUMAN	388	RHOB	9.438	234	1	2	1.0	0.0	9.438
UCN3_HUMAN	114131	UCN3	9.436	235	1	0	1.0	0.0	9.436
BMR1A_HUMAN	657	BMPR1A	9.434	236	1	1	1.0	0.0	9.434
NCOA4_HUMAN	8031	NCOA4	9.431	238	1	0	1.0	0.0	9.431
E2F4_HUMAN	1874	E2F4	9.42	244	1	0	1.0	0.0	9.42
TSHB_HUMAN	7252	TSHB	9.413	248	1	0	1.0	0.0	9.413
MK_HUMAN	4192	MDK	9.409	250	1	0	1.0	0.0	9.409
NCOA2_HUMAN	10499	NCOA2	9.406	252	1	0	1.0	0.0	9.406
RACK1_HUMAN	10399	RACK1	9.399	256	1	0	1.0	0.0	9.399
ATP6_HUMAN	4508	MT-ATP6	9.397	257	1	2	1.0	0.0	9.397
TWSG1_HUMAN	57045	TWSG1	9.397	257	1	0	1.0	0.0	9.397
SEPR_HUMAN	2191	FAP	9.394	259	1	0	1.0	0.0	9.394
CSHL_HUMAN	1444	CSHL1	9.392	260	1	0	1.0	0.0	9.392
HEY1_HUMAN	23462	HEY1	9.382	266	1	0	1.0	0.0	9.382
CAD13_HUMAN	1012	CDH13	9.362	279	1	0	1.0	0.0	9.362
GLHA_HUMAN	1081	CGA	9.354	284	1	0	1.0	0.0	9.354
STC1_HUMAN	6781	STC1	9.352	285	1	0	1.0	0.0	9.352
AKT3_HUMAN	10000	AKT3	9.346	289	1	1	1.0	0.0	9.346
PDCD4_HUMAN	27250	PDCD4	9.342	292	1	2	1.0	0.0	9.342
TRI27_HUMAN	5987	TRIM27	9.337	295	1	1	1.0	0.0	9.337
FSCN1_HUMAN	6624	FSCN1	9.331	299	1	0	1.0	0.0	9.331
NU1M_HUMAN	4535	MT-ND1	9.312	313	1	0	1.0	0.0	9.312
GNAQ_HUMAN	2776	GNAQ	9.306	317	1	2	1.0	0.0	9.306
LGR5_HUMAN	8549	LGR5	9.294	326	1	3	1.0	0.0	9.294
HHEX_HUMAN	3087	HHEX	9.285	333	1	0	1.0	0.0	9.285
NCOR1_HUMAN	9611	NCOR1	9.272	343	1	0	1.0	0.0	9.272
NPY4R_HUMAN	5540	NPY4R	9.262	351	1	4	1.0	0.0	9.262
PRDX1_HUMAN	5052	PRDX1	9.261	352	1	1	1.0	0.0	9.261
DNLI4_HUMAN	3981	LIG4	9.257	355	1	2	1.0	0.0	9.257
MSLN_HUMAN	10232	MSLN	9.251	360	1	1	1.0	0.0	9.251
SRC8_HUMAN	2017	CTTN	9.246	364	1	0	1.0	0.0	9.246
B2L11_HUMAN	10018	BCL2L11	9.245	365	1	0	1.0	0.0	9.245
IOD3_HUMAN	1735	DIO3	9.241	368	1	0	1.0	0.0	9.241
TP53B_HUMAN	7158	TP53BP1	9.24	369	1	0	1.0	0.0	9.24
ROA1_HUMAN	3178	HNRNPA1	9.233	375	1	1	1.0	0.0	9.233
ARBK1_HUMAN	156	GRK2	9.231	377	1	0	1.0	0.0	9.231
HEMH_HUMAN	2235	FECH	9.225	382	1	0	1.0	0.0	9.225
5NTC_HUMAN	22978	NT5C2	9.212	394	1	0	1.0	0.0	9.212
PRKN_HUMAN	5071	PRKN	9.204	401	1	1	1.0	0.0	9.204
RL5_HUMAN	6125	RPL5	9.203	402	1	0	1.0	0.0	9.203
SOX10_HUMAN	6663	SOX10	9.2	405	1	0	1.0	0.0	9.2
FGFR4_HUMAN	2264	FGFR4	9.194	410	1	2	1.0	0.0	9.194
ITCH_HUMAN	83737	ITCH	9.186	418	1	0	1.0	0.0	9.186
HGFL_HUMAN	4485	MST1	9.183	421	1	0	1.0	0.0	9.183
IF4G1_HUMAN	1981	EIF4G1	9.181	423	1	0	1.0	0.0	9.181
PSG5_HUMAN	5673	PSG5	9.177	427	1	0	1.0	0.0	9.177
TPPP_HUMAN	11076	TPPP	9.175	429	1	0	1.0	0.0	9.175
SPB5_HUMAN	5268	SERPINB5	9.173	431	1	0	1.0	0.0	9.173
ELAF_HUMAN	5266	PI3	9.16	444	1	0	1.0	0.0	9.16
KPYM_HUMAN	5315	PKM	9.156	448	1	1	1.0	0.0	9.156
FEZF2_HUMAN	55079	FEZF2	9.127	479	1	1	1.0	0.0	9.127
ENDOU_HUMAN	8909	ENDOU	9.113	495	1	0	1.0	0.0	9.113
GPC3_HUMAN	2719	GPC3	9.088	524	1	0	1.0	0.0	9.088
PDK1_HUMAN	5163	PDK1	9.087	525	1	2	1.0	0.0	9.087
KPCE_HUMAN	5581	PRKCE	9.085	528	1	0	1.0	0.0	9.085
S10A4_HUMAN	6275	S100A4	9.078	536	1	0	1.0	0.0	9.078
RAP1A_HUMAN	5906	RAP1A	9.065	552	1	0	1.0	0.0	9.065
TYY1_HUMAN	7528	YY1	9.057	562	1	1	1.0	0.0	9.057
HRH1_HUMAN	3269	HRH1	9.051	571	1	1	1.0	0.0	9.051
LOX15_HUMAN	246	ALOX15	9.047	576	1	0	1.0	0.0	9.047
IKKA_HUMAN	1147	CHUK	9.036	590	1	1	1.0	0.0	9.036
SNF5_HUMAN	6598	SMARCB1	9.027	603	1	1	1.0	0.0	9.027
SKP2_HUMAN	6502	SKP2	9.025	605	1	0	1.0	0.0	9.025
GA45A_HUMAN	1647	GADD45A	9.005	634	1	0	1.0	0.0	9.005
MITF_HUMAN	4286	MITF	8.996	648	1	0	1.0	0.0	8.996
CP11A_HUMAN	1583	CYP11A1	8.994	651	1	0	1.0	0.0	8.994
GNRHR_HUMAN	2798	GNRHR	8.99	657	1	0	1.0	0.0	8.99
TBB3_HUMAN	10381	TUBB3	8.99	657	1	0	1.0	0.0	8.99
ITK_HUMAN	3702	ITK	8.987	661	1	0	1.0	0.0	8.987
MSHR_HUMAN	4157	MC1R	8.978	675	1	0	1.0	0.0	8.978
ST1A1_HUMAN	6817	SULT1A1	8.945	728	1	0	1.0	0.0	8.945
FURIN_HUMAN	5045	FURIN	8.913	784	1	0	1.0	0.0	8.913
ANXA2_HUMAN	302	ANXA2	8.887	832	1	0	1.0	0.0	8.887
CP27A_HUMAN	1593	CYP27A1	8.866	874	1	0	1.0	0.0	8.866
LRRK2_HUMAN	120892	LRRK2	8.865	876	1	3	1.0	0.0	8.865
IFI44_HUMAN	10561	IFI44	8.852	902	1	3	1.0	0.0	8.852
FBN1_HUMAN	2200	FBN1	8.842	923	1	0	1.0	0.0	8.842
MAMD1_HUMAN	10046	MAMLD1	8.841	925	1	0	1.0	0.0	8.841
RARB_HUMAN	5915	RARB	8.84	927	1	0	1.0	0.0	8.84
THBG_HUMAN	6906	SERPINA7	8.837	934	1	0	1.0	0.0	8.837
LRP1_HUMAN	4035	LRP1	8.83	948	1	0	1.0	0.0	8.83
DKK1_HUMAN	22943	DKK1	8.818	976	1	0	1.0	0.0	8.818
NUP62_HUMAN	23636	NUP62	8.816	979	1	0	1.0	0.0	8.816
TNR16_HUMAN	4804	NGFR	8.812	988	1	1	1.0	0.0	8.812
GLI1_HUMAN	2735	GLI1	8.796	1025	1	1	1.0	0.0	8.796
IL17F_HUMAN	112744	IL17F	8.793	1033	1	0	1.0	0.0	8.793
DPOLA_HUMAN	5422	POLA1	8.79	1041	1	0	1.0	0.0	8.79
GDN_HUMAN	5270	SERPINE2	8.789	1043	1	0	1.0	0.0	8.789
P73_HUMAN	7161	TP73	8.782	1060	1	0	1.0	0.0	8.782
FOXO3_HUMAN	2309	FOXO3	8.781	1061	1	0	1.0	0.0	8.781
TIE2_HUMAN	7010	TEK	8.781	1063	1	0	1.0	0.0	8.781
EDNRB_HUMAN	1910	EDNRB	8.764	1105	1	0	1.0	0.0	8.764
HXK1_HUMAN	3098	HK1	8.749	1143	1	0	1.0	0.0	8.749
ARY2_HUMAN	10	NAT2	8.747	1148	1	0	1.0	0.0	8.747
PTN11_HUMAN	5781	PTPN11	8.746	1150	1	0	1.0	0.0	8.746
PRKDC_HUMAN	5591	PRKDC	8.726	1205	1	0	1.0	0.0	8.726
XRCC1_HUMAN	7515	XRCC1	8.713	1242	1	0	1.0	0.0	8.713
NKG2D_HUMAN	22914	KLRK1	8.712	1245	1	0	1.0	0.0	8.712
AP2A_HUMAN	7020	TFAP2A	8.711	1247	1	0	1.0	0.0	8.711
EZH2_HUMAN	2146	EZH2	8.69	1309	1	1	1.0	0.0	8.69
HD_HUMAN	3064	HTT	8.686	1323	1	0	1.0	0.0	8.686
ANGP1_HUMAN	284	ANGPT1	8.677	1351	1	1	1.0	0.0	8.677
E2F1_HUMAN	1869	E2F1	8.628	1512	1	0	1.0	0.0	8.628
MBL2_HUMAN	4153	MBL2	8.626	1517	1	0	1.0	0.0	8.626
PML_HUMAN	5371	PML	8.626	1516	1	6	1.0	0.0	8.626
BECN1_HUMAN	8678	BECN1	8.623	1527	1	0	1.0	0.0	8.623
CDK6_HUMAN	1021	CDK6	8.622	1532	1	1	1.0	0.0	8.622
CXCL7_HUMAN	5473	PPBP	8.621	1534	1	0	1.0	0.0	8.621
ANGP2_HUMAN	285	ANGPT2	8.612	1569	1	0	1.0	0.0	8.612
ACTS_HUMAN	58	ACTA1	8.606	1589	1	0	1.0	0.0	8.606
FGFR1_HUMAN	2260	FGFR1	8.599	1615	1	4	1.0	0.0	8.599
K1C18_HUMAN	3875	KRT18	8.583	1674	1	0	1.0	0.0	8.583
CADH2_HUMAN	1000	CDH2	8.581	1685	1	2	1.0	0.0	8.581
TDT_HUMAN	1791	DNTT	8.555	1787	1	0	1.0	0.0	8.555
CFAH_HUMAN	3075	CFH	8.554	1793	1	0	1.0	0.0	8.554
CDN2B_HUMAN	1030	CDKN2B	8.546	1824	1	2	1.0	0.0	8.546
GRP_HUMAN	2922	GRP	8.542	1841	1	0	1.0	0.0	8.542
FUT4_HUMAN	2526	FUT4	8.538	1860	1	0	1.0	0.0	8.538
RAF1_HUMAN	5894	RAF1	8.52	1938	1	0	1.0	0.0	8.52
LIF_HUMAN	3976	LIF	8.519	1943	1	1	1.0	0.0	8.519
PAX5_HUMAN	5079	PAX5	8.514	1964	1	0	1.0	0.0	8.514
RAC1_HUMAN	5879	RAC1	8.48	2122	1	1	1.0	0.0	8.48
NOTC1_HUMAN	4851	NOTCH1	8.469	2179	1	0	1.0	0.0	8.469
AHR_HUMAN	196	AHR	8.463	2209	1	0	1.0	0.0	8.463
HPRT_HUMAN	3251	HPRT1	8.459	2227	1	0	1.0	0.0	8.459
BID_HUMAN	637	BID	8.456	2245	1	0	1.0	0.0	8.456
DRB4_HUMAN	3126	HLA-DRB4	8.452	2263	1	0	1.0	0.0	8.452
SMAD3_HUMAN	4088	SMAD3	8.452	2266	1	1	1.0	0.0	8.452
TSP1_HUMAN	7057	THBS1	8.452	2268	1	7	1.0	0.0	8.452
RUNX2_HUMAN	860	RUNX2	8.437	2344	1	1	1.0	0.0	8.437
GSTP1_HUMAN	2950	GSTP1	8.433	2367	1	0	1.0	0.0	8.433
MYCN_HUMAN	4613	MYCN	8.43	2383	1	0	1.0	0.0	8.43
SIR1_HUMAN	23411	SIRT1	8.416	2460	1	0	1.0	0.0	8.416
MP2K1_HUMAN	5604	MAP2K1	8.406	2516	1	1	1.0	0.0	8.406
PD1L1_HUMAN	29126	CD274	8.398	2564	1	1	1.0	0.0	8.398
MGMT_HUMAN	4255	MGMT	8.392	2601	1	0	1.0	0.0	8.392
MSH2_HUMAN	4436	MSH2	8.392	2603	1	0	1.0	0.0	8.392
CAH1_HUMAN	759	CA1	8.386	2638	1	0	1.0	0.0	8.386
SLIB_HUMAN	2691	GHRH	8.386	2635	1	0	1.0	0.0	8.386
ADA1D_HUMAN	146	ADRA1D	8.364	2777	1	0	1.0	0.0	8.364
TNR6_HUMAN	355	FAS	8.349	2871	1	0	1.0	0.0	8.349
HS90A_HUMAN	3320	HSP90AA1	8.332	2989	1	0	1.0	0.0	8.332
FA5_HUMAN	2153	F5	8.326	3031	1	0	1.0	0.0	8.326
INSR_HUMAN	3643	INSR	8.324	3040	1	5	1.0	0.0	8.324
GCR_HUMAN	2908	NR3C1	8.295	3252	1	3	1.0	0.0	8.295
ITA2B_HUMAN	3674	ITGA2B	8.272	3429	1	0	1.0	0.0	8.272
SCF_HUMAN	4254	KITLG	8.258	3542	1	0	1.0	0.0	8.258
ESR2_HUMAN	2100	ESR2	8.257	3549	1	1	1.0	0.0	8.257
IGF1R_HUMAN	3480	IGF1R	8.239	3702	1	0	1.0	0.0	8.239
DPP4_HUMAN	1803	DPP4	8.23	3775	1	0	1.0	0.0	8.23
CTLA4_HUMAN	1493	CTLA4	8.224	3826	1	0	1.0	0.0	8.224
VDR_HUMAN	7421	VDR	8.185	4185	1	0	1.0	0.0	8.185
MUC1_HUMAN	4582	MUC1	8.181	4231	1	0	1.0	0.0	8.181
TF65_HUMAN	5970	RELA	8.17	4340	1	1	1.0	0.0	8.17
MTHR_HUMAN	4524	MTHFR	8.152	4515	1	0	1.0	0.0	8.152
SP1_HUMAN	6667	SP1	8.145	4591	1	0	1.0	0.0	8.145
RB_HUMAN	5925	RB1	8.143	4614	1	0	1.0	0.0	8.143
DDIT3_HUMAN	1649	DDIT3	8.128	4779	1	0	1.0	0.0	8.128
EGF_HUMAN	1950	EGF	8.117	4898	1	0	1.0	0.0	8.117
LYAM2_HUMAN	6401	SELE	8.11	4980	1	0	1.0	0.0	8.11
FCG3A_HUMAN	2214	FCGR3A	8.066	5507	1	2	1.0	0.0	8.066
IFNB_HUMAN	3456	IFNB1	8.063	5545	1	0	1.0	0.0	8.063
CASP8_HUMAN	841	CASP8	8.061	5573	1	0	1.0	0.0	8.061
PTPRC_HUMAN	5788	PTPRC	8.018	6151	1	1	1.0	0.0	8.018
ANXA5_HUMAN	308	ANXA5	7.968	6904	1	0	1.0	0.0	7.968
PK3CD_HUMAN	5293	PIK3CD	7.962	6997	1	4	1.0	0.0	7.962
STAT3_HUMAN	6774	STAT3	7.95	7199	1	1	1.0	0.0	7.95
PRGR_HUMAN	5241	PGR	7.874	8583	1	2	1.0	0.0	7.874
COLI_HUMAN	5443	POMC	7.865	8744	1	0	1.0	0.0	7.865
APOB_HUMAN	338	APOB	7.82	9710	1	0	1.0	0.0	7.82
MMP2_HUMAN	4313	MMP2	7.766	10989	1	0	1.0	0.0	7.766
BAX_HUMAN	581	BAX	7.757	11225	1	0	1.0	0.0	7.757
CSF3_HUMAN	1440	CSF3	7.727	12033	1	0	1.0	0.0	7.727
IL1A_HUMAN	3552	IL1A	7.641	14669	1	1	1.0	0.0	7.641
CSF2_HUMAN	1437	CSF2	7.631	14987	1	0	1.0	0.0	7.631
KLK3_HUMAN	354	KLK3	7.583	16765	1	0	1.0	0.0	7.583
IGF1_HUMAN	3479	IGF1	7.481	21183	1	0	1.0	0.0	7.481
