Big_T	5071
Big_F	17252753
UniProtKB_ID	GeneID	Gene_Name	PPS	Big_P	T+P	Citation	1+Log(T+P)	log10((Cit/yr+1)/10)	1+log10(F/T)+log10(F/P)
VHL_HUMAN	7428	VHL	36.001	2280	149	127	3.173	1.107	8.411
FUMH_HUMAN	2271	FH	33.086	261	46	74	2.663	0.875	9.352
TFE3_HUMAN	7030	TFE3	32.126	316	68	42	2.833	0.633	9.269
WT1_HUMAN	7490	WT1	31.524	2295	156	35	3.193	0.556	8.408
FLCN_HUMAN	201163	FLCN	30.586	167	40	39	2.602	0.602	9.546
MTOR_HUMAN	2475	MTOR	30.315	14590	32	302	2.505	1.481	7.604
SETD2_HUMAN	29072	SETD2	27.191	342	10	87	2.0	0.944	9.235
PB1_HUMAN	55193	PBRM1	26.906	292	13	59	2.114	0.778	9.303
P53_HUMAN	7157	TP53	25.42	46130	86	43	2.934	0.643	7.105
ARF_HUMAN	1029	CDKN2A	24.5	9187	27	50	2.431	0.708	7.805
PTEN_HUMAN	5728	PTEN	24.308	6259	20	55	2.301	0.748	7.972
SNF5_HUMAN	6598	SMARCB1	24.306	603	22	22	2.342	0.362	8.988
EPAS1_HUMAN	2034	EPAS1	23.882	957	18	28	2.255	0.462	8.788
RASK_HUMAN	3845	KRAS	22.484	10492	21	37	2.322	0.58	7.748
DICER_HUMAN	23405	DICER1	21.623	691	12	21	2.079	0.342	8.929
PRCC_HUMAN	5546	PRCC	21.046	166	16	8	2.204	0.0	9.548
CTNB1_HUMAN	1499	CTNNB1	20.738	8844	28	15	2.447	0.204	7.822
TSC2_HUMAN	7249	TSC2	20.527	1353	14	16	2.146	0.23	8.637
TSC1_HUMAN	7248	TSC1	20.394	1381	21	10	2.322	0.041	8.628
FHIT_HUMAN	2272	FHIT	20.353	760	15	12	2.176	0.114	8.888
EGFR_HUMAN	1956	EGFR	20.067	30695	38	14	2.58	0.176	7.281
AMER1_HUMAN	139285	AMER1	20.041	56	10	7	2.0	0.0	10.02
HIF1A_HUMAN	3091	HIF1A	19.996	7140	16	20	2.204	0.322	7.915
MITF_HUMAN	4286	MITF	19.932	648	8	20	1.903	0.322	8.957
PAX6_HUMAN	5080	PAX6	19.593	964	17	3	2.23	0.0	8.785
RASF1_HUMAN	11186	RASSF1	19.363	1012	9	17	1.954	0.255	8.763
K2C7_HUMAN	3855	KRT7	19.173	2263	19	6	2.279	0.0	8.414
CAD16_HUMAN	1014	CDH16	18.989	30	7	4	1.845	0.0	10.291
CATK_HUMAN	1513	CTSK	18.842	717	13	4	2.114	0.0	8.913
CDC73_HUMAN	79577	CDC73	18.815	219	9	10	1.954	0.041	9.428
KIT_HUMAN	3815	KIT	18.715	6488	15	14	2.176	0.176	7.956
RASH_HUMAN	3265	HRAS	18.309	2263	15	6	2.176	0.0	8.414
MLH1_HUMAN	4292	MLH1	18.204	3231	16	8	2.204	0.0	8.259
IGF2_HUMAN	3481	IGF2	18.188	5059	18	3	2.255	0.0	8.064
VEGFA_HUMAN	7422	VEGFA	18.122	32733	15	20	2.176	0.322	7.254
SDHB_HUMAN	6390	SDHB	18.053	910	7	15	1.845	0.204	8.81
MEN1_HUMAN	4221	MEN1	18.037	1723	13	5	2.114	0.0	8.532
MYCN_HUMAN	4613	MYCN	17.739	2383	13	3	2.114	0.0	8.391
MSH6_HUMAN	2956	MSH6	17.663	1307	11	7	2.041	0.0	8.652
CDN1C_HUMAN	1028	CDKN1C	17.436	702	9	3	1.954	0.0	8.922
PAX2_HUMAN	5076	PAX2	17.414	415	8	0	1.903	0.0	9.151
RPP14_HUMAN	11102	RPP14	17.262	499	8	1	1.903	0.0	9.07
CO4A5_HUMAN	1287	COL4A5	17.141	301	7	1	1.845	0.0	9.29
TFEB_HUMAN	7942	TFEB	17.062	149	6	7	1.778	0.0	9.595
AKT1_HUMAN	207	AKT1	16.953	18505	7	25	1.845	0.415	7.501
BAP1_HUMAN	8314	BAP1	16.925	271	5	12	1.699	0.114	9.336
MSH2_HUMAN	4436	MSH2	16.706	2603	10	4	2.0	0.0	8.353
RET_HUMAN	5979	RET	16.617	4253	11	3	2.041	0.0	8.14
MRP1_HUMAN	4363	ABCC1	16.476	2177	9	1	1.954	0.0	8.431
CDN2B_HUMAN	1030	CDKN2B	16.191	1824	8	2	1.903	0.0	8.508
SDHA_HUMAN	6389	SDHA	16.06	207	5	3	1.699	0.0	9.453
NF2L2_HUMAN	4780	NFE2L2	16.03	2742	2	41	1.301	0.623	8.331
ERBB2_HUMAN	2064	ERBB2	15.77	26330	14	6	2.146	0.0	7.348
BRK1_HUMAN	55845	BRK1	15.495	19	3	2	1.477	0.0	10.49
HNF1B_HUMAN	6928	HNF1B	15.493	446	5	3	1.699	0.0	9.119
MET_HUMAN	4233	MET	15.446	2497	7	8	1.845	0.0	8.371
CATA_HUMAN	847	CAT	15.392	4790	8	0	1.903	0.0	8.088
ETV6_HUMAN	2120	ETV6	15.172	1723	6	1	1.778	0.0	8.532
MYC_HUMAN	4609	MYC	15.155	10313	9	4	1.954	0.0	7.755
ANDR_HUMAN	367	AR	15.091	6901	8	7	1.903	0.0	7.93
BRAF_HUMAN	673	BRAF	15.083	6965	8	2	1.903	0.0	7.926
TERT_HUMAN	7015	TERT	15.021	4242	7	8	1.845	0.0	8.141
NEP_HUMAN	4311	MME	14.968	4534	7	1	1.845	0.0	8.112
VGFR2_HUMAN	3791	KDR	14.922	6464	5	14	1.699	0.176	7.958
TEBP_HUMAN	10728	PTGES3	14.803	338	4	1	1.602	0.0	9.24
FSHB_HUMAN	2488	FSHB	14.78	349	4	0	1.602	0.0	9.226
PDE11_HUMAN	50940	PDE11A	14.757	60	3	6	1.477	0.0	9.99
CDN1B_HUMAN	1027	CDKN1B	14.742	3007	6	6	1.778	0.0	8.29
DESM_HUMAN	1674	DES	14.655	3365	6	1	1.778	0.0	8.242
HGFL_HUMAN	4485	MST1	14.65	421	4	0	1.602	0.0	9.144
CMGA_HUMAN	1113	CHGA	14.634	3455	6	1	1.778	0.0	8.23
TEN1_HUMAN	10178	TENM1	14.574	3736	6	2	1.778	0.0	8.196
RB_HUMAN	5925	RB1	14.411	4614	6	2	1.778	0.0	8.104
NF1_HUMAN	4763	NF1	14.328	5140	6	1	1.778	0.0	8.058
HGF_HUMAN	3082	HGF	14.265	4410	3	18	1.477	0.279	8.124
PCNA_HUMAN	5111	PCNA	14.232	5813	6	0	1.778	0.0	8.004
FGFR3_HUMAN	2261	FGFR3	14.218	1310	4	10	1.602	0.041	8.651
BRCA1_HUMAN	672	BRCA1	14.156	9743	6	10	1.778	0.041	7.78
EWS_HUMAN	2130	EWSR1	14.151	862	4	0	1.602	0.0	8.833
BCL2_HUMAN	596	BCL2	14.077	23522	8	2	1.903	0.0	7.397
OGG1_HUMAN	4968	OGG1	14.006	1062	4	2	1.602	0.0	8.742
PKD1_HUMAN	5310	PKD1	13.987	1092	4	0	1.602	0.0	8.73
IGF1R_HUMAN	3480	IGF1R	13.932	3702	5	6	1.699	0.0	8.2
ENOG_HUMAN	2026	ENO2	13.882	3962	5	2	1.699	0.0	8.171
CHK2_HUMAN	11200	CHEK2	13.836	1355	4	3	1.602	0.0	8.637
MDR1_HUMAN	5243	ABCB1	13.768	10598	6	2	1.778	0.0	7.743
KILIN_HUMAN	100144748	KLLN	13.678	18	2	5	1.301	0.0	10.513
CDN1A_HUMAN	1026	CDKN1A	13.593	5857	5	4	1.699	0.0	8.001
DI3L2_HUMAN	129563	DIS3L2	13.565	22	2	8	1.301	0.0	10.426
HACE1_HUMAN	57531	HACE1	13.54	23	2	4	1.301	0.0	10.407
DCC_HUMAN	1630	DCC	13.534	404	3	0	1.477	0.0	9.162
RN139_HUMAN	11236	RNF139	13.516	24	2	6	1.301	0.0	10.388
GLSK_HUMAN	2744	GLS	13.483	100	2	11	1.301	0.079	9.769
KANK1_HUMAN	23189	KANK1	13.47	26	2	0	1.301	0.0	10.354
ABCG2_HUMAN	9429	ABCG2	13.433	2419	4	5	1.602	0.0	8.385
SOSD1_HUMAN	25928	SOSTDC1	13.409	29	2	0	1.301	0.0	10.306
ALK_HUMAN	238	ALK	13.334	2791	4	6	1.602	0.0	8.323
CP27B_HUMAN	1594	CYP27B1	13.329	556	3	0	1.477	0.0	9.024
TNR6_HUMAN	355	FAS	13.314	2871	4	0	1.602	0.0	8.311
CTDSL_HUMAN	10217	CTDSPL	13.302	35	2	1	1.301	0.0	10.225
APC_HUMAN	324	APC	13.26	619	3	1	1.477	0.0	8.977
CCND1_HUMAN	595	CCND1	13.243	9412	5	1	1.699	0.0	7.795
ELP4_HUMAN	26610	ELP4	13.136	47	2	2	1.301	0.0	10.096
CTLA4_HUMAN	1493	CTLA4	13.114	3826	2	19	1.301	0.301	8.186
CHK1_HUMAN	1111	CHEK1	12.803	1262	3	3	1.477	0.0	8.668
ALEX_HUMAN	2778	GNAS	12.793	1281	3	2	1.477	0.0	8.661
BRCA2_HUMAN	675	BRCA2	12.769	6283	4	3	1.602	0.0	7.97
ABL1_HUMAN	25	ABL1	12.766	6311	4	8	1.602	0.0	7.968
SRY_HUMAN	6736	SRY	12.757	1355	3	1	1.477	0.0	8.637
CLH1_HUMAN	1213	CLTC	12.744	94	2	0	1.301	0.0	9.795
NU3M_HUMAN	4537	MT-ND3	12.709	100	2	1	1.301	0.0	9.769
FABP7_HUMAN	2173	FABP7	12.704	101	2	1	1.301	0.0	9.764
TRPM6_HUMAN	140803	TRPM6	12.621	117	2	5	1.301	0.0	9.7
ACPH_HUMAN	327	APEH	12.597	122	2	0	1.301	0.0	9.682
SIX2_HUMAN	10736	SIX2	12.588	124	2	2	1.301	0.0	9.675
HABP2_HUMAN	3026	HABP2	12.552	132	2	8	1.301	0.0	9.648
L0N195_HUMAN	3439	IFNA1	12.537	8773	4	2	1.602	0.0	7.825
HPRT_HUMAN	3251	HPRT1	12.439	2227	3	1	1.477	0.0	8.421
FETA_HUMAN	174	AFP	12.423	10333	4	1	1.602	0.0	7.754
GLR_HUMAN	2642	GCGR	12.39	176	2	2	1.301	0.0	9.523
NOV_HUMAN	4856	NOV	12.39	176	2	2	1.301	0.0	9.523
BAX_HUMAN	581	BAX	12.365	11225	4	2	1.602	0.0	7.718
ESTD_HUMAN	2098	ESD	12.362	185	2	0	1.301	0.0	9.501
RASN_HUMAN	4893	NRAS	12.353	2546	3	0	1.477	0.0	8.363
PK3CA_HUMAN	5290	PIK3CA	12.328	2646	3	0	1.477	0.0	8.346
BUB1_HUMAN	699	BUB1	12.231	233	2	2	1.301	0.0	9.401
NRAM2_HUMAN	4891	SLC11A2	12.212	241	2	0	1.301	0.0	9.387
E2F4_HUMAN	1874	E2F4	12.205	244	2	0	1.301	0.0	9.381
DCAF7_HUMAN	10238	DCAF7	12.205	244	2	0	1.301	0.0	9.381
CDK4_HUMAN	1019	CDK4	12.18	3335	3	3	1.477	0.0	8.245
ACE_HUMAN	1636	ACE	12.174	14773	4	0	1.602	0.0	7.599
MDM2_HUMAN	4193	MDM2	12.14	3545	3	1	1.477	0.0	8.219
AMACR_HUMAN	23600	AMACR	12.121	283	2	2	1.301	0.0	9.317
MUTA_HUMAN	4594	MUT	11.967	372	2	1	1.301	0.0	9.198
PTTG1_HUMAN	9232	PTTG1	11.953	381	2	3	1.301	0.0	9.188
TNF10_HUMAN	8743	TNFSF10	11.942	4830	3	0	1.477	0.0	8.085
TPPP_HUMAN	11076	TPPP	11.886	429	2	0	1.301	0.0	9.136
LDHA_HUMAN	3939	LDHA	11.872	440	2	0	1.301	0.0	9.125
FGF3_HUMAN	2248	FGF3	11.857	452	2	0	1.301	0.0	9.113
ENDOU_HUMAN	8909	ENDOU	11.806	495	2	0	1.301	0.0	9.074
TM52B_HUMAN	120939	TMEM52B	11.769	1	1	0	1.0	0.0	11.769
MUTYH_HUMAN	4595	MUTYH	11.761	536	2	2	1.301	0.0	9.039
SFRP1_HUMAN	6422	SFRP1	11.757	539	2	5	1.301	0.0	9.037
PARP1_HUMAN	142	PARP1	11.744	6579	3	6	1.477	0.0	7.95
FAAH2_HUMAN	158584	FAAH2	11.726	8	1	11	1.0	0.079	10.866
SIR1_HUMAN	23411	SIRT1	11.711	2460	1	24	1.0	0.398	8.378
NPHN_HUMAN	4868	NPHS1	11.693	604	2	2	1.301	0.0	8.988
IL2_HUMAN	3558	IL2	11.678	30132	4	0	1.602	0.0	7.289
PDGFA_HUMAN	5154	PDGFA	11.667	632	2	0	1.301	0.0	8.968
MDR3_HUMAN	5244	ABCB4	11.605	706	2	2	1.301	0.0	8.92
SMCA4_HUMAN	6597	SMARCA4	11.599	714	2	2	1.301	0.0	8.915
GLCM_HUMAN	2629	GBA	11.544	787	2	1	1.301	0.0	8.873
CEP97_HUMAN	79598	CEP97	11.528	5	1	10	1.0	0.041	11.07
CISY_HUMAN	1431	CS	11.527	810	2	4	1.301	0.0	8.86
NFKB1_HUMAN	4790	NFKB1	11.495	9691	3	0	1.477	0.0	7.782
LRRK2_HUMAN	120892	LRRK2	11.483	876	2	7	1.301	0.0	8.826
TGFR1_HUMAN	7046	TGFBR1	11.469	898	2	1	1.301	0.0	8.815
K1C20_HUMAN	54474	KRT20	11.468	10103	3	0	1.477	0.0	7.764
TMED6_HUMAN	146456	TMED6	11.468	2	1	0	1.0	0.0	11.468
DYH2_HUMAN	146754	DNAH2	11.468	2	1	0	1.0	0.0	11.468
VIME_HUMAN	7431	VIM	11.458	10272	3	0	1.477	0.0	7.757
PTC1_HUMAN	5727	PTCH1	11.412	993	2	0	1.301	0.0	8.772
HNF1A_HUMAN	6927	HNF1A	11.399	1016	2	1	1.301	0.0	8.762
NDKA_HUMAN	4830	NME1	11.365	1079	2	0	1.301	0.0	8.736
KCNQ1_HUMAN	3784	KCNQ1	11.361	1087	2	3	1.301	0.0	8.732
NBN_HUMAN	4683	NBN	11.355	1099	2	0	1.301	0.0	8.728
CD22_HUMAN	933	CD22	11.334	1140	2	2	1.301	0.0	8.712
ARY2_HUMAN	10	NAT2	11.33	1148	2	0	1.301	0.0	8.709
VGFR3_HUMAN	2324	FLT4	11.298	1215	2	6	1.301	0.0	8.684
PO6F2_HUMAN	11281	POU6F2	11.291	3	1	0	1.0	0.0	11.291
FBX47_HUMAN	494188	FBXO47	11.291	3	1	0	1.0	0.0	11.291
CD99_HUMAN	4267	CD99	11.278	1258	2	0	1.301	0.0	8.669
IL6_HUMAN	3569	IL6	11.276	53611	4	3	1.602	0.0	7.038
PTHY_HUMAN	5741	PTH	11.274	13691	3	0	1.477	0.0	7.632
CAH9_HUMAN	768	CA9	11.262	1295	2	3	1.301	0.0	8.656
SOX9_HUMAN	6662	SOX9	11.196	1457	2	0	1.301	0.0	8.605
EPO_HUMAN	2056	EPO	11.19	15574	3	0	1.477	0.0	7.576
CTGF_HUMAN	1490	CTGF	11.161	1548	2	3	1.301	0.0	8.579
IDHC_HUMAN	3417	IDH1	11.114	1683	2	9	1.301	0.0	8.543
DOK6_HUMAN	220164	DOK6	11.07	5	1	0	1.0	0.0	11.07
KPCD_HUMAN	5580	PRKCD	11.041	1915	2	3	1.301	0.0	8.486
ZNF77_HUMAN	58492	ZNF77	11.016	2001	2	1	1.301	0.0	8.467
PGFRB_HUMAN	5159	PDGFRB	11.011	2018	2	1	1.301	0.0	8.464
KMT2A_HUMAN	4297	KMT2A	10.99	2095	2	0	1.301	0.0	8.447
DDRGK_HUMAN	65992	DDRGK1	10.99	6	1	1	1.0	0.0	10.99
AMPN_HUMAN	290	ANPEP	10.95	2249	2	3	1.301	0.0	8.417
ATM_HUMAN	472	ATM	10.928	2339	2	2	1.301	0.0	8.4
FES_HUMAN	2242	FES	10.923	7	1	3	1.0	0.0	10.923
STML3_HUMAN	161003	STOML3	10.923	7	1	1	1.0	0.0	10.923
FBSP1_HUMAN	200933	FBXO45	10.923	7	1	3	1.0	0.0	10.923
P63_HUMAN	8626	TP63	10.92	2371	2	7	1.301	0.0	8.394
INP4A_HUMAN	3631	INPP4A	10.866	8	1	2	1.0	0.0	10.866
Z354A_HUMAN	6940	ZNF354A	10.866	8	1	0	1.0	0.0	10.866
GSTM1_HUMAN	2944	GSTM1	10.849	2692	2	0	1.301	0.0	8.338
VGFR1_HUMAN	2321	FLT1	10.819	2839	2	2	1.301	0.0	8.315
PNISR_HUMAN	25957	PNISR	10.814	9	1	0	1.0	0.0	10.814
UNC5D_HUMAN	137970	UNC5D	10.814	9	1	0	1.0	0.0	10.814
MB212_HUMAN	10586	MAB21L2	10.769	10	1	4	1.0	0.0	10.769
PDS5A_HUMAN	23244	PDS5A	10.769	10	1	0	1.0	0.0	10.769
CSPP1_HUMAN	79848	CSPP1	10.769	10	1	0	1.0	0.0	10.769
UD15_HUMAN	54579	UGT1A5	10.727	11	1	0	1.0	0.0	10.727
POC1B_HUMAN	282809	POC1B	10.727	11	1	2	1.0	0.0	10.727
CYTC_HUMAN	1471	CST3	10.704	3479	2	3	1.301	0.0	8.227
TRI36_HUMAN	55521	TRIM36	10.689	12	1	0	1.0	0.0	10.689
MBP_HUMAN	4155	MBP	10.682	3613	2	1	1.301	0.0	8.211
PRAF2_HUMAN	11230	PRAF2	10.655	13	1	2	1.0	0.0	10.655
AAK1_HUMAN	22848	AAK1	10.655	13	1	0	1.0	0.0	10.655
C9JVC3_HUMAN	100131827	ZNF717	10.655	13	1	1	1.0	0.0	10.655
G6PD_HUMAN	2539	G6PD	10.627	3985	2	0	1.301	0.0	8.168
NEUR1_HUMAN	4758	NEU1	10.618	4047	2	8	1.301	0.0	8.161
PFD3_HUMAN	7411	VBP1	10.593	15	1	0	1.0	0.0	10.593
FOS_HUMAN	2353	FOS	10.57	4405	2	0	1.301	0.0	8.125
SPAG4_HUMAN	6676	SPAG4	10.564	16	1	0	1.0	0.0	10.564
PSMD3_HUMAN	5709	PSMD3	10.538	17	1	0	1.0	0.0	10.538
MYPC1_HUMAN	4604	MYBPC1	10.513	18	1	1	1.0	0.0	10.513
LTMD1_HUMAN	25875	LETMD1	10.513	18	1	1	1.0	0.0	10.513
NELFB_HUMAN	25920	NELFB	10.513	18	1	3	1.0	0.0	10.513
RCC2_HUMAN	55920	RCC2	10.513	18	1	0	1.0	0.0	10.513
J9JIF5_HUMAN	80319	CXXC4	10.513	18	1	1	1.0	0.0	10.513
EGF_HUMAN	1950	EGF	10.51	4898	2	0	1.301	0.0	8.079
C1QT1_HUMAN	114897	C1QTNF1	10.49	19	1	0	1.0	0.0	10.49
GNAI2_HUMAN	2771	GNAI2	10.468	20	1	0	1.0	0.0	10.468
MAX_HUMAN	4149	MAX	10.468	20	1	1	1.0	0.0	10.468
ZN274_HUMAN	10782	ZNF274	10.468	20	1	0	1.0	0.0	10.468
RN115_HUMAN	27246	RNF115	10.468	20	1	2	1.0	0.0	10.468
BICC1_HUMAN	80114	BICC1	10.468	20	1	2	1.0	0.0	10.468
BDNF_HUMAN	627	BDNF	10.462	5335	2	8	1.301	0.0	8.041
INSR2_HUMAN	723961	INS-IGF2	10.446	21	1	0	1.0	0.0	10.446
VCAM1_HUMAN	7412	VCAM1	10.437	5577	2	1	1.301	0.0	8.022
RPB7_HUMAN	5436	POLR2G	10.426	22	1	1	1.0	0.0	10.426
UBE2S_HUMAN	27338	UBE2S	10.426	22	1	0	1.0	0.0	10.426
HLPDA_HUMAN	29923	HILPDA	10.426	22	1	1	1.0	0.0	10.426
KCIP4_HUMAN	80333	KCNIP4	10.426	22	1	0	1.0	0.0	10.426
RAB35_HUMAN	11021	RAB35	10.407	23	1	1	1.0	0.0	10.407
HOGA1_HUMAN	112817	HOGA1	10.407	23	1	0	1.0	0.0	10.407
OSR2_HUMAN	116039	OSR2	10.407	23	1	0	1.0	0.0	10.407
DHDH_HUMAN	27294	DHDH	10.388	24	1	0	1.0	0.0	10.388
IPMK_HUMAN	253430	IPMK	10.388	24	1	2	1.0	0.0	10.388
RL14_HUMAN	9045	RPL14	10.371	25	1	0	1.0	0.0	10.371
NPT2C_HUMAN	142680	SLC34A3	10.371	25	1	0	1.0	0.0	10.371
KAD6_HUMAN	102157402	AK6	10.371	25	1	0	1.0	0.0	10.371
SPAG5_HUMAN	10615	SPAG5	10.354	26	1	4	1.0	0.0	10.354
TGIF2_HUMAN	60436	TGIF2	10.354	26	1	1	1.0	0.0	10.354
AGRG2_HUMAN	10149	ADGRG2	10.337	27	1	0	1.0	0.0	10.337
PACRG_HUMAN	135138	PACRG	10.337	27	1	3	1.0	0.0	10.337
LEP_HUMAN	3952	LEP	10.308	7002	2	0	1.301	0.0	7.923
NPRL2_HUMAN	10641	NPRL2	10.291	30	1	0	1.0	0.0	10.291
IF1AX_HUMAN	1964	EIF1AX	10.277	31	1	0	1.0	0.0	10.277
PGAM2_HUMAN	5224	PGAM2	10.25	33	1	3	1.0	0.0	10.25
RERE_HUMAN	473	RERE	10.237	34	1	0	1.0	0.0	10.237
GAK_HUMAN	2580	GAK	10.237	34	1	0	1.0	0.0	10.237
AR13B_HUMAN	200894	ARL13B	10.237	34	1	2	1.0	0.0	10.237
DGKE_HUMAN	8526	DGKE	10.212	36	1	0	1.0	0.0	10.212
ZN423_HUMAN	23090	ZNF423	10.212	36	1	0	1.0	0.0	10.212
UBIA1_HUMAN	29914	UBIAD1	10.212	36	1	1	1.0	0.0	10.212
UNC5C_HUMAN	8633	UNC5C	10.189	38	1	1	1.0	0.0	10.189
ELF5_HUMAN	2001	ELF5	10.178	39	1	1	1.0	0.0	10.178
TRI37_HUMAN	4591	TRIM37	10.156	41	1	0	1.0	0.0	10.156
CADH1_HUMAN	999	CDH1	10.154	9209	2	0	1.301	0.0	7.804
NSDHL_HUMAN	50814	NSDHL	10.135	43	1	0	1.0	0.0	10.135
FRMD7_HUMAN	90167	FRMD7	10.135	43	1	1	1.0	0.0	10.135
UNC5B_HUMAN	219699	UNC5B	10.135	43	1	2	1.0	0.0	10.135
EIF3J_HUMAN	8669	EIF3J	10.115	45	1	0	1.0	0.0	10.115
HES6_HUMAN	55502	HES6	10.115	45	1	0	1.0	0.0	10.115
CREB3_HUMAN	10488	CREB3	10.106	46	1	1	1.0	0.0	10.106
UPK1A_HUMAN	11045	UPK1A	10.106	46	1	1	1.0	0.0	10.106
LYPD1_HUMAN	116372	LYPD1	10.096	47	1	1	1.0	0.0	10.096
DDX1_HUMAN	1653	DDX1	10.087	48	1	0	1.0	0.0	10.087
S22AI_HUMAN	5002	SLC22A18	10.087	48	1	0	1.0	0.0	10.087
ELOB_HUMAN	6923	ELOB	10.087	48	1	6	1.0	0.0	10.087
B2CML4_HUMAN	140564	APOBEC3DE	10.087	48	1	4	1.0	0.0	10.087
SEC63_HUMAN	11231	SEC63	10.078	49	1	0	1.0	0.0	10.078
FANCI_HUMAN	55215	FANCI	10.078	49	1	0	1.0	0.0	10.078
DNJB6_HUMAN	10049	DNAJB6	10.07	50	1	0	1.0	0.0	10.07
CRIS1_HUMAN	167	CRISP1	10.061	51	1	0	1.0	0.0	10.061
MMP2_HUMAN	4313	MMP2	10.054	10989	2	2	1.301	0.0	7.728
PTPRG_HUMAN	5793	PTPRG	10.053	52	1	0	1.0	0.0	10.053
CITE1_HUMAN	4435	CITED1	10.028	55	1	0	1.0	0.0	10.028
STXB2_HUMAN	6813	STXBP2	10.028	55	1	1	1.0	0.0	10.028
NPTXR_HUMAN	23467	NPTXR	10.028	55	1	2	1.0	0.0	10.028
NTAN1_HUMAN	123803	NTAN1	10.028	55	1	1	1.0	0.0	10.028
ICAM1_HUMAN	3383	ICAM1	10.02	11659	2	0	1.301	0.0	7.702
RBY1A_HUMAN	5940	RBMY1A1	10.013	57	1	0	1.0	0.0	10.013
DPP3_HUMAN	10072	DPP3	10.013	57	1	5	1.0	0.0	10.013
NBPF3_HUMAN	84224	NBPF3	10.013	57	1	0	1.0	0.0	10.013
NEK8_HUMAN	284086	NEK8	10.013	57	1	2	1.0	0.0	10.013
C1GLC_HUMAN	29071	C1GALT1C1	10.005	58	1	0	1.0	0.0	10.005
KIF1A_HUMAN	547	KIF1A	9.99	60	1	0	1.0	0.0	9.99
WNK1_HUMAN	65125	WNK1	9.984	152	1	10	1.0	0.041	9.587
DHRS2_HUMAN	10202	DHRS2	9.983	61	1	0	1.0	0.0	9.983
FRK_HUMAN	2444	FRK	9.976	62	1	0	1.0	0.0	9.976
KIF3A_HUMAN	11127	KIF3A	9.969	63	1	1	1.0	0.0	9.969
CAH14_HUMAN	23632	CA14	9.969	63	1	0	1.0	0.0	9.969
FINC_HUMAN	2335	FN1	9.959	12999	2	0	1.301	0.0	7.655
DIRC2_HUMAN	84925	DIRC2	9.943	67	1	0	1.0	0.0	9.943
TMC6_HUMAN	11322	TMC6	9.936	68	1	0	1.0	0.0	9.936
ESR1_HUMAN	2099	ESR1	9.924	13814	2	5	1.301	0.0	7.628
GLIS3_HUMAN	169792	GLIS3	9.923	70	1	2	1.0	0.0	9.923
ISCU_HUMAN	23479	ISCU	9.911	72	1	7	1.0	0.0	9.911
RASF7_HUMAN	8045	RASSF7	9.899	74	1	0	1.0	0.0	9.899
MD2L2_HUMAN	10459	MAD2L2	9.899	74	1	0	1.0	0.0	9.899
THRB_HUMAN	2147	F2	9.89	14673	2	1	1.301	0.0	7.602
BBS1_HUMAN	582	BBS1	9.882	77	1	0	1.0	0.0	9.882
CUL5_HUMAN	8065	CUL5	9.882	77	1	0	1.0	0.0	9.882
EP400_HUMAN	57634	EP400	9.882	77	1	0	1.0	0.0	9.882
CSF2_HUMAN	1437	CSF2	9.878	14987	2	0	1.301	0.0	7.593
COPA_HUMAN	1314	COPA	9.876	78	1	0	1.0	0.0	9.876
ACY1_HUMAN	95	ACY1	9.871	79	1	0	1.0	0.0	9.871
TM158_HUMAN	25907	TMEM158	9.871	79	1	1	1.0	0.0	9.871
SEM3F_HUMAN	6405	SEMA3F	9.866	80	1	1	1.0	0.0	9.866
RED_HUMAN	3550	IK	9.855	82	1	0	1.0	0.0	9.855
NPT2B_HUMAN	10568	SLC34A2	9.855	82	1	0	1.0	0.0	9.855
SAS6_HUMAN	163786	SASS6	9.855	82	1	0	1.0	0.0	9.855
CADH6_HUMAN	1004	CDH6	9.85	83	1	0	1.0	0.0	9.85
NINL_HUMAN	22981	NINL	9.85	83	1	2	1.0	0.0	9.85
RENI_HUMAN	5972	REN	9.845	15907	2	0	1.301	0.0	7.567
MMP26_HUMAN	56547	MMP26	9.839	85	1	1	1.0	0.0	9.839
EDIL3_HUMAN	10085	EDIL3	9.834	86	1	0	1.0	0.0	9.834
OSR1_HUMAN	130497	OSR1	9.829	87	1	1	1.0	0.0	9.829
ASNS_HUMAN	440	ASNS	9.824	88	1	3	1.0	0.0	9.824
CP20A_HUMAN	57404	CYP20A1	9.81	91	1	0	1.0	0.0	9.81
ABC3A_HUMAN	200315	APOBEC3A	9.805	92	1	2	1.0	0.0	9.805
TRI18_HUMAN	4281	MID1	9.8	93	1	2	1.0	0.0	9.8
BHE41_HUMAN	79365	BHLHE41	9.8	93	1	1	1.0	0.0	9.8
PP1A_HUMAN	5499	PPP1CA	9.795	94	1	0	1.0	0.0	9.795
HIPK2_HUMAN	28996	HIPK2	9.795	94	1	1	1.0	0.0	9.795
DUS4_HUMAN	1846	DUSP4	9.786	96	1	0	1.0	0.0	9.786
BCAM_HUMAN	4059	BCAM	9.786	96	1	0	1.0	0.0	9.786
TRBP2_HUMAN	6895	TARBP2	9.782	97	1	0	1.0	0.0	9.782
WDR5_HUMAN	11091	WDR5	9.777	98	1	0	1.0	0.0	9.777
HYALP_HUMAN	6677	SPAM1	9.764	101	1	6	1.0	0.0	9.764
NONO_HUMAN	4841	NONO	9.756	103	1	2	1.0	0.0	9.756
ST14_HUMAN	6768	ST14	9.739	107	1	0	1.0	0.0	9.739
EGLN2_HUMAN	112398	EGLN2	9.735	108	1	2	1.0	0.0	9.735
TFPI1_HUMAN	7035	TFPI	9.732	1077	1	12	1.0	0.114	8.736
TOPK_HUMAN	55872	PBK	9.727	110	1	0	1.0	0.0	9.727
GPNMB_HUMAN	10457	GPNMB	9.719	112	1	1	1.0	0.0	9.719
BCOR_HUMAN	54880	BCOR	9.719	112	1	1	1.0	0.0	9.719
PTPRD_HUMAN	5789	PTPRD	9.716	113	1	1	1.0	0.0	9.716
FRS2_HUMAN	10818	FRS2	9.716	113	1	1	1.0	0.0	9.716
HXB13_HUMAN	10481	HOXB13	9.708	115	1	0	1.0	0.0	9.708
ZN645_HUMAN	158506	ZNF645	9.7	117	1	0	1.0	0.0	9.7
UR2R_HUMAN	2837	UTS2R	9.689	120	1	0	1.0	0.0	9.689
TOPB1_HUMAN	11073	TOPBP1	9.689	120	1	1	1.0	0.0	9.689
TCFL5_HUMAN	10732	TCFL5	9.686	121	1	0	1.0	0.0	9.686
CLCKB_HUMAN	1188	CLCNKB	9.682	122	1	0	1.0	0.0	9.682
U2AF1_HUMAN	7307	U2AF1	9.675	124	1	5	1.0	0.0	9.675
WNT7A_HUMAN	7476	WNT7A	9.665	127	1	0	1.0	0.0	9.665
CDAN1_HUMAN	146059	CDAN1	9.658	129	1	0	1.0	0.0	9.658
PLK4_HUMAN	10733	PLK4	9.648	132	1	3	1.0	0.0	9.648
SFPQ_HUMAN	6421	SFPQ	9.645	133	1	0	1.0	0.0	9.645
EYA1_HUMAN	2138	EYA1	9.641	134	1	1	1.0	0.0	9.641
PKD2_HUMAN	5311	PKD2	9.64	685	1	11	1.0	0.079	8.933
CTIP_HUMAN	5932	RBBP8	9.635	136	1	3	1.0	0.0	9.635
HS71A_HUMAN	3304	HSPA1A	9.632	137	1	0	1.0	0.0	9.632
CD2AP_HUMAN	23607	CD2AP	9.619	141	1	0	1.0	0.0	9.619
FLOT1_HUMAN	10211	FLOT1	9.61	144	1	0	1.0	0.0	9.61
NDUB6_HUMAN	4712	NDUFB6	9.59	151	1	0	1.0	0.0	9.59
S14L2_HUMAN	23541	SEC14L2	9.59	151	1	0	1.0	0.0	9.59
FHL2_HUMAN	2274	FHL2	9.581	154	1	0	1.0	0.0	9.581
SPY2_HUMAN	10253	SPRY2	9.581	154	1	2	1.0	0.0	9.581
SEPT9_HUMAN	10801	SEPT9	9.578	155	1	1	1.0	0.0	9.578
SDHF2_HUMAN	54949	SDHAF2	9.57	158	1	0	1.0	0.0	9.57
KMT2D_HUMAN	8085	KMT2D	9.564	160	1	3	1.0	0.0	9.564
ENL_HUMAN	4298	MLLT1	9.559	162	1	1	1.0	0.0	9.559
GNA11_HUMAN	2767	GNA11	9.554	164	1	0	1.0	0.0	9.554
B3A2_HUMAN	6522	SLC4A2	9.551	165	1	0	1.0	0.0	9.551
NSD1_HUMAN	64324	NSD1	9.548	166	1	0	1.0	0.0	9.548
HIC1_HUMAN	3090	HIC1	9.546	167	1	1	1.0	0.0	9.546
EXT2_HUMAN	2132	EXT2	9.541	169	1	0	1.0	0.0	9.541
PLAL1_HUMAN	5325	PLAGL1	9.541	169	1	0	1.0	0.0	9.541
PUR8_HUMAN	158	ADSL	9.538	170	1	1	1.0	0.0	9.538
SMCA2_HUMAN	6595	SMARCA2	9.538	170	1	0	1.0	0.0	9.538
ROBO1_HUMAN	6091	ROBO1	9.523	176	1	1	1.0	0.0	9.523
HMR1_HUMAN	3140	MR1	9.518	178	1	0	1.0	0.0	9.518
LPAR2_HUMAN	9170	LPAR2	9.509	182	1	0	1.0	0.0	9.509
CD8A_HUMAN	925	CD8A	9.506	28961	2	0	1.301	0.0	7.306
DDB1_HUMAN	1642	DDB1	9.501	185	1	1	1.0	0.0	9.501
EXO1_HUMAN	9156	EXO1	9.501	185	1	0	1.0	0.0	9.501
AR2BP_HUMAN	23568	ARL2BP	9.501	185	1	7	1.0	0.0	9.501
KRIT1_HUMAN	889	KRIT1	9.497	187	1	1	1.0	0.0	9.497
CSN5_HUMAN	10987	COPS5	9.497	187	1	0	1.0	0.0	9.497
ABCA3_HUMAN	21	ABCA3	9.483	193	1	2	1.0	0.0	9.483
CHKA_HUMAN	1119	CHKA	9.463	202	1	0	1.0	0.0	9.463
PLD2_HUMAN	5338	PLD2	9.463	202	1	0	1.0	0.0	9.463
MASP1_HUMAN	5648	MASP1	9.461	203	1	1	1.0	0.0	9.461
EIF3K_HUMAN	27335	EIF3K	9.459	204	1	0	1.0	0.0	9.459
ITA3_HUMAN	3675	ITGA3	9.453	207	1	1	1.0	0.0	9.453
MGT5A_HUMAN	4249	MGAT5	9.451	208	1	5	1.0	0.0	9.451
CLCN5_HUMAN	1184	CLCN5	9.448	209	1	0	1.0	0.0	9.448
HNRPK_HUMAN	3190	HNRNPK	9.448	209	1	0	1.0	0.0	9.448
PK3C3_HUMAN	5289	PIK3C3	9.446	210	1	1	1.0	0.0	9.446
1433S_HUMAN	2810	SFN	9.444	211	1	4	1.0	0.0	9.444
TEP1_HUMAN	7011	TEP1	9.438	214	1	2	1.0	0.0	9.438
INHA_HUMAN	3623	INHA	9.436	215	1	0	1.0	0.0	9.436
AGRP_HUMAN	181	AGRP	9.432	217	1	3	1.0	0.0	9.432
WIF1_HUMAN	11197	WIF1	9.424	221	1	0	1.0	0.0	9.424
GSHB_HUMAN	2937	GSS	9.422	222	1	0	1.0	0.0	9.422
NEDD8_HUMAN	4738	NEDD8	9.422	222	1	1	1.0	0.0	9.422
TS101_HUMAN	7251	TSG101	9.422	222	1	0	1.0	0.0	9.422
BCL10_HUMAN	8915	BCL10	9.42	223	1	0	1.0	0.0	9.42
SL9C1_HUMAN	285335	SLC9C1	9.411	228	1	0	1.0	0.0	9.411
TPM1_HUMAN	7168	TPM1	9.409	229	1	0	1.0	0.0	9.409
LDHC_HUMAN	3948	LDHC	9.405	231	1	0	1.0	0.0	9.405
NAPSA_HUMAN	9476	NAPSA	9.399	234	1	0	1.0	0.0	9.399
PAXI_HUMAN	5829	PXN	9.369	251	1	1	1.0	0.0	9.369
CSK22_HUMAN	1459	CSNK2A2	9.367	252	1	2	1.0	0.0	9.367
RACK1_HUMAN	10399	RACK1	9.36	256	1	3	1.0	0.0	9.36
ZN763_HUMAN	284390	ZNF763	9.355	259	1	3	1.0	0.0	9.355
CP3A7_HUMAN	1551	CYP3A7	9.35	262	1	8	1.0	0.0	9.35
CRK_HUMAN	1398	CRK	9.347	264	1	2	1.0	0.0	9.347
ARID2_HUMAN	196528	ARID2	9.347	264	1	0	1.0	0.0	9.347
KALM_HUMAN	3730	ANOS1	9.342	267	1	0	1.0	0.0	9.342
SIX1_HUMAN	6495	SIX1	9.342	267	1	3	1.0	0.0	9.342
UMPS_HUMAN	7372	UMPS	9.342	267	1	0	1.0	0.0	9.342
ABCD1_HUMAN	215	ABCD1	9.332	273	1	0	1.0	0.0	9.332
ING1_HUMAN	3621	ING1	9.332	273	1	1	1.0	0.0	9.332
BRD4_HUMAN	23476	BRD4	9.317	283	1	2	1.0	0.0	9.317
PKHD1_HUMAN	5314	PKHD1	9.309	288	1	0	1.0	0.0	9.309
AKT3_HUMAN	10000	AKT3	9.308	289	1	0	1.0	0.0	9.308
HYES_HUMAN	2053	EPHX2	9.302	293	1	0	1.0	0.0	9.302
ACKR3_HUMAN	57007	ACKR3	9.302	293	1	2	1.0	0.0	9.302
BNIP3_HUMAN	664	BNIP3	9.297	296	1	3	1.0	0.0	9.297
MINT_HUMAN	23013	SPEN	9.293	299	1	1	1.0	0.0	9.293
MYH9_HUMAN	4627	MYH9	9.289	302	1	0	1.0	0.0	9.289
NDRG1_HUMAN	10397	NDRG1	9.289	302	1	1	1.0	0.0	9.289
NU1M_HUMAN	4535	MT-ND1	9.273	313	1	0	1.0	0.0	9.273
ARRB2_HUMAN	409	ARRB2	9.259	323	1	6	1.0	0.0	9.259
BUB1B_HUMAN	701	BUB1B	9.259	323	1	0	1.0	0.0	9.259
PLIN2_HUMAN	123	PLIN2	9.258	324	1	0	1.0	0.0	9.258
MA2A1_HUMAN	4124	MAN2A1	9.258	324	1	1	1.0	0.0	9.258
ARI1A_HUMAN	8289	ARID1A	9.255	326	1	0	1.0	0.0	9.255
CCL26_HUMAN	10344	CCL26	9.251	329	1	0	1.0	0.0	9.251
CEBPD_HUMAN	1052	CEBPD	9.246	333	1	0	1.0	0.0	9.246
CLTR1_HUMAN	10800	CYSLTR1	9.246	333	1	1	1.0	0.0	9.246
CDK9_HUMAN	1025	CDK9	9.231	345	1	1	1.0	0.0	9.231
DKK3_HUMAN	27122	DKK3	9.228	347	1	3	1.0	0.0	9.228
ASXL1_HUMAN	171023	ASXL1	9.223	351	1	1	1.0	0.0	9.223
SP7_HUMAN	121340	SP7	9.218	355	1	0	1.0	0.0	9.218
CADM1_HUMAN	23705	CADM1	9.215	358	1	0	1.0	0.0	9.215
RARG_HUMAN	5916	RARG	9.212	360	1	0	1.0	0.0	9.212
MSLN_HUMAN	10232	MSLN	9.212	360	1	0	1.0	0.0	9.212
FABPI_HUMAN	2169	FABP2	9.209	363	1	0	1.0	0.0	9.209
B2L11_HUMAN	10018	BCL2L11	9.206	365	1	1	1.0	0.0	9.206
ADRM1_HUMAN	11047	ADRM1	9.196	374	1	0	1.0	0.0	9.196
EST2_HUMAN	8824	CES2	9.19	379	1	0	1.0	0.0	9.19
ALPK1_HUMAN	80216	ALPK1	9.19	379	1	2	1.0	0.0	9.19
CY24A_HUMAN	1535	CYBA	9.187	382	1	1	1.0	0.0	9.187
ATG7_HUMAN	10533	ATG7	9.17	397	1	4	1.0	0.0	9.17
DHSD_HUMAN	6392	SDHD	9.165	401	1	0	1.0	0.0	9.165
FGFR4_HUMAN	2264	FGFR4	9.156	410	1	2	1.0	0.0	9.156
FABPL_HUMAN	2168	FABP1	9.153	413	1	1	1.0	0.0	9.153
TRY1_HUMAN	5644	PRSS1	9.149	416	1	2	1.0	0.0	9.149
AMBP_HUMAN	259	AMBP	9.141	424	1	0	1.0	0.0	9.141
CENPV_HUMAN	201161	CENPV	9.14	425	1	0	1.0	0.0	9.14
PIN1_HUMAN	5300	PIN1	9.136	429	1	0	1.0	0.0	9.136
PAK1_HUMAN	5058	PAK1	9.135	430	1	1	1.0	0.0	9.135
APT_HUMAN	353	APRT	9.132	433	1	0	1.0	0.0	9.132
NEST_HUMAN	10763	NES	9.1	466	1	2	1.0	0.0	9.1
MRP4_HUMAN	10257	ABCC4	9.098	468	1	0	1.0	0.0	9.098
PDIA1_HUMAN	5034	P4HB	9.096	470	1	1	1.0	0.0	9.096
FBXW7_HUMAN	55294	FBXW7	9.093	474	1	0	1.0	0.0	9.093
IBP7_HUMAN	3490	IGFBP7	9.082	486	1	3	1.0	0.0	9.082
UD19_HUMAN	54600	UGT1A9	9.078	490	1	0	1.0	0.0	9.078
FANCC_HUMAN	2176	FANCC	9.076	493	1	0	1.0	0.0	9.076
CTCF_HUMAN	10664	CTCF	9.063	508	1	3	1.0	0.0	9.063
TIA1_HUMAN	7072	TIA1	9.062	509	1	0	1.0	0.0	9.062
ATF2_HUMAN	1386	ATF2	9.058	514	1	1	1.0	0.0	9.058
CD82_HUMAN	3732	CD82	9.055	517	1	1	1.0	0.0	9.055
S26A4_HUMAN	5172	SLC26A4	9.053	520	1	1	1.0	0.0	9.053
GPC3_HUMAN	2719	GPC3	9.049	524	1	0	1.0	0.0	9.049
PDK1_HUMAN	5163	PDK1	9.048	525	1	0	1.0	0.0	9.048
SAGE1_HUMAN	55511	SAGE1	9.047	527	1	0	1.0	0.0	9.047
DLK1_HUMAN	8788	DLK1	9.045	529	1	1	1.0	0.0	9.045
ARY1_HUMAN	9	NAT1	9.035	542	1	0	1.0	0.0	9.035
CXB1_HUMAN	2705	GJB1	9.022	558	1	0	1.0	0.0	9.022
GASR_HUMAN	887	CCKBR	9.02	561	1	0	1.0	0.0	9.02
TYPH_HUMAN	1890	TYMP	9.02	560	1	1	1.0	0.0	9.02
MAR1_HUMAN	2315	MLANA	9.018	563	1	0	1.0	0.0	9.018
SYNEM_HUMAN	23336	SYNM	9.014	568	1	0	1.0	0.0	9.014
HRH1_HUMAN	3269	HRH1	9.012	571	1	1	1.0	0.0	9.012
ID1_HUMAN	3397	ID1	9.009	575	1	1	1.0	0.0	9.009
LOX15_HUMAN	246	ALOX15	9.008	576	1	1	1.0	0.0	9.008
XPO1_HUMAN	7514	XPO1	8.999	588	1	4	1.0	0.0	8.999
IKKA_HUMAN	1147	CHUK	8.998	590	1	1	1.0	0.0	8.998
TRPC6_HUMAN	7225	TRPC6	8.98	615	1	0	1.0	0.0	8.98
SSR2_HUMAN	6752	SSTR2	8.973	624	1	1	1.0	0.0	8.973
GA45A_HUMAN	1647	GADD45A	8.966	634	1	2	1.0	0.0	8.966
PSIP1_HUMAN	11168	PSIP1	8.966	634	1	0	1.0	0.0	8.966
CD52_HUMAN	1043	CD52	8.963	639	1	0	1.0	0.0	8.963
CBSL_HUMAN	875	CBSL	8.962	640	1	1	1.0	0.0	8.962
JAK3_HUMAN	3718	JAK3	8.96	643	1	0	1.0	0.0	8.96
HAVR1_HUMAN	26762	HAVCR1	8.957	648	1	0	1.0	0.0	8.957
CP11A_HUMAN	1583	CYP11A1	8.955	651	1	0	1.0	0.0	8.955
TBB3_HUMAN	10381	TUBB3	8.951	657	1	0	1.0	0.0	8.951
ITK_HUMAN	3702	ITK	8.948	661	1	0	1.0	0.0	8.948
WNT5A_HUMAN	7474	WNT5A	8.946	664	1	0	1.0	0.0	8.946
GPX1_HUMAN	2876	GPX1	8.937	679	1	0	1.0	0.0	8.937
DEFB1_HUMAN	1672	DEFB1	8.925	697	1	1	1.0	0.0	8.925
FYN_HUMAN	2534	FYN	8.925	697	1	0	1.0	0.0	8.925
NRG1_HUMAN	3084	NRG1	8.925	697	1	3	1.0	0.0	8.925
RBBP4_HUMAN	5928	RBBP4	8.917	711	1	2	1.0	0.0	8.917
NEMO_HUMAN	8517	IKBKG	8.917	711	1	0	1.0	0.0	8.917
GELS_HUMAN	2934	GSN	8.91	722	1	0	1.0	0.0	8.91
FLI1_HUMAN	2313	FLI1	8.899	741	1	0	1.0	0.0	8.899
FSHR_HUMAN	2492	FSHR	8.898	743	1	0	1.0	0.0	8.898
SO1B1_HUMAN	10599	SLCO1B1	8.89	756	1	1	1.0	0.0	8.89
PRRT2_HUMAN	112476	PRRT2	8.885	765	1	1	1.0	0.0	8.885
AQP1_HUMAN	358	AQP1	8.878	777	1	1	1.0	0.0	8.878
VINC_HUMAN	7414	VCL	8.867	798	1	1	1.0	0.0	8.867
CASR_HUMAN	846	CASR	8.855	820	1	0	1.0	0.0	8.855
JAG1_HUMAN	182	JAG1	8.85	829	1	0	1.0	0.0	8.85
ANXA2_HUMAN	302	ANXA2	8.848	832	1	1	1.0	0.0	8.848
FAS_HUMAN	2194	FASN	8.848	832	1	5	1.0	0.0	8.848
IKKB_HUMAN	3551	IKBKB	8.84	848	1	1	1.0	0.0	8.84
IRF1_HUMAN	3659	IRF1	8.836	857	1	0	1.0	0.0	8.836
CSF1R_HUMAN	1436	CSF1R	8.832	865	1	0	1.0	0.0	8.832
FOXM1_HUMAN	2305	FOXM1	8.828	872	1	3	1.0	0.0	8.828
YAP1_HUMAN	10413	YAP1	8.826	877	1	6	1.0	0.0	8.826
HBB_HUMAN	3043	HBB	8.816	897	1	0	1.0	0.0	8.816
PTN22_HUMAN	26191	PTPN22	8.816	896	1	0	1.0	0.0	8.816
LAMP1_HUMAN	3916	LAMP1	8.814	900	1	0	1.0	0.0	8.814
PLK1_HUMAN	5347	PLK1	8.814	901	1	2	1.0	0.0	8.814
STK11_HUMAN	6794	STK11	8.806	917	1	0	1.0	0.0	8.806
MRP3_HUMAN	8714	ABCC3	8.793	945	1	0	1.0	0.0	8.793
LRP1_HUMAN	4035	LRP1	8.792	948	1	0	1.0	0.0	8.792
GATA1_HUMAN	2623	GATA1	8.789	953	1	0	1.0	0.0	8.789
TWST1_HUMAN	7291	TWIST1	8.785	962	1	7	1.0	0.0	8.785
OCLN_HUMAN	100506658	OCLN	8.777	981	1	2	1.0	0.0	8.777
CDX2_HUMAN	1045	CDX2	8.774	987	1	0	1.0	0.0	8.774
IF4E_HUMAN	1977	EIF4E	8.77	997	1	4	1.0	0.0	8.77
HBA_HUMAN	3040	HBA2	8.77	997	1	0	1.0	0.0	8.77
APOC3_HUMAN	345	APOC3	8.762	1016	1	1	1.0	0.0	8.762
GLI1_HUMAN	2735	GLI1	8.758	1025	1	2	1.0	0.0	8.758
4EBP1_HUMAN	1978	EIF4EBP1	8.757	1027	1	0	1.0	0.0	8.757
JAK1_HUMAN	3716	JAK1	8.749	1047	1	0	1.0	0.0	8.749
A0A0G2JNB4_HUMAN	5544	PRB3	8.744	1059	1	0	1.0	0.0	8.744
ERBB4_HUMAN	2066	ERBB4	8.739	1071	1	1	1.0	0.0	8.739
TGFR2_HUMAN	7048	TGFBR2	8.734	1083	1	1	1.0	0.0	8.734
K2C8_HUMAN	3856	KRT8	8.726	1102	1	0	1.0	0.0	8.726
EDNRB_HUMAN	1910	EDNRB	8.725	1105	1	5	1.0	0.0	8.725
MK09_HUMAN	5601	MAPK9	8.722	1113	1	0	1.0	0.0	8.722
DMPK_HUMAN	1760	DMPK	8.717	1125	1	0	1.0	0.0	8.717
GATA3_HUMAN	2625	GATA3	8.709	1147	1	5	1.0	0.0	8.709
SPYA_HUMAN	189	AGXT	8.706	1156	1	2	1.0	0.0	8.706
FOXO1_HUMAN	2308	FOXO1	8.703	1163	1	0	1.0	0.0	8.703
CDR1_HUMAN	1038	CDR1	8.7	1172	1	0	1.0	0.0	8.7
PDGFB_HUMAN	5155	PDGFB	8.7	1172	1	1	1.0	0.0	8.7
AGAL_HUMAN	2717	GLA	8.699	1174	1	1	1.0	0.0	8.699
PAR1_HUMAN	2149	F2R	8.69	1197	1	0	1.0	0.0	8.69
PROC_HUMAN	5624	PROC	8.676	1238	1	2	1.0	0.0	8.676
MECP2_HUMAN	4204	MECP2	8.667	1263	1	1	1.0	0.0	8.667
FGFR2_HUMAN	2263	FGFR2	8.656	1295	1	1	1.0	0.0	8.656
CASP7_HUMAN	840	CASP7	8.652	1307	1	0	1.0	0.0	8.652
LMNA_HUMAN	4000	LMNA	8.652	1307	1	1	1.0	0.0	8.652
NPM_HUMAN	4869	NPM1	8.638	1351	1	0	1.0	0.0	8.638
KCNH2_HUMAN	3757	KCNH2	8.624	1396	1	1	1.0	0.0	8.624
EGR1_HUMAN	1958	EGR1	8.621	1404	1	0	1.0	0.0	8.621
NQO1_HUMAN	1728	NQO1	8.609	1445	1	0	1.0	0.0	8.609
BCR_HUMAN	613	BCR	8.595	1492	1	0	1.0	0.0	8.595
RET4_HUMAN	5950	RBP4	8.595	1491	1	0	1.0	0.0	8.595
NOD2_HUMAN	64127	NOD2	8.595	1493	1	0	1.0	0.0	8.595
EPCAM_HUMAN	4072	EPCAM	8.59	1509	1	1	1.0	0.0	8.59
E2F1_HUMAN	1869	E2F1	8.589	1512	1	0	1.0	0.0	8.589
MERL_HUMAN	4771	NF2	8.587	1519	1	0	1.0	0.0	8.587
CDK6_HUMAN	1021	CDK6	8.583	1532	1	0	1.0	0.0	8.583
UPAR_HUMAN	5329	PLAUR	8.579	1549	1	0	1.0	0.0	8.579
EDNRA_HUMAN	1909	EDNRA	8.564	1603	1	1	1.0	0.0	8.564
PER1_HUMAN	5187	PER1	8.559	1621	1	3	1.0	0.0	8.559
RAD51_HUMAN	5888	RAD51	8.556	1631	1	0	1.0	0.0	8.556
ERCC1_HUMAN	2067	ERCC1	8.55	1656	1	0	1.0	0.0	8.55
PTHB1_HUMAN	27241	BBS9	8.539	1696	1	0	1.0	0.0	8.539
HNF4A_HUMAN	3172	HNF4A	8.533	1721	1	0	1.0	0.0	8.533
SMAD4_HUMAN	4089	SMAD4	8.531	1728	1	0	1.0	0.0	8.531
TLR3_HUMAN	7098	TLR3	8.528	1741	1	4	1.0	0.0	8.528
ERCC8_HUMAN	1161	ERCC8	8.526	1750	1	0	1.0	0.0	8.526
MMP13_HUMAN	4322	MMP13	8.521	1769	1	1	1.0	0.0	8.521
GSHR_HUMAN	2936	GSR	8.519	1778	1	1	1.0	0.0	8.519
MMP14_HUMAN	4323	MMP14	8.518	1781	1	1	1.0	0.0	8.518
KPCA_HUMAN	5578	PRKCA	8.518	1780	1	0	1.0	0.0	8.518
THIO_HUMAN	7295	TXN	8.5	1854	1	0	1.0	0.0	8.5
ERG_HUMAN	2078	ERG	8.499	1860	1	0	1.0	0.0	8.499
CP19A_HUMAN	1588	CYP19A1	8.488	1908	1	0	1.0	0.0	8.488
RAF1_HUMAN	5894	RAF1	8.481	1938	1	2	1.0	0.0	8.481
ZHX2_HUMAN	22882	ZHX2	8.477	1955	1	0	1.0	0.0	8.477
SPB3_HUMAN	6317	SERPINB3	8.476	1962	1	0	1.0	0.0	8.476
RIR1_HUMAN	6240	RRM1	8.473	1974	1	0	1.0	0.0	8.473
B3AT_HUMAN	6521	SLC4A1	8.473	1974	1	1	1.0	0.0	8.473
PGFRA_HUMAN	5156	PDGFRA	8.463	2020	1	1	1.0	0.0	8.463
TLR9_HUMAN	54106	TLR9	8.462	2025	1	1	1.0	0.0	8.462
NLRP3_HUMAN	114548	NLRP3	8.457	2048	1	0	1.0	0.0	8.457
CATD_HUMAN	1509	CTSD	8.451	2076	1	0	1.0	0.0	8.451
CP2E1_HUMAN	1571	CYP2E1	8.449	2088	1	0	1.0	0.0	8.449
PDCD1_HUMAN	5133	PDCD1	8.439	2138	1	3	1.0	0.0	8.439
TYSY_HUMAN	7298	TYMS	8.433	2165	1	0	1.0	0.0	8.433
SMAD3_HUMAN	4088	SMAD3	8.413	2266	1	1	1.0	0.0	8.413
RHOA_HUMAN	387	RHOA	8.396	2356	1	0	1.0	0.0	8.396
GSTP1_HUMAN	2950	GSTP1	8.394	2367	1	0	1.0	0.0	8.394
HCFC1_HUMAN	3054	HCFC1	8.384	2426	1	1	1.0	0.0	8.384
ELNE_HUMAN	1991	ELANE	8.379	2453	1	0	1.0	0.0	8.379
CREB1_HUMAN	1385	CREB1	8.377	2466	1	1	1.0	0.0	8.377
PD1L1_HUMAN	29126	CD274	8.36	2564	1	0	1.0	0.0	8.36
MGMT_HUMAN	4255	MGMT	8.353	2601	1	0	1.0	0.0	8.353
K1C19_HUMAN	3880	KRT19	8.349	2627	1	0	1.0	0.0	8.349
SLIB_HUMAN	2691	GHRH	8.348	2635	1	0	1.0	0.0	8.348
COX1_HUMAN	4512	MT-CO1	8.328	2758	1	0	1.0	0.0	8.328
HPT_HUMAN	3240	HP	8.326	2768	1	1	1.0	0.0	8.326
ADA1D_HUMAN	146	ADRA1D	8.325	2777	1	0	1.0	0.0	8.325
COMT_HUMAN	1312	COMT	8.309	2880	1	4	1.0	0.0	8.309
PLMN_HUMAN	5340	PLG	8.292	2993	1	0	1.0	0.0	8.292
CP1A1_HUMAN	1543	CYP1A1	8.287	3030	1	0	1.0	0.0	8.287
EP300_HUMAN	2033	EP300	8.287	3033	1	2	1.0	0.0	8.287
INSR_HUMAN	3643	INSR	8.286	3040	1	5	1.0	0.0	8.286
CP1A2_HUMAN	1544	CYP1A2	8.276	3110	1	0	1.0	0.0	8.276
IKBA_HUMAN	4792	NFKBIA	8.275	3112	1	1	1.0	0.0	8.275
MIB1_HUMAN	57534	MIB1	8.273	3128	1	1	1.0	0.0	8.273
SDF1_HUMAN	6387	CXCL12	8.26	3227	1	1	1.0	0.0	8.26
BGAT_HUMAN	28	ABO	8.246	3333	1	1	1.0	0.0	8.246
UROK_HUMAN	5328	PLAU	8.246	3329	1	3	1.0	0.0	8.246
CCR5_HUMAN	1234	CCR5	8.192	3774	1	1	1.0	0.0	8.192
HSP74_HUMAN	3308	HSPA4	8.157	4092	1	0	1.0	0.0	8.157
VDR_HUMAN	7421	VDR	8.147	4185	1	0	1.0	0.0	8.147
JAK2_HUMAN	3717	JAK2	8.143	4222	1	0	1.0	0.0	8.143
SRC_HUMAN	6714	SRC	8.127	4377	1	0	1.0	0.0	8.127
LDLR_HUMAN	3949	LDLR	8.124	4411	1	1	1.0	0.0	8.124
MTHR_HUMAN	4524	MTHFR	8.114	4515	1	0	1.0	0.0	8.114
CFTR_HUMAN	1080	CFTR	8.111	4546	1	0	1.0	0.0	8.111
CP4F3_HUMAN	4051	CYP4F3	8.103	4628	1	0	1.0	0.0	8.103
S10A1_HUMAN	6271	S100A1	8.098	4688	1	0	1.0	0.0	8.098
DDIT3_HUMAN	1649	DDIT3	8.089	4779	1	0	1.0	0.0	8.089
IBP3_HUMAN	3486	IGFBP3	8.07	4998	1	0	1.0	0.0	8.07
GAST_HUMAN	2520	GAST	8.058	5136	1	0	1.0	0.0	8.058
PECA1_HUMAN	5175	PECAM1	8.041	5336	1	0	1.0	0.0	8.041
1A01_HUMAN	3105	HLA-A	8.04	5350	1	0	1.0	0.0	8.04
PPARG_HUMAN	5468	PPARG	8.039	5362	1	0	1.0	0.0	8.039
CXCR4_HUMAN	7852	CXCR4	8.037	5392	1	0	1.0	0.0	8.037
NEU2_HUMAN	551	AVP	8.034	5426	1	0	1.0	0.0	8.034
IFNB_HUMAN	3456	IFNB1	8.025	5545	1	0	1.0	0.0	8.025
CASP8_HUMAN	841	CASP8	8.022	5573	1	1	1.0	0.0	8.022
JUN_HUMAN	3725	JUN	8.02	5610	1	1	1.0	0.0	8.02
A1AT_HUMAN	5265	SERPINA1	7.975	6209	1	0	1.0	0.0	7.975
CD44_HUMAN	960	CD44	7.974	6231	1	0	1.0	0.0	7.974
PK3CD_HUMAN	5293	PIK3CD	7.924	6997	1	0	1.0	0.0	7.924
APOA1_HUMAN	335	APOA1	7.884	7665	1	0	1.0	0.0	7.884
PAI1_HUMAN	5054	SERPINE1	7.879	7746	1	0	1.0	0.0	7.879
COX8A_HUMAN	1351	COX8A	7.866	7998	1	0	1.0	0.0	7.866
GON1_HUMAN	2796	GNRH1	7.864	8020	1	0	1.0	0.0	7.864
ALBU_HUMAN	213	ALB	7.862	8072	1	0	1.0	0.0	7.862
ALAT1_HUMAN	2875	GPT	7.861	8086	1	0	1.0	0.0	7.861
KCMB2_HUMAN	10242	KCNMB2	7.86	8108	1	0	1.0	0.0	7.86
MK14_HUMAN	1432	MAPK14	7.842	8447	1	1	1.0	0.0	7.842
COLI_HUMAN	5443	POMC	7.827	8744	1	1	1.0	0.0	7.827
CEAM3_HUMAN	1084	CEACAM3	7.812	9052	1	0	1.0	0.0	7.812
CCL2_HUMAN	6347	CCL2	7.767	10029	1	0	1.0	0.0	7.767
APOE_HUMAN	348	APOE	7.732	10879	1	1	1.0	0.0	7.732
CO2_HUMAN	717	C2	7.587	15163	1	0	1.0	0.0	7.587
FIBB_HUMAN	2244	FGB	7.582	15352	1	1	1.0	0.0	7.582
SOMA_HUMAN	2688	GH1	7.453	20651	1	0	1.0	0.0	7.453
IGF1_HUMAN	3479	IGF1	7.442	21183	1	0	1.0	0.0	7.442
TGFB1_HUMAN	7040	TGFB1	7.38	24445	1	1	1.0	0.0	7.38
CD4_HUMAN	920	CD4	7.03	54739	1	0	1.0	0.0	7.03
TNFA_HUMAN	7124	TNF	6.888	75731	1	0	1.0	0.0	6.888
