Big_T	15696
Big_F	17252753
UniProtKB_ID	GeneID	Gene_Name	PPS	Big_P	T+P	Citation	1+Log(T+P)	log10((Cit/yr+1)/10)	1+log10(F/T)+log10(F/P)
RASK_HUMAN	3845	KRAS	46.492	10492	1214	2100	4.084	2.322	7.257
MSH6_HUMAN	2956	MSH6	43.699	1307	468	482	3.67	1.684	8.162
MLH1_HUMAN	4292	MLH1	42.418	3231	665	433	3.823	1.637	7.768
EGFR_HUMAN	1956	EGFR	40.828	30695	683	1505	3.834	2.178	6.791
MUTYH_HUMAN	4595	MUTYH	38.978	536	195	185	3.29	1.27	8.549
APC_HUMAN	324	APC	36.95	619	226	99	3.354	1.0	8.486
BRAF_HUMAN	673	BRAF	36.295	6965	158	481	3.199	1.683	7.435
CTNB1_HUMAN	1499	CTNNB1	34.703	8844	244	221	3.387	1.346	7.331
PK3CA_HUMAN	5290	PIK3CA	33.06	2646	51	316	2.708	1.501	7.855
P53_HUMAN	7157	TP53	33.009	46130	384	254	3.584	1.407	6.614
MSH2_HUMAN	4436	MSH2	32.564	2603	165	83	3.217	0.924	7.862
RBBP4_HUMAN	5928	RBBP4	32.465	711	88	80	2.944	0.908	8.426
ARF_HUMAN	1029	CDKN2A	31.104	9187	120	148	3.079	1.173	7.314
DCC_HUMAN	1630	DCC	29.601	404	96	26	2.982	0.431	8.671
SMAD4_HUMAN	4089	SMAD4	29.247	1728	62	69	2.792	0.845	8.04
AMER1_HUMAN	139285	AMER1	28.505	56	4	244	1.602	1.389	9.53
CDN1A_HUMAN	1026	CDKN1A	26.964	5857	59	65	2.771	0.82	7.51
PTEN_HUMAN	5728	PTEN	26.871	6259	42	92	2.623	0.968	7.481
BRCA1_HUMAN	672	BRCA1	26.423	9743	74	56	2.869	0.756	7.289
AKT1_HUMAN	207	AKT1	26.02	18505	39	131	2.591	1.121	7.01
CEAM3_HUMAN	1084	CEACAM3	25.299	9052	51	55	2.708	0.748	7.321
CDX2_HUMAN	1045	CDX2	24.325	987	24	35	2.38	0.556	8.284
ZHX2_HUMAN	22882	ZHX2	24.069	1955	24	42	2.38	0.633	7.987
RASH_HUMAN	3265	HRAS	23.25	2263	20	42	2.301	0.633	7.923
ERBB2_HUMAN	2064	ERBB2	23.075	26330	61	37	2.785	0.58	6.857
BAX_HUMAN	581	BAX	22.896	11225	32	45	2.505	0.663	7.227
MGMT_HUMAN	4255	MGMT	22.727	2601	21	36	2.322	0.568	7.863
MLH3_HUMAN	27030	MLH3	22.679	97	23	11	2.362	0.079	9.291
DPYD_HUMAN	1806	DPYD	22.568	919	37	13	2.568	0.146	8.315
PMS2_HUMAN	5395	PMS2	22.464	879	31	15	2.491	0.204	8.334
CHK2_HUMAN	11200	CHEK2	21.986	1355	25	19	2.398	0.301	8.146
DPOD1_HUMAN	5424	POLD1	21.985	396	11	30	2.041	0.491	8.68
CHK1_HUMAN	1111	CHEK1	21.695	1262	15	29	2.176	0.477	8.177
FBXW7_HUMAN	55294	FBXW7	21.538	474	11	28	2.041	0.462	8.602
EPCAM_HUMAN	4072	EPCAM	21.473	1509	14	31	2.146	0.505	8.099
BUB1_HUMAN	699	BUB1	21.241	233	11	21	2.041	0.342	8.91
MTHR_HUMAN	4524	MTHFR	21.02	4515	26	21	2.415	0.342	7.623
FHIT_HUMAN	2272	FHIT	20.978	760	21	14	2.322	0.176	8.397
HGF_HUMAN	3082	HGF	20.808	4410	7	75	1.845	0.881	7.633
STK11_HUMAN	6794	STK11	20.67	917	18	16	2.255	0.23	8.315
TEN1_HUMAN	10178	TENM1	20.376	3736	21	20	2.322	0.322	7.705
MYC_HUMAN	4609	MYC	20.244	10313	36	16	2.556	0.23	7.264
MDM2_HUMAN	4193	MDM2	19.937	3545	19	19	2.279	0.301	7.728
PARP1_HUMAN	142	PARP1	19.66	6579	18	23	2.255	0.38	7.46
RNF43_HUMAN	54894	RNF43	19.568	63	4	28	1.602	0.462	9.479
MRE11_HUMAN	4361	MRE11	19.448	576	8	23	1.903	0.38	8.517
PTPRT_HUMAN	11122	PTPRT	19.434	46	5	20	1.699	0.322	9.615
BMR1A_HUMAN	657	BMPR1A	19.429	236	8	18	1.903	0.279	8.905
ASTE1_HUMAN	28990	ASTE1	19.035	6	5	12	1.699	0.114	10.5
TGFB1_HUMAN	7040	TGFB1	19.017	24445	16	35	2.204	0.556	6.889
NDKA_HUMAN	4830	NME1	18.594	1079	18	0	2.255	0.0	8.245
SMAD2_HUMAN	4087	SMAD2	18.468	1913	17	11	2.23	0.079	7.996
TYSY_HUMAN	7298	TYMS	18.444	2165	21	2	2.322	0.0	7.942
MTOR_HUMAN	2475	MTOR	18.432	14590	15	25	2.176	0.415	7.114
KIT_HUMAN	3815	KIT	17.632	6488	23	5	2.362	0.0	7.466
CADH1_HUMAN	999	CDH1	17.408	9209	16	14	2.204	0.176	7.314
E2F4_HUMAN	1874	E2F4	17.374	244	9	0	1.954	0.0	8.89
EGF_HUMAN	1950	EGF	17.273	4898	7	26	1.845	0.431	7.588
IDHC_HUMAN	3417	IDH1	17.23	1683	6	22	1.778	0.362	8.052
CTNA1_HUMAN	1495	CTNNA1	17.135	98	7	0	1.845	0.0	9.287
8ODP_HUMAN	4521	NUDT1	17.109	194	8	4	1.903	0.0	8.99
FOXP3_HUMAN	50943	FOXP3	16.957	5222	7	24	1.845	0.398	7.56
NQO1_HUMAN	1728	NQO1	16.879	1445	12	5	2.079	0.0	8.118
RAD50_HUMAN	10111	RAD50	16.829	464	9	9	1.954	0.0	8.611
TGFR2_HUMAN	7048	TGFBR2	16.828	1083	11	3	2.041	0.0	8.243
ARY2_HUMAN	10	NAT2	16.776	1148	11	0	2.041	0.0	8.218
TGFR1_HUMAN	7046	TGFBR1	16.649	898	10	6	2.0	0.0	8.325
MSH3_HUMAN	4437	MSH3	16.534	326	7	10	1.845	0.041	8.765
HFE_HUMAN	3077	HFE	16.484	1596	11	3	2.041	0.0	8.075
SRC_HUMAN	6714	SRC	16.389	4377	10	13	2.0	0.146	7.637
GLYAT_HUMAN	10249	GLYAT	16.326	269	7	0	1.845	0.0	8.848
PGH2_HUMAN	5743	PTGS2	16.217	8324	16	2	2.204	0.0	7.357
NOD2_HUMAN	64127	NOD2	16.208	1493	10	1	2.0	0.0	8.104
SEPT9_HUMAN	10801	SEPT9	16.159	155	6	8	1.778	0.0	9.088
AKT3_HUMAN	10000	AKT3	16.157	289	4	16	1.602	0.23	8.817
MYB_HUMAN	4602	MYB	16.112	1079	9	0	1.954	0.0	8.245
AURKA_HUMAN	6790	AURKA	16.07	1134	9	6	1.954	0.0	8.223
DNMT1_HUMAN	1786	DNMT1	16.017	1576	8	11	1.903	0.079	8.08
GREM1_HUMAN	26585	GREM1	15.921	211	6	6	1.778	0.0	8.954
PD1L1_HUMAN	29126	CD274	15.872	2564	8	12	1.903	0.114	7.869
TOM34_HUMAN	10953	TOMM34	15.777	23	1	38	1.0	0.591	9.916
CDK8_HUMAN	1024	CDK8	15.699	109	2	24	1.301	0.398	9.24
MBD4_HUMAN	8930	MBD4	15.647	117	5	2	1.699	0.0	9.21
NU1M_HUMAN	4535	MT-ND1	15.616	313	6	1	1.778	0.0	8.782
RASF1_HUMAN	11186	RASSF1	15.606	1012	7	10	1.845	0.041	8.273
CDN1B_HUMAN	1027	CDKN1B	15.599	3007	10	8	2.0	0.0	7.8
NF1_HUMAN	4763	NF1	15.447	5140	11	4	2.041	0.0	7.567
FLCN_HUMAN	201163	FLCN	15.384	167	5	4	1.699	0.0	9.055
GLT12_HUMAN	79695	GALNT12	15.325	8	3	5	1.477	0.0	10.375
CHKA_HUMAN	1119	CHKA	15.244	202	5	0	1.699	0.0	8.973
P73_HUMAN	7161	TP73	15.227	1060	7	1	1.845	0.0	8.253
4EBP1_HUMAN	1978	EIF4EBP1	15.2	1027	3	22	1.477	0.362	8.266
NBN_HUMAN	4683	NBN	15.198	1099	7	2	1.845	0.0	8.237
WIF1_HUMAN	11197	WIF1	15.178	221	5	9	1.699	0.0	8.933
IGF2_HUMAN	3481	IGF2	15.148	5059	10	5	2.0	0.0	7.574
HIF1A_HUMAN	3091	HIF1A	15.096	7140	6	17	1.778	0.255	7.424
HPRT_HUMAN	3251	HPRT1	15.092	2227	8	5	1.903	0.0	7.93
MDR1_HUMAN	5243	ABCB1	15.079	10598	12	3	2.079	0.0	7.252
SEPR_HUMAN	2191	FAP	15.061	259	5	4	1.699	0.0	8.865
CDK6_HUMAN	1021	CDK6	15.031	1532	3	23	1.477	0.38	8.093
NTH_HUMAN	4913	NTHL1	14.987	111	3	13	1.477	0.146	9.233
MARE1_HUMAN	22919	MAPRE1	14.981	233	4	11	1.602	0.079	8.91
DPOLB_HUMAN	5423	POLB	14.951	741	6	7	1.778	0.0	8.408
GSTM1_HUMAN	2944	GSTM1	14.935	2692	8	3	1.903	0.0	7.848
CCND1_HUMAN	595	CCND1	14.911	9412	11	7	2.041	0.0	7.304
RB_HUMAN	5925	RB1	14.879	4614	9	0	1.954	0.0	7.614
ERCC1_HUMAN	2067	ERCC1	14.869	1656	7	5	1.845	0.0	8.059
P85A_HUMAN	5295	PIK3R1	14.854	658	3	18	1.477	0.279	8.46
CDK2_HUMAN	1017	CDK2	14.809	3134	8	5	1.903	0.0	7.782
EPHA3_HUMAN	2042	EPHA3	14.804	109	4	9	1.602	0.0	9.24
MUTA_HUMAN	4594	MUT	14.793	372	5	5	1.699	0.0	8.707
RET_HUMAN	5979	RET	14.758	4253	5	16	1.699	0.23	7.649
GNAQ_HUMAN	2776	GNAQ	14.756	317	4	11	1.602	0.079	8.777
ANX10_HUMAN	11199	ANXA10	14.706	21	3	1	1.477	0.0	9.956
YAP1_HUMAN	10413	YAP1	14.635	877	3	18	1.477	0.279	8.335
ATM_HUMAN	472	ATM	14.593	2339	7	7	1.845	0.0	7.909
B2MG_HUMAN	567	B2M	14.593	6463	9	1	1.954	0.0	7.467
COX2_HUMAN	4513	MT-CO2	14.55	7092	7	12	1.845	0.114	7.427
2AAB_HUMAN	5519	PPP2R1B	14.544	27	3	6	1.477	0.0	9.846
RASN_HUMAN	4893	NRAS	14.525	2546	7	3	1.845	0.0	7.872
RHG07_HUMAN	10395	DLC1	14.507	167	4	4	1.602	0.0	9.055
ERBB3_HUMAN	2065	ERBB3	14.498	1783	4	15	1.602	0.204	8.027
AXIN2_HUMAN	8313	AXIN2	14.483	292	4	10	1.602	0.041	8.812
EPHB2_HUMAN	2048	EPHB2	14.47	577	5	0	1.699	0.0	8.517
RSPO1_HUMAN	284654	RSPO1	14.446	99	1	35	1.0	0.556	9.282
EXO1_HUMAN	9156	EXO1	14.436	185	4	2	1.602	0.0	9.011
CDK4_HUMAN	1019	CDK4	14.308	3335	7	9	1.845	0.0	7.755
PCNA_HUMAN	5111	PCNA	14.299	5813	8	7	1.903	0.0	7.513
FEN1_HUMAN	2237	FEN1	14.273	392	4	10	1.602	0.041	8.685
CASD1_HUMAN	64921	CASD1	14.203	46	3	0	1.477	0.0	9.615
GUC2C_HUMAN	2984	GUCY2C	14.155	277	4	0	1.602	0.0	8.835
DUS4_HUMAN	1846	DUSP4	14.115	96	3	10	1.477	0.041	9.296
MYCL_HUMAN	4610	MYCL	14.095	302	4	0	1.602	0.0	8.798
PTC1_HUMAN	5727	PTCH1	14.069	993	5	3	1.699	0.0	8.281
CFTR_HUMAN	1080	CFTR	14.06	4546	7	3	1.845	0.0	7.62
BUB1B_HUMAN	701	BUB1B	14.048	323	4	3	1.602	0.0	8.769
PPARG_HUMAN	5468	PPARG	13.928	5362	7	6	1.845	0.0	7.548
ALK_HUMAN	238	ALK	13.927	2791	5	11	1.699	0.079	7.832
GSK3B_HUMAN	2932	GSK3B	13.914	2838	6	6	1.778	0.0	7.825
IGF1_HUMAN	3479	IGF1	13.903	21183	10	6	2.0	0.0	6.952
FGFR3_HUMAN	2261	FGFR3	13.865	1310	5	6	1.699	0.0	8.161
ST7_HUMAN	7982	ST7	13.772	90	3	0	1.477	0.0	9.324
CMGA_HUMAN	1113	CHGA	13.762	3455	6	1	1.778	0.0	7.739
XAF1_HUMAN	54739	XAF1	13.751	93	3	2	1.477	0.0	9.309
UD11_HUMAN	54658	UGT1A1	13.721	1592	5	2	1.699	0.0	8.076
MPRI_HUMAN	3482	IGF2R	13.718	519	4	0	1.602	0.0	8.563
MET_HUMAN	4233	MET	13.715	2497	5	10	1.699	0.041	7.88
LYOX_HUMAN	4015	LOX	13.669	486	3	12	1.477	0.114	8.591
FOS_HUMAN	2353	FOS	13.574	4405	6	1	1.778	0.0	7.634
MACC1_HUMAN	346389	MACC1	13.541	129	3	6	1.477	0.0	9.167
CHFR_HUMAN	55743	CHFR	13.531	131	3	1	1.477	0.0	9.161
CATB_HUMAN	1508	CTSB	13.517	2098	5	4	1.699	0.0	7.956
BCL2_HUMAN	596	BCL2	13.496	23522	9	2	1.954	0.0	6.906
HBEGF_HUMAN	1839	HBEGF	13.486	724	4	6	1.602	0.0	8.418
VHL_HUMAN	7428	VHL	13.456	2280	5	0	1.699	0.0	7.92
MYCN_HUMAN	4613	MYCN	13.423	2383	5	3	1.699	0.0	7.901
TP4A3_HUMAN	11156	PTP4A3	13.407	159	3	4	1.477	0.0	9.076
BGAL_HUMAN	2720	GLB1	13.401	2455	5	0	1.699	0.0	7.888
JUN_HUMAN	3725	JUN	13.387	5610	6	6	1.778	0.0	7.529
COX1_HUMAN	4512	MT-CO1	13.315	2758	5	5	1.699	0.0	7.837
RASL2_HUMAN	10156	RASA4	13.311	43	2	11	1.301	0.079	9.644
BRCA2_HUMAN	675	BRCA2	13.3	6283	6	2	1.778	0.0	7.48
UD17_HUMAN	54577	UGT1A7	13.289	191	3	5	1.477	0.0	8.997
SIR1_HUMAN	23411	SIRT1	13.26	2460	4	11	1.602	0.079	7.887
ANDR_HUMAN	367	AR	13.228	6901	6	0	1.778	0.0	7.439
APEX1_HUMAN	328	APEX1	13.216	1067	4	6	1.602	0.0	8.25
ERBB4_HUMAN	2066	ERBB4	13.214	1071	4	3	1.602	0.0	8.248
CTBP1_HUMAN	1487	CTBP1	13.2	89	2	12	1.301	0.114	9.328
BCL10_HUMAN	8915	BCL10	13.19	223	3	0	1.477	0.0	8.93
ERCC6_HUMAN	2074	ERCC6	13.184	225	3	1	1.477	0.0	8.926
EGLN_HUMAN	2022	ENG	13.1	1261	4	1	1.602	0.0	8.177
DCOR_HUMAN	4953	ODC1	13.096	1269	4	1	1.602	0.0	8.174
ALEX_HUMAN	2778	GNAS	13.089	1281	4	1	1.602	0.0	8.17
DYR_HUMAN	1719	DHFR	13.076	1305	4	1	1.602	0.0	8.162
ENPP7_HUMAN	339221	ENPP7	13.072	17	2	2	1.301	0.0	10.047
ING1_HUMAN	3621	ING1	13.06	273	3	1	1.477	0.0	8.842
TSC1_HUMAN	7248	TSC1	13.037	1381	4	0	1.602	0.0	8.138
E2F1_HUMAN	1869	E2F1	12.974	1512	4	4	1.602	0.0	8.098
MERL_HUMAN	4771	NF2	12.971	1519	4	6	1.602	0.0	8.096
PLPP_HUMAN	57026	PDXP	12.967	1527	4	1	1.602	0.0	8.094
S26A3_HUMAN	1811	SLC26A3	12.96	319	3	3	1.477	0.0	8.774
MMP7_HUMAN	4316	MMP7	12.949	1567	4	1	1.602	0.0	8.083
TNF10_HUMAN	8743	TNFSF10	12.902	4830	5	2	1.699	0.0	7.594
CADH2_HUMAN	1000	CDH2	12.899	1685	4	3	1.602	0.0	8.051
DNLI4_HUMAN	3981	LIG4	12.892	355	3	1	1.477	0.0	8.728
MD2L1_HUMAN	4085	MAD2L1	12.888	357	3	8	1.477	0.0	8.725
B2L11_HUMAN	10018	BCL2L11	12.874	365	3	5	1.477	0.0	8.716
IFNG_HUMAN	3458	IFNG	12.828	34431	8	4	1.903	0.0	6.741
MYH11_HUMAN	4629	MYH11	12.825	394	3	1	1.477	0.0	8.682
MARCS_HUMAN	4082	MARCKS	12.82	397	3	4	1.477	0.0	8.679
CEAM1_HUMAN	634	CEACAM1	12.795	413	3	1	1.477	0.0	8.662
CABL1_HUMAN	91768	CABLES1	12.79	28	2	0	1.301	0.0	9.831
APT_HUMAN	353	APRT	12.764	433	3	0	1.477	0.0	8.641
CRCM_HUMAN	4163	MCC	12.751	30	2	4	1.301	0.0	9.801
CHD7_HUMAN	55636	CHD7	12.749	294	2	13	1.301	0.146	8.81
RAC1_HUMAN	5879	RAC1	12.738	2122	4	2	1.602	0.0	7.951
FSBP_HUMAN	25788	FSBP	12.733	31	2	2	1.301	0.0	9.786
ESR1_HUMAN	2099	ESR1	12.691	13814	6	0	1.778	0.0	7.137
IBP7_HUMAN	3490	IGFBP7	12.69	486	3	1	1.477	0.0	8.591
CEAM5_HUMAN	1048	CEACAM5	12.685	490	3	1	1.477	0.0	8.588
FANCC_HUMAN	2176	FANCC	12.681	493	3	1	1.477	0.0	8.585
RHOQ_HUMAN	23433	RHOQ	12.648	36	2	2	1.301	0.0	9.722
UNC5C_HUMAN	8633	UNC5C	12.617	38	2	1	1.301	0.0	9.698
TF7L2_HUMAN	6934	TCF7L2	12.584	574	3	1	1.477	0.0	8.519
CD8A_HUMAN	925	CD8A	12.575	28961	5	13	1.699	0.146	6.816
PROM1_HUMAN	8842	PROM1	12.57	2703	4	6	1.602	0.0	7.846
ROS1_HUMAN	6098	ROS1	12.517	425	2	13	1.301	0.146	8.649
CP1A1_HUMAN	1543	CYP1A1	12.49	3030	4	0	1.602	0.0	7.796
EP300_HUMAN	2033	EP300	12.49	3033	4	6	1.602	0.0	7.796
FCG3A_HUMAN	2214	FCGR3A	12.46	5507	3	14	1.477	0.176	7.537
FAN1_HUMAN	22909	FAN1	12.429	53	2	0	1.301	0.0	9.554
AAPK1_HUMAN	5562	PRKAA1	12.404	759	3	7	1.477	0.0	8.398
FRS2_HUMAN	10818	FRS2	12.384	113	2	10	1.301	0.041	9.225
UVRAG_HUMAN	7405	UVRAG	12.379	58	2	5	1.301	0.0	9.514
AICDA_HUMAN	57379	AICDA	12.352	3697	4	3	1.602	0.0	7.71
IGF1R_HUMAN	3480	IGF1R	12.351	3702	4	7	1.602	0.0	7.709
CSMD1_HUMAN	64478	CSMD1	12.35	61	2	2	1.301	0.0	9.493
SGO1_HUMAN	151648	SGO1	12.35	61	2	4	1.301	0.0	9.493
JAG1_HUMAN	182	JAG1	12.348	829	3	3	1.477	0.0	8.359
ANXA2_HUMAN	302	ANXA2	12.345	832	3	0	1.477	0.0	8.358
FAS_HUMAN	2194	FASN	12.345	832	3	2	1.477	0.0	8.358
AFAP1_HUMAN	60312	AFAP1	12.332	63	2	0	1.301	0.0	9.479
S10AA_HUMAN	6281	S100A10	12.31	879	3	0	1.477	0.0	8.334
PHF6_HUMAN	84295	PHF6	12.306	66	2	1	1.301	0.0	9.458
PA24A_HUMAN	5321	PLA2G4A	12.293	903	3	0	1.477	0.0	8.322
PRKN_HUMAN	5071	PRKN	12.274	401	2	12	1.301	0.114	8.675
TERT_HUMAN	7015	TERT	12.256	4242	4	2	1.602	0.0	7.65
HS105_HUMAN	10808	HSPH1	12.233	75	2	3	1.301	0.0	9.403
HNF1A_HUMAN	6927	HNF1A	12.217	1016	3	0	1.477	0.0	8.271
DPOLA_HUMAN	5422	POLA1	12.202	1041	3	3	1.477	0.0	8.26
ZN217_HUMAN	7764	ZNF217	12.197	80	2	0	1.301	0.0	9.375
OGG1_HUMAN	4968	OGG1	12.189	1062	3	1	1.477	0.0	8.252
MICA_HUMAN	100507436	MICA	12.144	1138	3	2	1.477	0.0	8.222
MPEG1_HUMAN	219972	MPEG1	12.143	88	2	0	1.301	0.0	9.333
CDR1_HUMAN	1038	CDR1	12.126	1172	3	2	1.477	0.0	8.209
HIPK2_HUMAN	28996	HIPK2	12.106	94	2	2	1.301	0.0	9.305
AXIN1_HUMAN	8312	AXIN1	12.097	326	2	11	1.301	0.079	8.765
REV3L_HUMAN	5980	REV3L	12.088	97	2	1	1.301	0.0	9.291
UBE2C_HUMAN	11065	UBE2C	12.065	101	2	1	1.301	0.0	9.274
LMNA_HUMAN	4000	LMNA	12.056	1307	3	8	1.477	0.0	8.162
EZH2_HUMAN	2146	EZH2	12.055	1309	3	2	1.477	0.0	8.161
TRIB1_HUMAN	10221	TRIB1	12.049	104	2	1	1.301	0.0	9.261
CD24_HUMAN	100133941	CD24	12.037	1346	3	5	1.477	0.0	8.149
DPYS_HUMAN	1807	DPYS	12.033	107	2	0	1.301	0.0	9.248
KMT2C_HUMAN	58508	KMT2C	12.033	107	2	0	1.301	0.0	9.248
RAD17_HUMAN	5884	RAD17	12.027	108	2	0	1.301	0.0	9.244
VEGFA_HUMAN	7422	VEGFA	12.025	32733	6	5	1.778	0.0	6.763
AVR2A_HUMAN	92	ACVR2A	12.017	110	2	3	1.301	0.0	9.236
HXB13_HUMAN	10481	HOXB13	11.992	115	2	3	1.301	0.0	9.217
CDX1_HUMAN	1044	CDX1	11.987	116	2	1	1.301	0.0	9.213
TRPM6_HUMAN	140803	TRPM6	11.982	117	2	5	1.301	0.0	9.21
ARAF_HUMAN	369	ARAF	11.945	125	2	4	1.301	0.0	9.181
NOS2_HUMAN	4843	NOS2	11.942	5227	2	18	1.301	0.279	7.56
FGFR1_HUMAN	2260	FGFR1	11.92	1615	3	1	1.477	0.0	8.07
TDG_HUMAN	6996	TDG	11.918	131	2	1	1.301	0.0	9.161
CENPE_HUMAN	1062	CENPE	11.889	138	2	3	1.301	0.0	9.138
PRDM2_HUMAN	7799	PRDM2	11.889	138	2	0	1.301	0.0	9.138
ETV6_HUMAN	2120	ETV6	11.878	1723	3	0	1.477	0.0	8.042
MEN1_HUMAN	4221	MEN1	11.878	1723	3	0	1.477	0.0	8.042
XPO2_HUMAN	1434	CSE1L	11.873	142	2	1	1.301	0.0	9.126
EREG_HUMAN	2069	EREG	11.849	148	2	0	1.301	0.0	9.108
SMUG1_HUMAN	23583	SMUG1	11.849	148	2	2	1.301	0.0	9.108
CDN2B_HUMAN	1030	CDKN2B	11.842	1824	3	1	1.477	0.0	8.017
PTN13_HUMAN	5783	PTPN13	11.842	150	2	1	1.301	0.0	9.102
S14L2_HUMAN	23541	SEC14L2	11.838	151	2	0	1.301	0.0	9.099
PPR3A_HUMAN	5506	PPP1R3A	11.816	157	2	0	1.301	0.0	9.082
COX8A_HUMAN	1351	COX8A	11.815	7998	4	2	1.602	0.0	7.375
RA51C_HUMAN	5889	RAD51C	11.791	164	2	1	1.301	0.0	9.063
PIGR_HUMAN	5284	PIGR	11.732	182	2	0	1.301	0.0	9.018
PTPRJ_HUMAN	5795	PTPRJ	11.723	185	2	2	1.301	0.0	9.011
HMMR_HUMAN	3161	HMMR	11.72	186	2	2	1.301	0.0	9.008
SMAD3_HUMAN	4088	SMAD3	11.703	2266	3	1	1.477	0.0	7.923
MALT1_HUMAN	10892	MALT1	11.688	197	2	3	1.301	0.0	8.983
NFKB1_HUMAN	4790	NFKB1	11.681	9691	4	3	1.602	0.0	7.291
SODM_HUMAN	6648	SOD2	11.662	2413	3	2	1.477	0.0	7.895
WWOX_HUMAN	51741	WWOX	11.66	207	2	4	1.301	0.0	8.962
CYLD_HUMAN	1540	CYLD	11.654	209	2	0	1.301	0.0	8.958
MP2K1_HUMAN	5604	MAP2K1	11.635	2516	3	2	1.477	0.0	7.877
KLF6_HUMAN	1316	KLF6	11.63	218	2	1	1.301	0.0	8.939
LAMP3_HUMAN	27074	LAMP3	11.63	218	2	1	1.301	0.0	8.939
TS101_HUMAN	7251	TSG101	11.62	222	2	0	1.301	0.0	8.932
SMC1A_HUMAN	8243	SMC1A	11.613	225	2	1	1.301	0.0	8.926
FPPS_HUMAN	2224	FDPS	11.574	241	2	0	1.301	0.0	8.896
CYTSB_HUMAN	92521	SPECC1	11.567	244	2	0	1.301	0.0	8.89
CRTC1_HUMAN	23373	CRTC1	11.56	247	2	0	1.301	0.0	8.885
ANGT_HUMAN	183	AGT	11.557	11591	4	1	1.602	0.0	7.214
KAT5_HUMAN	10524	KAT5	11.519	186	1	18	1.0	0.279	9.008
GSTK1_HUMAN	373156	GSTK1	11.506	3077	3	1	1.477	0.0	7.79
GCR_HUMAN	2908	NR3C1	11.471	3252	3	1	1.477	0.0	7.766
DESM_HUMAN	1674	DES	11.449	3365	3	5	1.477	0.0	7.751
NDC80_HUMAN	10403	NDC80	11.41	322	2	0	1.301	0.0	8.77
CSF2_HUMAN	1437	CSF2	11.378	14987	4	2	1.602	0.0	7.102
SETD2_HUMAN	29072	SETD2	11.376	342	2	4	1.301	0.0	8.744
CTLA4_HUMAN	1493	CTLA4	11.367	3826	3	2	1.477	0.0	7.695
CSK_HUMAN	1445	CSK	11.363	350	2	0	1.301	0.0	8.734
PTTG1_HUMAN	9232	PTTG1	11.315	381	2	1	1.301	0.0	8.697
PTHD4_HUMAN	442213	PTCHD4	11.278	1	1	0	1.0	0.0	11.278
FGFR4_HUMAN	2264	FGFR4	11.274	410	2	4	1.301	0.0	8.665
SO1B3_HUMAN	28234	SLCO1B3	11.263	418	2	0	1.301	0.0	8.657
MUC16_HUMAN	94025	MUC16	11.247	4611	3	1	1.477	0.0	7.614
FGF9_HUMAN	2254	FGF9	11.2	467	2	0	1.301	0.0	8.609
1A01_HUMAN	3105	HLA-A	11.151	5350	3	1	1.477	0.0	7.549
DAPK1_HUMAN	1612	DAPK1	11.137	522	2	0	1.301	0.0	8.56
IL6_HUMAN	3569	IL6	11.124	53611	5	6	1.699	0.0	6.548
AGO2_HUMAN	27161	AGO2	11.117	541	2	5	1.301	0.0	8.545
TYPH_HUMAN	1890	TYMP	11.097	560	2	0	1.301	0.0	8.53
GASR_HUMAN	887	CCKBR	11.096	561	2	0	1.301	0.0	8.529
CAD11_HUMAN	1009	CDH11	11.096	182	1	16	1.0	0.23	9.018
SYNEM_HUMAN	23336	SYNM	11.089	568	2	0	1.301	0.0	8.523
LOX15_HUMAN	246	ALOX15	11.081	576	2	0	1.301	0.0	8.517
FOXO3_HUMAN	2309	FOXO3	11.078	1061	2	10	1.301	0.041	8.252
TAP1_HUMAN	6890	TAP1	11.072	586	2	0	1.301	0.0	8.51
TFF1_HUMAN	7031	TFF1	11.071	587	2	1	1.301	0.0	8.509
CREM_HUMAN	1390	CREM	11.051	608	2	0	1.301	0.0	8.494
ABL1_HUMAN	25	ABL1	11.045	6311	3	2	1.477	0.0	7.478
TLR4_HUMAN	7099	TLR4	11.032	6440	3	0	1.477	0.0	7.469
VGFR2_HUMAN	3791	KDR	11.03	6464	3	2	1.477	0.0	7.467
GA45A_HUMAN	1647	GADD45A	11.027	634	2	1	1.301	0.0	8.476
SMAD7_HUMAN	4092	SMAD7	11.024	638	2	4	1.301	0.0	8.473
XPA_HUMAN	7507	XPA	11.017	646	2	2	1.301	0.0	8.468
MITF_HUMAN	4286	MITF	11.015	648	2	0	1.301	0.0	8.466
KC1A_HUMAN	1452	CSNK1A1	11.013	82	1	14	1.0	0.176	9.364
LTN1_HUMAN	26046	LTN1	10.977	2	1	1	1.0	0.0	10.977
WDCP_HUMAN	80304	WDCP	10.977	2	1	1	1.0	0.0	10.977
TMED6_HUMAN	146456	TMED6	10.977	2	1	0	1.0	0.0	10.977
PRR15_HUMAN	222171	PRR15	10.977	2	1	0	1.0	0.0	10.977
ARK74_HUMAN	246181	AKR7L	10.977	2	1	0	1.0	0.0	10.977
MYLK4_HUMAN	340156	MYLK4	10.977	2	1	1	1.0	0.0	10.977
HDAC2_HUMAN	3066	HDAC2	10.953	723	2	4	1.301	0.0	8.419
ETS1_HUMAN	2113	ETS1	10.901	793	2	0	1.301	0.0	8.379
SSA27_HUMAN	10534	SSSCA1	10.9	794	2	2	1.301	0.0	8.378
MYOD1_HUMAN	4654	MYOD1	10.893	804	2	2	1.301	0.0	8.373
GDF15_HUMAN	9518	GDF15	10.885	816	2	0	1.301	0.0	8.366
CASR_HUMAN	846	CASR	10.882	820	2	2	1.301	0.0	8.364
DNM3B_HUMAN	1789	DNMT3B	10.878	826	2	2	1.301	0.0	8.361
MK14_HUMAN	1432	MAPK14	10.858	8447	3	3	1.477	0.0	7.351
ACRO_HUMAN	49	ACR	10.852	865	2	0	1.301	0.0	8.341
PLK1_HUMAN	5347	PLK1	10.829	901	2	4	1.301	0.0	8.323
K2C1_HUMAN	3848	KRT1	10.821	914	2	2	1.301	0.0	8.317
RM21_HUMAN	219927	MRPL21	10.801	3	1	0	1.0	0.0	10.801
SRCAP_HUMAN	10847	SRCAP	10.791	39	1	12	1.0	0.114	9.687
DKK1_HUMAN	22943	DKK1	10.783	976	2	3	1.301	0.0	8.288
GLI1_HUMAN	2735	GLI1	10.756	1025	2	4	1.301	0.0	8.267
CRP_HUMAN	1401	CRP	10.752	36788	4	4	1.602	0.0	6.711
TIMP3_HUMAN	7078	TIMP3	10.752	1032	2	0	1.301	0.0	8.264
FCG2A_HUMAN	2212	FCGR2A	10.734	1066	2	1	1.301	0.0	8.25
PKD1_HUMAN	5310	PKD1	10.72	1092	2	2	1.301	0.0	8.24
PA2GA_HUMAN	5320	PLA2G2A	10.714	1104	2	0	1.301	0.0	8.235
H2AX_HUMAN	3014	H2AFX	10.672	1188	2	1	1.301	0.0	8.203
MARH8_HUMAN	220972	MARCH8	10.672	1189	2	5	1.301	0.0	8.203
ICAM1_HUMAN	3383	ICAM1	10.651	11659	3	0	1.477	0.0	7.211
XRCC1_HUMAN	7515	XRCC1	10.647	1242	2	0	1.301	0.0	8.184
PK3CB_HUMAN	5291	PIK3CB	10.595	186	1	14	1.0	0.176	9.008
PK1L2_HUMAN	114780	PKD1L2	10.579	5	1	0	1.0	0.0	10.579
PML_HUMAN	5371	PML	10.535	1516	2	6	1.301	0.0	8.097
BECN1_HUMAN	8678	BECN1	10.531	1527	2	4	1.301	0.0	8.094
PARVG_HUMAN	64098	PARVG	10.5	6	1	0	1.0	0.0	10.5
IGSF5_HUMAN	150084	IGSF5	10.5	6	1	0	1.0	0.0	10.5
PPM1L_HUMAN	151742	PPM1L	10.5	6	1	1	1.0	0.0	10.5
ACE_HUMAN	1636	ACE	10.499	14773	3	2	1.477	0.0	7.108
RAD51_HUMAN	5888	RAD51	10.493	1631	2	1	1.301	0.0	8.065
CNR1_HUMAN	1268	CNR1	10.482	1665	2	1	1.301	0.0	8.056
CD4_HUMAN	920	CD4	10.476	54739	4	4	1.602	0.0	6.539
PTHB1_HUMAN	27241	BBS9	10.471	1696	2	0	1.301	0.0	8.048
CR2_HUMAN	1380	CR2	10.433	1815	2	5	1.301	0.0	8.019
NET3_HUMAN	4917	NTN3	10.433	7	1	0	1.0	0.0	10.433
ZN292_HUMAN	23036	ZNF292	10.433	7	1	5	1.0	0.0	10.433
FOCAD_HUMAN	54914	FOCAD	10.433	7	1	1	1.0	0.0	10.433
APOL6_HUMAN	80830	APOL6	10.433	7	1	2	1.0	0.0	10.433
CXA1_HUMAN	2697	GJA1	10.418	1865	2	0	1.301	0.0	8.007
HSPB1_HUMAN	3315	HSPB1	10.413	1880	2	0	1.301	0.0	8.004
GRAB_HUMAN	3002	GZMB	10.409	1893	2	7	1.301	0.0	8.001
CP19A_HUMAN	1588	CYP19A1	10.405	1908	2	3	1.301	0.0	7.997
CCNB1_HUMAN	891	CCNB1	10.384	1980	2	2	1.301	0.0	7.981
PTN21_HUMAN	11099	PTPN21	10.375	8	1	0	1.0	0.0	10.375
APMAP_HUMAN	57136	APMAP	10.375	8	1	0	1.0	0.0	10.375
TM10A_HUMAN	93587	TRMT10A	10.375	8	1	2	1.0	0.0	10.375
ZSWM7_HUMAN	125150	ZSWIM7	10.375	8	1	2	1.0	0.0	10.375
ATG9B_HUMAN	285973	ATG9B	10.375	8	1	5	1.0	0.0	10.375
ANO9_HUMAN	338440	ANO9	10.375	8	1	0	1.0	0.0	10.375
CTSR3_HUMAN	347732	CATSPER3	10.375	8	1	1	1.0	0.0	10.375
CCNA2_HUMAN	890	CCNA2	10.374	2014	2	0	1.301	0.0	7.974
PGFRA_HUMAN	5156	PDGFRA	10.372	2020	2	0	1.301	0.0	7.972
NLRP3_HUMAN	114548	NLRP3	10.365	2048	2	1	1.301	0.0	7.967
LAMC3_HUMAN	10319	LAMC3	10.324	9	1	2	1.0	0.0	10.324
M4K5_HUMAN	11183	MAP4K5	10.324	9	1	1	1.0	0.0	10.324
TSP1_HUMAN	7057	THBS1	10.307	2268	2	1	1.301	0.0	7.922
DRD2_HUMAN	1813	DRD2	10.297	2309	2	0	1.301	0.0	7.914
RHOA_HUMAN	387	RHOA	10.285	2356	2	4	1.301	0.0	7.906
EXTL1_HUMAN	2134	EXTL1	10.278	10	1	0	1.0	0.0	10.278
DPOE1_HUMAN	5426	POLE	10.278	10	1	1	1.0	0.0	10.278
MB212_HUMAN	10586	MAB21L2	10.278	10	1	2	1.0	0.0	10.278
MCMBP_HUMAN	79892	MCMBP	10.278	10	1	0	1.0	0.0	10.278
VTI1A_HUMAN	143187	VTI1A	10.278	10	1	0	1.0	0.0	10.278
PPR1C_HUMAN	151242	PPP1R1C	10.278	10	1	0	1.0	0.0	10.278
MK01_HUMAN	5594	MAPK1	10.258	21517	3	0	1.477	0.0	6.945
RPH3L_HUMAN	9501	RPH3AL	10.236	11	1	0	1.0	0.0	10.236
MYLK2_HUMAN	85366	MYLK2	10.236	11	1	0	1.0	0.0	10.236
MIEAP_HUMAN	132671	SPATA18	10.236	11	1	1	1.0	0.0	10.236
DYH12_HUMAN	201625	DNAH12	10.236	11	1	1	1.0	0.0	10.236
FLT3_HUMAN	2322	FLT3	10.231	2594	2	0	1.301	0.0	7.864
GMDS_HUMAN	2762	GMDS	10.199	12	1	2	1.0	0.0	10.199
ADA1D_HUMAN	146	ADRA1D	10.193	2777	2	0	1.301	0.0	7.834
VGFR1_HUMAN	2321	FLT1	10.18	2839	2	0	1.301	0.0	7.825
GLT13_HUMAN	114805	GALNT13	10.164	13	1	1	1.0	0.0	10.164
AP2E_HUMAN	339488	TFAP2E	10.164	13	1	0	1.0	0.0	10.164
IL8_HUMAN	3576	CXCL8	10.146	25628	3	4	1.477	0.0	6.869
GPI8_HUMAN	10026	PIGK	10.132	14	1	0	1.0	0.0	10.132
RB6I2_HUMAN	23085	ERC1	10.132	14	1	0	1.0	0.0	10.132
OPN3_HUMAN	23596	OPN3	10.132	14	1	0	1.0	0.0	10.132
EGFL6_HUMAN	25975	EGFL6	10.132	14	1	0	1.0	0.0	10.132
UDB28_HUMAN	54490	UGT2B28	10.132	14	1	1	1.0	0.0	10.132
ARL11_HUMAN	115761	ARL11	10.132	14	1	0	1.0	0.0	10.132
RHOV_HUMAN	171177	RHOV	10.132	14	1	0	1.0	0.0	10.132
MIB1_HUMAN	57534	MIB1	10.125	3128	2	0	1.301	0.0	7.783
RINT1_HUMAN	60561	RINT1	10.102	15	1	0	1.0	0.0	10.102
MCM9_HUMAN	254394	MCM9	10.102	15	1	0	1.0	0.0	10.102
CBY1_HUMAN	25776	CBY1	10.074	16	1	0	1.0	0.0	10.074
ESR2_HUMAN	2100	ESR2	10.054	3549	2	2	1.301	0.0	7.728
UBAP1_HUMAN	51271	UBAP1	10.047	17	1	0	1.0	0.0	10.047
ATS15_HUMAN	170689	ADAMTS15	10.047	17	1	2	1.0	0.0	10.047
RAB32_HUMAN	10981	RAB32	10.023	18	1	0	1.0	0.0	10.023
RCC2_HUMAN	55920	RCC2	10.023	18	1	1	1.0	0.0	10.023
GLCI1_HUMAN	113263	GLCCI1	10.023	18	1	2	1.0	0.0	10.023
CSMD3_HUMAN	114788	CSMD3	10.023	18	1	1	1.0	0.0	10.023
KILIN_HUMAN	100144748	KLLN	10.023	18	1	4	1.0	0.0	10.023
B3GT5_HUMAN	10317	B3GALT5	9.999	19	1	0	1.0	0.0	9.999
TLK2_HUMAN	11011	TLK2	9.999	19	1	0	1.0	0.0	9.999
POPD1_HUMAN	11149	BVES	9.999	19	1	3	1.0	0.0	9.999
ALPK2_HUMAN	115701	ALPK2	9.999	19	1	0	1.0	0.0	9.999
CP2D6_HUMAN	1565	CYP2D6	9.982	4031	2	0	1.301	0.0	7.672
CAD10_HUMAN	1008	CDH10	9.977	20	1	9	1.0	0.0	9.977
SF3A1_HUMAN	10291	SF3A1	9.977	20	1	0	1.0	0.0	9.977
SNUT2_HUMAN	10713	USP39	9.977	20	1	0	1.0	0.0	9.977
RN111_HUMAN	54778	RNF111	9.977	20	1	1	1.0	0.0	9.977
1433S_HUMAN	2810	SFN	9.974	211	1	12	1.0	0.114	8.954
HSP74_HUMAN	3308	HSPA4	9.974	4092	2	0	1.301	0.0	7.666
FAT2_HUMAN	2196	FAT2	9.956	21	1	3	1.0	0.0	9.956
JAK2_HUMAN	3717	JAK2	9.956	4222	2	3	1.301	0.0	7.652
MUC1_HUMAN	4582	MUC1	9.955	4231	2	0	1.301	0.0	7.651
ADA29_HUMAN	11086	ADAM29	9.935	22	1	5	1.0	0.0	9.935
TMM97_HUMAN	27346	TMEM97	9.935	22	1	0	1.0	0.0	9.935
ATS14_HUMAN	140766	ADAMTS14	9.935	22	1	2	1.0	0.0	9.935
PAQR3_HUMAN	152559	PAQR3	9.935	22	1	1	1.0	0.0	9.935
CDC23_HUMAN	8697	CDC23	9.916	23	1	1	1.0	0.0	9.916
MP2K7_HUMAN	5609	MAP2K7	9.907	4606	2	1	1.301	0.0	7.614
PSG9_HUMAN	5678	PSG9	9.898	24	1	0	1.0	0.0	9.898
PRDM5_HUMAN	11107	PRDM5	9.898	24	1	1	1.0	0.0	9.898
HACL1_HUMAN	26061	HACL1	9.898	24	1	0	1.0	0.0	9.898
FANCB_HUMAN	2187	FANCB	9.885	4785	2	0	1.301	0.0	7.598
EF1G_HUMAN	1937	EEF1G	9.88	25	1	0	1.0	0.0	9.88
WNT8B_HUMAN	7479	WNT8B	9.88	25	1	0	1.0	0.0	9.88
DCTN2_HUMAN	10540	DCTN2	9.88	25	1	0	1.0	0.0	9.88
SPAG5_HUMAN	10615	SPAG5	9.863	26	1	4	1.0	0.0	9.863
IBP3_HUMAN	3486	IGFBP3	9.86	4998	2	0	1.301	0.0	7.579
MMP1_HUMAN	4312	MMP1	9.853	5066	2	7	1.301	0.0	7.573
ZBT24_HUMAN	9841	ZBTB24	9.846	27	1	0	1.0	0.0	9.846
A0A0A0MQW5_HUMAN	114783	LMTK3	9.846	27	1	0	1.0	0.0	9.846
GAST_HUMAN	2520	GAST	9.845	5136	2	2	1.301	0.0	7.567
TSN31_HUMAN	6302	TSPAN31	9.831	28	1	1	1.0	0.0	9.831
PECA1_HUMAN	5175	PECAM1	9.824	5336	2	0	1.301	0.0	7.551
ZFY26_HUMAN	23503	ZFYVE26	9.815	29	1	0	1.0	0.0	9.815
CXXC1_HUMAN	30827	CXXC1	9.815	29	1	0	1.0	0.0	9.815
IFNB_HUMAN	3456	IFNB1	9.802	5545	2	0	1.301	0.0	7.534
MUC15_HUMAN	143662	MUC15	9.801	30	1	0	1.0	0.0	9.801
FRAT1_HUMAN	10023	FRAT1	9.786	31	1	2	1.0	0.0	9.786
PRP4B_HUMAN	8899	PRPF4B	9.773	32	1	2	1.0	0.0	9.773
RCAN2_HUMAN	10231	RCAN2	9.773	32	1	0	1.0	0.0	9.773
PUF60_HUMAN	22827	PUF60	9.773	32	1	1	1.0	0.0	9.773
K1C23_HUMAN	25984	KRT23	9.759	33	1	1	1.0	0.0	9.759
RPRM_HUMAN	56475	RPRM	9.759	33	1	1	1.0	0.0	9.759
NUP88_HUMAN	4927	NUP88	9.746	34	1	1	1.0	0.0	9.746
BLCAP_HUMAN	10904	BLCAP	9.746	34	1	0	1.0	0.0	9.746
RGMA_HUMAN	56963	RGMA	9.746	34	1	1	1.0	0.0	9.746
MACD2_HUMAN	140733	MACROD2	9.746	34	1	1	1.0	0.0	9.746
TM115_HUMAN	11070	TMEM115	9.734	35	1	1	1.0	0.0	9.734
SPG20_HUMAN	23111	SPG20	9.734	35	1	3	1.0	0.0	9.734
RETR1_HUMAN	54463	RETREG1	9.734	35	1	1	1.0	0.0	9.734
MTUS1_HUMAN	57509	MTUS1	9.722	36	1	1	1.0	0.0	9.722
M3K2_HUMAN	10746	MAP3K2	9.71	37	1	1	1.0	0.0	9.71
GLIP1_HUMAN	11010	GLIPR1	9.71	37	1	0	1.0	0.0	9.71
CENPH_HUMAN	64946	CENPH	9.71	37	1	2	1.0	0.0	9.71
FGF2_HUMAN	2247	FGF2	9.705	6580	2	3	1.301	0.0	7.459
LPAR4_HUMAN	2846	LPAR4	9.687	39	1	0	1.0	0.0	9.687
ANXA5_HUMAN	308	ANXA5	9.678	6904	2	1	1.301	0.0	7.439
ATPO_HUMAN	539	ATP5O	9.655	42	1	0	1.0	0.0	9.655
SPOP_HUMAN	8405	SPOP	9.655	42	1	0	1.0	0.0	9.655
LIN9_HUMAN	286826	LIN9	9.655	42	1	2	1.0	0.0	9.655
A4_HUMAN	351	APP	9.654	7204	2	2	1.301	0.0	7.42
STAT3_HUMAN	6774	STAT3	9.654	7199	2	2	1.301	0.0	7.42
RASF2_HUMAN	9770	RASSF2	9.644	43	1	2	1.0	0.0	9.644
DNMBP_HUMAN	23268	DNMBP	9.644	43	1	0	1.0	0.0	9.644
ARHGC_HUMAN	23365	ARHGEF12	9.644	43	1	1	1.0	0.0	9.644
UNC5B_HUMAN	219699	UNC5B	9.644	43	1	2	1.0	0.0	9.644
CP3A4_HUMAN	1576	CYP3A4	9.641	7364	2	0	1.301	0.0	7.411
MAFG_HUMAN	4097	MAFG	9.634	44	1	4	1.0	0.0	9.634
TBX22_HUMAN	50945	TBX22	9.634	44	1	2	1.0	0.0	9.634
PCD10_HUMAN	57575	PCDH10	9.634	44	1	2	1.0	0.0	9.634
HES6_HUMAN	55502	HES6	9.625	45	1	0	1.0	0.0	9.625
YMEL1_HUMAN	10730	YME1L1	9.615	46	1	0	1.0	0.0	9.615
MAGB6_HUMAN	158809	MAGEB6	9.615	46	1	0	1.0	0.0	9.615
TET1_HUMAN	80312	TET1	9.61	236	1	11	1.0	0.079	8.905
PTN14_HUMAN	5784	PTPN14	9.606	47	1	0	1.0	0.0	9.606
SEM3C_HUMAN	10512	SEMA3C	9.606	47	1	0	1.0	0.0	9.606
MACF1_HUMAN	23499	MACF1	9.606	47	1	1	1.0	0.0	9.606
LYPD1_HUMAN	116372	LYPD1	9.606	47	1	1	1.0	0.0	9.606
KC1D_HUMAN	1453	CSNK1D	9.597	48	1	1	1.0	0.0	9.597
C43BP_HUMAN	10087	COL4A3BP	9.597	48	1	1	1.0	0.0	9.597
ST1C4_HUMAN	27233	SULT1C4	9.597	48	1	0	1.0	0.0	9.597
ATPA_HUMAN	498	ATP5A1	9.588	49	1	0	1.0	0.0	9.588
SEC63_HUMAN	11231	SEC63	9.588	49	1	1	1.0	0.0	9.588
AHSA1_HUMAN	10598	AHSA1	9.579	50	1	2	1.0	0.0	9.579
NKD1_HUMAN	85407	NKD1	9.579	50	1	2	1.0	0.0	9.579
HTAI2_HUMAN	10553	HTATIP2	9.562	52	1	0	1.0	0.0	9.562
2AAA_HUMAN	5518	PPP2R1A	9.554	53	1	3	1.0	0.0	9.554
CDKA1_HUMAN	8099	CDK2AP1	9.554	53	1	0	1.0	0.0	9.554
COLI_HUMAN	5443	POMC	9.545	8744	2	1	1.301	0.0	7.336
NUF2_HUMAN	83540	NUF2	9.545	54	1	0	1.0	0.0	9.545
L0N195_HUMAN	3439	IFNA1	9.543	8773	2	0	1.301	0.0	7.335
KC1E_HUMAN	1454	CSNK1E	9.53	56	1	1	1.0	0.0	9.53
AP1M2_HUMAN	10053	AP1M2	9.53	56	1	0	1.0	0.0	9.53
REEP5_HUMAN	7905	REEP5	9.522	57	1	0	1.0	0.0	9.522
TOPRS_HUMAN	10210	TOPORS	9.522	57	1	0	1.0	0.0	9.522
DOK1_HUMAN	1796	DOK1	9.514	58	1	0	1.0	0.0	9.514
DKK4_HUMAN	27121	DKK4	9.514	58	1	4	1.0	0.0	9.514
C1GLC_HUMAN	29071	C1GALT1C1	9.514	58	1	0	1.0	0.0	9.514
SC5A8_HUMAN	160728	SLC5A8	9.514	58	1	2	1.0	0.0	9.514
ARI3A_HUMAN	1820	ARID3A	9.5	60	1	0	1.0	0.0	9.5
IRAK2_HUMAN	3656	IRAK2	9.5	60	1	0	1.0	0.0	9.5
OPHN1_HUMAN	4983	OPHN1	9.5	60	1	0	1.0	0.0	9.5
GRP1_HUMAN	10125	RASGRP1	9.5	60	1	2	1.0	0.0	9.5
NEO1_HUMAN	4756	NEO1	9.493	61	1	1	1.0	0.0	9.493
APOB_HUMAN	338	APOB	9.485	9710	2	0	1.301	0.0	7.29
DESI2_HUMAN	51029	DESI2	9.485	62	1	0	1.0	0.0	9.485
SMRC1_HUMAN	6599	SMARCC1	9.479	63	1	2	1.0	0.0	9.479
KIF3A_HUMAN	11127	KIF3A	9.479	63	1	1	1.0	0.0	9.479
CAH14_HUMAN	23632	CA14	9.479	63	1	0	1.0	0.0	9.479
DYHC1_HUMAN	1778	DYNC1H1	9.472	64	1	0	1.0	0.0	9.472
LIMS1_HUMAN	3987	LIMS1	9.472	64	1	0	1.0	0.0	9.472
MT1F_HUMAN	4494	MT1F	9.465	65	1	2	1.0	0.0	9.465
MT1X_HUMAN	4501	MT1X	9.465	65	1	0	1.0	0.0	9.465
K1C20_HUMAN	54474	KRT20	9.463	10103	2	0	1.301	0.0	7.273
PTN12_HUMAN	5782	PTPN12	9.458	66	1	0	1.0	0.0	9.458
NDUAD_HUMAN	51079	NDUFA13	9.458	66	1	0	1.0	0.0	9.458
NU153_HUMAN	9972	NUP153	9.452	67	1	1	1.0	0.0	9.452
IF5A2_HUMAN	56648	EIF5A2	9.445	68	1	1	1.0	0.0	9.445
NEIL2_HUMAN	252969	NEIL2	9.445	68	1	1	1.0	0.0	9.445
NLK_HUMAN	51701	NLK	9.439	69	1	1	1.0	0.0	9.439
CAH8_HUMAN	767	CA8	9.433	70	1	0	1.0	0.0	9.433
STIM2_HUMAN	57620	STIM2	9.427	71	1	1	1.0	0.0	9.427
PNPT1_HUMAN	87178	PNPT1	9.427	71	1	0	1.0	0.0	9.427
METK2_HUMAN	4144	MAT2A	9.421	72	1	0	1.0	0.0	9.421
HLTF_HUMAN	6596	HLTF	9.421	72	1	2	1.0	0.0	9.421
IF2B3_HUMAN	10643	IGF2BP3	9.421	72	1	1	1.0	0.0	9.421
INSC_HUMAN	387755	INSC	9.421	72	1	0	1.0	0.0	9.421
MMP2_HUMAN	4313	MMP2	9.415	10989	2	0	1.301	0.0	7.237
IL34_HUMAN	146433	IL34	9.415	73	1	0	1.0	0.0	9.415
FHR3_HUMAN	10878	CFHR3	9.403	75	1	0	1.0	0.0	9.403
ADCY3_HUMAN	109	ADCY3	9.397	76	1	0	1.0	0.0	9.397
VAV3_HUMAN	10451	VAV3	9.397	76	1	0	1.0	0.0	9.397
HUWE1_HUMAN	10075	HUWE1	9.391	77	1	1	1.0	0.0	9.391
HMGCL_HUMAN	3155	HMGCL	9.386	78	1	0	1.0	0.0	9.386
EGFL7_HUMAN	51162	EGFL7	9.386	78	1	5	1.0	0.0	9.386
CCHCR_HUMAN	54535	CCHCR1	9.386	78	1	0	1.0	0.0	9.386
KAP3_HUMAN	5577	PRKAR2B	9.38	79	1	0	1.0	0.0	9.38
TM158_HUMAN	25907	TMEM158	9.38	79	1	0	1.0	0.0	9.38
HUS1_HUMAN	3364	HUS1	9.375	80	1	1	1.0	0.0	9.375
FERM2_HUMAN	10979	FERMT2	9.375	80	1	1	1.0	0.0	9.375
BLM_HUMAN	641	BLM	9.364	82	1	0	1.0	0.0	9.364
NPT2B_HUMAN	10568	SLC34A2	9.364	82	1	7	1.0	0.0	9.364
SAS6_HUMAN	163786	SASS6	9.364	82	1	0	1.0	0.0	9.364
MD1L1_HUMAN	8379	MAD1L1	9.359	83	1	1	1.0	0.0	9.359
ARK72_HUMAN	8574	AKR7A2	9.354	84	1	0	1.0	0.0	9.354
CARM1_HUMAN	10498	CARM1	9.354	84	1	2	1.0	0.0	9.354
PSD10_HUMAN	5716	PSMD10	9.348	85	1	0	1.0	0.0	9.348
ABI1_HUMAN	10006	ABI1	9.348	85	1	0	1.0	0.0	9.348
RASF5_HUMAN	83593	RASSF5	9.348	85	1	0	1.0	0.0	9.348
ADA15_HUMAN	8751	ADAM15	9.343	86	1	1	1.0	0.0	9.343
EDIL3_HUMAN	10085	EDIL3	9.343	86	1	0	1.0	0.0	9.343
GPA33_HUMAN	10223	GPA33	9.343	86	1	0	1.0	0.0	9.343
APCL_HUMAN	10297	APC2	9.343	86	1	4	1.0	0.0	9.343
HEYL_HUMAN	26508	HEYL	9.343	86	1	0	1.0	0.0	9.343
SYNE1_HUMAN	23345	SYNE1	9.338	87	1	1	1.0	0.0	9.338
FEZF1_HUMAN	389549	FEZF1	9.338	87	1	0	1.0	0.0	9.338
ASNS_HUMAN	440	ASNS	9.333	88	1	3	1.0	0.0	9.333
KAD3_HUMAN	50808	AK3	9.333	88	1	0	1.0	0.0	9.333
SULF1_HUMAN	23213	SULF1	9.328	89	1	1	1.0	0.0	9.328
IF4B_HUMAN	1975	EIF4B	9.324	90	1	0	1.0	0.0	9.324
CASPE_HUMAN	23581	CASP14	9.324	90	1	0	1.0	0.0	9.324
FINC_HUMAN	2335	FN1	9.32	12999	2	0	1.301	0.0	7.164
M3K11_HUMAN	4296	MAP3K11	9.319	91	1	1	1.0	0.0	9.319
CAD17_HUMAN	1015	CDH17	9.309	93	1	0	1.0	0.0	9.309
NRCAM_HUMAN	4897	NRCAM	9.309	93	1	0	1.0	0.0	9.309
PLCE1_HUMAN	51196	PLCE1	9.309	93	1	1	1.0	0.0	9.309
RFOX1_HUMAN	54715	RBFOX1	9.309	93	1	1	1.0	0.0	9.309
PP1A_HUMAN	5499	PPP1CA	9.305	94	1	0	1.0	0.0	9.305
SENP1_HUMAN	29843	SENP1	9.305	94	1	7	1.0	0.0	9.305
ZBT7A_HUMAN	51341	ZBTB7A	9.296	96	1	0	1.0	0.0	9.296
TE2IP_HUMAN	54386	TERF2IP	9.291	97	1	0	1.0	0.0	9.291
UBR5_HUMAN	51366	UBR5	9.287	98	1	0	1.0	0.0	9.287
GATA5_HUMAN	140628	GATA5	9.287	98	1	6	1.0	0.0	9.287
M3K20_HUMAN	51776	MAP3K20	9.265	103	1	5	1.0	0.0	9.265
DVL1_HUMAN	1855	DVL1	9.257	105	1	0	1.0	0.0	9.257
SIAH1_HUMAN	6477	SIAH1	9.253	106	1	0	1.0	0.0	9.253
IL1A_HUMAN	3552	IL1A	9.252	14669	2	0	1.301	0.0	7.111
SYK_HUMAN	3735	KARS	9.244	108	1	0	1.0	0.0	9.244
GEMI_HUMAN	51053	GMNN	9.24	109	1	0	1.0	0.0	9.24
M3K8_HUMAN	1326	MAP3K8	9.236	110	1	0	1.0	0.0	9.236
ADRO_HUMAN	2232	FDXR	9.229	112	1	0	1.0	0.0	9.229
SERC_HUMAN	29968	PSAT1	9.225	113	1	3	1.0	0.0	9.225
KC1AL_HUMAN	122011	CSNK1A1L	9.225	113	1	2	1.0	0.0	9.225
TGT_HUMAN	81890	QTRT1	9.217	115	1	0	1.0	0.0	9.217
CDC37_HUMAN	11140	CDC37	9.213	116	1	2	1.0	0.0	9.213
HXA5_HUMAN	3202	HOXA5	9.21	117	1	1	1.0	0.0	9.21
NECD_HUMAN	4692	NDN	9.206	118	1	2	1.0	0.0	9.206
CDN2D_HUMAN	1032	CDKN2D	9.199	120	1	1	1.0	0.0	9.199
PPBN_HUMAN	251	ALPPL2	9.195	121	1	0	1.0	0.0	9.195
ICA69_HUMAN	3382	ICA1	9.195	121	1	1	1.0	0.0	9.195
I17RD_HUMAN	54756	IL17RD	9.195	121	1	1	1.0	0.0	9.195
TEFF2_HUMAN	23671	TMEFF2	9.191	122	1	0	1.0	0.0	9.191
TRAP1_HUMAN	10131	TRAP1	9.188	123	1	1	1.0	0.0	9.188
PDZ1I_HUMAN	10158	PDZK1IP1	9.188	123	1	1	1.0	0.0	9.188
TPX2_HUMAN	22974	TPX2	9.188	123	1	2	1.0	0.0	9.188
S26A2_HUMAN	1836	SLC26A2	9.184	124	1	2	1.0	0.0	9.184
TIG1_HUMAN	5918	RARRES1	9.184	124	1	0	1.0	0.0	9.184
PARP2_HUMAN	10038	PARP2	9.184	124	1	1	1.0	0.0	9.184
DPEP1_HUMAN	1800	DPEP1	9.181	125	1	1	1.0	0.0	9.181
RASE_HUMAN	3266	ERAS	9.181	125	1	0	1.0	0.0	9.181
WN10A_HUMAN	80326	WNT10A	9.181	125	1	0	1.0	0.0	9.181
RECQ1_HUMAN	5965	RECQL	9.177	126	1	2	1.0	0.0	9.177
GUC2A_HUMAN	2980	GUCA2A	9.174	127	1	0	1.0	0.0	9.174
LOXL2_HUMAN	4017	LOXL2	9.174	127	1	1	1.0	0.0	9.174
FACE1_HUMAN	10269	ZMPSTE24	9.174	127	1	0	1.0	0.0	9.174
DPOLL_HUMAN	27343	POLL	9.174	127	1	8	1.0	0.0	9.174
GNA13_HUMAN	10672	GNA13	9.171	128	1	0	1.0	0.0	9.171
AIP_HUMAN	9049	AIP	9.157	132	1	0	1.0	0.0	9.157
PLK4_HUMAN	10733	PLK4	9.157	132	1	1	1.0	0.0	9.157
CBX1_HUMAN	10951	CBX1	9.154	133	1	0	1.0	0.0	9.154
AT2A3_HUMAN	489	ATP2A3	9.151	134	1	0	1.0	0.0	9.151
RA51D_HUMAN	5892	RAD51D	9.151	134	1	1	1.0	0.0	9.151
ZO2_HUMAN	9414	TJP2	9.148	135	1	0	1.0	0.0	9.148
RIR2B_HUMAN	50484	RRM2B	9.141	137	1	0	1.0	0.0	9.141
CASP5_HUMAN	838	CASP5	9.132	140	1	1	1.0	0.0	9.132
COBA1_HUMAN	1301	COL11A1	9.129	141	1	0	1.0	0.0	9.129
HEM0_HUMAN	212	ALAS2	9.123	143	1	3	1.0	0.0	9.123
CAC1G_HUMAN	8913	CACNA1G	9.123	143	1	1	1.0	0.0	9.123
SMAD9_HUMAN	4093	SMAD9	9.116	145	1	0	1.0	0.0	9.116
PLK3_HUMAN	1263	PLK3	9.108	148	1	0	1.0	0.0	9.108
TFAP4_HUMAN	7023	TFAP4	9.093	153	1	1	1.0	0.0	9.093
PPIF_HUMAN	10105	PPIF	9.093	153	1	3	1.0	0.0	9.093
HDAC5_HUMAN	10014	HDAC5	9.09	154	1	3	1.0	0.0	9.09
TIF1B_HUMAN	10155	TRIM28	9.09	154	1	2	1.0	0.0	9.09
TFDP1_HUMAN	7027	TFDP1	9.088	155	1	0	1.0	0.0	9.088
NMT1_HUMAN	4836	NMT1	9.085	156	1	0	1.0	0.0	9.085
GLYC_HUMAN	6470	SHMT1	9.085	156	1	0	1.0	0.0	9.085
EHMT2_HUMAN	10919	EHMT2	9.082	157	1	4	1.0	0.0	9.082
PPM1D_HUMAN	8493	PPM1D	9.079	158	1	0	1.0	0.0	9.079
MBB1A_HUMAN	10514	MYBBP1A	9.076	159	1	0	1.0	0.0	9.076
DKC1_HUMAN	1736	DKC1	9.074	160	1	0	1.0	0.0	9.074
REV1_HUMAN	51455	REV1	9.074	160	1	1	1.0	0.0	9.074
FANCJ_HUMAN	83990	BRIP1	9.071	161	1	0	1.0	0.0	9.071
CADH3_HUMAN	1001	CDH3	9.06	165	1	1	1.0	0.0	9.06
BARD1_HUMAN	580	BARD1	9.055	167	1	0	1.0	0.0	9.055
ADAM9_HUMAN	8754	ADAM9	9.055	167	1	1	1.0	0.0	9.055
XIRP1_HUMAN	165904	XIRP1	9.05	169	1	1	1.0	0.0	9.05
RSSA_HUMAN	3921	RPSA	9.047	170	1	0	1.0	0.0	9.047
MED1_HUMAN	5469	MED1	9.042	172	1	1	1.0	0.0	9.042
IREB2_HUMAN	3658	IREB2	9.04	173	1	1	1.0	0.0	9.04
MAD1_HUMAN	4084	MXD1	9.04	173	1	1	1.0	0.0	9.04
SIAT1_HUMAN	6480	ST6GAL1	9.04	173	1	0	1.0	0.0	9.04
GSTO1_HUMAN	9446	GSTO1	9.04	173	1	0	1.0	0.0	9.04
KCNK9_HUMAN	51305	KCNK9	9.035	175	1	0	1.0	0.0	9.035
DSG2_HUMAN	1829	DSG2	9.03	177	1	0	1.0	0.0	9.03
MTM1_HUMAN	4534	MTM1	9.03	177	1	0	1.0	0.0	9.03
SLIT2_HUMAN	9353	SLIT2	9.03	177	1	2	1.0	0.0	9.03
FKTN_HUMAN	2218	FKTN	9.027	178	1	0	1.0	0.0	9.027
PRGC2_HUMAN	133522	PPARGC1B	9.027	178	1	1	1.0	0.0	9.027
DMRT1_HUMAN	1761	DMRT1	9.025	179	1	4	1.0	0.0	9.025
DMBT1_HUMAN	1755	DMBT1	9.02	181	1	0	1.0	0.0	9.02
LATS1_HUMAN	9113	LATS1	9.02	181	1	2	1.0	0.0	9.02
CASL_HUMAN	4739	NEDD9	9.011	185	1	0	1.0	0.0	9.011
CLC10_HUMAN	10462	CLEC10A	9.011	185	1	2	1.0	0.0	9.011
PROS_HUMAN	5627	PROS1	9.008	186	1	0	1.0	0.0	9.008
AIFM1_HUMAN	9131	AIFM1	9.004	188	1	0	1.0	0.0	9.004
ELK1_HUMAN	2002	ELK1	9.001	189	1	2	1.0	0.0	9.001
FHL1_HUMAN	2273	FHL1	9.001	189	1	2	1.0	0.0	9.001
NHRF1_HUMAN	9368	SLC9A3R1	9.001	189	1	4	1.0	0.0	9.001
CMC2_HUMAN	10165	SLC25A13	8.997	191	1	0	1.0	0.0	8.997
BIK_HUMAN	638	BIK	8.995	192	1	0	1.0	0.0	8.995
THA_HUMAN	7067	THRA	8.995	192	1	0	1.0	0.0	8.995
CAR17_HUMAN	440068	CARD17	8.992	193	1	2	1.0	0.0	8.992
CBPA1_HUMAN	1357	CPA1	8.988	195	1	0	1.0	0.0	8.988
B4GT1_HUMAN	2683	B4GALT1	8.986	196	1	1	1.0	0.0	8.986
HEXB_HUMAN	3074	HEXB	8.983	197	1	3	1.0	0.0	8.983
FBN2_HUMAN	2201	FBN2	8.981	198	1	9	1.0	0.0	8.981
DEAF1_HUMAN	10522	DEAF1	8.981	198	1	0	1.0	0.0	8.981
MEIS1_HUMAN	4211	MEIS1	8.979	199	1	0	1.0	0.0	8.979
PMS1_HUMAN	5378	PMS1	8.979	199	1	9	1.0	0.0	8.979
ERR1_HUMAN	2101	ESRRA	8.977	200	1	1	1.0	0.0	8.977
PTK7_HUMAN	5754	PTK7	8.977	200	1	2	1.0	0.0	8.977
SFRP4_HUMAN	6424	SFRP4	8.977	200	1	1	1.0	0.0	8.977
EPHB4_HUMAN	2050	EPHB4	8.973	202	1	0	1.0	0.0	8.973
PLD2_HUMAN	5338	PLD2	8.973	202	1	0	1.0	0.0	8.973
XCT_HUMAN	23657	SLC7A11	8.97	203	1	0	1.0	0.0	8.97
NODAL_HUMAN	4838	NODAL	8.968	204	1	0	1.0	0.0	8.968
RBBP6_HUMAN	5930	RBBP6	8.966	205	1	1	1.0	0.0	8.966
STK3_HUMAN	6788	STK3	8.962	207	1	1	1.0	0.0	8.962
ANK1_HUMAN	286	ANK1	8.958	209	1	0	1.0	0.0	8.958
HNRPK_HUMAN	3190	HNRNPK	8.958	209	1	1	1.0	0.0	8.958
A4FUW6_HUMAN	7258	LOC728395	8.956	210	1	2	1.0	0.0	8.956
DFFA_HUMAN	1676	DFFA	8.954	211	1	0	1.0	0.0	8.954
FAT1_HUMAN	2195	FAT1	8.954	211	1	9	1.0	0.0	8.954
RABP1_HUMAN	1381	CRABP1	8.952	212	1	1	1.0	0.0	8.952
MSI1H_HUMAN	4440	MSI1	8.945	215	1	0	1.0	0.0	8.945
KLK6_HUMAN	5653	KLK6	8.937	219	1	1	1.0	0.0	8.937
S19A1_HUMAN	6573	SLC19A1	8.937	219	1	1	1.0	0.0	8.937
HS90B_HUMAN	3326	HSP90AB1	8.935	220	1	0	1.0	0.0	8.935
RPGF3_HUMAN	10411	RAPGEF3	8.932	222	1	1	1.0	0.0	8.932
PTGIS_HUMAN	5740	PTGIS	8.93	223	1	0	1.0	0.0	8.93
SALL4_HUMAN	57167	SALL4	8.924	226	1	0	1.0	0.0	8.924
FOLC_HUMAN	2356	FPGS	8.92	228	1	0	1.0	0.0	8.92
SFRP3_HUMAN	2487	FRZB	8.918	229	1	2	1.0	0.0	8.918
TOP2B_HUMAN	7155	TOP2B	8.914	231	1	0	1.0	0.0	8.914
AIM2_HUMAN	9447	AIM2	8.914	231	1	2	1.0	0.0	8.914
RHOB_HUMAN	388	RHOB	8.909	234	1	1	1.0	0.0	8.909
PPR1A_HUMAN	5502	PPP1R1A	8.907	235	1	0	1.0	0.0	8.907
O10K2_HUMAN	391107	OR10K2	8.903	237	1	2	1.0	0.0	8.903
MARK3_HUMAN	4140	MARK3	8.889	245	1	1	1.0	0.0	8.889
PPOX_HUMAN	5498	PPOX	8.887	246	1	0	1.0	0.0	8.887
LG3BP_HUMAN	3959	LGALS3BP	8.882	249	1	0	1.0	0.0	8.882
MRP5_HUMAN	10057	ABCC5	8.882	249	1	0	1.0	0.0	8.882
CRY1_HUMAN	1407	CRY1	8.88	250	1	3	1.0	0.0	8.88
IL1B_HUMAN	3553	IL1B	8.88	28325	2	0	1.301	0.0	6.826
MK_HUMAN	4192	MDK	8.88	250	1	0	1.0	0.0	8.88
CELA1_HUMAN	1990	CELA1	8.873	254	1	0	1.0	0.0	8.873
ETV4_HUMAN	2118	ETV4	8.871	255	1	2	1.0	0.0	8.871
ATP6_HUMAN	4508	MT-ATP6	8.868	257	1	0	1.0	0.0	8.868
TWSG1_HUMAN	57045	TWSG1	8.868	257	1	0	1.0	0.0	8.868
FUMH_HUMAN	2271	FH	8.861	261	1	1	1.0	0.0	8.861
RALA_HUMAN	5898	RALA	8.856	264	1	3	1.0	0.0	8.856
NUMB_HUMAN	8650	NUMB	8.855	265	1	1	1.0	0.0	8.855
AK1C4_HUMAN	1109	AKR1C4	8.851	267	1	3	1.0	0.0	8.851
UMPS_HUMAN	7372	UMPS	8.851	267	1	0	1.0	0.0	8.851
ANO1_HUMAN	55107	ANO1	8.85	268	1	5	1.0	0.0	8.85
EFNB2_HUMAN	1948	EFNB2	8.846	270	1	0	1.0	0.0	8.846
BAP1_HUMAN	8314	BAP1	8.845	271	1	2	1.0	0.0	8.845
NCOA3_HUMAN	8202	NCOA3	8.84	274	1	0	1.0	0.0	8.84
CIP2A_HUMAN	57650	KIAA1524	8.835	277	1	1	1.0	0.0	8.835
RMD1_HUMAN	51115	RMDN1	8.834	278	1	0	1.0	0.0	8.834
CAD13_HUMAN	1012	CDH13	8.832	279	1	0	1.0	0.0	8.832
I10R1_HUMAN	3587	IL10RA	8.828	282	1	1	1.0	0.0	8.828
IRF5_HUMAN	3663	IRF5	8.826	283	1	0	1.0	0.0	8.826
AMACR_HUMAN	23600	AMACR	8.826	283	1	4	1.0	0.0	8.826
O10R2_HUMAN	343406	OR10R2	8.823	285	1	0	1.0	0.0	8.823
BIRC5_HUMAN	332	BIRC5	8.82	287	1	0	1.0	0.0	8.82
MOS_HUMAN	4342	MOS	8.82	287	1	1	1.0	0.0	8.82
PKHD1_HUMAN	5314	PKHD1	8.818	288	1	0	1.0	0.0	8.818
ING2_HUMAN	3622	ING2	8.817	289	1	0	1.0	0.0	8.817
SEPT4_HUMAN	5414	SEPT4	8.817	289	1	0	1.0	0.0	8.817
AT2A2_HUMAN	488	ATP2A2	8.81	294	1	0	1.0	0.0	8.81
BNIP3_HUMAN	664	BNIP3	8.807	296	1	0	1.0	0.0	8.807
KLK1_HUMAN	3816	KLK1	8.807	296	1	0	1.0	0.0	8.807
AQP5_HUMAN	362	AQP5	8.805	297	1	2	1.0	0.0	8.805
DECR_HUMAN	1666	DECR1	8.802	299	1	0	1.0	0.0	8.802
GLI3_HUMAN	2737	GLI3	8.801	300	1	0	1.0	0.0	8.801
MYH9_HUMAN	4627	MYH9	8.798	302	1	0	1.0	0.0	8.798
SERPH_HUMAN	871	SERPINH1	8.791	307	1	0	1.0	0.0	8.791
PRDM1_HUMAN	639	PRDM1	8.789	308	1	1	1.0	0.0	8.789
CFC1_HUMAN	55997	CFC1	8.789	308	1	0	1.0	0.0	8.789
CSPG2_HUMAN	1462	VCAN	8.785	311	1	0	1.0	0.0	8.785
PEBP1_HUMAN	5037	PEBP1	8.773	320	1	1	1.0	0.0	8.773
NOX1_HUMAN	27035	NOX1	8.773	320	1	5	1.0	0.0	8.773
ARI1A_HUMAN	8289	ARID1A	8.765	326	1	1	1.0	0.0	8.765
LGR5_HUMAN	8549	LGR5	8.765	326	1	3	1.0	0.0	8.765
5NT3A_HUMAN	51251	NT5C3A	8.763	327	1	0	1.0	0.0	8.763
CEBPD_HUMAN	1052	CEBPD	8.755	333	1	0	1.0	0.0	8.755
UD16_HUMAN	54578	UGT1A6	8.749	338	1	0	1.0	0.0	8.749
UNG_HUMAN	7374	UNG	8.746	340	1	0	1.0	0.0	8.746
FANCA_HUMAN	2175	FANCA	8.745	341	1	0	1.0	0.0	8.745
CENPA_HUMAN	1058	CENPA	8.741	344	1	4	1.0	0.0	8.741
NOD1_HUMAN	10392	NOD1	8.739	346	1	1	1.0	0.0	8.739
FSHB_HUMAN	2488	FSHB	8.735	349	1	0	1.0	0.0	8.735
FACD2_HUMAN	2177	FANCD2	8.734	350	1	5	1.0	0.0	8.734
FOXP1_HUMAN	27086	FOXP1	8.733	351	1	0	1.0	0.0	8.733
ASXL1_HUMAN	171023	ASXL1	8.733	351	1	2	1.0	0.0	8.733
PRDX1_HUMAN	5052	PRDX1	8.731	352	1	1	1.0	0.0	8.731
EVI1_HUMAN	2122	MECOM	8.725	357	1	1	1.0	0.0	8.725
CADM1_HUMAN	23705	CADM1	8.724	358	1	1	1.0	0.0	8.724
SRC8_HUMAN	2017	CTTN	8.717	364	1	0	1.0	0.0	8.717
KITH_HUMAN	7083	TK1	8.717	364	1	0	1.0	0.0	8.717
SIR2_HUMAN	22933	SIRT2	8.711	369	1	1	1.0	0.0	8.711
T53I2_HUMAN	58476	TP53INP2	8.707	372	1	1	1.0	0.0	8.707
ADRM1_HUMAN	11047	ADRM1	8.705	374	1	0	1.0	0.0	8.705
ROA1_HUMAN	3178	HNRNPA1	8.704	375	1	1	1.0	0.0	8.704
ATF3_HUMAN	467	ATF3	8.691	386	1	2	1.0	0.0	8.691
DSRAD_HUMAN	103	ADAR	8.686	391	1	1	1.0	0.0	8.686
MP2K4_HUMAN	6416	MAP2K4	8.679	397	1	2	1.0	0.0	8.679
VIPR1_HUMAN	7433	VIPR1	8.679	397	1	0	1.0	0.0	8.679
HMGA1_HUMAN	3159	HMGA1	8.676	400	1	1	1.0	0.0	8.676
DHSD_HUMAN	6392	SDHD	8.675	401	1	0	1.0	0.0	8.675
RL5_HUMAN	6125	RPL5	8.674	402	1	3	1.0	0.0	8.674
NFAC1_HUMAN	4772	NFATC1	8.667	408	1	2	1.0	0.0	8.667
DPOE4_HUMAN	56655	POLE4	8.657	418	1	0	1.0	0.0	8.657
PGS2_HUMAN	1634	DCN	8.654	421	1	0	1.0	0.0	8.654
TXK_HUMAN	7294	TXK	8.653	422	1	0	1.0	0.0	8.653
DPOG1_HUMAN	5428	POLG	8.652	423	1	0	1.0	0.0	8.652
CASP6_HUMAN	839	CASP6	8.65	424	1	0	1.0	0.0	8.65
CENPV_HUMAN	201161	CENPV	8.649	425	1	0	1.0	0.0	8.649
FOXA2_HUMAN	3170	FOXA2	8.647	427	1	1	1.0	0.0	8.647
MTRR_HUMAN	4552	MTRR	8.643	431	1	0	1.0	0.0	8.643
IL24_HUMAN	11009	IL24	8.633	441	1	0	1.0	0.0	8.633
HYAS2_HUMAN	3037	HAS2	8.632	442	1	0	1.0	0.0	8.632
TFF3_HUMAN	7033	TFF3	8.631	443	1	0	1.0	0.0	8.631
CLD4_HUMAN	1364	CLDN4	8.626	449	1	1	1.0	0.0	8.626
HYEP_HUMAN	2052	EPHX1	8.624	451	1	0	1.0	0.0	8.624
TLR6_HUMAN	10333	TLR6	8.624	451	1	0	1.0	0.0	8.624
FGF3_HUMAN	2248	FGF3	8.623	452	1	0	1.0	0.0	8.623
ELAV1_HUMAN	1994	ELAVL1	8.622	453	1	2	1.0	0.0	8.622
FGF4_HUMAN	2249	FGF4	8.614	461	1	0	1.0	0.0	8.614
TCO2_HUMAN	6948	TCN2	8.614	461	1	1	1.0	0.0	8.614
NTRK3_HUMAN	4916	NTRK3	8.612	463	1	2	1.0	0.0	8.612
NEST_HUMAN	10763	NES	8.609	466	1	2	1.0	0.0	8.609
MLN_HUMAN	100507027	MRLN	8.608	468	1	0	1.0	0.0	8.608
GRPR_HUMAN	2925	GRPR	8.602	474	1	0	1.0	0.0	8.602
SKI_HUMAN	6497	SKI	8.598	479	1	1	1.0	0.0	8.598
MYOC_HUMAN	4653	MYOC	8.597	480	1	0	1.0	0.0	8.597
ACADM_HUMAN	34	ACADM	8.588	490	1	0	1.0	0.0	8.588
RPP14_HUMAN	11102	RPP14	8.58	499	1	3	1.0	0.0	8.58
STF1_HUMAN	2516	NR5A1	8.575	504	1	0	1.0	0.0	8.575
SMAD5_HUMAN	4090	SMAD5	8.573	507	1	0	1.0	0.0	8.573
TIA1_HUMAN	7072	TIA1	8.571	509	1	1	1.0	0.0	8.571
KEAP1_HUMAN	9817	KEAP1	8.57	510	1	5	1.0	0.0	8.57
ACTN1_HUMAN	87	ACTN1	8.569	512	1	1	1.0	0.0	8.569
ATF2_HUMAN	1386	ATF2	8.567	514	1	3	1.0	0.0	8.567
TOP2A_HUMAN	7153	TOP2A	8.567	514	1	0	1.0	0.0	8.567
WRN_HUMAN	7486	WRN	8.567	514	1	0	1.0	0.0	8.567
CASP2_HUMAN	835	CASP2	8.562	520	1	0	1.0	0.0	8.562
SLAF7_HUMAN	57823	SLAMF7	8.559	524	1	0	1.0	0.0	8.559
HMGA2_HUMAN	8091	HMGA2	8.548	537	1	0	1.0	0.0	8.548
CD166_HUMAN	214	ALCAM	8.545	541	1	0	1.0	0.0	8.545
ARY1_HUMAN	9	NAT1	8.544	542	1	0	1.0	0.0	8.544
RAP1A_HUMAN	5906	RAP1A	8.536	552	1	0	1.0	0.0	8.536
PE2R2_HUMAN	5732	PTGER2	8.531	558	1	1	1.0	0.0	8.531
NFL_HUMAN	4747	NEFL	8.527	564	1	1	1.0	0.0	8.527
CXL13_HUMAN	10563	CXCL13	8.522	570	1	2	1.0	0.0	8.522
HRH1_HUMAN	3269	HRH1	8.521	571	1	1	1.0	0.0	8.521
PARK7_HUMAN	11315	PARK7	8.515	579	1	1	1.0	0.0	8.515
SNF5_HUMAN	6598	SMARCB1	8.498	603	1	0	1.0	0.0	8.498
XRCC6_HUMAN	2547	XRCC6	8.495	607	1	0	1.0	0.0	8.495
BIRC2_HUMAN	329	BIRC2	8.49	614	1	1	1.0	0.0	8.49
SRSF1_HUMAN	6426	SRSF1	8.49	613	1	0	1.0	0.0	8.49
FADD_HUMAN	8772	FADD	8.49	614	1	0	1.0	0.0	8.49
RUNX3_HUMAN	864	RUNX3	8.485	620	1	1	1.0	0.0	8.485
ENOA_HUMAN	2023	ENO1	8.484	622	1	0	1.0	0.0	8.484
UFO_HUMAN	558	AXL	8.482	625	1	2	1.0	0.0	8.482
AREG_HUMAN	374	AREG	8.475	635	1	0	1.0	0.0	8.475
AKT2_HUMAN	208	AKT2	8.474	636	1	0	1.0	0.0	8.474
FILA_HUMAN	2312	FLG	8.473	638	1	0	1.0	0.0	8.473
PLEK_HUMAN	5341	PLEK	8.473	638	1	0	1.0	0.0	8.473
CBSL_HUMAN	875	CBSL	8.472	640	1	0	1.0	0.0	8.472
CBPQ_HUMAN	10404	CPQ	8.466	648	1	0	1.0	0.0	8.466
HSF1_HUMAN	3297	HSF1	8.464	652	1	0	1.0	0.0	8.464
PAF15_HUMAN	9768	PCLAF	8.461	656	1	0	1.0	0.0	8.461
HES1_HUMAN	3280	HES1	8.458	660	1	0	1.0	0.0	8.458
ITK_HUMAN	3702	ITK	8.458	661	1	2	1.0	0.0	8.458
OTC_HUMAN	5009	OTC	8.454	666	1	0	1.0	0.0	8.454
COF1_HUMAN	1072	CFL1	8.453	668	1	1	1.0	0.0	8.453
HXK2_HUMAN	3099	HK2	8.45	673	1	1	1.0	0.0	8.45
ITAV_HUMAN	3685	ITGAV	8.447	678	1	0	1.0	0.0	8.447
GPX1_HUMAN	2876	GPX1	8.446	679	1	1	1.0	0.0	8.446
PPARD_HUMAN	5467	PPARD	8.445	680	1	0	1.0	0.0	8.445
ATG5_HUMAN	9474	ATG5	8.439	690	1	2	1.0	0.0	8.439
DEFB1_HUMAN	1672	DEFB1	8.435	697	1	0	1.0	0.0	8.435
CDN1C_HUMAN	1028	CDKN1C	8.432	702	1	2	1.0	0.0	8.432
FUS_HUMAN	2521	FUS	8.428	708	1	1	1.0	0.0	8.428
PE2R4_HUMAN	5734	PTGER4	8.424	715	1	1	1.0	0.0	8.424
GATA4_HUMAN	2626	GATA4	8.415	729	1	0	1.0	0.0	8.415
C11B2_HUMAN	1585	CYP11B2	8.414	731	1	0	1.0	0.0	8.414
FLI1_HUMAN	2313	FLI1	8.408	741	1	1	1.0	0.0	8.408
FGF7_HUMAN	2252	FGF7	8.402	751	1	0	1.0	0.0	8.402
ATN1_HUMAN	1822	ATN1	8.4	755	1	1	1.0	0.0	8.4
SO1B1_HUMAN	10599	SLCO1B1	8.399	756	1	0	1.0	0.0	8.399
FURIN_HUMAN	5045	FURIN	8.384	784	1	1	1.0	0.0	8.384
PSG2_HUMAN	5670	PSG2	8.383	785	1	0	1.0	0.0	8.383
GLCM_HUMAN	2629	GBA	8.382	787	1	1	1.0	0.0	8.382
BAK_HUMAN	578	BAK1	8.38	790	1	0	1.0	0.0	8.38
EDA_HUMAN	1896	EDA	8.374	801	1	1	1.0	0.0	8.374
IDHP_HUMAN	3418	IDH2	8.369	810	1	0	1.0	0.0	8.369
SOCS1_HUMAN	8651	SOCS1	8.359	829	1	0	1.0	0.0	8.359
CATL1_HUMAN	1514	CTSL	8.354	839	1	2	1.0	0.0	8.354
IKKB_HUMAN	3551	IKBKB	8.349	848	1	0	1.0	0.0	8.349
AL1A1_HUMAN	216	ALDH1A1	8.347	852	1	0	1.0	0.0	8.347
LEPR_HUMAN	3953	LEPR	8.347	852	1	0	1.0	0.0	8.347
IRF1_HUMAN	3659	IRF1	8.345	857	1	0	1.0	0.0	8.345
BTK_HUMAN	695	BTK	8.344	859	1	0	1.0	0.0	8.344
NTRK2_HUMAN	4915	NTRK2	8.338	870	1	0	1.0	0.0	8.338
FOXM1_HUMAN	2305	FOXM1	8.337	872	1	1	1.0	0.0	8.337
PTN22_HUMAN	26191	PTPN22	8.326	896	1	0	1.0	0.0	8.326
TNFA_HUMAN	7124	TNF	8.323	75731	2	0	1.301	0.0	6.397
IFI44_HUMAN	10561	IFI44	8.323	902	1	0	1.0	0.0	8.323
PCSK1_HUMAN	27344	PCSK1N	8.321	906	1	0	1.0	0.0	8.321
TBX1_HUMAN	6899	TBX1	8.32	908	1	0	1.0	0.0	8.32
SDHB_HUMAN	6390	SDHB	8.319	910	1	0	1.0	0.0	8.319
RAGE_HUMAN	177	AGER	8.312	924	1	0	1.0	0.0	8.312
DNM3A_HUMAN	1788	DNMT3A	8.309	930	1	0	1.0	0.0	8.309
IL7RA_HUMAN	3575	IL7R	8.307	936	1	0	1.0	0.0	8.307
ATR_HUMAN	545	ATR	8.304	941	1	1	1.0	0.0	8.304
MRP3_HUMAN	8714	ABCC3	8.302	945	1	0	1.0	0.0	8.302
LRP1_HUMAN	4035	LRP1	8.301	948	1	0	1.0	0.0	8.301
TR10A_HUMAN	8797	TNFRSF10A	8.3	951	1	1	1.0	0.0	8.3
L1CAM_HUMAN	3897	L1CAM	8.298	955	1	0	1.0	0.0	8.298
TWST1_HUMAN	7291	TWIST1	8.295	962	1	2	1.0	0.0	8.295
NS1BP_HUMAN	10625	IVNS1ABP	8.284	987	1	0	1.0	0.0	8.284
TNR16_HUMAN	4804	NGFR	8.283	988	1	0	1.0	0.0	8.283
CXCR2_HUMAN	3579	CXCR2	8.28	995	1	1	1.0	0.0	8.28
PK3CD_HUMAN	5293	PIK3CD	8.28	6997	1	12	1.0	0.114	7.433
APOC3_HUMAN	345	APOC3	8.271	1016	1	0	1.0	0.0	8.271
ADML_HUMAN	133	ADM	8.265	1031	1	0	1.0	0.0	8.265
CP2A6_HUMAN	1548	CYP2A6	8.264	1032	1	0	1.0	0.0	8.264
GDN_HUMAN	5270	SERPINE2	8.26	1043	1	1	1.0	0.0	8.26
JAK1_HUMAN	3716	JAK1	8.258	1047	1	5	1.0	0.0	8.258
ERCC2_HUMAN	2068	ERCC2	8.255	1053	1	1	1.0	0.0	8.255
A0A0G2JNB4_HUMAN	5544	PRB3	8.253	1059	1	1	1.0	0.0	8.253
KLF4_HUMAN	9314	KLF4	8.249	1069	1	2	1.0	0.0	8.249
CEBPB_HUMAN	1051	CEBPB	8.238	1097	1	1	1.0	0.0	8.238
WDHD1_HUMAN	11169	WDHD1	8.236	1100	1	1	1.0	0.0	8.236
CADH5_HUMAN	1003	CDH5	8.224	1131	1	1	1.0	0.0	8.224
GLPA_HUMAN	2993	GYPA	8.222	1138	1	0	1.0	0.0	8.222
GATA3_HUMAN	2625	GATA3	8.218	1147	1	0	1.0	0.0	8.218
FOXO1_HUMAN	2308	FOXO1	8.212	1163	1	0	1.0	0.0	8.212
CO1A1_HUMAN	1277	COL1A1	8.21	1168	1	0	1.0	0.0	8.21
NEC1_HUMAN	5122	PCSK1	8.185	1239	1	0	1.0	0.0	8.185
NTRK1_HUMAN	4914	NTRK1	8.17	1282	1	1	1.0	0.0	8.17
FGFR2_HUMAN	2263	FGFR2	8.166	1295	1	0	1.0	0.0	8.166
PRGC1_HUMAN	10891	PPARGC1A	8.165	1298	1	2	1.0	0.0	8.165
CASP7_HUMAN	840	CASP7	8.162	1307	1	0	1.0	0.0	8.162
HD_HUMAN	3064	HTT	8.156	1323	1	0	1.0	0.0	8.156
ABCA1_HUMAN	19	ABCA1	8.153	1333	1	1	1.0	0.0	8.153
NPM_HUMAN	4869	NPM1	8.147	1351	1	0	1.0	0.0	8.147
MRP2_HUMAN	1244	ABCC2	8.133	1396	1	0	1.0	0.0	8.133
EGR1_HUMAN	1958	EGR1	8.13	1404	1	0	1.0	0.0	8.13
FMR1_HUMAN	2332	FMR1	8.125	1423	1	0	1.0	0.0	8.125
CDC42_HUMAN	998	CDC42	8.124	1425	1	0	1.0	0.0	8.124
SOX9_HUMAN	6662	SOX9	8.114	1457	1	1	1.0	0.0	8.114
ITB3_HUMAN	3690	ITGB3	8.111	1468	1	0	1.0	0.0	8.111
CP3A5_HUMAN	1577	CYP3A5	8.089	1545	1	0	1.0	0.0	8.089
IRS1_HUMAN	3667	IRS1	8.089	1544	1	3	1.0	0.0	8.089
UPAR_HUMAN	5329	PLAUR	8.088	1549	1	0	1.0	0.0	8.088
ZN135_HUMAN	7694	ZNF135	8.087	1553	1	0	1.0	0.0	8.087
XIAP_HUMAN	331	XIAP	8.078	1584	1	0	1.0	0.0	8.078
CBP_HUMAN	1387	CREBBP	8.073	1601	1	6	1.0	0.0	8.073
DYH8_HUMAN	1769	DNAH8	8.073	1603	1	0	1.0	0.0	8.073
EDNRA_HUMAN	1909	EDNRA	8.073	1603	1	1	1.0	0.0	8.073
LEG3_HUMAN	3958	LGALS3	8.064	1637	1	0	1.0	0.0	8.064
K1C18_HUMAN	3875	KRT18	8.054	1674	1	1	1.0	0.0	8.054
PSN1_HUMAN	5663	PSEN1	8.053	1680	1	0	1.0	0.0	8.053
HNF4A_HUMAN	3172	HNF4A	8.042	1721	1	0	1.0	0.0	8.042
CEBPA_HUMAN	1050	CEBPA	8.041	1727	1	1	1.0	0.0	8.041
COBA2_HUMAN	1302	COL11A2	8.04	1728	1	0	1.0	0.0	8.04
GRP_HUMAN	2922	GRP	8.013	1841	1	0	1.0	0.0	8.013
THIO_HUMAN	7295	TXN	8.01	1854	1	0	1.0	0.0	8.01
FUT4_HUMAN	2526	FUT4	8.008	1860	1	0	1.0	0.0	8.008
GRP78_HUMAN	3309	HSPA5	8.005	1873	1	0	1.0	0.0	8.005
KPCD_HUMAN	5580	PRKCD	7.996	1915	1	0	1.0	0.0	7.996
FCGR1_HUMAN	2209	FCGR1A	7.991	1935	1	0	1.0	0.0	7.991
JUNB_HUMAN	3726	JUNB	7.99	1939	1	0	1.0	0.0	7.99
RAF1_HUMAN	5894	RAF1	7.99	1938	1	0	1.0	0.0	7.99
TGFB2_HUMAN	7042	TGFB2	7.978	1996	1	0	1.0	0.0	7.978
ZNF77_HUMAN	58492	ZNF77	7.977	2001	1	0	1.0	0.0	7.977
OGA_HUMAN	10724	MGEA5	7.973	2017	1	1	1.0	0.0	7.973
LEG1_HUMAN	3956	LGALS1	7.97	2031	1	0	1.0	0.0	7.97
CATD_HUMAN	1509	CTSD	7.961	2076	1	1	1.0	0.0	7.961
CP2E1_HUMAN	1571	CYP2E1	7.958	2088	1	0	1.0	0.0	7.958
KMT2A_HUMAN	4297	KMT2A	7.957	2095	1	0	1.0	0.0	7.957
KS6B1_HUMAN	6198	RPS6KB1	7.954	2108	1	0	1.0	0.0	7.954
FA9_HUMAN	2158	F9	7.948	2136	1	1	1.0	0.0	7.948
PDCD1_HUMAN	5133	PDCD1	7.948	2138	1	2	1.0	0.0	7.948
MRP1_HUMAN	4363	ABCC1	7.94	2177	1	0	1.0	0.0	7.94
NOTC1_HUMAN	4851	NOTCH1	7.94	2179	1	1	1.0	0.0	7.94
HLAG_HUMAN	3135	HLA-G	7.926	2247	1	1	1.0	0.0	7.926
DRB4_HUMAN	3126	HLA-DRB4	7.923	2263	1	2	1.0	0.0	7.923
K2C7_HUMAN	3855	KRT7	7.923	2263	1	0	1.0	0.0	7.923
BAD_HUMAN	572	BAD	7.909	2337	1	0	1.0	0.0	7.909
G3P_HUMAN	2597	GAPDH	7.907	2349	1	0	1.0	0.0	7.907
FAK1_HUMAN	5747	PTK2	7.906	2356	1	4	1.0	0.0	7.906
GSTP1_HUMAN	2950	GSTP1	7.904	2367	1	0	1.0	0.0	7.904
BMP1_HUMAN	649	BMP1	7.879	2505	1	0	1.0	0.0	7.879
LIPL_HUMAN	4023	LPL	7.879	2508	1	0	1.0	0.0	7.879
K1C19_HUMAN	3880	KRT19	7.858	2627	1	0	1.0	0.0	7.858
CAH1_HUMAN	759	CA1	7.857	2638	1	0	1.0	0.0	7.857
MCL1_HUMAN	4170	MCL1	7.851	2669	1	0	1.0	0.0	7.851
NR4A1_HUMAN	3164	NR4A1	7.847	2694	1	0	1.0	0.0	7.847
ADRB2_HUMAN	154	ADRB2	7.833	2787	1	0	1.0	0.0	7.833
TNR6_HUMAN	355	FAS	7.82	2871	1	0	1.0	0.0	7.82
COMT_HUMAN	1312	COMT	7.818	2880	1	0	1.0	0.0	7.818
CP2CJ_HUMAN	1557	CYP2C19	7.809	2941	1	0	1.0	0.0	7.809
ITB1_HUMAN	3688	ITGB1	7.801	2999	1	1	1.0	0.0	7.801
FA5_HUMAN	2153	F5	7.796	3031	1	0	1.0	0.0	7.796
IKBA_HUMAN	4792	NFKBIA	7.785	3112	1	1	1.0	0.0	7.785
PA21B_HUMAN	5319	PLA2G1B	7.78	3144	1	0	1.0	0.0	7.78
MMP3_HUMAN	4314	MMP3	7.756	3326	1	0	1.0	0.0	7.756
BGAT_HUMAN	28	ABO	7.755	3333	1	0	1.0	0.0	7.755
PPARA_HUMAN	5465	PPARA	7.741	3441	1	0	1.0	0.0	7.741
CYTC_HUMAN	1471	CST3	7.736	3479	1	2	1.0	0.0	7.736
ELN_HUMAN	2006	ELN	7.729	3538	1	2	1.0	0.0	7.729
MBP_HUMAN	4155	MBP	7.72	3613	1	0	1.0	0.0	7.72
CXL10_HUMAN	3627	CXCL10	7.717	3639	1	0	1.0	0.0	7.717
NOS3_HUMAN	4846	NOS3	7.715	3658	1	0	1.0	0.0	7.715
IFNA2_HUMAN	3440	IFNA2	7.712	3683	1	0	1.0	0.0	7.712
OSTP_HUMAN	6696	SPP1	7.707	3725	1	1	1.0	0.0	7.707
CD2_HUMAN	914	CD2	7.705	3738	1	0	1.0	0.0	7.705
ENOG_HUMAN	2026	ENO2	7.68	3962	1	0	1.0	0.0	7.68
G6PD_HUMAN	2539	G6PD	7.677	3985	1	0	1.0	0.0	7.677
TF65_HUMAN	5970	RELA	7.64	4340	1	1	1.0	0.0	7.64
TNFL6_HUMAN	356	FASLG	7.625	4494	1	0	1.0	0.0	7.625
NEP_HUMAN	4311	MME	7.621	4534	1	0	1.0	0.0	7.621
SP1_HUMAN	6667	SP1	7.616	4591	1	0	1.0	0.0	7.616
IL3_HUMAN	3562	IL3	7.612	4630	1	0	1.0	0.0	7.612
DDIT3_HUMAN	1649	DDIT3	7.599	4779	1	0	1.0	0.0	7.599
CATA_HUMAN	847	CAT	7.597	4790	1	0	1.0	0.0	7.597
SODC_HUMAN	6647	SOD1	7.57	5101	1	0	1.0	0.0	7.57
IL13_HUMAN	3596	IL13	7.567	5136	1	0	1.0	0.0	7.567
TNR5_HUMAN	958	CD40	7.564	5172	1	2	1.0	0.0	7.564
CASP8_HUMAN	841	CASP8	7.532	5573	1	1	1.0	0.0	7.532
CASP9_HUMAN	842	CASP9	7.498	6027	1	0	1.0	0.0	7.498
IL5_HUMAN	3567	IL5	7.496	6055	1	2	1.0	0.0	7.496
A1AT_HUMAN	5265	SERPINA1	7.485	6209	1	1	1.0	0.0	7.485
CD44_HUMAN	960	CD44	7.483	6231	1	0	1.0	0.0	7.483
CYC_HUMAN	54205	CYCS	7.449	6736	1	0	1.0	0.0	7.449
ALAT1_HUMAN	2875	GPT	7.37	8086	1	0	1.0	0.0	7.37
KCMB2_HUMAN	10242	KCNMB2	7.369	8108	1	0	1.0	0.0	7.369
PRGR_HUMAN	5241	PGR	7.344	8583	1	0	1.0	0.0	7.344
IL2RA_HUMAN	3559	IL2RA	7.334	8791	1	1	1.0	0.0	7.334
MK03_HUMAN	5595	MAPK3	7.208	11751	1	1	1.0	0.0	7.208
CSF3_HUMAN	1440	CSF3	7.197	12033	1	0	1.0	0.0	7.197
TRFE_HUMAN	7018	TF	7.19	12237	1	1	1.0	0.0	7.19
MMP9_HUMAN	4318	MMP9	7.141	13703	1	0	1.0	0.0	7.141
PTHY_HUMAN	5741	PTH	7.141	13691	1	0	1.0	0.0	7.141
THRB_HUMAN	2147	F2	7.111	14673	1	0	1.0	0.0	7.111
FIBB_HUMAN	2244	FGB	7.091	15352	1	0	1.0	0.0	7.091
EPO_HUMAN	2056	EPO	7.085	15574	1	1	1.0	0.0	7.085
KLK3_HUMAN	354	KLK3	7.053	16765	1	1	1.0	0.0	7.053
IL4_HUMAN	3565	IL4	7.026	17876	1	4	1.0	0.0	7.026
CASP3_HUMAN	836	CASP3	6.992	19304	1	0	1.0	0.0	6.992
SOMA_HUMAN	2688	GH1	6.963	20651	1	0	1.0	0.0	6.963
IL2_HUMAN	3558	IL2	6.798	30132	1	0	1.0	0.0	6.798
