Big_T	4264
Big_F	17252753
UniProtKB_ID	GeneID	Gene_Name	PPS	Big_P	T+P	Citation	1+Log(T+P)	log10((Cit/yr+1)/10)	1+log10(F/T)+log10(F/P)
ANDR_HUMAN	367	AR	39.114	6901	227	338	3.356	1.53	8.005
BRCA1_HUMAN	672	BRCA1	35.402	9743	102	314	3.009	1.498	7.855
HXB13_HUMAN	10481	HOXB13	33.155	115	31	78	2.491	0.898	9.783
PTEN_HUMAN	5728	PTEN	32.38	6259	55	191	2.74	1.283	8.047
ERG_HUMAN	2078	ERG	31.53	1860	29	163	2.462	1.215	8.574
CHD1_HUMAN	1105	CHD1	29.884	57	7	130	1.845	1.117	10.088
KLK3_HUMAN	354	KLK3	29.837	16765	107	76	3.029	0.886	7.619
CHK2_HUMAN	11200	CHEK2	29.307	1355	34	67	2.531	0.833	8.712
P53_HUMAN	7157	TP53	27.13	46130	91	65	2.959	0.82	7.18
BRCA2_HUMAN	675	BRCA2	26.425	6283	35	54	2.544	0.74	8.046
RN5A_HUMAN	6041	RNASEL	26.192	334	19	33	2.279	0.531	9.32
EGFR_HUMAN	1956	EGFR	25.606	30695	36	83	2.556	0.924	7.357
KLF6_HUMAN	1316	KLF6	23.94	218	15	21	2.176	0.342	9.505
ETV1_HUMAN	2115	ETV1	23.583	161	7	39	1.845	0.602	9.637
AKT1_HUMAN	207	AKT1	23.172	18505	26	43	2.415	0.643	7.576
ARF_HUMAN	1029	CDKN2A	23.141	9187	27	31	2.431	0.505	7.88
FOXA1_HUMAN	3169	FOXA1	22.894	308	4	69	1.602	0.845	9.355
CTNB1_HUMAN	1499	CTNNB1	22.007	8844	18	33	2.255	0.531	7.897
ERBB2_HUMAN	2064	ERBB2	21.776	26330	33	25	2.519	0.415	7.423
PARP1_HUMAN	142	PARP1	21.49	6579	17	27	2.23	0.447	8.026
RNZ2_HUMAN	60528	ELAC2	21.024	54	12	2	2.079	0.0	10.111
CDN1A_HUMAN	1026	CDKN1A	19.862	5857	16	17	2.204	0.255	8.076
EZH2_HUMAN	2146	EZH2	19.682	1309	4	44	1.602	0.653	8.727
NKX31_HUMAN	4824	NKX3-1	19.444	386	9	13	1.954	0.146	9.257
MSRE_HUMAN	4481	MSR1	18.694	314	10	5	2.0	0.0	9.347
S5A2_HUMAN	6716	SRD5A2	18.664	325	10	4	2.0	0.0	9.332
MYC_HUMAN	4609	MYC	18.609	10313	14	16	2.146	0.23	7.83
RASK_HUMAN	3845	KRAS	18.534	10492	13	17	2.114	0.255	7.823
MSH6_HUMAN	2956	MSH6	18.146	1307	10	11	2.0	0.079	8.728
RHG07_HUMAN	10395	DLC1	17.506	167	6	10	1.778	0.041	9.621
CDN1B_HUMAN	1027	CDKN1B	17.394	3007	12	9	2.079	0.0	8.366
CD82_HUMAN	3732	CD82	17.376	517	8	1	1.903	0.0	9.13
SPOP_HUMAN	8405	SPOP	17.365	42	5	6	1.699	0.0	10.221
CBX8_HUMAN	57332	CBX8	17.31	1545	10	4	2.0	0.0	8.655
RB_HUMAN	5925	RB1	17.292	4614	13	4	2.114	0.0	8.18
FGFR3_HUMAN	2261	FGFR3	17.096	1310	7	12	1.845	0.114	8.727
RASH_HUMAN	3265	HRAS	16.978	2263	10	1	2.0	0.0	8.489
MXI1_HUMAN	4601	MXI1	16.908	78	5	1	1.699	0.0	9.952
LYVE1_HUMAN	10894	LYVE1	16.819	535	7	3	1.845	0.0	9.116
TMPS2_HUMAN	7113	TMPRSS2	16.801	547	7	5	1.845	0.0	9.106
BECN1_HUMAN	8678	BECN1	16.753	1527	2	42	1.301	0.633	8.66
MTOR_HUMAN	2475	MTOR	16.712	14590	5	29	1.699	0.477	7.68
MLH1_HUMAN	4292	MLH1	16.669	3231	10	6	2.0	0.0	8.334
ATM_HUMAN	472	ATM	16.562	2339	9	3	1.954	0.0	8.475
CP17A_HUMAN	1586	CYP17A1	16.547	1409	8	7	1.903	0.0	8.695
K2C6A_HUMAN	3853	KRT6A	16.534	351	3	19	1.477	0.301	9.299
ESR1_HUMAN	2099	ESR1	16.41	13814	9	14	1.954	0.176	7.703
LIPL_HUMAN	4023	LPL	16.071	2508	8	3	1.903	0.0	8.445
VAV3_HUMAN	10451	VAV3	15.961	76	4	6	1.602	0.0	9.963
FOLH1_HUMAN	2346	FOLH1	15.737	986	6	8	1.778	0.0	8.85
RASF1_HUMAN	11186	RASSF1	15.717	1012	6	9	1.778	0.0	8.839
DCC_HUMAN	1630	DCC	15.694	404	5	0	1.699	0.0	9.237
NBN_HUMAN	4683	NBN	15.653	1099	6	2	1.778	0.0	8.803
ACON_HUMAN	50	ACO2	15.615	125	4	1	1.602	0.0	9.747
APJ_HUMAN	187	APLNR	15.609	169	1	41	1.0	0.623	9.616
TERT_HUMAN	7015	TERT	15.546	4242	6	12	1.778	0.114	8.216
INT6_HUMAN	26512	INTS6	15.335	29	3	0	1.477	0.0	10.381
MDM2_HUMAN	4193	MDM2	15.304	3545	7	6	1.845	0.0	8.294
PK3CA_HUMAN	5290	PIK3CA	15.21	2646	4	15	1.602	0.204	8.421
NCOA2_HUMAN	10499	NCOA2	15.127	252	4	4	1.602	0.0	9.442
PIM1_HUMAN	5292	PIM1	15.003	519	4	10	1.602	0.041	9.129
IL6_HUMAN	3569	IL6	14.99	53611	8	15	1.903	0.204	7.114
WWP1_HUMAN	11059	WWP1	14.973	51	3	3	1.477	0.0	10.136
GSTM1_HUMAN	2944	GSTM1	14.961	2692	6	3	1.778	0.0	8.414
EPHB2_HUMAN	2048	EPHB2	14.927	577	4	10	1.602	0.041	9.083
NEC1_HUMAN	5122	PCSK1	14.867	1239	5	5	1.699	0.0	8.751
GCR_HUMAN	2908	NR3C1	14.815	3252	6	6	1.778	0.0	8.332
ZFHX3_HUMAN	463	ZFHX3	14.798	67	3	6	1.477	0.0	10.018
CDK4_HUMAN	1019	CDK4	14.796	3335	6	4	1.778	0.0	8.321
GNMT_HUMAN	27232	GNMT	14.76	71	3	2	1.477	0.0	9.993
KCMA1_HUMAN	3778	KCNMA1	14.731	239	3	11	1.477	0.079	9.465
FBXW7_HUMAN	55294	FBXW7	14.688	474	4	0	1.602	0.0	9.168
MUTYH_HUMAN	4595	MUTYH	14.602	536	4	4	1.602	0.0	9.115
CADH1_HUMAN	999	CDH1	14.539	9209	7	1	1.845	0.0	7.88
MED12_HUMAN	9968	MED12	14.255	156	3	0	1.477	0.0	9.651
UDB17_HUMAN	7367	UGT2B17	14.239	160	3	6	1.477	0.0	9.64
RCBT2_HUMAN	1102	RCBTB2	14.168	9	2	0	1.301	0.0	10.89
WWOX_HUMAN	51741	WWOX	14.074	207	3	8	1.477	0.0	9.528
TWSG1_HUMAN	57045	TWSG1	13.935	257	3	0	1.477	0.0	9.434
ARL11_HUMAN	115761	ARL11	13.918	14	2	0	1.301	0.0	10.698
E2F1_HUMAN	1869	E2F1	13.881	1512	4	2	1.602	0.0	8.664
DDIT3_HUMAN	1649	DDIT3	13.871	4779	5	5	1.699	0.0	8.165
HXC13_HUMAN	3229	HOXC13	13.79	322	3	0	1.477	0.0	9.336
BRAF_HUMAN	673	BRAF	13.73	6965	4	12	1.602	0.114	8.001
KMT2A_HUMAN	4297	KMT2A	13.654	2095	4	1	1.602	0.0	8.523
ACE_HUMAN	1636	ACE	13.646	14773	6	1	1.778	0.0	7.674
SPB5_HUMAN	5268	SERPINB5	13.603	431	3	1	1.477	0.0	9.209
HIF1A_HUMAN	3091	HIF1A	13.575	7140	5	3	1.699	0.0	7.99
EIF3H_HUMAN	8667	EIF3H	13.526	28	2	1	1.301	0.0	10.397
MSH2_HUMAN	4436	MSH2	13.503	2603	4	0	1.602	0.0	8.428
CTCF_HUMAN	10664	CTCF	13.498	508	3	5	1.477	0.0	9.138
NFL_HUMAN	4747	NEFL	13.431	564	3	0	1.477	0.0	9.093
ACTY_HUMAN	10120	ACTR1B	13.417	34	2	2	1.301	0.0	10.312
GLIP1_HUMAN	11010	GLIPR1	13.369	37	2	2	1.301	0.0	10.276
IGF1_HUMAN	3479	IGF1	13.368	21183	6	0	1.778	0.0	7.518
CDK8_HUMAN	1024	CDK8	13.354	109	1	22	1.0	0.362	9.806
EMSY_HUMAN	56946	EMSY	13.325	40	2	1	1.301	0.0	10.242
GPC6A_HUMAN	222545	GPRC6A	13.325	40	2	1	1.301	0.0	10.242
BCL2_HUMAN	596	BCL2	13.287	23522	6	2	1.778	0.0	7.472
AURKA_HUMAN	6790	AURKA	13.229	1134	2	15	1.301	0.204	8.789
ETS1_HUMAN	2113	ETS1	13.212	793	3	3	1.477	0.0	8.945
RYBP_HUMAN	23429	RYBP	13.199	50	2	7	1.301	0.0	10.145
SP1_HUMAN	6667	SP1	13.108	4591	4	3	1.602	0.0	8.182
IBP3_HUMAN	3486	IGFBP3	13.049	4998	4	2	1.602	0.0	8.145
ERBB4_HUMAN	2066	ERBB4	13.019	1071	3	2	1.477	0.0	8.814
PALB2_HUMAN	79728	PALB2	13.012	261	2	11	1.301	0.079	9.427
PCNA_HUMAN	5111	PCNA	12.944	5813	4	1	1.602	0.0	8.079
FGFR2_HUMAN	2263	FGFR2	12.898	1295	3	3	1.477	0.0	8.732
HRK_HUMAN	8739	HRK	12.886	87	2	1	1.301	0.0	9.904
ACK1_HUMAN	10188	TNK2	12.819	98	2	8	1.301	0.0	9.853
NU3M_HUMAN	4537	MT-ND3	12.807	100	2	1	1.301	0.0	9.844
IMA1_HUMAN	3838	KPNA2	12.802	101	2	4	1.301	0.0	9.84
CDK6_HUMAN	1021	CDK6	12.79	1532	3	1	1.477	0.0	8.659
GLI1_HUMAN	2735	GLI1	12.783	1025	2	13	1.301	0.146	8.833
FGFR1_HUMAN	2260	FGFR1	12.756	1615	3	6	1.477	0.0	8.636
IDHC_HUMAN	3417	IDH1	12.73	1683	3	9	1.477	0.0	8.618
ETV6_HUMAN	2120	ETV6	12.714	1723	3	4	1.477	0.0	8.608
PARP2_HUMAN	10038	PARP2	12.686	124	2	0	1.301	0.0	9.75
CDN2B_HUMAN	1030	CDKN2B	12.678	1824	3	1	1.477	0.0	8.583
SMAD2_HUMAN	4087	SMAD2	12.647	1913	3	6	1.477	0.0	8.562
KLF5_HUMAN	688	KLF5	12.586	148	2	2	1.301	0.0	9.674
RA51C_HUMAN	5889	RAD51C	12.528	164	2	0	1.301	0.0	9.629
GSTP1_HUMAN	2950	GSTP1	12.511	2367	3	1	1.477	0.0	8.47
CREB1_HUMAN	1385	CREB1	12.484	2466	3	2	1.477	0.0	8.452
GPC6_HUMAN	10082	GPC6	12.449	32	1	15	1.0	0.204	10.339
PRIMA_HUMAN	145270	PRIMA1	12.43	195	2	2	1.301	0.0	9.554
PI3R5_HUMAN	23533	PIK3R5	12.417	34	1	15	1.0	0.204	10.312
COX1_HUMAN	4512	MT-CO1	12.413	2758	3	2	1.477	0.0	8.403
HS90A_HUMAN	3320	HSP90AA1	12.361	2989	3	0	1.477	0.0	8.368
NEDD4_HUMAN	4734	NEDD4	12.357	222	2	1	1.301	0.0	9.498
DAXX_HUMAN	1616	DAXX	12.354	223	2	3	1.301	0.0	9.496
E2F3_HUMAN	1871	E2F3	12.346	226	2	7	1.301	0.0	9.49
RALA_HUMAN	5898	RALA	12.259	264	2	5	1.301	0.0	9.422
PHB_HUMAN	5245	PHB	12.25	268	2	1	1.301	0.0	9.416
AKT3_HUMAN	10000	AKT3	12.208	289	2	1	1.301	0.0	9.383
NDRG1_HUMAN	10397	NDRG1	12.183	302	2	1	1.301	0.0	9.364
THB_HUMAN	7068	THRB	12.17	309	2	1	1.301	0.0	9.354
TEBP_HUMAN	10728	PTGES3	12.119	338	2	0	1.301	0.0	9.315
DKK3_HUMAN	27122	DKK3	12.104	347	2	3	1.301	0.0	9.304
MD2L1_HUMAN	4085	MAD2L1	12.088	357	2	1	1.301	0.0	9.291
IGF2_HUMAN	3481	IGF2	12.023	5059	3	0	1.477	0.0	8.14
FOXP3_HUMAN	50943	FOXP3	12.003	5222	3	2	1.477	0.0	8.126
MTRR_HUMAN	4552	MTRR	11.982	431	2	0	1.301	0.0	9.209
STX1A_HUMAN	6804	STX1A	11.976	435	2	3	1.301	0.0	9.205
RAD50_HUMAN	10111	RAD50	11.94	464	2	1	1.301	0.0	9.177
M3K7_HUMAN	6885	MAP3K7	11.909	490	2	2	1.301	0.0	9.154
CYB5_HUMAN	1528	CYB5A	11.906	493	2	4	1.301	0.0	9.151
MSMB_HUMAN	4477	MSMB	11.89	507	2	0	1.301	0.0	9.139
ABL1_HUMAN	25	ABL1	11.881	6311	3	1	1.477	0.0	8.044
MPRI_HUMAN	3482	IGF2R	11.877	519	2	0	1.301	0.0	9.129
CP27B_HUMAN	1594	CYP27B1	11.838	556	2	0	1.301	0.0	9.099
PK3CD_HUMAN	5293	PIK3CD	11.815	6997	3	3	1.477	0.0	7.999
DEFB1_HUMAN	1672	DEFB1	11.71	697	2	2	1.301	0.0	9.001
FYN_HUMAN	2534	FYN	11.71	697	2	0	1.301	0.0	9.001
DPOLB_HUMAN	5423	POLB	11.676	741	2	2	1.301	0.0	8.974
FHIT_HUMAN	2272	FHIT	11.661	760	2	0	1.301	0.0	8.963
CEAM3_HUMAN	1084	CEACAM3	11.65	9052	3	0	1.477	0.0	7.887
FAS_HUMAN	2194	FASN	11.61	832	2	0	1.301	0.0	8.924
NFKB1_HUMAN	4790	NFKB1	11.606	9691	3	2	1.477	0.0	7.857
CLUS_HUMAN	1191	CLU	11.591	861	2	0	1.301	0.0	8.909
S10AA_HUMAN	6281	S100A10	11.579	879	2	0	1.301	0.0	8.9
IFI44_HUMAN	10561	IFI44	11.564	902	2	0	1.301	0.0	8.889
TWST1_HUMAN	7291	TWIST1	11.528	962	2	3	1.301	0.0	8.861
MYCL_HUMAN	4610	MYCL	11.522	302	1	16	1.0	0.23	9.364
TNR16_HUMAN	4804	NGFR	11.513	988	2	1	1.301	0.0	8.849
BAX_HUMAN	581	BAX	11.512	11225	3	5	1.477	0.0	7.793
P73_HUMAN	7161	TP73	11.473	1060	2	0	1.301	0.0	8.819
CEBPB_HUMAN	1051	CEBPB	11.454	1097	2	0	1.301	0.0	8.804
EDNRB_HUMAN	1910	EDNRB	11.45	1105	2	0	1.301	0.0	8.801
PAR1_HUMAN	2149	F2R	11.405	1197	2	0	1.301	0.0	8.766
UN93A_HUMAN	54346	UNC93A	11.367	3	1	0	1.0	0.0	11.367
TSC1_HUMAN	7248	TSC1	11.324	1381	2	0	1.301	0.0	8.704
NQO1_HUMAN	1728	NQO1	11.298	1445	2	0	1.301	0.0	8.684
MERL_HUMAN	4771	NF2	11.27	1519	2	6	1.301	0.0	8.662
PK3CB_HUMAN	5291	PIK3CB	11.26	186	1	14	1.0	0.176	9.574
ZN135_HUMAN	7694	ZNF135	11.257	1553	2	0	1.301	0.0	8.653
HFE_HUMAN	3077	HFE	11.242	1596	2	0	1.301	0.0	8.641
RAD51_HUMAN	5888	RAD51	11.23	1631	2	2	1.301	0.0	8.631
CADH2_HUMAN	1000	CDH2	11.211	1685	2	1	1.301	0.0	8.617
COBA2_HUMAN	1302	COL11A2	11.197	1728	2	1	1.301	0.0	8.606
ASCC3_HUMAN	10973	ASCC3	11.145	5	1	5	1.0	0.0	11.145
TTL12_HUMAN	23170	TTLL12	11.145	5	1	1	1.0	0.0	11.145
ZDH14_HUMAN	79683	ZDHHC14	11.145	5	1	2	1.0	0.0	11.145
CP19A_HUMAN	1588	CYP19A1	11.141	1908	2	1	1.301	0.0	8.563
PAX5_HUMAN	5079	PAX5	11.125	1964	2	0	1.301	0.0	8.551
ZNF23_HUMAN	7571	ZNF23	11.066	6	1	0	1.0	0.0	11.066
SHLB2_HUMAN	56904	SH3GLB2	11.066	6	1	2	1.0	0.0	11.066
ALKB7_HUMAN	84266	ALKBH7	11.066	6	1	0	1.0	0.0	11.066
G3P_HUMAN	2597	GAPDH	11.024	2349	2	1	1.301	0.0	8.473
P63_HUMAN	8626	TP63	11.018	2371	2	7	1.301	0.0	8.469
SODM_HUMAN	6648	SOD2	11.008	2413	2	0	1.301	0.0	8.461
CP2B6_HUMAN	1555	CYP2B6	11.002	2440	2	1	1.301	0.0	8.456
AN32C_HUMAN	23520	ANP32C	10.999	7	1	0	1.0	0.0	10.999
RAB6C_HUMAN	84084	RAB6C	10.999	7	1	2	1.0	0.0	10.999
SIR1_HUMAN	23411	SIRT1	10.998	2460	2	2	1.301	0.0	8.453
EKI1_HUMAN	55500	ETNK1	10.941	8	1	0	1.0	0.0	10.941
ZSWM7_HUMAN	125150	ZSWIM7	10.941	8	1	2	1.0	0.0	10.941
YIPF6_HUMAN	286451	YIPF6	10.941	8	1	0	1.0	0.0	10.941
BLID_HUMAN	414899	BLID	10.941	8	1	0	1.0	0.0	10.941
TNR6_HUMAN	355	FAS	10.91	2871	2	0	1.301	0.0	8.386
PNISR_HUMAN	25957	PNISR	10.89	9	1	0	1.0	0.0	10.89
CP1A1_HUMAN	1543	CYP1A1	10.88	3030	2	0	1.301	0.0	8.362
MIB1_HUMAN	57534	MIB1	10.862	3128	2	1	1.301	0.0	8.349
CDK2_HUMAN	1017	CDK2	10.861	3134	2	0	1.301	0.0	8.348
PGFRL_HUMAN	5157	PDGFRL	10.844	10	1	0	1.0	0.0	10.844
SDF1_HUMAN	6387	CXCL12	10.844	3227	2	1	1.301	0.0	8.335
LZTS2_HUMAN	84445	LZTS2	10.844	10	1	0	1.0	0.0	10.844
NUDC1_HUMAN	84955	NUDCD1	10.844	10	1	1	1.0	0.0	10.844
KHDR3_HUMAN	10656	KHDRBS3	10.842	422	1	14	1.0	0.176	9.219
UROK_HUMAN	5328	PLAU	10.827	3329	2	3	1.301	0.0	8.322
DESM_HUMAN	1674	DES	10.821	3365	2	0	1.301	0.0	8.317
RGS8_HUMAN	85397	RGS8	10.802	11	1	0	1.0	0.0	10.802
ESR2_HUMAN	2100	ESR2	10.79	3549	2	1	1.301	0.0	8.294
IGF1R_HUMAN	3480	IGF1R	10.767	3702	2	5	1.301	0.0	8.275
TRI36_HUMAN	55521	TRIM36	10.765	12	1	0	1.0	0.0	10.765
NEK3_HUMAN	4752	NEK3	10.698	14	1	0	1.0	0.0	10.698
JAK2_HUMAN	3717	JAK2	10.692	4222	2	0	1.301	0.0	8.218
GAS8_HUMAN	2622	GAS8	10.668	15	1	0	1.0	0.0	10.668
TNF10_HUMAN	8743	TNFSF10	10.616	4830	2	1	1.301	0.0	8.16
KTNB1_HUMAN	10300	KATNB1	10.613	17	1	1	1.0	0.0	10.613
OSGI1_HUMAN	29948	OSGIN1	10.613	17	1	0	1.0	0.0	10.613
KCD11_HUMAN	147040	KCTD11	10.613	17	1	0	1.0	0.0	10.613
KLK9_HUMAN	284366	KLK9	10.613	17	1	0	1.0	0.0	10.613
EGF_HUMAN	1950	EGF	10.608	4898	2	6	1.301	0.0	8.154
TPA_HUMAN	5327	PLAT	10.581	5139	2	1	1.301	0.0	8.133
TLK2_HUMAN	11011	TLK2	10.565	19	1	1	1.0	0.0	10.565
RAB21_HUMAN	23011	RAB21	10.565	19	1	2	1.0	0.0	10.565
PPARG_HUMAN	5468	PPARG	10.557	5362	2	3	1.301	0.0	8.114
SPB10_HUMAN	5273	SERPINB10	10.543	20	1	0	1.0	0.0	10.543
BCORL_HUMAN	63035	BCORL1	10.543	20	1	0	1.0	0.0	10.543
JUN_HUMAN	3725	JUN	10.532	5610	2	5	1.301	0.0	8.095
ELK4_HUMAN	2005	ELK4	10.522	21	1	7	1.0	0.0	10.522
ERLN2_HUMAN	11160	ERLIN2	10.522	21	1	1	1.0	0.0	10.522
MD13L_HUMAN	23389	MED13L	10.522	21	1	1	1.0	0.0	10.522
PARPT_HUMAN	25976	TIPARP	10.522	21	1	2	1.0	0.0	10.522
LCOR_HUMAN	84458	LCOR	10.522	21	1	1	1.0	0.0	10.522
CD44_HUMAN	960	CD44	10.472	6231	2	0	1.301	0.0	8.049
DERM_HUMAN	1805	DPT	10.464	24	1	1	1.0	0.0	10.464
ZWINT_HUMAN	11130	ZWINT	10.464	24	1	4	1.0	0.0	10.464
ABCB9_HUMAN	23457	ABCB9	10.446	25	1	0	1.0	0.0	10.446
TF7L1_HUMAN	83439	TCF7L1	10.446	25	1	0	1.0	0.0	10.446
BCL9L_HUMAN	283149	BCL9L	10.446	25	1	0	1.0	0.0	10.446
GBX2_HUMAN	2637	GBX2	10.429	26	1	0	1.0	0.0	10.429
EIF3F_HUMAN	8665	EIF3F	10.429	26	1	1	1.0	0.0	10.429
KLF12_HUMAN	11278	KLF12	10.429	26	1	0	1.0	0.0	10.429
LIMA1_HUMAN	51474	LIMA1	10.413	27	1	1	1.0	0.0	10.413
ING3_HUMAN	54556	ING3	10.413	27	1	0	1.0	0.0	10.413
RNZ1_HUMAN	55520	ELAC1	10.413	27	1	3	1.0	0.0	10.413
GGNB2_HUMAN	79893	GGNBP2	10.413	27	1	0	1.0	0.0	10.413
A0A0A0MQW5_HUMAN	114783	LMTK3	10.413	27	1	0	1.0	0.0	10.413
FMNL2_HUMAN	114793	FMNL2	10.413	27	1	0	1.0	0.0	10.413
MED19_HUMAN	219541	MED19	10.413	27	1	0	1.0	0.0	10.413
LEP_HUMAN	3952	LEP	10.406	7002	2	2	1.301	0.0	7.998
SG1D1_HUMAN	10648	SCGB1D1	10.397	28	1	0	1.0	0.0	10.397
TSH3_HUMAN	57616	TSHZ3	10.381	29	1	4	1.0	0.0	10.381
CP3A4_HUMAN	1576	CYP3A4	10.378	7364	2	2	1.301	0.0	7.977
FANCA_HUMAN	2175	FANCA	10.372	341	1	12	1.0	0.114	9.311
EFNA1_HUMAN	1942	EFNA1	10.366	173	1	11	1.0	0.079	9.606
ZFP42_HUMAN	132625	ZFP42	10.353	31	1	0	1.0	0.0	10.353
COX8A_HUMAN	1351	COX8A	10.331	7998	2	1	1.301	0.0	7.941
PTMA_HUMAN	5757	PTMA	10.325	33	1	0	1.0	0.0	10.325
CTND2_HUMAN	1501	CTNND2	10.312	34	1	1	1.0	0.0	10.312
CTDSL_HUMAN	10217	CTDSPL	10.3	35	1	1	1.0	0.0	10.3
PRGR_HUMAN	5241	PGR	10.291	8583	2	0	1.301	0.0	7.91
LSAMP_HUMAN	4045	LSAMP	10.288	36	1	1	1.0	0.0	10.288
LIRA3_HUMAN	11026	LILRA3	10.288	36	1	8	1.0	0.0	10.288
UBIA1_HUMAN	29914	UBIAD1	10.288	36	1	1	1.0	0.0	10.288
M3K2_HUMAN	10746	MAP3K2	10.276	37	1	1	1.0	0.0	10.276
PMEPA_HUMAN	56937	PMEPA1	10.276	37	1	1	1.0	0.0	10.276
ACSL3_HUMAN	2181	ACSL3	10.264	38	1	1	1.0	0.0	10.264
INHBB_HUMAN	3625	INHBB	10.264	38	1	0	1.0	0.0	10.264
SEC62_HUMAN	7095	SEC62	10.264	38	1	0	1.0	0.0	10.264
WWP2_HUMAN	11060	WWP2	10.264	38	1	6	1.0	0.0	10.264
ELF5_HUMAN	2001	ELF5	10.253	39	1	1	1.0	0.0	10.253
BPTF_HUMAN	2186	BPTF	10.253	39	1	1	1.0	0.0	10.253
SIG12_HUMAN	89858	SIGLEC12	10.253	39	1	1	1.0	0.0	10.253
PREX1_HUMAN	57580	PREX1	10.242	40	1	0	1.0	0.0	10.242
ITA7_HUMAN	3679	ITGA7	10.221	42	1	2	1.0	0.0	10.221
KIF4A_HUMAN	24137	KIF4A	10.221	42	1	1	1.0	0.0	10.221
HXB9_HUMAN	3219	HOXB9	10.21	43	1	0	1.0	0.0	10.21
ARHGC_HUMAN	23365	ARHGEF12	10.21	43	1	8	1.0	0.0	10.21
CBPD_HUMAN	1362	CPD	10.2	44	1	0	1.0	0.0	10.2
TES_HUMAN	26136	TES	10.2	44	1	1	1.0	0.0	10.2
ACADL_HUMAN	33	ACADL	10.191	45	1	2	1.0	0.0	10.191
MT1H_HUMAN	4496	MT1H	10.181	46	1	0	1.0	0.0	10.181
2ABA_HUMAN	5520	PPP2R2A	10.181	46	1	3	1.0	0.0	10.181
SYNPO_HUMAN	11346	SYNPO	10.172	47	1	0	1.0	0.0	10.172
WFDC1_HUMAN	58189	WFDC1	10.163	48	1	0	1.0	0.0	10.163
TYDP2_HUMAN	51567	TDP2	10.136	51	1	1	1.0	0.0	10.136
HTAI2_HUMAN	10553	HTATIP2	10.128	52	1	0	1.0	0.0	10.128
LSM1_HUMAN	27257	LSM1	10.128	52	1	0	1.0	0.0	10.128
CIC_HUMAN	23152	CIC	10.111	54	1	0	1.0	0.0	10.111
INP4B_HUMAN	8821	INPP4B	10.096	56	1	0	1.0	0.0	10.096
RBY1A_HUMAN	5940	RBMY1A1	10.088	57	1	0	1.0	0.0	10.088
FAF1_HUMAN	11124	FAF1	10.088	57	1	9	1.0	0.0	10.088
CDK12_HUMAN	51755	CDK12	10.073	59	1	2	1.0	0.0	10.073
PDE11_HUMAN	50940	PDE11A	10.066	60	1	1	1.0	0.0	10.066
Q0VGM3_HUMAN	445347	TARP	10.066	60	1	1	1.0	0.0	10.066
FINC_HUMAN	2335	FN1	10.057	12999	2	0	1.301	0.0	7.73
PHLP1_HUMAN	23239	PHLPP1	10.051	62	1	8	1.0	0.0	10.051
EMP1_HUMAN	2012	EMP1	10.038	64	1	0	1.0	0.0	10.038
FEZ1_HUMAN	9638	FEZ1	10.038	64	1	1	1.0	0.0	10.038
SND1_HUMAN	27044	SND1	10.038	64	1	4	1.0	0.0	10.038
TPD52_HUMAN	7163	TPD52	10.024	66	1	1	1.0	0.0	10.024
MED29_HUMAN	55588	MED29	10.018	67	1	4	1.0	0.0	10.018
DACH1_HUMAN	1602	DACH1	10.011	68	1	3	1.0	0.0	10.011
MA2C1_HUMAN	4123	MAN2C1	10.005	69	1	1	1.0	0.0	10.005
PDS5B_HUMAN	23047	PDS5B	10.005	69	1	0	1.0	0.0	10.005
ANXA7_HUMAN	310	ANXA7	9.981	73	1	1	1.0	0.0	9.981
TUSC3_HUMAN	7991	TUSC3	9.981	73	1	0	1.0	0.0	9.981
A0A075B762_HUMAN	100132406	NBPF10	9.981	73	1	0	1.0	0.0	9.981
ASPG_HUMAN	175	AGA	9.975	74	1	0	1.0	0.0	9.975
RS4X_HUMAN	6191	RPS4X	9.975	74	1	0	1.0	0.0	9.975
ADCY3_HUMAN	109	ADCY3	9.963	76	1	1	1.0	0.0	9.963
DOCK1_HUMAN	1793	DOCK1	9.957	77	1	0	1.0	0.0	9.957
CHPT1_HUMAN	56994	CHPT1	9.957	77	1	0	1.0	0.0	9.957
COPA_HUMAN	1314	COPA	9.952	78	1	0	1.0	0.0	9.952
BLM_HUMAN	641	BLM	9.93	82	1	1	1.0	0.0	9.93
KC1A_HUMAN	1452	CSNK1A1	9.93	82	1	0	1.0	0.0	9.93
CADH6_HUMAN	1004	CDH6	9.925	83	1	0	1.0	0.0	9.925
MD1L1_HUMAN	8379	MAD1L1	9.925	83	1	0	1.0	0.0	9.925
CARM1_HUMAN	10498	CARM1	9.92	84	1	2	1.0	0.0	9.92
MMP26_HUMAN	56547	MMP26	9.914	85	1	0	1.0	0.0	9.914
ADA15_HUMAN	8751	ADAM15	9.909	86	1	1	1.0	0.0	9.909
HYOU1_HUMAN	10525	HYOU1	9.909	86	1	1	1.0	0.0	9.909
PAWR_HUMAN	5074	PAWR	9.899	88	1	3	1.0	0.0	9.899
ST7_HUMAN	7982	ST7	9.89	90	1	0	1.0	0.0	9.89
MIEN1_HUMAN	84299	MIEN1	9.89	90	1	1	1.0	0.0	9.89
DHB3_HUMAN	3293	HSD17B3	9.885	91	1	0	1.0	0.0	9.885
MYO6_HUMAN	4646	MYO6	9.88	92	1	8	1.0	0.0	9.88
CP46A_HUMAN	10858	CYP46A1	9.88	92	1	1	1.0	0.0	9.88
HME2_HUMAN	2020	EN2	9.875	93	1	0	1.0	0.0	9.875
GPS2_HUMAN	2874	GPS2	9.875	93	1	1	1.0	0.0	9.875
HDAC7_HUMAN	51564	HDAC7	9.862	96	1	1	1.0	0.0	9.862
DAB2P_HUMAN	153090	DAB2IP	9.862	96	1	2	1.0	0.0	9.862
AGAP2_HUMAN	116986	AGAP2	9.857	97	1	0	1.0	0.0	9.857
RPB1_HUMAN	5430	POLR2A	9.848	99	1	0	1.0	0.0	9.848
BMX_HUMAN	660	BMX	9.844	100	1	1	1.0	0.0	9.844
KKCC2_HUMAN	10645	CAMKK2	9.844	100	1	0	1.0	0.0	9.844
CASP3_HUMAN	836	CASP3	9.833	19304	2	0	1.301	0.0	7.558
MAGC1_HUMAN	9947	MAGEC1	9.827	104	1	0	1.0	0.0	9.827
AURKC_HUMAN	6795	AURKC	9.823	105	1	1	1.0	0.0	9.823
SIAH1_HUMAN	6477	SIAH1	9.819	106	1	0	1.0	0.0	9.819
POLK_HUMAN	51426	POLK	9.819	106	1	1	1.0	0.0	9.819
EGLN2_HUMAN	112398	EGLN2	9.81	108	1	0	1.0	0.0	9.81
EPHA3_HUMAN	2042	EPHA3	9.806	109	1	0	1.0	0.0	9.806
HIP1_HUMAN	3092	HIP1	9.806	109	1	1	1.0	0.0	9.806
AVR2A_HUMAN	92	ACVR2A	9.802	110	1	0	1.0	0.0	9.802
TOPK_HUMAN	55872	PBK	9.802	110	1	0	1.0	0.0	9.802
GRM1_HUMAN	2911	GRM1	9.795	112	1	0	1.0	0.0	9.795
MANF_HUMAN	7873	MANF	9.795	112	1	0	1.0	0.0	9.795
FRS2_HUMAN	10818	FRS2	9.791	113	1	1	1.0	0.0	9.791
LASP1_HUMAN	3927	LASP1	9.787	114	1	2	1.0	0.0	9.787
OLFM4_HUMAN	10562	OLFM4	9.787	114	1	1	1.0	0.0	9.787
PRSS8_HUMAN	5652	PRSS8	9.779	116	1	1	1.0	0.0	9.779
UPK2_HUMAN	7379	UPK2	9.765	120	1	0	1.0	0.0	9.765
ICA69_HUMAN	3382	ICA1	9.761	121	1	1	1.0	0.0	9.761
TEFF2_HUMAN	23671	TMEFF2	9.758	122	1	0	1.0	0.0	9.758
TPX2_HUMAN	22974	TPX2	9.754	123	1	2	1.0	0.0	9.754
CMPK2_HUMAN	129607	CMPK2	9.75	124	1	0	1.0	0.0	9.75
DAB2_HUMAN	1601	DAB2	9.74	127	1	0	1.0	0.0	9.74
BTNL2_HUMAN	56244	BTNL2	9.74	127	1	1	1.0	0.0	9.74
SUFU_HUMAN	51684	SUFU	9.737	128	1	1	1.0	0.0	9.737
AIP_HUMAN	9049	AIP	9.723	132	1	0	1.0	0.0	9.723
RA51D_HUMAN	5892	RAD51D	9.717	134	1	1	1.0	0.0	9.717
S100P_HUMAN	6286	S100P	9.707	137	1	0	1.0	0.0	9.707
RIR2B_HUMAN	50484	RRM2B	9.707	137	1	1	1.0	0.0	9.707
NEK2_HUMAN	4751	NEK2	9.704	138	1	3	1.0	0.0	9.704
EREG_HUMAN	2069	EREG	9.674	148	1	0	1.0	0.0	9.674
IL8_HUMAN	3576	CXCL8	9.673	25628	2	3	1.301	0.0	7.435
S14L2_HUMAN	23541	SEC14L2	9.665	151	1	0	1.0	0.0	9.665
ANM5_HUMAN	10419	PRMT5	9.659	153	1	1	1.0	0.0	9.659
TIF1B_HUMAN	10155	TRIM28	9.656	154	1	0	1.0	0.0	9.656
SPY2_HUMAN	10253	SPRY2	9.656	154	1	2	1.0	0.0	9.656
EHMT2_HUMAN	10919	EHMT2	9.648	157	1	2	1.0	0.0	9.648
PPM1D_HUMAN	8493	PPM1D	9.645	158	1	0	1.0	0.0	9.645
DKC1_HUMAN	1736	DKC1	9.64	160	1	0	1.0	0.0	9.64
FANCJ_HUMAN	83990	BRIP1	9.637	161	1	0	1.0	0.0	9.637
B3A2_HUMAN	6522	SLC4A2	9.626	165	1	0	1.0	0.0	9.626
CYTA_HUMAN	1475	CSTA	9.624	166	1	0	1.0	0.0	9.624
BARD1_HUMAN	580	BARD1	9.621	167	1	0	1.0	0.0	9.621
RXFP1_HUMAN	59350	RXFP1	9.621	167	1	1	1.0	0.0	9.621
TF2B_HUMAN	2959	GTF2B	9.611	171	1	1	1.0	0.0	9.611
D3DWI6_HUMAN	8000	PSCA	9.611	171	1	2	1.0	0.0	9.611
LATS2_HUMAN	26524	LATS2	9.611	171	1	3	1.0	0.0	9.611
CD8A_HUMAN	925	CD8A	9.604	28961	2	9	1.301	0.0	7.382
RAD9A_HUMAN	5883	RAD9A	9.601	175	1	1	1.0	0.0	9.601
CCNA1_HUMAN	8900	CCNA1	9.601	175	1	2	1.0	0.0	9.601
BIN1_HUMAN	274	BIN1	9.586	181	1	1	1.0	0.0	9.586
CLD7_HUMAN	1366	CLDN7	9.586	181	1	2	1.0	0.0	9.586
CDN2C_HUMAN	1031	CDKN2C	9.567	189	1	1	1.0	0.0	9.567
SAP_HUMAN	5660	PSAP	9.558	193	1	1	1.0	0.0	9.558
STP2_HUMAN	7142	TNP2	9.558	193	1	0	1.0	0.0	9.558
CHKA_HUMAN	1119	CHKA	9.539	202	1	0	1.0	0.0	9.539
EMB_HUMAN	133418	EMB	9.539	202	1	0	1.0	0.0	9.539
LIMK1_HUMAN	3984	LIMK1	9.536	203	1	3	1.0	0.0	9.536
NODAL_HUMAN	4838	NODAL	9.534	204	1	0	1.0	0.0	9.534
DNM1L_HUMAN	10059	DNM1L	9.532	205	1	1	1.0	0.0	9.532
RORA_HUMAN	6095	RORA	9.53	206	1	0	1.0	0.0	9.53
ORN_HUMAN	25996	REXO2	9.526	208	1	3	1.0	0.0	9.526
ANK1_HUMAN	286	ANK1	9.524	209	1	1	1.0	0.0	9.524
CSK21_HUMAN	1457	CSNK2A1	9.522	210	1	1	1.0	0.0	9.522
1433S_HUMAN	2810	SFN	9.52	211	1	1	1.0	0.0	9.52
MCM7_HUMAN	4176	MCM7	9.52	211	1	4	1.0	0.0	9.52
TCL1A_HUMAN	8115	TCL1A	9.518	212	1	2	1.0	0.0	9.518
TR10C_HUMAN	8794	TNFRSF10C	9.507	217	1	1	1.0	0.0	9.507
MP2K3_HUMAN	5606	MAP2K3	9.503	219	1	0	1.0	0.0	9.503
BLNK_HUMAN	29760	BLNK	9.503	219	1	0	1.0	0.0	9.503
CRGD_HUMAN	1421	CRYGD	9.501	220	1	0	1.0	0.0	9.501
BCL10_HUMAN	8915	BCL10	9.496	223	1	0	1.0	0.0	9.496
ERCC6_HUMAN	2074	ERCC6	9.492	225	1	0	1.0	0.0	9.492
BUB1_HUMAN	699	BUB1	9.477	233	1	0	1.0	0.0	9.477
RHOB_HUMAN	388	RHOB	9.475	234	1	0	1.0	0.0	9.475
PODXL_HUMAN	5420	PODXL	9.475	234	1	2	1.0	0.0	9.475
KHDR1_HUMAN	10657	KHDRBS1	9.458	243	1	1	1.0	0.0	9.458
PDE4D_HUMAN	5144	PDE4D	9.456	244	1	3	1.0	0.0	9.456
CYTSB_HUMAN	92521	SPECC1	9.456	244	1	0	1.0	0.0	9.456
EF1A1_HUMAN	1915	EEF1A1	9.455	245	1	0	1.0	0.0	9.455
MT1E_HUMAN	4493	MT1E	9.439	254	1	0	1.0	0.0	9.439
TXNIP_HUMAN	10628	TXNIP	9.437	255	1	0	1.0	0.0	9.437
RACK1_HUMAN	10399	RACK1	9.436	256	1	0	1.0	0.0	9.436
MPIP2_HUMAN	994	CDC25B	9.434	257	1	1	1.0	0.0	9.434
ATP6_HUMAN	4508	MT-ATP6	9.434	257	1	2	1.0	0.0	9.434
LYRIC_HUMAN	92140	MTDH	9.434	257	1	4	1.0	0.0	9.434
CCGL_HUMAN	140738	TMEM37	9.434	257	1	0	1.0	0.0	9.434
TCPD_HUMAN	10575	CCT4	9.432	258	1	0	1.0	0.0	9.432
FIBA_HUMAN	2243	FGA	9.429	260	1	0	1.0	0.0	9.429
CP3A7_HUMAN	1551	CYP3A7	9.426	262	1	8	1.0	0.0	9.426
NCTR2_HUMAN	9436	NCR2	9.422	264	1	2	1.0	0.0	9.422
NCOR2_HUMAN	9612	NCOR2	9.422	264	1	1	1.0	0.0	9.422
NUMB_HUMAN	8650	NUMB	9.421	265	1	0	1.0	0.0	9.421
AK1C4_HUMAN	1109	AKR1C4	9.417	267	1	4	1.0	0.0	9.417
EFNB2_HUMAN	1948	EFNB2	9.413	270	1	1	1.0	0.0	9.413
RHEB_HUMAN	6009	RHEB	9.413	270	1	3	1.0	0.0	9.413
NCOA3_HUMAN	8202	NCOA3	9.406	274	1	8	1.0	0.0	9.406
ADT3_HUMAN	293	SLC25A6	9.394	282	1	0	1.0	0.0	9.394
AMACR_HUMAN	23600	AMACR	9.392	283	1	0	1.0	0.0	9.392
K2C3_HUMAN	3850	KRT3	9.389	285	1	1	1.0	0.0	9.389
INGR2_HUMAN	3460	IFNGR2	9.383	289	1	0	1.0	0.0	9.383
SF3B1_HUMAN	23451	SF3B1	9.38	291	1	3	1.0	0.0	9.38
AXIN2_HUMAN	8313	AXIN2	9.378	292	1	2	1.0	0.0	9.378
KLK1_HUMAN	3816	KLK1	9.373	296	1	0	1.0	0.0	9.373
ETS2_HUMAN	2114	ETS2	9.362	303	1	1	1.0	0.0	9.362
VMAT2_HUMAN	6571	SLC18A2	9.355	308	1	1	1.0	0.0	9.355
NU1M_HUMAN	4535	MT-ND1	9.348	313	1	0	1.0	0.0	9.348
AXIN1_HUMAN	8312	AXIN1	9.331	326	1	1	1.0	0.0	9.331
CEBPD_HUMAN	1052	CEBPD	9.321	333	1	1	1.0	0.0	9.321
DYL1_HUMAN	8655	DYNLL1	9.321	333	1	0	1.0	0.0	9.321
NCOR1_HUMAN	9611	NCOR1	9.309	343	1	1	1.0	0.0	9.309
CENPA_HUMAN	1058	CENPA	9.307	344	1	0	1.0	0.0	9.307
ASXL1_HUMAN	171023	ASXL1	9.299	351	1	2	1.0	0.0	9.299
CRCM1_HUMAN	84876	ORAI1	9.294	355	1	5	1.0	0.0	9.294
CADM1_HUMAN	23705	CADM1	9.29	358	1	2	1.0	0.0	9.29
PRAP1_HUMAN	118471	PRAP1	9.288	360	1	0	1.0	0.0	9.288
WNT2_HUMAN	7472	WNT2	9.282	365	1	0	1.0	0.0	9.282
B2L11_HUMAN	10018	BCL2L11	9.282	365	1	3	1.0	0.0	9.282
TP53B_HUMAN	7158	TP53BP1	9.277	369	1	1	1.0	0.0	9.277
VITRN_HUMAN	5212	VIT	9.258	385	1	0	1.0	0.0	9.258
MYH11_HUMAN	4629	MYH11	9.248	394	1	0	1.0	0.0	9.248
MP2K4_HUMAN	6416	MAP2K4	9.245	397	1	0	1.0	0.0	9.245
ATG7_HUMAN	10533	ATG7	9.245	397	1	2	1.0	0.0	9.245
GPX3_HUMAN	2878	GPX3	9.242	400	1	4	1.0	0.0	9.242
HMGA1_HUMAN	3159	HMGA1	9.242	400	1	3	1.0	0.0	9.242
PRKN_HUMAN	5071	PRKN	9.241	401	1	0	1.0	0.0	9.241
CXCR6_HUMAN	10663	CXCR6	9.235	406	1	1	1.0	0.0	9.235
3BHS1_HUMAN	3283	HSD3B1	9.227	414	1	1	1.0	0.0	9.227
DPOE4_HUMAN	56655	POLE4	9.223	418	1	0	1.0	0.0	9.223
DHB1_HUMAN	3292	HSD17B1	9.22	421	1	0	1.0	0.0	9.22
HGFL_HUMAN	4485	MST1	9.22	421	1	0	1.0	0.0	9.22
YBOX1_HUMAN	4904	YBX1	9.219	422	1	1	1.0	0.0	9.219
TXK_HUMAN	7294	TXK	9.219	422	1	0	1.0	0.0	9.219
PIN1_HUMAN	5300	PIN1	9.211	429	1	0	1.0	0.0	9.211
STMN1_HUMAN	3925	STMN1	9.209	431	1	0	1.0	0.0	9.209
ILK_HUMAN	3611	ILK	9.206	434	1	1	1.0	0.0	9.206
ERCC5_HUMAN	2073	ERCC5	9.203	437	1	0	1.0	0.0	9.203
IL24_HUMAN	11009	IL24	9.199	441	1	4	1.0	0.0	9.199
DCK_HUMAN	1633	DCK	9.193	448	1	0	1.0	0.0	9.193
ELAV1_HUMAN	1994	ELAVL1	9.188	453	1	1	1.0	0.0	9.188
GRPR_HUMAN	2925	GRPR	9.168	474	1	0	1.0	0.0	9.168
FEZF2_HUMAN	55079	FEZF2	9.164	479	1	1	1.0	0.0	9.164
RPP14_HUMAN	11102	RPP14	9.146	499	1	0	1.0	0.0	9.146
ABC3G_HUMAN	60489	APOBEC3G	9.145	500	1	2	1.0	0.0	9.145
IKZF1_HUMAN	10320	IKZF1	9.138	508	1	2	1.0	0.0	9.138
KEAP1_HUMAN	9817	KEAP1	9.136	510	1	5	1.0	0.0	9.136
ATF2_HUMAN	1386	ATF2	9.133	514	1	1	1.0	0.0	9.133
PRLR_HUMAN	5618	PRLR	9.122	527	1	0	1.0	0.0	9.122
TET2_HUMAN	54790	TET2	9.104	550	1	3	1.0	0.0	9.104
RAP1A_HUMAN	5906	RAP1A	9.102	552	1	0	1.0	0.0	9.102
PACA_HUMAN	116	ADCYAP1	9.098	557	1	0	1.0	0.0	9.098
HRH1_HUMAN	3269	HRH1	9.087	571	1	1	1.0	0.0	9.087
IKKA_HUMAN	1147	CHUK	9.073	590	1	3	1.0	0.0	9.073
SKP2_HUMAN	6502	SKP2	9.062	605	1	1	1.0	0.0	9.062
APC_HUMAN	324	APC	9.052	619	1	0	1.0	0.0	9.052
HPSE_HUMAN	10855	HPSE	9.052	619	1	0	1.0	0.0	9.052
RUNX3_HUMAN	864	RUNX3	9.051	620	1	3	1.0	0.0	9.051
VEGFD_HUMAN	2277	VEGFD	9.045	630	1	1	1.0	0.0	9.045
FILA_HUMAN	2312	FLG	9.039	638	1	0	1.0	0.0	9.039
LEG4_HUMAN	3960	LGALS4	9.032	648	1	0	1.0	0.0	9.032
MITF_HUMAN	4286	MITF	9.032	648	1	0	1.0	0.0	9.032
ATX2_HUMAN	6311	ATXN2	9.028	655	1	0	1.0	0.0	9.028
ITK_HUMAN	3702	ITK	9.024	661	1	0	1.0	0.0	9.024
DICER_HUMAN	23405	DICER1	9.004	691	1	2	1.0	0.0	9.004
ASC_HUMAN	29108	PYCARD	8.995	706	1	0	1.0	0.0	8.995
RBBP4_HUMAN	5928	RBBP4	8.992	711	1	2	1.0	0.0	8.992
PE2R4_HUMAN	5734	PTGER4	8.99	715	1	3	1.0	0.0	8.99
SMCA4_HUMAN	6597	SMARCA4	8.99	714	1	0	1.0	0.0	8.99
HDAC2_HUMAN	3066	HDAC2	8.985	723	1	2	1.0	0.0	8.985
XBP1_HUMAN	7494	XBP1	8.983	726	1	0	1.0	0.0	8.983
STAR_HUMAN	6770	STAR	8.981	730	1	0	1.0	0.0	8.981
FSHR_HUMAN	2492	FSHR	8.973	743	1	1	1.0	0.0	8.973
FGF7_HUMAN	2252	FGF7	8.968	751	1	0	1.0	0.0	8.968
CHP1_HUMAN	11261	CHP1	8.966	755	1	0	1.0	0.0	8.966
FURIN_HUMAN	5045	FURIN	8.95	784	1	0	1.0	0.0	8.95
GLCM_HUMAN	2629	GBA	8.948	787	1	1	1.0	0.0	8.948
PSA_HUMAN	9520	NPEPPS	8.945	792	1	0	1.0	0.0	8.945
MYOD1_HUMAN	4654	MYOD1	8.939	804	1	0	1.0	0.0	8.939
NOTC3_HUMAN	4854	NOTCH3	8.936	809	1	0	1.0	0.0	8.936
GDF15_HUMAN	9518	GDF15	8.932	816	1	0	1.0	0.0	8.932
DNM3B_HUMAN	1789	DNMT3B	8.927	826	1	0	1.0	0.0	8.927
ANXA2_HUMAN	302	ANXA2	8.924	832	1	1	1.0	0.0	8.924
IKKB_HUMAN	3551	IKBKB	8.915	848	1	0	1.0	0.0	8.915
MX1_HUMAN	4599	MX1	8.915	848	1	1	1.0	0.0	8.915
AL1A1_HUMAN	216	ALDH1A1	8.913	852	1	0	1.0	0.0	8.913
EWS_HUMAN	2130	EWSR1	8.908	862	1	0	1.0	0.0	8.908
YAP1_HUMAN	10413	YAP1	8.901	877	1	5	1.0	0.0	8.901
CD9_HUMAN	928	CD9	8.898	882	1	1	1.0	0.0	8.898
PLK1_HUMAN	5347	PLK1	8.889	901	1	0	1.0	0.0	8.889
RIR2_HUMAN	6241	RRM2	8.885	910	1	5	1.0	0.0	8.885
DPYD_HUMAN	1806	DPYD	8.881	919	1	0	1.0	0.0	8.881
TR10A_HUMAN	8797	TNFRSF10A	8.866	951	1	0	1.0	0.0	8.866
EPAS1_HUMAN	2034	EPAS1	8.863	957	1	0	1.0	0.0	8.863
CDX2_HUMAN	1045	CDX2	8.85	987	1	0	1.0	0.0	8.85
FGF1_HUMAN	2246	FGF1	8.85	986	1	2	1.0	0.0	8.85
MT2_HUMAN	4502	MT2A	8.848	991	1	0	1.0	0.0	8.848
IL4RA_HUMAN	3566	IL4R	8.847	992	1	0	1.0	0.0	8.847
PPAP_HUMAN	55	ACPP	8.846	995	1	0	1.0	0.0	8.846
NCPR_HUMAN	5447	POR	8.836	1019	1	0	1.0	0.0	8.836
CALR_HUMAN	811	CALR	8.828	1037	1	1	1.0	0.0	8.828
GDN_HUMAN	5270	SERPINE2	8.826	1043	1	0	1.0	0.0	8.826
DAPK3_HUMAN	1613	DAPK3	8.825	1045	1	0	1.0	0.0	8.825
STS_HUMAN	412	STS	8.824	1048	1	0	1.0	0.0	8.824
ERCC2_HUMAN	2068	ERCC2	8.821	1053	1	0	1.0	0.0	8.821
FOXO3_HUMAN	2309	FOXO3	8.818	1061	1	6	1.0	0.0	8.818
APEX1_HUMAN	328	APEX1	8.816	1067	1	1	1.0	0.0	8.816
NDKA_HUMAN	4830	NME1	8.811	1079	1	0	1.0	0.0	8.811
AACT_HUMAN	12	SERPINA3	8.81	1082	1	0	1.0	0.0	8.81
TGFR2_HUMAN	7048	TGFBR2	8.809	1083	1	0	1.0	0.0	8.809
COIA1_HUMAN	80781	COL18A1	8.809	1083	1	0	1.0	0.0	8.809
K2C8_HUMAN	3856	KRT8	8.802	1102	1	0	1.0	0.0	8.802
ISK1_HUMAN	6690	SPINK1	8.784	1148	1	1	1.0	0.0	8.784
FOXO1_HUMAN	2308	FOXO1	8.778	1163	1	4	1.0	0.0	8.778
PDGFB_HUMAN	5155	PDGFB	8.775	1172	1	1	1.0	0.0	8.775
SCN5A_HUMAN	6331	SCN5A	8.771	1183	1	0	1.0	0.0	8.771
H2AX_HUMAN	3014	H2AFX	8.769	1188	1	0	1.0	0.0	8.769
FAK2_HUMAN	2185	PTK2B	8.76	1212	1	0	1.0	0.0	8.76
NF2L2_HUMAN	4780	NFE2L2	8.754	2742	1	10	1.0	0.041	8.406
XRCC1_HUMAN	7515	XRCC1	8.75	1242	1	2	1.0	0.0	8.75
CHK1_HUMAN	1111	CHEK1	8.743	1262	1	1	1.0	0.0	8.743
CD24_HUMAN	100133941	CD24	8.715	1346	1	3	1.0	0.0	8.715
SRY_HUMAN	6736	SRY	8.712	1355	1	0	1.0	0.0	8.712
EGR1_HUMAN	1958	EGR1	8.697	1404	1	0	1.0	0.0	8.697
FMR1_HUMAN	2332	FMR1	8.691	1423	1	0	1.0	0.0	8.691
POTEF_HUMAN	728378	POTEF	8.691	1421	1	0	1.0	0.0	8.691
CP1B1_HUMAN	1545	CYP1B1	8.686	1437	1	0	1.0	0.0	8.686
TNFB_HUMAN	4049	LTA	8.666	1506	1	0	1.0	0.0	8.666
EPCAM_HUMAN	4072	EPCAM	8.665	1509	1	1	1.0	0.0	8.665
PML_HUMAN	5371	PML	8.663	1516	1	6	1.0	0.0	8.663
CP3A5_HUMAN	1577	CYP3A5	8.655	1545	1	0	1.0	0.0	8.655
DNMT1_HUMAN	1786	DNMT1	8.646	1576	1	1	1.0	0.0	8.646
CBP_HUMAN	1387	CREBBP	8.639	1601	1	2	1.0	0.0	8.639
CAV1_HUMAN	857	CAV1	8.62	1675	1	2	1.0	0.0	8.62
MEN1_HUMAN	4221	MEN1	8.608	1723	1	1	1.0	0.0	8.608
CEBPA_HUMAN	1050	CEBPA	8.607	1727	1	3	1.0	0.0	8.607
SMAD4_HUMAN	4089	SMAD4	8.606	1728	1	1	1.0	0.0	8.606
NGF_HUMAN	4803	NGF	8.589	1798	1	0	1.0	0.0	8.589
GRP_HUMAN	2922	GRP	8.579	1841	1	0	1.0	0.0	8.579
RXRA_HUMAN	6256	RXRA	8.576	1854	1	1	1.0	0.0	8.576
TYRO_HUMAN	7299	TYR	8.572	1869	1	0	1.0	0.0	8.572
KPCD_HUMAN	5580	PRKCD	8.562	1915	1	3	1.0	0.0	8.562
RAF1_HUMAN	5894	RAF1	8.557	1938	1	1	1.0	0.0	8.557
JUNB_HUMAN	3726	JUNB	8.556	1939	1	0	1.0	0.0	8.556
ZHX2_HUMAN	22882	ZHX2	8.553	1955	1	1	1.0	0.0	8.553
MIS_HUMAN	268	AMH	8.552	1957	1	1	1.0	0.0	8.552
CCNB1_HUMAN	891	CCNB1	8.547	1980	1	0	1.0	0.0	8.547
ZNF77_HUMAN	58492	ZNF77	8.543	2001	1	0	1.0	0.0	8.543
PGFRB_HUMAN	5159	PDGFRB	8.539	2018	1	4	1.0	0.0	8.539
PON1_HUMAN	5444	PON1	8.539	2016	1	0	1.0	0.0	8.539
STA5A_HUMAN	6776	STAT5A	8.528	2070	1	1	1.0	0.0	8.528
CATB_HUMAN	1508	CTSB	8.522	2098	1	0	1.0	0.0	8.522
FA9_HUMAN	2158	F9	8.514	2136	1	0	1.0	0.0	8.514
TSP1_HUMAN	7057	THBS1	8.488	2268	1	0	1.0	0.0	8.488
WT1_HUMAN	7490	WT1	8.483	2295	1	0	1.0	0.0	8.483
ADA_HUMAN	100	ADA	8.481	2306	1	0	1.0	0.0	8.481
MYCN_HUMAN	4613	MYCN	8.467	2383	1	8	1.0	0.0	8.467
ABCG2_HUMAN	9429	ABCG2	8.46	2419	1	0	1.0	0.0	8.46
BGAL_HUMAN	2720	GLB1	8.454	2455	1	0	1.0	0.0	8.454
RASN_HUMAN	4893	NRAS	8.438	2546	1	0	1.0	0.0	8.438
NR4A1_HUMAN	3164	NR4A1	8.413	2694	1	0	1.0	0.0	8.413
HPT_HUMAN	3240	HP	8.402	2768	1	0	1.0	0.0	8.402
TR11B_HUMAN	4982	TNFRSF11B	8.402	2767	1	0	1.0	0.0	8.402
FA10_HUMAN	2159	F10	8.401	2775	1	0	1.0	0.0	8.401
ADA1D_HUMAN	146	ADRA1D	8.4	2777	1	0	1.0	0.0	8.4
COMT_HUMAN	1312	COMT	8.384	2880	1	1	1.0	0.0	8.384
HMOX1_HUMAN	3162	HMOX1	8.362	3032	1	0	1.0	0.0	8.362
GSTK1_HUMAN	373156	GSTK1	8.356	3077	1	1	1.0	0.0	8.356
CP2C9_HUMAN	1559	CYP2C9	8.353	3093	1	0	1.0	0.0	8.353
CMGA_HUMAN	1113	CHGA	8.305	3455	1	0	1.0	0.0	8.305
NOS3_HUMAN	4846	NOS3	8.281	3658	1	0	1.0	0.0	8.281
TEN1_HUMAN	10178	TENM1	8.271	3736	1	0	1.0	0.0	8.271
CTLA4_HUMAN	1493	CTLA4	8.261	3826	1	0	1.0	0.0	8.261
HSP74_HUMAN	3308	HSPA4	8.232	4092	1	0	1.0	0.0	8.232
VDR_HUMAN	7421	VDR	8.222	4185	1	1	1.0	0.0	8.222
FOS_HUMAN	2353	FOS	8.2	4405	1	0	1.0	0.0	8.2
TNFL6_HUMAN	356	FASLG	8.191	4494	1	0	1.0	0.0	8.191
MTHR_HUMAN	4524	MTHFR	8.189	4515	1	0	1.0	0.0	8.189
NEP_HUMAN	4311	MME	8.187	4534	1	0	1.0	0.0	8.187
SHBG_HUMAN	6462	SHBG	8.174	4679	1	0	1.0	0.0	8.174
MMP1_HUMAN	4312	MMP1	8.139	5066	1	0	1.0	0.0	8.139
NOS2_HUMAN	4843	NOS2	8.126	5227	1	0	1.0	0.0	8.126
PECA1_HUMAN	5175	PECAM1	8.117	5336	1	1	1.0	0.0	8.117
TIMP1_HUMAN	7076	TIMP1	8.117	5332	1	0	1.0	0.0	8.117
TLR4_HUMAN	7099	TLR4	8.035	6440	1	1	1.0	0.0	8.035
B2MG_HUMAN	567	B2M	8.033	6463	1	0	1.0	0.0	8.033
VGFR2_HUMAN	3791	KDR	8.033	6464	1	1	1.0	0.0	8.033
FGF2_HUMAN	2247	FGF2	8.025	6580	1	1	1.0	0.0	8.025
CYC_HUMAN	54205	CYCS	8.015	6736	1	0	1.0	0.0	8.015
ANXA5_HUMAN	308	ANXA5	8.005	6904	1	1	1.0	0.0	8.005
COX2_HUMAN	4513	MT-CO2	7.993	7092	1	0	1.0	0.0	7.993
STAT3_HUMAN	6774	STAT3	7.987	7199	1	3	1.0	0.0	7.987
PRL_HUMAN	5617	PRL	7.953	7779	1	4	1.0	0.0	7.953
PGH2_HUMAN	5743	PTGS2	7.923	8324	1	1	1.0	0.0	7.923
L0N195_HUMAN	3439	IFNA1	7.901	8773	1	0	1.0	0.0	7.901
CCND1_HUMAN	595	CCND1	7.87	9412	1	0	1.0	0.0	7.87
K1C20_HUMAN	54474	KRT20	7.839	10103	1	0	1.0	0.0	7.839
FETA_HUMAN	174	AFP	7.829	10333	1	0	1.0	0.0	7.829
IL1A_HUMAN	3552	IL1A	7.677	14669	1	0	1.0	0.0	7.677
CO2_HUMAN	717	C2	7.663	15163	1	0	1.0	0.0	7.663
IL4_HUMAN	3565	IL4	7.592	17876	1	1	1.0	0.0	7.592
TGFB1_HUMAN	7040	TGFB1	7.455	24445	1	3	1.0	0.0	7.455
IL2_HUMAN	3558	IL2	7.364	30132	1	0	1.0	0.0	7.364
VEGFA_HUMAN	7422	VEGFA	7.329	32733	1	0	1.0	0.0	7.329
IFNG_HUMAN	3458	IFNG	7.307	34431	1	0	1.0	0.0	7.307
