Big_T	1715
Big_F	17252753
UniProtKB_ID	GeneID	Gene_Name	PPS	Big_P	T+P	Citation	1+Log(T+P)	log10((Cit/yr+1)/10)	1+log10(F/T)+log10(F/P)
P53_HUMAN	7157	TP53	32.192	46130	187	94	3.272	0.978	7.575
ARF_HUMAN	1029	CDKN2A	31.082	9187	77	73	2.886	0.869	8.276
EGFR_HUMAN	1956	EGFR	30.204	30695	82	95	2.914	0.982	7.752
ERBB2_HUMAN	2064	ERBB2	28.386	26330	61	69	2.785	0.845	7.819
KIT_HUMAN	3815	KIT	22.21	6488	12	35	2.079	0.556	8.427
FHIT_HUMAN	2272	FHIT	21.94	760	13	16	2.114	0.23	9.359
PK3CA_HUMAN	5290	PIK3CA	20.364	2646	12	16	2.079	0.23	8.817
FGF3_HUMAN	2248	FGF3	18.73	452	9	2	1.954	0.0	9.584
RASK_HUMAN	3845	KRAS	18.535	10492	18	9	2.255	0.0	8.218
MLH1_HUMAN	4292	MLH1	18.455	3231	13	0	2.114	0.0	8.73
CCND1_HUMAN	595	CCND1	18.436	9412	17	7	2.23	0.0	8.266
APC_HUMAN	324	APC	17.432	619	7	3	1.845	0.0	9.448
CDN1A_HUMAN	1026	CDKN1A	17.294	5857	11	2	2.041	0.0	8.472
DPOLB_HUMAN	5423	POLB	17.288	741	7	0	1.845	0.0	9.37
DCC_HUMAN	1630	DCC	17.129	404	6	0	1.778	0.0	9.633
FGF4_HUMAN	2249	FGF4	17.027	461	6	0	1.778	0.0	9.576
PTEN_HUMAN	5728	PTEN	16.886	6259	10	8	2.0	0.0	8.443
CHK2_HUMAN	11200	CHEK2	16.689	1355	4	16	1.602	0.23	9.107
SOX2_HUMAN	6657	SOX2	16.618	2534	2	37	1.301	0.58	8.836
CDK4_HUMAN	1019	CDK4	16.588	3335	8	2	1.903	0.0	8.716
CO4A5_HUMAN	1287	COL4A5	16.583	301	5	0	1.699	0.0	9.761
CTNB1_HUMAN	1499	CTNNB1	16.206	8844	9	3	1.954	0.0	8.293
BRCA2_HUMAN	675	BRCA2	15.01	6283	6	1	1.778	0.0	8.441
MGMT_HUMAN	4255	MGMT	14.992	2601	5	5	1.699	0.0	8.824
CYGB_HUMAN	114757	CYGB	14.923	137	3	2	1.477	0.0	10.103
MSH6_HUMAN	2956	MSH6	14.515	1307	3	12	1.477	0.114	9.123
PCNA_HUMAN	5111	PCNA	14.399	5813	5	0	1.699	0.0	8.475
MET_HUMAN	4233	MET	14.165	2497	4	3	1.602	0.0	8.842
ORAV1_HUMAN	220064	ORAOV1	14.152	23	2	4	1.301	0.0	10.878
RL14_HUMAN	9045	RPL14	14.105	25	2	0	1.301	0.0	10.841
MIB1_HUMAN	57534	MIB1	14.009	3128	4	0	1.602	0.0	8.744
KDM4C_HUMAN	23081	KDM4C	13.761	46	2	5	1.301	0.0	10.577
RB_HUMAN	5925	RB1	13.738	4614	4	0	1.602	0.0	8.575
EGF_HUMAN	1950	EGF	13.697	4898	4	2	1.602	0.0	8.549
AURKA_HUMAN	6790	AURKA	13.567	1134	3	3	1.477	0.0	9.185
FGFR1_HUMAN	2260	FGFR1	13.34	1615	3	3	1.477	0.0	9.031
MEN1_HUMAN	4221	MEN1	13.299	1723	3	1	1.477	0.0	9.003
CADH1_HUMAN	999	CDH1	13.257	9209	4	9	1.602	0.0	8.275
MDM2_HUMAN	4193	MDM2	13.195	3545	3	10	1.477	0.041	8.69
MDR1_HUMAN	5243	ABCB1	13.159	10598	4	1	1.602	0.0	8.214
XPO2_HUMAN	1434	CSE1L	13.124	142	2	0	1.301	0.0	10.087
MSH2_HUMAN	4436	MSH2	13.034	2603	3	1	1.477	0.0	8.824
WWOX_HUMAN	51741	WWOX	12.911	207	2	3	1.301	0.0	9.923
DESM_HUMAN	1674	DES	12.869	3365	3	2	1.477	0.0	8.712
ENOG_HUMAN	2026	ENO2	12.764	3962	3	1	1.477	0.0	8.641
TERT_HUMAN	7015	TERT	12.721	4242	3	7	1.477	0.0	8.612
ARI1A_HUMAN	8289	ARID1A	12.654	326	2	6	1.301	0.0	9.726
AXIN1_HUMAN	8312	AXIN1	12.654	326	2	0	1.301	0.0	9.726
NF2L2_HUMAN	4780	NFE2L2	12.454	2742	2	12	1.301	0.114	8.801
DMAC1_HUMAN	90871	DMAC1	12.239	1	1	4	1.0	0.0	12.239
MYC_HUMAN	4609	MYC	12.15	10313	3	0	1.477	0.0	8.226
ALDH2_HUMAN	217	ALDH2	12.083	896	2	3	1.301	0.0	9.287
CDX2_HUMAN	1045	CDX2	12.028	987	2	0	1.301	0.0	9.245
CP2A6_HUMAN	1548	CYP2A6	12.003	1032	2	1	1.301	0.0	9.226
GBG7_HUMAN	2788	GNG7	11.938	2	1	1	1.0	0.0	11.938
DCOR_HUMAN	4953	ODC1	11.886	1269	2	0	1.301	0.0	9.136
EZH2_HUMAN	2146	EZH2	11.869	1309	2	4	1.301	0.0	9.122
B3A3_HUMAN	6508	SLC4A3	11.828	1406	2	0	1.301	0.0	9.091
SMAD4_HUMAN	4089	SMAD4	11.712	1728	2	0	1.301	0.0	9.002
SMAD2_HUMAN	4087	SMAD2	11.654	1913	2	2	1.301	0.0	8.958
PGFRA_HUMAN	5156	PDGFRA	11.623	2020	2	0	1.301	0.0	8.934
BCL2_HUMAN	596	BCL2	11.621	23522	3	0	1.477	0.0	7.868
CP2E1_HUMAN	1571	CYP2E1	11.605	2088	2	0	1.301	0.0	8.92
NOTC1_HUMAN	4851	NOTCH1	11.581	2179	2	4	1.301	0.0	8.901
ZN639_HUMAN	51193	ZNF639	11.54	5	1	1	1.0	0.0	11.54
RNF6_HUMAN	6049	RNF6	11.461	6	1	0	1.0	0.0	11.461
OVCA2_HUMAN	124641	OVCA2	11.461	6	1	0	1.0	0.0	11.461
HID1_HUMAN	283987	HID1	11.461	6	1	0	1.0	0.0	11.461
ALK_HUMAN	238	ALK	11.441	2791	2	5	1.301	0.0	8.794
CP1A1_HUMAN	1543	CYP1A1	11.394	3030	2	1	1.301	0.0	8.758
TCAL7_HUMAN	56849	TCEAL7	11.394	7	1	0	1.0	0.0	11.394
CDK2_HUMAN	1017	CDK2	11.375	3134	2	0	1.301	0.0	8.743
CTLA4_HUMAN	1493	CTLA4	11.263	3826	2	2	1.301	0.0	8.657
GML_HUMAN	2765	GML	11.239	10	1	0	1.0	0.0	11.239
HGF_HUMAN	3082	HGF	11.182	4410	2	5	1.301	0.0	8.595
MTHR_HUMAN	4524	MTHFR	11.169	4515	2	0	1.301	0.0	8.585
NOS2_HUMAN	4843	NOS2	11.086	5227	2	1	1.301	0.0	8.521
RFC3_HUMAN	5983	RFC3	11.063	15	1	1	1.0	0.0	11.063
TM11A_HUMAN	339967	TMPRSS11A	11.063	15	1	0	1.0	0.0	11.063
FBX4_HUMAN	26272	FBXO4	11.009	17	1	6	1.0	0.0	11.009
NUDT6_HUMAN	11162	NUDT6	10.984	18	1	0	1.0	0.0	10.984
CA2D3_HUMAN	55799	CACNA2D3	10.961	19	1	0	1.0	0.0	10.961
RHDF1_HUMAN	64285	RHBDF1	10.961	19	1	3	1.0	0.0	10.961
BRAF_HUMAN	673	BRAF	10.924	6965	2	3	1.301	0.0	8.396
COX2_HUMAN	4513	MT-CO2	10.914	7092	2	1	1.301	0.0	8.389
BORG2_HUMAN	10602	CDC42EP3	10.859	24	1	0	1.0	0.0	10.859
DHRS4_HUMAN	10901	DHRS4	10.841	25	1	3	1.0	0.0	10.841
INT6_HUMAN	26512	INTS6	10.777	29	1	0	1.0	0.0	10.777
CEAM3_HUMAN	1084	CEACAM3	10.776	9052	2	0	1.301	0.0	8.282
CRCM_HUMAN	4163	MCC	10.762	30	1	0	1.0	0.0	10.762
ALG3_HUMAN	10195	ALG3	10.762	30	1	0	1.0	0.0	10.762
FRAT1_HUMAN	10023	FRAT1	10.748	31	1	0	1.0	0.0	10.748
SMYD2_HUMAN	56950	SMYD2	10.748	31	1	4	1.0	0.0	10.748
BRCA1_HUMAN	672	BRCA1	10.734	9743	2	0	1.301	0.0	8.251
ANO2_HUMAN	57101	ANO2	10.734	32	1	2	1.0	0.0	10.734
S10AE_HUMAN	57402	S100A14	10.734	32	1	2	1.0	0.0	10.734
RPRM_HUMAN	56475	RPRM	10.721	33	1	1	1.0	0.0	10.721
MACD2_HUMAN	140733	MACROD2	10.708	34	1	3	1.0	0.0	10.708
DGKA_HUMAN	1606	DGKA	10.66	38	1	0	1.0	0.0	10.66
GBP2_HUMAN	2634	GBP2	10.66	38	1	0	1.0	0.0	10.66
BAX_HUMAN	581	BAX	10.654	11225	2	0	1.301	0.0	8.189
SPRR3_HUMAN	6707	SPRR3	10.637	40	1	0	1.0	0.0	10.637
AUGN_HUMAN	84417	C2orf40	10.616	42	1	0	1.0	0.0	10.616
STML2_HUMAN	30968	STOML2	10.596	44	1	1	1.0	0.0	10.596
DLEC1_HUMAN	9940	DLEC1	10.549	49	1	2	1.0	0.0	10.549
DNJB6_HUMAN	10049	DNAJB6	10.54	50	1	2	1.0	0.0	10.54
EVPL_HUMAN	2125	EVPL	10.499	55	1	0	1.0	0.0	10.499
SIA7A_HUMAN	55808	ST6GALNAC1	10.461	60	1	1	1.0	0.0	10.461
CTHR1_HUMAN	115908	CTHRC1	10.461	60	1	2	1.0	0.0	10.461
FEZ1_HUMAN	9638	FEZ1	10.433	64	1	1	1.0	0.0	10.433
PHF6_HUMAN	84295	PHF6	10.42	66	1	0	1.0	0.0	10.42
MED29_HUMAN	55588	MED29	10.413	67	1	4	1.0	0.0	10.413
IF5A2_HUMAN	56648	EIF5A2	10.407	68	1	4	1.0	0.0	10.407
PDS5B_HUMAN	23047	PDS5B	10.401	69	1	0	1.0	0.0	10.401
CD109_HUMAN	135228	CD109	10.382	72	1	1	1.0	0.0	10.382
MCE1_HUMAN	8732	RNGTT	10.376	73	1	0	1.0	0.0	10.376
CDCP1_HUMAN	64866	CDCP1	10.376	73	1	0	1.0	0.0	10.376
MD2L2_HUMAN	10459	MAD2L2	10.37	74	1	0	1.0	0.0	10.37
PINX1_HUMAN	54984	PINX1	10.37	74	1	0	1.0	0.0	10.37
MXI1_HUMAN	4601	MXI1	10.347	78	1	0	1.0	0.0	10.347
CCDC6_HUMAN	8030	CCDC6	10.331	81	1	0	1.0	0.0	10.331
DMC1_HUMAN	11144	DMC1	10.315	84	1	0	1.0	0.0	10.315
IGF1_HUMAN	3479	IGF1	10.295	21183	2	0	1.301	0.0	7.913
ST7_HUMAN	7982	ST7	10.285	90	1	0	1.0	0.0	10.285
RIF1_HUMAN	55183	RIF1	10.28	91	1	0	1.0	0.0	10.28
MLH3_HUMAN	27030	MLH3	10.253	97	1	0	1.0	0.0	10.253
TACC3_HUMAN	10460	TACC3	10.235	101	1	3	1.0	0.0	10.235
UBE2C_HUMAN	11065	UBE2C	10.235	101	1	2	1.0	0.0	10.235
CENPF_HUMAN	1063	CENPF	10.183	114	1	0	1.0	0.0	10.183
GOLM1_HUMAN	51280	GOLM1	10.171	117	1	1	1.0	0.0	10.171
RASE_HUMAN	3266	ERAS	10.143	125	1	0	1.0	0.0	10.143
LOXL2_HUMAN	4017	LOXL2	10.136	127	1	0	1.0	0.0	10.136
OST48_HUMAN	1650	DDOST	10.125	130	1	0	1.0	0.0	10.125
CHFR_HUMAN	55743	CHFR	10.122	131	1	0	1.0	0.0	10.122
TBB4B_HUMAN	10383	TUBB4B	10.103	137	1	0	1.0	0.0	10.103
PARD3_HUMAN	56288	PARD3	10.1	138	1	2	1.0	0.0	10.1
COBA1_HUMAN	1301	COL11A1	10.09	141	1	0	1.0	0.0	10.09
KLF5_HUMAN	688	KLF5	10.069	148	1	1	1.0	0.0	10.069
DKC1_HUMAN	1736	DKC1	10.035	160	1	0	1.0	0.0	10.035
CYTA_HUMAN	1475	CSTA	10.019	166	1	0	1.0	0.0	10.019
LATS2_HUMAN	26524	LATS2	10.006	171	1	0	1.0	0.0	10.006
MYLIP_HUMAN	29116	MYLIP	9.994	176	1	1	1.0	0.0	9.994
CRP_HUMAN	1401	CRP	9.983	36788	2	0	1.301	0.0	7.673
TNF6B_HUMAN	8771	TNFRSF6B	9.961	190	1	2	1.0	0.0	9.961
UD17_HUMAN	54577	UGT1A7	9.958	191	1	0	1.0	0.0	9.958
NAA10_HUMAN	8260	NAA10	9.934	202	1	1	1.0	0.0	9.934
CSK21_HUMAN	1457	CSNK2A1	9.917	210	1	1	1.0	0.0	9.917
KLF6_HUMAN	1316	KLF6	9.901	218	1	0	1.0	0.0	9.901
CFAD_HUMAN	1675	CFD	9.88	229	1	0	1.0	0.0	9.88
BUB1_HUMAN	699	BUB1	9.872	233	1	0	1.0	0.0	9.872
ELF3_HUMAN	1999	ELF3	9.859	240	1	0	1.0	0.0	9.859
E2F4_HUMAN	1874	E2F4	9.852	244	1	0	1.0	0.0	9.852
MRP5_HUMAN	10057	ABCC5	9.843	249	1	1	1.0	0.0	9.843
ADH1G_HUMAN	126	ADH1C	9.815	266	1	1	1.0	0.0	9.815
ANO1_HUMAN	55107	ANO1	9.811	268	1	5	1.0	0.0	9.811
DNJB7_HUMAN	150353	DNAJB7	9.811	268	1	0	1.0	0.0	9.811
SFRP2_HUMAN	6423	SFRP2	9.808	270	1	1	1.0	0.0	9.808
ING1_HUMAN	3621	ING1	9.803	273	1	1	1.0	0.0	9.803
NCOA3_HUMAN	8202	NCOA3	9.802	274	1	1	1.0	0.0	9.802
GATA6_HUMAN	2627	GATA6	9.785	285	1	3	1.0	0.0	9.785
PROX1_HUMAN	5629	PROX1	9.783	286	1	0	1.0	0.0	9.783
MOS_HUMAN	4342	MOS	9.782	287	1	0	1.0	0.0	9.782
FOXA1_HUMAN	3169	FOXA1	9.751	308	1	2	1.0	0.0	9.751
LGR5_HUMAN	8549	LGR5	9.726	326	1	0	1.0	0.0	9.726
TEBP_HUMAN	10728	PTGES3	9.71	338	1	0	1.0	0.0	9.71
UNG_HUMAN	7374	UNG	9.708	340	1	0	1.0	0.0	9.708
FANCA_HUMAN	2175	FANCA	9.707	341	1	1	1.0	0.0	9.707
CENPA_HUMAN	1058	CENPA	9.703	344	1	0	1.0	0.0	9.703
PRDX1_HUMAN	5052	PRDX1	9.693	352	1	1	1.0	0.0	9.693
CADM1_HUMAN	23705	CADM1	9.686	358	1	1	1.0	0.0	9.686
MSLN_HUMAN	10232	MSLN	9.683	360	1	1	1.0	0.0	9.683
SRC8_HUMAN	2017	CTTN	9.678	364	1	0	1.0	0.0	9.678
TNAP3_HUMAN	7128	TNFAIP3	9.676	366	1	0	1.0	0.0	9.676
3MG_HUMAN	4350	MPG	9.67	371	1	0	1.0	0.0	9.67
T53I2_HUMAN	58476	TP53INP2	9.669	372	1	1	1.0	0.0	9.669
ADRM1_HUMAN	11047	ADRM1	9.667	374	1	2	1.0	0.0	9.667
EPHA2_HUMAN	1969	EPHA2	9.638	399	1	3	1.0	0.0	9.638
EZRI_HUMAN	7430	EZR	9.63	407	1	0	1.0	0.0	9.63
CTND1_HUMAN	1500	CTNND1	9.62	416	1	1	1.0	0.0	9.62
STMN1_HUMAN	3925	STMN1	9.605	431	1	0	1.0	0.0	9.605
HNF1B_HUMAN	6928	HNF1B	9.59	446	1	0	1.0	0.0	9.59
ELAV1_HUMAN	1994	ELAVL1	9.583	453	1	0	1.0	0.0	9.583
GATA_HUMAN	55278	QRSL1	9.579	458	1	0	1.0	0.0	9.579
FBXW7_HUMAN	55294	FBXW7	9.564	474	1	1	1.0	0.0	9.564
ITA6_HUMAN	3655	ITGA6	9.53	512	1	0	1.0	0.0	9.53
CD82_HUMAN	3732	CD82	9.526	517	1	0	1.0	0.0	9.526
SAMP_HUMAN	325	APCS	9.501	548	1	2	1.0	0.0	9.501
SNF5_HUMAN	6598	SMARCB1	9.459	603	1	1	1.0	0.0	9.459
BIRC2_HUMAN	329	BIRC2	9.451	614	1	2	1.0	0.0	9.451
GPX1_HUMAN	2876	GPX1	9.408	679	1	1	1.0	0.0	9.408
ITAV_HUMAN	3685	ITGAV	9.408	678	1	0	1.0	0.0	9.408
PE2R4_HUMAN	5734	PTGER4	9.385	715	1	0	1.0	0.0	9.385
GATA4_HUMAN	2626	GATA4	9.377	729	1	0	1.0	0.0	9.377
ST1A1_HUMAN	6817	SULT1A1	9.377	728	1	1	1.0	0.0	9.377
IDHP_HUMAN	3418	IDH2	9.331	810	1	3	1.0	0.0	9.331
CATL1_HUMAN	1514	CTSL	9.316	839	1	0	1.0	0.0	9.316
ZEB1_HUMAN	6935	ZEB1	9.309	851	1	6	1.0	0.0	9.309
PMS2_HUMAN	5395	PMS2	9.295	879	1	1	1.0	0.0	9.295
RARB_HUMAN	5915	RARB	9.272	927	1	0	1.0	0.0	9.272
S10A9_HUMAN	6280	S100A9	9.261	952	1	0	1.0	0.0	9.261
NOS1_HUMAN	4842	NOS1	9.242	995	1	1	1.0	0.0	9.242
P73_HUMAN	7161	TP73	9.214	1060	1	0	1.0	0.0	9.214
OGG1_HUMAN	4968	OGG1	9.213	1062	1	0	1.0	0.0	9.213
TFPI1_HUMAN	7035	TFPI	9.207	1077	1	1	1.0	0.0	9.207
TGFR2_HUMAN	7048	TGFBR2	9.205	1083	1	0	1.0	0.0	9.205
SCN5A_HUMAN	6331	SCN5A	9.166	1183	1	0	1.0	0.0	9.166
PRKDC_HUMAN	5591	PRKDC	9.158	1205	1	1	1.0	0.0	9.158
ADA17_HUMAN	6868	ADAM17	9.153	1219	1	0	1.0	0.0	9.153
NR1I2_HUMAN	8856	NR1I2	9.15	1229	1	1	1.0	0.0	9.15
XRCC1_HUMAN	7515	XRCC1	9.145	1242	1	0	1.0	0.0	9.145
FGFR2_HUMAN	2263	FGFR2	9.127	1295	1	0	1.0	0.0	9.127
CASP7_HUMAN	840	CASP7	9.123	1307	1	0	1.0	0.0	9.123
CD24_HUMAN	100133941	CD24	9.11	1346	1	2	1.0	0.0	9.11
TSC1_HUMAN	7248	TSC1	9.099	1381	1	0	1.0	0.0	9.099
ADT2_HUMAN	292	SLC25A5	9.091	1407	1	0	1.0	0.0	9.091
NQO1_HUMAN	1728	NQO1	9.08	1445	1	0	1.0	0.0	9.08
E2F1_HUMAN	1869	E2F1	9.06	1512	1	0	1.0	0.0	9.06
CDK6_HUMAN	1021	CDK6	9.054	1532	1	2	1.0	0.0	9.054
CO1A2_HUMAN	1278	COL1A2	9.052	1539	1	0	1.0	0.0	9.052
MMP7_HUMAN	4316	MMP7	9.044	1567	1	0	1.0	0.0	9.044
CBP_HUMAN	1387	CREBBP	9.035	1601	1	0	1.0	0.0	9.035
CNR1_HUMAN	1268	CNR1	9.018	1665	1	0	1.0	0.0	9.018
CADH2_HUMAN	1000	CDH2	9.013	1685	1	0	1.0	0.0	9.013
CDN2B_HUMAN	1030	CDKN2B	8.978	1824	1	0	1.0	0.0	8.978
ERG_HUMAN	2078	ERG	8.97	1860	1	0	1.0	0.0	8.97
HSPB1_HUMAN	3315	HSPB1	8.965	1880	1	1	1.0	0.0	8.965
RAF1_HUMAN	5894	RAF1	8.952	1938	1	0	1.0	0.0	8.952
ZNF77_HUMAN	58492	ZNF77	8.938	2001	1	0	1.0	0.0	8.938
NGAL_HUMAN	3934	LCN2	8.93	2038	1	0	1.0	0.0	8.93
TYSY_HUMAN	7298	TYMS	8.904	2165	1	0	1.0	0.0	8.904
HPRT_HUMAN	3251	HPRT1	8.892	2227	1	0	1.0	0.0	8.892
HLAG_HUMAN	3135	HLA-G	8.888	2247	1	0	1.0	0.0	8.888
RASH_HUMAN	3265	HRAS	8.885	2263	1	0	1.0	0.0	8.885
K2C7_HUMAN	3855	KRT7	8.885	2263	1	0	1.0	0.0	8.885
GSTP1_HUMAN	2950	GSTP1	8.865	2367	1	0	1.0	0.0	8.865
P63_HUMAN	8626	TP63	8.864	2371	1	0	1.0	0.0	8.864
ABCG2_HUMAN	9429	ABCG2	8.856	2419	1	0	1.0	0.0	8.856
GTR1_HUMAN	6513	SLC2A1	8.853	2436	1	0	1.0	0.0	8.853
B3GA1_HUMAN	27087	B3GAT1	8.847	2467	1	0	1.0	0.0	8.847
RASN_HUMAN	4893	NRAS	8.834	2546	1	0	1.0	0.0	8.834
PD1L1_HUMAN	29126	CD274	8.83	2564	1	0	1.0	0.0	8.83
MCL1_HUMAN	4170	MCL1	8.813	2669	1	2	1.0	0.0	8.813
STAT1_HUMAN	6772	STAT1	8.785	2847	1	0	1.0	0.0	8.785
GSTK1_HUMAN	373156	GSTK1	8.751	3077	1	0	1.0	0.0	8.751
CMGA_HUMAN	1113	CHGA	8.701	3455	1	0	1.0	0.0	8.701
ELN_HUMAN	2006	ELN	8.691	3538	1	2	1.0	0.0	8.691
MBP_HUMAN	4155	MBP	8.682	3613	1	3	1.0	0.0	8.682
TEN1_HUMAN	10178	TENM1	8.667	3736	1	5	1.0	0.0	8.667
CCR5_HUMAN	1234	CCR5	8.663	3774	1	0	1.0	0.0	8.663
PPB1_HUMAN	250	ALPP	8.638	3991	1	0	1.0	0.0	8.638
RET_HUMAN	5979	RET	8.611	4253	1	0	1.0	0.0	8.611
TNFL6_HUMAN	356	FASLG	8.587	4494	1	1	1.0	0.0	8.587
GLI2_HUMAN	2736	GLI2	8.553	4855	1	0	1.0	0.0	8.553
IBP3_HUMAN	3486	IGFBP3	8.54	4998	1	1	1.0	0.0	8.54
IGF2_HUMAN	3481	IGF2	8.535	5059	1	0	1.0	0.0	8.535
GAST_HUMAN	2520	GAST	8.529	5136	1	0	1.0	0.0	8.529
NF1_HUMAN	4763	NF1	8.528	5140	1	0	1.0	0.0	8.528
PPARG_HUMAN	5468	PPARG	8.51	5362	1	0	1.0	0.0	8.51
TLR4_HUMAN	7099	TLR4	8.43	6440	1	0	1.0	0.0	8.43
PARP1_HUMAN	142	PARP1	8.421	6579	1	0	1.0	0.0	8.421
HIF1A_HUMAN	3091	HIF1A	8.386	7140	1	0	1.0	0.0	8.386
STAT3_HUMAN	6774	STAT3	8.382	7199	1	0	1.0	0.0	8.382
KCMB2_HUMAN	10242	KCNMB2	8.33	8108	1	0	1.0	0.0	8.33
PGH2_HUMAN	5743	PTGS2	8.319	8324	1	0	1.0	0.0	8.319
IL2RA_HUMAN	3559	IL2RA	8.295	8791	1	0	1.0	0.0	8.295
K1C20_HUMAN	54474	KRT20	8.235	10103	1	0	1.0	0.0	8.235
MTOR_HUMAN	2475	MTOR	8.075	14590	1	0	1.0	0.0	8.075
AKT1_HUMAN	207	AKT1	7.972	18505	1	1	1.0	0.0	7.972
CASP3_HUMAN	836	CASP3	7.953	19304	1	0	1.0	0.0	7.953
MK01_HUMAN	5594	MAPK1	7.906	21517	1	1	1.0	0.0	7.906
TGFB1_HUMAN	7040	TGFB1	7.851	24445	1	0	1.0	0.0	7.851
IL2_HUMAN	3558	IL2	7.76	30132	1	0	1.0	0.0	7.76
TNFA_HUMAN	7124	TNF	7.359	75731	1	0	1.0	0.0	7.359
