Big_T	16552
Big_F	17252753
UniProtKB_ID	GeneID	Gene_Name	PPS	Big_P	T+P	Citation	1+Log(T+P)	log10((Cit/yr+1)/10)	1+log10(F/T)+log10(F/P)
ALK_HUMAN	238	ALK	41.467	2791	291	701	3.464	1.846	7.809
EGFR_HUMAN	1956	EGFR	36.074	30695	290	737	3.462	1.868	6.768
ETV6_HUMAN	2120	ETV6	35.222	1723	252	97	3.401	0.991	8.018
IKZF1_HUMAN	10320	IKZF1	34.802	508	75	156	2.875	1.196	8.549
ABL1_HUMAN	25	ABL1	34.771	6311	251	183	3.4	1.265	7.455
MYC_HUMAN	4609	MYC	34.444	10313	241	236	3.382	1.375	7.241
ARF_HUMAN	1029	CDKN2A	33.423	9187	218	175	3.338	1.246	7.291
KMT2A_HUMAN	4297	KMT2A	32.879	2095	170	81	3.23	0.914	7.934
NOTC1_HUMAN	4851	NOTCH1	32.456	2179	62	202	2.792	1.307	7.916
MALT1_HUMAN	10892	MALT1	31.328	197	64	48	2.806	0.69	8.96
MYD88_HUMAN	4615	MYD88	29.327	1229	42	92	2.623	0.968	8.165
JAK2_HUMAN	3717	JAK2	29.281	4222	82	83	2.914	0.924	7.629
FLT3_HUMAN	2322	FLT3	29.03	2594	84	59	2.924	0.778	7.841
BCL2_HUMAN	596	BCL2	28.666	23522	174	83	3.241	0.924	6.883
P53_HUMAN	7157	TP53	27.72	46130	206	77	3.314	0.892	6.591
EZH2_HUMAN	2146	EZH2	26.854	1309	21	94	2.322	0.978	8.138
A0A024R7K5_HUMAN	100271849	MEF2B	26.474	30	6	84	1.778	0.929	9.778
BCL6_HUMAN	604	BCL6	26.315	1300	61	27	2.785	0.447	8.141
DDIT3_HUMAN	1649	DDIT3	25.897	4779	69	37	2.839	0.58	7.575
CBP_HUMAN	1387	CREBBP	24.992	1601	24	52	2.38	0.724	8.05
CCND1_HUMAN	595	CCND1	23.427	9412	75	21	2.875	0.342	7.281
BTK_HUMAN	695	BTK	23.293	859	14	44	2.146	0.653	8.321
SH21A_HUMAN	4068	SH2D1A	23.134	412	28	16	2.447	0.23	8.64
PAX5_HUMAN	5079	PAX5	23.109	1964	17	46	2.23	0.672	7.962
JAK1_HUMAN	3716	JAK1	23.108	1047	16	39	2.204	0.602	8.235
ASXL1_HUMAN	171023	ASXL1	23.108	351	10	44	2.0	0.653	8.709
SPYA_HUMAN	189	AGXT	22.932	1156	63	0	2.799	0.0	8.192
NEP_HUMAN	4311	MME	22.924	4534	104	8	3.017	0.0	7.598
SH2B3_HUMAN	10019	SH2B3	22.902	145	6	54	1.778	0.74	9.093
BRAF_HUMAN	673	BRAF	22.822	6965	30	39	2.477	0.602	7.412
DNM3A_HUMAN	1788	DNMT3A	22.641	930	15	35	2.176	0.556	8.286
CTCF_HUMAN	10664	CTCF	22.443	508	2	210	1.301	1.324	8.549
CEBPA_HUMAN	1050	CEBPA	22.32	1727	19	31	2.279	0.505	8.017
ATM_HUMAN	472	ATM	21.992	2339	41	14	2.613	0.176	7.886
RASH_HUMAN	3265	HRAS	21.611	2263	16	33	2.204	0.531	7.9
CRLF2_HUMAN	64109	CRLF2	21.588	184	7	35	1.845	0.556	8.99
RUNX1_HUMAN	861	RUNX1	21.436	2302	40	12	2.602	0.114	7.893
MYB_HUMAN	4602	MYB	21.393	1079	8	49	1.903	0.699	8.222
PDLI7_HUMAN	9260	PDLIM7	21.141	1246	39	1	2.591	0.0	8.159
K1C20_HUMAN	54474	KRT20	21.125	10103	41	19	2.613	0.301	7.25
CDN1B_HUMAN	1027	CDKN1B	21.075	3007	27	18	2.431	0.279	7.777
TDT_HUMAN	1791	DNTT	20.993	1787	42	3	2.623	0.0	8.003
FCER2_HUMAN	2208	FCER2	20.873	1985	42	6	2.623	0.0	7.957
PBX1_HUMAN	5087	PBX1	20.646	276	22	7	2.342	0.0	8.814
CDK4_HUMAN	1019	CDK4	20.58	3335	27	16	2.431	0.23	7.732
TNR6_HUMAN	355	FAS	20.548	2871	27	15	2.431	0.204	7.797
CDN1A_HUMAN	1026	CDKN1A	20.366	5857	21	24	2.322	0.398	7.487
TLX3_HUMAN	30012	TLX3	20.257	74	12	11	2.079	0.079	9.385
IL2RG_HUMAN	3561	IL2RG	20.013	585	4	56	1.602	0.756	8.488
AMPN_HUMAN	290	ANPEP	20.006	2249	34	1	2.531	0.0	7.903
NFKB1_HUMAN	4790	NFKB1	19.975	9691	14	39	2.146	0.602	7.268
FGFR1_HUMAN	2260	FGFR1	19.921	1615	23	12	2.362	0.114	8.047
AKT1_HUMAN	207	AKT1	19.849	18505	21	32	2.322	0.519	6.987
RASK_HUMAN	3845	KRAS	19.823	10492	25	21	2.398	0.342	7.234
IRF4_HUMAN	3662	IRF4	19.813	378	12	15	2.079	0.204	8.677
TSYL2_HUMAN	64061	TSPYL2	19.65	860	23	0	2.362	0.0	8.32
FANCB_HUMAN	2187	FANCB	19.627	4785	39	2	2.591	0.0	7.575
NBN_HUMAN	4683	NBN	19.55	1099	24	4	2.38	0.0	8.214
TET2_HUMAN	54790	TET2	19.383	550	9	20	1.954	0.322	8.514
TAL1_HUMAN	6886	TAL1	19.3	315	16	4	2.204	0.0	8.756
MSH6_HUMAN	2956	MSH6	18.899	1307	21	7	2.322	0.0	8.138
HPRT_HUMAN	3251	HPRT1	18.82	2227	24	1	2.38	0.0	7.907
CR1_HUMAN	1378	CR1	18.804	2262	24	3	2.38	0.0	7.9
TPMT_HUMAN	7172	TPMT	18.714	732	17	4	2.23	0.0	8.39
TLX1_HUMAN	3195	TLX1	18.64	86	10	7	2.0	0.0	9.32
BCL10_HUMAN	8915	BCL10	18.518	223	12	7	2.079	0.0	8.906
TEBP_HUMAN	10728	PTGES3	18.446	338	13	2	2.114	0.0	8.726
TNR8_HUMAN	943	TNFRSF8	18.431	2823	23	0	2.362	0.0	7.804
IL7RA_HUMAN	3575	IL7R	18.302	936	6	26	1.778	0.431	8.283
ASGL1_HUMAN	80150	ASRGL1	17.902	1178	14	10	2.146	0.041	8.184
C2TA_HUMAN	4261	CIITA	17.855	375	6	18	1.778	0.279	8.681
AICDA_HUMAN	57379	AICDA	17.85	3697	15	13	2.176	0.146	7.687
ANPRB_HUMAN	4882	NPR2	17.849	421	9	12	1.954	0.114	8.63
FUT4_HUMAN	2526	FUT4	17.811	1860	17	1	2.23	0.0	7.985
TNAP3_HUMAN	7128	TNFAIP3	17.81	366	8	13	1.903	0.146	8.691
IDHC_HUMAN	3417	IDH1	17.803	1683	15	10	2.176	0.041	8.029
CAR11_HUMAN	84433	CARD11	17.784	103	3	27	1.477	0.447	9.242
MDM2_HUMAN	4193	MDM2	17.558	3545	19	6	2.279	0.0	7.705
DOCK8_HUMAN	81704	DOCK8	17.557	107	4	19	1.602	0.301	9.225
RASN_HUMAN	4893	NRAS	17.506	2546	17	0	2.23	0.0	7.849
CD24_HUMAN	100133941	CD24	17.177	1346	13	0	2.114	0.0	8.126
NPM_HUMAN	4869	NPM1	17.174	1351	13	2	2.114	0.0	8.124
S35B2_HUMAN	347734	SLC35B2	17.16	90	7	0	1.845	0.0	9.3
CSF3_HUMAN	1440	CSF3	17.076	12033	24	2	2.38	0.0	7.174
PD1L1_HUMAN	29126	CD274	17.073	2564	5	29	1.699	0.477	7.846
GSTM1_HUMAN	2944	GSTM1	17.027	2692	15	1	2.176	0.0	7.825
ZAP70_HUMAN	7535	ZAP70	16.961	1251	12	5	2.079	0.0	8.157
MTHR_HUMAN	4524	MTHFR	16.952	4515	17	2	2.23	0.0	7.6
DPOE4_HUMAN	56655	POLE4	16.872	418	9	0	1.954	0.0	8.634
GCR_HUMAN	2908	NR3C1	16.849	3252	15	5	2.176	0.0	7.743
NCAM1_HUMAN	4684	NCAM1	16.808	6337	18	6	2.255	0.0	7.453
NOTC2_HUMAN	4853	NOTCH2	16.805	498	4	22	1.602	0.362	8.557
KIT_HUMAN	3815	KIT	16.785	6488	18	4	2.255	0.0	7.443
DNLI4_HUMAN	3981	LIG4	16.75	355	7	11	1.845	0.079	8.704
AF10_HUMAN	8028	MLLT10	16.74	152	7	2	1.845	0.0	9.073
CBL_HUMAN	867	CBL	16.732	774	10	4	2.0	0.0	8.366
RB_HUMAN	5925	RB1	16.731	4614	16	0	2.204	0.0	7.591
SF3B1_HUMAN	23451	SF3B1	16.73	291	8	7	1.903	0.0	8.791
ZN384_HUMAN	171017	ZNF384	16.717	26	5	1	1.699	0.0	9.84
STAT3_HUMAN	6774	STAT3	16.683	7199	10	17	2.0	0.255	7.397
EMAL4_HUMAN	27436	EML4	16.663	509	1	88	1.0	0.949	8.548
ROS1_HUMAN	6098	ROS1	16.644	425	5	16	1.699	0.23	8.626
RHOH_HUMAN	399	RHOH	16.629	80	6	1	1.778	0.0	9.352
TCL1A_HUMAN	8115	TCL1A	16.474	212	7	1	1.845	0.0	8.928
FCG3A_HUMAN	2214	FCGR3A	16.436	5507	11	13	2.041	0.146	7.514
PTN11_HUMAN	5781	PTPN11	16.388	1150	10	5	2.0	0.0	8.194
IL2_HUMAN	3558	IL2	16.362	30132	26	4	2.415	0.0	6.775
B2L11_HUMAN	10018	BCL2L11	16.349	365	4	18	1.602	0.279	8.692
CR2_HUMAN	1380	CR2	16.323	1815	11	8	2.041	0.0	7.996
CDN2B_HUMAN	1030	CDKN2B	16.318	1824	11	4	2.041	0.0	7.994
TFE2_HUMAN	6929	TCF3	16.313	482	8	3	1.903	0.0	8.572
STIL_HUMAN	6491	STIL	16.304	487	8	2	1.903	0.0	8.567
CD5_HUMAN	921	CD5	16.301	3497	13	1	2.114	0.0	7.711
PTEN_HUMAN	5728	PTEN	16.294	6259	9	16	1.954	0.23	7.458
PML_HUMAN	5371	PML	16.148	1516	10	6	2.0	0.0	8.074
CD4_HUMAN	920	CD4	16.132	54739	23	12	2.362	0.114	6.516
MDR1_HUMAN	5243	ABCB1	16.124	10598	17	5	2.23	0.0	7.229
TNFL6_HUMAN	356	FASLG	16.07	4494	13	4	2.114	0.0	7.602
CSF2_HUMAN	1437	CSF2	15.965	14987	18	0	2.255	0.0	7.079
CHP1_HUMAN	11261	CHP1	15.942	755	8	0	1.903	0.0	8.377
CYLD_HUMAN	1540	CYLD	15.887	209	6	4	1.778	0.0	8.935
CSF1R_HUMAN	1436	CSF1R	15.829	865	8	3	1.903	0.0	8.318
NUP98_HUMAN	4928	NUP98	15.827	226	6	0	1.778	0.0	8.901
CD19_HUMAN	930	CD19	15.814	5943	13	9	2.114	0.0	7.481
WT1_HUMAN	7490	WT1	15.788	2295	10	2	2.0	0.0	7.894
ERBB2_HUMAN	2064	ERBB2	15.784	26330	17	11	2.23	0.079	6.834
CLH1_HUMAN	1213	CLTC	15.769	94	5	2	1.699	0.0	9.282
CD2_HUMAN	914	CD2	15.682	3738	11	0	2.041	0.0	7.682
CD22_HUMAN	933	CD22	15.601	1140	8	5	1.903	0.0	8.198
FOXO1_HUMAN	2308	FOXO1	15.585	1163	8	9	1.903	0.0	8.189
PERF_HUMAN	5551	PRF1	15.56	319	6	2	1.778	0.0	8.751
HLF_HUMAN	3131	HLF	15.544	326	6	5	1.778	0.0	8.742
CSF3R_HUMAN	1441	CSF3R	15.503	469	4	15	1.602	0.204	8.584
FOXP1_HUMAN	27086	FOXP1	15.487	351	6	7	1.778	0.0	8.709
HXA7_HUMAN	3204	HOXA7	15.475	140	5	1	1.699	0.0	9.109
HLAG_HUMAN	3135	HLA-G	15.445	2247	9	2	1.954	0.0	7.903
ETS1_HUMAN	2113	ETS1	15.417	793	7	2	1.845	0.0	8.355
PREB_HUMAN	10113	PREB	15.363	163	5	2	1.699	0.0	9.043
CDK6_HUMAN	1021	CDK6	15.357	1532	8	3	1.903	0.0	8.069
CD34_HUMAN	947	CD34	15.283	20916	16	1	2.204	0.0	6.934
LYL1_HUMAN	4066	LYL1	15.243	55	4	9	1.602	0.0	9.514
IL2RA_HUMAN	3559	IL2RA	15.2	8791	12	0	2.079	0.0	7.311
RBTN2_HUMAN	4005	LMO2	15.093	235	5	8	1.699	0.0	8.884
ID3_HUMAN	3399	ID3	15.065	244	5	9	1.699	0.0	8.867
CEBPZ_HUMAN	10153	CEBPZ	15.024	258	5	1	1.699	0.0	8.843
JAK3_HUMAN	3718	JAK3	15.019	643	6	9	1.778	0.0	8.447
FGFR3_HUMAN	2261	FGFR3	15.014	1310	7	6	1.845	0.0	8.137
MSH2_HUMAN	4436	MSH2	14.919	2603	8	5	1.903	0.0	7.839
MCL1_HUMAN	4170	MCL1	14.898	2669	8	4	1.903	0.0	7.828
PRDM1_HUMAN	639	PRDM1	14.893	308	5	7	1.699	0.0	8.766
IDHP_HUMAN	3418	IDH2	14.841	810	4	14	1.602	0.176	8.346
BC11B_HUMAN	64919	BCL11B	14.834	99	4	9	1.602	0.0	9.259
CADM1_HUMAN	23705	CADM1	14.782	358	5	1	1.699	0.0	8.701
NAV3_HUMAN	89795	NAV3	14.642	22	3	0	1.477	0.0	9.912
CD27_HUMAN	939	CD27	14.636	1519	5	12	1.699	0.114	8.073
UN13D_HUMAN	201294	UNC13D	14.628	133	4	2	1.602	0.0	9.131
CTNB1_HUMAN	1499	CTNNB1	14.616	8844	10	3	2.0	0.0	7.308
FCGRN_HUMAN	2217	FCGRT	14.555	1173	6	1	1.778	0.0	8.185
B2MG_HUMAN	567	B2M	14.548	6463	9	3	1.954	0.0	7.444
TERT_HUMAN	7015	TERT	14.515	4242	8	3	1.903	0.0	7.627
NFKB2_HUMAN	4791	NFKB2	14.508	519	5	4	1.699	0.0	8.54
DYR_HUMAN	1719	DHFR	14.473	1305	6	0	1.778	0.0	8.139
CHK2_HUMAN	11200	CHEK2	14.444	1355	6	7	1.778	0.0	8.123
COE1_HUMAN	1879	EBF1	14.402	184	4	6	1.602	0.0	8.99
CASP_HUMAN	1523	CUX1	14.383	615	5	8	1.699	0.0	8.466
NF1_HUMAN	4763	NF1	14.356	5140	8	5	1.903	0.0	7.544
CD52_HUMAN	1043	CD52	14.355	639	5	0	1.699	0.0	8.449
CDK2_HUMAN	1017	CDK2	14.315	3134	7	2	1.845	0.0	7.759
CRKL_HUMAN	1399	CRKL	14.288	217	4	1	1.602	0.0	8.918
MLF1_HUMAN	4291	MLF1	14.227	42	3	1	1.477	0.0	9.631
CNTP1_HUMAN	8506	CNTNAP1	14.2	246	4	0	1.602	0.0	8.864
BRCA1_HUMAN	672	BRCA1	14.199	9743	9	4	1.954	0.0	7.266
EXT1_HUMAN	2131	EXT1	14.198	247	4	1	1.602	0.0	8.862
MTOR_HUMAN	2475	MTOR	14.181	14590	10	8	2.0	0.0	7.09
PERM_HUMAN	4353	MPO	14.181	6357	8	0	1.903	0.0	7.451
AFF3_HUMAN	3899	AFF3	14.141	48	3	0	1.477	0.0	9.573
PGFRA_HUMAN	5156	PDGFRA	14.135	2020	6	4	1.778	0.0	7.949
S10AA_HUMAN	6281	S100A10	14.12	879	5	0	1.699	0.0	8.311
CDR2_HUMAN	1039	CDR2	14.083	291	4	1	1.602	0.0	8.791
HCFC1_HUMAN	3054	HCFC1	13.994	2426	6	3	1.778	0.0	7.87
FANCA_HUMAN	2175	FANCA	13.973	341	4	0	1.602	0.0	8.722
IFNG_HUMAN	3458	IFNG	13.967	34431	12	1	2.079	0.0	6.718
DPOLM_HUMAN	27434	POLM	13.947	65	3	4	1.477	0.0	9.442
EVI1_HUMAN	2122	MECOM	13.941	357	4	0	1.602	0.0	8.702
PHF6_HUMAN	84295	PHF6	13.937	66	3	3	1.477	0.0	9.435
CSF1_HUMAN	1435	CSF1	13.936	2616	6	1	1.778	0.0	7.837
TFG_HUMAN	10342	TFG	13.899	70	3	2	1.477	0.0	9.41
KMT2D_HUMAN	8085	KMT2D	13.861	160	1	33	1.0	0.531	9.051
EP300_HUMAN	2033	EP300	13.821	3033	6	6	1.778	0.0	7.773
IKZF3_HUMAN	22806	IKZF3	13.813	80	3	4	1.477	0.0	9.352
DCK_HUMAN	1633	DCK	13.783	448	4	1	1.602	0.0	8.603
MLH1_HUMAN	4292	MLH1	13.772	3231	6	1	1.778	0.0	7.745
CE85L_HUMAN	387119	CEP85L	13.733	5	2	1	1.301	0.0	10.556
BTG1_HUMAN	694	BTG1	13.731	91	3	2	1.477	0.0	9.296
BCR_HUMAN	613	BCR	13.729	1492	5	0	1.699	0.0	8.081
HAX1_HUMAN	10456	HAX1	13.57	117	3	0	1.477	0.0	9.187
KDSR_HUMAN	2531	KDSR	13.543	7	2	0	1.301	0.0	10.41
ITK_HUMAN	3702	ITK	13.513	661	4	3	1.602	0.0	8.435
GNA13_HUMAN	10672	GNA13	13.512	128	3	3	1.477	0.0	9.148
REL_HUMAN	5966	REL	13.494	679	4	3	1.602	0.0	8.423
THRB_HUMAN	2147	F2	13.489	14673	8	0	1.903	0.0	7.088
RTL3_HUMAN	203430	RTL3	13.468	8	2	0	1.301	0.0	10.352
LYN_HUMAN	4067	LYN	13.442	640	1	38	1.0	0.591	8.449
FHIT_HUMAN	2272	FHIT	13.415	760	4	1	1.602	0.0	8.374
KINH_HUMAN	3799	KIF5B	13.345	108	1	27	1.0	0.447	9.221
FRYL_HUMAN	285527	FRYL	13.342	10	2	0	1.301	0.0	10.255
EWS_HUMAN	2130	EWSR1	13.328	862	4	8	1.602	0.0	8.319
LCK_HUMAN	3932	LCK	13.32	872	4	0	1.602	0.0	8.314
MGMT_HUMAN	4255	MGMT	13.319	2601	5	0	1.699	0.0	7.84
PMS2_HUMAN	5395	PMS2	13.314	879	4	1	1.602	0.0	8.311
BAX_HUMAN	581	BAX	13.293	11225	7	0	1.845	0.0	7.204
PTPRC_HUMAN	5788	PTPRC	13.275	6151	6	0	1.778	0.0	7.466
GATA1_HUMAN	2623	GATA1	13.258	953	4	0	1.602	0.0	8.276
BCL3_HUMAN	602	BCL3	13.252	192	3	0	1.477	0.0	8.971
KLF2_HUMAN	10365	KLF2	13.242	195	3	1	1.477	0.0	8.965
PARP1_HUMAN	142	PARP1	13.223	6579	6	8	1.778	0.0	7.437
FA5_HUMAN	2153	F5	13.206	3031	5	1	1.699	0.0	7.773
P73_HUMAN	7161	TP73	13.184	1060	4	1	1.602	0.0	8.229
S19A1_HUMAN	6573	SLC19A1	13.167	219	3	2	1.477	0.0	8.914
CEBPB_HUMAN	1051	CEBPB	13.16	1097	4	4	1.602	0.0	8.215
MTAP_HUMAN	4507	MTAP	13.153	224	3	1	1.477	0.0	8.904
GLPA_HUMAN	2993	GYPA	13.135	1138	4	0	1.602	0.0	8.199
CDR1_HUMAN	1038	CDR1	13.114	1172	4	2	1.602	0.0	8.186
TN13B_HUMAN	10673	TNFSF13B	13.066	1256	4	1	1.602	0.0	8.156
TWSG1_HUMAN	57045	TWSG1	13.065	257	3	0	1.477	0.0	8.845
CHK1_HUMAN	1111	CHEK1	13.063	1262	4	2	1.602	0.0	8.154
5NTC_HUMAN	22978	NT5C2	13.033	394	2	15	1.301	0.204	8.659
FR1OP_HUMAN	11116	FGFR1OP	13.01	18	2	1	1.301	0.0	9.999
CCR7_HUMAN	1236	CCR7	12.986	1409	4	7	1.602	0.0	8.106
CD38_HUMAN	952	CD38	12.985	4089	5	0	1.699	0.0	7.643
NQO1_HUMAN	1728	NQO1	12.968	1445	4	1	1.602	0.0	8.095
XIAP_HUMAN	331	XIAP	12.904	1584	4	4	1.602	0.0	8.055
HFE_HUMAN	3077	HFE	12.899	1596	4	0	1.602	0.0	8.052
TRAF3_HUMAN	7187	TRAF3	12.858	355	3	0	1.477	0.0	8.704
IKBE_HUMAN	4794	NFKBIE	12.802	26	2	5	1.301	0.0	9.84
ERG_HUMAN	2078	ERG	12.793	1860	4	2	1.602	0.0	7.985
MYH11_HUMAN	4629	MYH11	12.791	394	3	0	1.477	0.0	8.659
RAG1_HUMAN	5896	RAG1	12.762	412	3	7	1.477	0.0	8.64
IL6_HUMAN	3569	IL6	12.75	53611	9	6	1.954	0.0	6.524
CSPG4_HUMAN	1464	CSPG4	12.718	441	3	0	1.477	0.0	8.61
PK3CD_HUMAN	5293	PIK3CD	12.715	6997	4	12	1.602	0.114	7.41
TOM1_HUMAN	10043	TOM1	12.702	31	2	0	1.301	0.0	9.763
LEF1_HUMAN	51176	LEF1	12.701	453	3	6	1.477	0.0	8.599
SCYL1_HUMAN	57410	SCYL1	12.634	35	2	0	1.301	0.0	9.711
P2RY8_HUMAN	286530	P2RY8	12.634	35	2	2	1.301	0.0	9.711
RHOA_HUMAN	387	RHOA	12.628	2356	4	8	1.602	0.0	7.882
PTPRK_HUMAN	5796	PTPRK	12.618	36	2	5	1.301	0.0	9.698
PIM1_HUMAN	5292	PIM1	12.614	519	3	5	1.477	0.0	8.54
DAPK1_HUMAN	1612	DAPK1	12.61	522	3	3	1.477	0.0	8.537
CREB1_HUMAN	1385	CREB1	12.597	2466	4	1	1.602	0.0	7.863
B3GA1_HUMAN	27087	B3GAT1	12.596	2467	4	1	1.602	0.0	7.863
ETV7_HUMAN	51513	ETV7	12.573	39	2	1	1.301	0.0	9.664
FCRL4_HUMAN	83417	FCRL4	12.505	44	2	1	1.301	0.0	9.611
CCND3_HUMAN	896	CCND3	12.501	619	3	0	1.477	0.0	8.463
ISG20_HUMAN	3669	ISG20	12.497	623	3	3	1.477	0.0	8.46
HES1_HUMAN	3280	HES1	12.46	660	3	7	1.477	0.0	8.435
INSR_HUMAN	3643	INSR	12.451	3040	4	0	1.602	0.0	7.772
CNTRL_HUMAN	11064	CNTRL	12.421	51	2	0	1.301	0.0	9.547
DCR1C_HUMAN	64421	DCLRE1C	12.421	51	2	3	1.301	0.0	9.547
CDN1C_HUMAN	1028	CDKN1C	12.42	702	3	0	1.477	0.0	8.408
ATN1_HUMAN	1822	ATN1	12.374	755	3	9	1.477	0.0	8.377
RBTN1_HUMAN	4004	LMO1	12.368	56	2	2	1.301	0.0	9.507
GLCM_HUMAN	2629	GBA	12.347	787	3	1	1.477	0.0	8.359
DTX1_HUMAN	1840	DTX1	12.329	60	2	9	1.301	0.0	9.477
CNTN2_HUMAN	6900	CNTN2	12.313	830	3	1	1.477	0.0	8.336
ZMYM2_HUMAN	7750	ZMYM2	12.275	66	2	2	1.301	0.0	9.435
ABL2_HUMAN	27	ABL2	12.267	67	2	0	1.301	0.0	9.429
CCR4_HUMAN	1233	CCR4	12.252	912	3	5	1.477	0.0	8.295
HIF1A_HUMAN	3091	HIF1A	12.235	7140	3	14	1.477	0.176	7.401
ATR_HUMAN	545	ATR	12.232	941	3	0	1.477	0.0	8.281
ICAM1_HUMAN	3383	ICAM1	12.212	11659	5	0	1.699	0.0	7.188
TMED3_HUMAN	23423	TMED3	12.211	74	2	0	1.301	0.0	9.385
FOS_HUMAN	2353	FOS	12.193	4405	4	1	1.602	0.0	7.611
IF4A2_HUMAN	1974	EIF4A2	12.16	81	2	1	1.301	0.0	9.346
FOXO3_HUMAN	2309	FOXO3	12.155	1061	3	2	1.477	0.0	8.229
KC1A_HUMAN	1452	CSNK1A1	12.153	82	2	2	1.301	0.0	9.341
NPT2B_HUMAN	10568	SLC34A2	12.153	82	2	7	1.301	0.0	9.341
TGFR2_HUMAN	7048	TGFBR2	12.142	1083	3	0	1.477	0.0	8.22
SO1B1_HUMAN	10599	SLCO1B1	12.122	756	2	13	1.301	0.146	8.376
CEAM5_HUMAN	1048	CEACAM5	12.119	490	2	12	1.301	0.114	8.565
AURKA_HUMAN	6790	AURKA	12.113	1134	3	0	1.477	0.0	8.2
SCAR3_HUMAN	51435	SCARA3	12.107	304	2	11	1.301	0.079	8.772
CD8A_HUMAN	925	CD8A	12.078	28961	6	1	1.778	0.0	6.792
IKZF2_HUMAN	22807	IKZF2	12.07	95	2	0	1.301	0.0	9.277
NPAT_HUMAN	4863	NPAT	12.064	96	2	1	1.301	0.0	9.272
1A01_HUMAN	3105	HLA-A	12.058	5350	4	0	1.602	0.0	7.526
NU214_HUMAN	8021	NUP214	12.058	97	2	1	1.301	0.0	9.268
ELF1_HUMAN	1997	ELF1	12.035	101	2	0	1.301	0.0	9.25
NECT2_HUMAN	5819	NECTIN2	12.035	101	2	0	1.301	0.0	9.25
POTEF_HUMAN	728378	POTEF	11.968	1421	3	4	1.477	0.0	8.102
FMR1_HUMAN	2332	FMR1	11.967	1423	3	0	1.477	0.0	8.102
TNFB_HUMAN	4049	LTA	11.931	1506	3	0	1.477	0.0	8.077
NFYA_HUMAN	4800	NFYA	11.919	124	2	0	1.301	0.0	9.161
SOX11_HUMAN	6664	SOX11	11.892	130	2	0	1.301	0.0	9.141
GDIR1_HUMAN	396	ARHGDIA	11.867	136	2	2	1.301	0.0	9.121
PRDM2_HUMAN	7799	PRDM2	11.859	138	2	0	1.301	0.0	9.115
S14L2_HUMAN	23541	SEC14L2	11.808	151	2	0	1.301	0.0	9.076
RARA_HUMAN	5914	RARA	11.801	1844	3	0	1.477	0.0	7.989
FHL2_HUMAN	2274	FHL2	11.797	154	2	1	1.301	0.0	9.067
SEPT9_HUMAN	10801	SEPT9	11.793	155	2	0	1.301	0.0	9.064
GRAB_HUMAN	3002	GZMB	11.784	1893	3	0	1.477	0.0	7.978
ID4_HUMAN	3400	ID4	11.772	161	2	1	1.301	0.0	9.048
IL21R_HUMAN	50615	IL21R	11.772	161	2	2	1.301	0.0	9.048
GSTT1_HUMAN	2952	GSTT1	11.771	1930	3	0	1.477	0.0	7.969
PCSK7_HUMAN	9159	PCSK7	11.768	162	2	0	1.301	0.0	9.045
ZHX2_HUMAN	22882	ZHX2	11.763	1955	3	7	1.477	0.0	7.964
IF5A1_HUMAN	1984	EIF5A	11.754	166	2	9	1.301	0.0	9.035
RCC1_HUMAN	1104	RCC1	11.724	175	2	0	1.301	0.0	9.012
IL1A_HUMAN	3552	IL1A	11.718	14669	3	14	1.477	0.176	7.088
L0N195_HUMAN	3439	IFNA1	11.713	8773	4	1	1.602	0.0	7.311
IL7_HUMAN	3574	IL7	11.693	2180	3	0	1.477	0.0	7.916
CDN2C_HUMAN	1031	CDKN2C	11.681	189	2	6	1.301	0.0	8.978
RECQ4_HUMAN	9401	RECQL4	11.675	191	2	4	1.301	0.0	8.974
FGR_HUMAN	2268	FGR	11.669	193	2	0	1.301	0.0	8.969
ADA_HUMAN	100	ADA	11.657	2306	3	0	1.477	0.0	7.892
TMED2_HUMAN	10959	TMED2	11.642	2361	3	0	1.477	0.0	7.882
GSTP1_HUMAN	2950	GSTP1	11.64	2367	3	0	1.477	0.0	7.88
BC11A_HUMAN	53335	BCL11A	11.619	211	2	2	1.301	0.0	8.93
ELNE_HUMAN	1991	ELANE	11.618	2453	3	0	1.477	0.0	7.865
CEBPE_HUMAN	1053	CEBPE	11.613	213	2	0	1.301	0.0	8.926
CD33_HUMAN	945	CD33	11.61	2483	3	0	1.477	0.0	7.86
LIPL_HUMAN	4023	LPL	11.603	2508	3	3	1.477	0.0	7.855
FETA_HUMAN	174	AFP	11.599	10333	4	1	1.602	0.0	7.24
SYRC_HUMAN	5917	RARS	11.58	226	2	0	1.301	0.0	8.901
FOLC_HUMAN	2356	FPGS	11.575	228	2	0	1.301	0.0	8.897
EF1A1_HUMAN	1915	EEF1A1	11.534	245	2	0	1.301	0.0	8.866
CRK_HUMAN	1398	CRK	11.492	264	2	0	1.301	0.0	8.833
HS90A_HUMAN	3320	HSP90AA1	11.491	2989	3	1	1.477	0.0	7.779
KALM_HUMAN	3730	ANOS1	11.486	267	2	0	1.301	0.0	8.828
CP1A1_HUMAN	1543	CYP1A1	11.482	3030	3	1	1.477	0.0	7.773
HMOX1_HUMAN	3162	HMOX1	11.482	3032	3	1	1.477	0.0	7.773
GLYAT_HUMAN	10249	GLYAT	11.482	269	2	0	1.301	0.0	8.825
IKBA_HUMAN	4792	NFKBIA	11.465	3112	3	0	1.477	0.0	7.762
IRF5_HUMAN	3663	IRF5	11.453	283	2	2	1.301	0.0	8.803
MOS_HUMAN	4342	MOS	11.445	287	2	0	1.301	0.0	8.797
DQB1_HUMAN	3119	HLA-DQB1	11.442	3227	3	0	1.477	0.0	7.746
FINC_HUMAN	2335	FN1	11.44	12999	4	0	1.602	0.0	7.141
ITAE_HUMAN	3682	ITGAE	11.437	291	2	0	1.301	0.0	8.791
CFC1_HUMAN	55997	CFC1	11.405	308	2	0	1.301	0.0	8.766
ITA2B_HUMAN	3674	ITGA2B	11.403	3429	3	0	1.477	0.0	7.72
OLIG2_HUMAN	10215	OLIG2	11.387	318	2	0	1.301	0.0	8.752
MDM4_HUMAN	4194	MDM4	11.383	320	2	1	1.301	0.0	8.75
CEAM6_HUMAN	4680	CEACAM6	11.383	320	2	0	1.301	0.0	8.75
SUH_HUMAN	3516	RBPJ	11.348	341	2	5	1.301	0.0	8.722
CCR5_HUMAN	1234	CCR5	11.341	3774	3	3	1.477	0.0	7.678
DPP4_HUMAN	1803	DPP4	11.341	3775	3	1	1.477	0.0	7.678
AFF1_HUMAN	4299	AFF1	11.331	351	2	0	1.301	0.0	8.709
ENOG_HUMAN	2026	ENO2	11.31	3962	3	1	1.477	0.0	7.657
ERAL1_HUMAN	26284	ERAL1	11.306	3986	3	1	1.477	0.0	7.654
LIRB1_HUMAN	10859	LILRB1	11.304	368	2	0	1.301	0.0	8.689
HSP74_HUMAN	3308	HSPA4	11.289	4092	3	0	1.477	0.0	7.643
HDAC6_HUMAN	10013	HDAC6	11.289	378	2	3	1.301	0.0	8.677
CCNE1_HUMAN	898	CCNE1	11.279	385	2	0	1.301	0.0	8.669
DCC_HUMAN	1630	DCC	11.252	404	2	0	1.301	0.0	8.648
NFAC1_HUMAN	4772	NFATC1	11.246	408	2	1	1.301	0.0	8.644
TPPP_HUMAN	11076	TPPP	11.218	429	2	0	1.301	0.0	8.622
IL3_HUMAN	3562	IL3	11.21	4630	3	0	1.477	0.0	7.589
HEM3_HUMAN	3145	HMBS	11.198	444	2	0	1.301	0.0	8.607
FGF3_HUMAN	2248	FGF3	11.188	452	2	0	1.301	0.0	8.6
TNF10_HUMAN	8743	TNFSF10	11.183	4830	3	3	1.477	0.0	7.571
GLI2_HUMAN	2736	GLI2	11.18	4855	3	2	1.477	0.0	7.568
RAD50_HUMAN	10111	RAD50	11.174	464	2	1	1.301	0.0	8.588
MLN_HUMAN	100507027	MRLN	11.169	468	2	1	1.301	0.0	8.584
CRF_HUMAN	1392	CRH	11.166	4959	3	3	1.477	0.0	7.559
CASP3_HUMAN	836	CASP3	11.164	19304	4	1	1.602	0.0	6.969
FBXW7_HUMAN	55294	FBXW7	11.161	474	2	0	1.301	0.0	8.579
CISH_HUMAN	1154	CISH	11.16	475	2	2	1.301	0.0	8.578
TACC3_HUMAN	10460	TACC3	11.139	101	1	15	1.0	0.204	9.25
ENDOU_HUMAN	8909	ENDOU	11.137	495	2	0	1.301	0.0	8.56
NOS2_HUMAN	4843	NOS2	11.132	5227	3	0	1.477	0.0	7.536
WASP_HUMAN	7454	WAS	11.119	511	2	0	1.301	0.0	8.546
TOP2A_HUMAN	7153	TOP2A	11.116	514	2	0	1.301	0.0	8.544
CXCR4_HUMAN	7852	CXCR4	11.112	5392	3	4	1.477	0.0	7.523
CASP2_HUMAN	835	CASP2	11.109	520	2	0	1.301	0.0	8.539
ANXA1_HUMAN	301	ANXA1	11.066	561	2	0	1.301	0.0	8.506
PCNA_HUMAN	5111	PCNA	11.064	5813	3	0	1.477	0.0	7.49
MRE11_HUMAN	4361	MRE11	11.051	576	2	0	1.301	0.0	8.494
IL10_HUMAN	3586	IL10	11.046	22907	4	5	1.602	0.0	6.895
XPO1_HUMAN	7514	XPO1	11.04	588	2	5	1.301	0.0	8.485
IKKA_HUMAN	1147	CHUK	11.038	590	2	1	1.301	0.0	8.484
IL5_HUMAN	3567	IL5	11.038	6055	3	2	1.477	0.0	7.473
NPHN_HUMAN	4868	NPHS1	11.025	604	2	0	1.301	0.0	8.474
XRCC6_HUMAN	2547	XRCC6	11.022	607	2	1	1.301	0.0	8.472
ARI5B_HUMAN	84159	ARID5B	10.994	46	1	13	1.0	0.146	9.592
CCND2_HUMAN	894	CCND2	10.985	648	2	0	1.301	0.0	8.443
P85A_HUMAN	5295	PIK3R1	10.976	658	2	4	1.301	0.0	8.436
EPOR_HUMAN	2057	EPOR	10.957	681	2	0	1.301	0.0	8.422
WDCP_HUMAN	80304	WDCP	10.954	2	1	1	1.0	0.0	10.954
SLX4I_HUMAN	128710	SLX4IP	10.954	2	1	0	1.0	0.0	10.954
PRRC1_HUMAN	133619	PRRC1	10.954	2	1	0	1.0	0.0	10.954
ZN296_HUMAN	162979	ZNF296	10.954	2	1	0	1.0	0.0	10.954
FUS_HUMAN	2521	FUS	10.935	708	2	0	1.301	0.0	8.405
RED2_HUMAN	105	ADARB2	10.925	28	1	12	1.0	0.114	9.808
ANT3_HUMAN	462	SERPINC1	10.924	7231	3	0	1.477	0.0	7.395
CP3A4_HUMAN	1576	CYP3A4	10.912	7364	3	1	1.477	0.0	7.387
BIRC3_HUMAN	330	BIRC3	10.892	764	2	0	1.301	0.0	8.372
CD1D_HUMAN	912	CD1D	10.869	796	2	0	1.301	0.0	8.354
LEUK_HUMAN	6693	SPN	10.864	802	2	0	1.301	0.0	8.351
COX8A_HUMAN	1351	COX8A	10.859	7998	3	2	1.477	0.0	7.352
KCMB2_HUMAN	10242	KCNMB2	10.85	8108	3	0	1.477	0.0	7.346
SOCS1_HUMAN	8651	SOCS1	10.846	829	2	1	1.301	0.0	8.336
TNFA_HUMAN	7124	TNF	10.829	75731	5	0	1.699	0.0	6.374
CY24B_HUMAN	1536	CYBB	10.8	898	2	0	1.301	0.0	8.301
DPYD_HUMAN	1806	DPYD	10.787	919	2	0	1.301	0.0	8.291
RGPS1_HUMAN	9649	RALGPS1	10.778	3	1	0	1.0	0.0	10.778
WDR17_HUMAN	116966	WDR17	10.778	3	1	1	1.0	0.0	10.778
BORC5_HUMAN	118426	BORCS5	10.778	3	1	0	1.0	0.0	10.778
CDX2_HUMAN	1045	CDX2	10.747	987	2	1	1.301	0.0	8.26
IL17F_HUMAN	112744	IL17F	10.721	1033	2	0	1.301	0.0	8.241
KSYK_HUMAN	6850	SYK	10.717	1040	2	6	1.301	0.0	8.238
CRP_HUMAN	1401	CRP	10.715	36788	4	0	1.602	0.0	6.688
OGG1_HUMAN	4968	OGG1	10.706	1062	2	1	1.301	0.0	8.229
NDKA_HUMAN	4830	NME1	10.697	1079	2	0	1.301	0.0	8.222
COIA1_HUMAN	80781	COL18A1	10.695	1083	2	1	1.301	0.0	8.22
I23O1_HUMAN	3620	IDO1	10.675	1121	2	1	1.301	0.0	8.205
CADH5_HUMAN	1003	CDH5	10.67	1131	2	0	1.301	0.0	8.201
ARY2_HUMAN	10	NAT2	10.662	1148	2	0	1.301	0.0	8.195
ISK1_HUMAN	6690	SPINK1	10.662	1148	2	0	1.301	0.0	8.195
CC28A_HUMAN	25901	CCDC28A	10.653	4	1	0	1.0	0.0	10.653
H2AX_HUMAN	3014	H2AFX	10.642	1188	2	3	1.301	0.0	8.18
PRKDC_HUMAN	5591	PRKDC	10.634	1205	2	1	1.301	0.0	8.174
DAF_HUMAN	1604	CD55	10.632	1210	2	1	1.301	0.0	8.172
NKG2D_HUMAN	22914	KLRK1	10.616	1245	2	3	1.301	0.0	8.16
SON_HUMAN	6651	SON	10.608	1262	2	0	1.301	0.0	8.154
ALEX_HUMAN	2778	GNAS	10.6	1281	2	0	1.301	0.0	8.147
DQA1_HUMAN	3117	HLA-DQA1	10.59	1302	2	0	1.301	0.0	8.14
DPH7_HUMAN	92715	DPH7	10.556	5	1	1	1.0	0.0	10.556
KT222_HUMAN	125113	KRT222	10.556	5	1	0	1.0	0.0	10.556
MRP2_HUMAN	1244	ABCC2	10.551	1396	2	1	1.301	0.0	8.11
EGR1_HUMAN	1958	EGR1	10.548	1404	2	3	1.301	0.0	8.107
CD7_HUMAN	924	CD7	10.483	1575	2	0	1.301	0.0	8.057
SRSF3_HUMAN	6428	SRSF3	10.482	70	1	12	1.0	0.114	9.41
ZNF23_HUMAN	7571	ZNF23	10.477	6	1	0	1.0	0.0	10.477
R3HD2_HUMAN	22864	R3HDM2	10.477	6	1	3	1.0	0.0	10.477
TIAM2_HUMAN	26230	TIAM2	10.477	6	1	0	1.0	0.0	10.477
MCTS1_HUMAN	28985	MCTS1	10.477	6	1	0	1.0	0.0	10.477
UD11_HUMAN	54658	UGT1A1	10.477	1592	2	0	1.301	0.0	8.053
GTSF1_HUMAN	121355	GTSF1	10.477	6	1	2	1.0	0.0	10.477
LEG3_HUMAN	3958	LGALS3	10.461	1637	2	2	1.301	0.0	8.041
PGP_HUMAN	283871	PGP	10.451	1668	2	0	1.301	0.0	8.033
IL9_HUMAN	3578	IL9	10.432	1724	2	1	1.301	0.0	8.018
GSHR_HUMAN	2936	GSR	10.414	1778	2	0	1.301	0.0	8.005
FES_HUMAN	2242	FES	10.41	7	1	3	1.0	0.0	10.41
CFAH_HUMAN	3075	CFH	10.41	1793	2	0	1.301	0.0	8.001
NU188_HUMAN	23511	NUP188	10.41	7	1	0	1.0	0.0	10.41
RGF1A_HUMAN	221002	RASGEF1A	10.41	7	1	0	1.0	0.0	10.41
SMAD2_HUMAN	4087	SMAD2	10.373	1913	2	5	1.301	0.0	7.973
FCGR1_HUMAN	2209	FCGR1A	10.367	1935	2	0	1.301	0.0	7.968
LIF_HUMAN	3976	LIF	10.364	1943	2	0	1.301	0.0	7.966
RAI2_HUMAN	10742	RAI2	10.352	8	1	0	1.0	0.0	10.352
PTN21_HUMAN	11099	PTPN21	10.352	8	1	2	1.0	0.0	10.352
KBRS2_HUMAN	28511	NKIRAS2	10.352	8	1	1	1.0	0.0	10.352
PGFRB_HUMAN	5159	PDGFRB	10.343	2018	2	1	1.301	0.0	7.95
NGAL_HUMAN	3934	LCN2	10.337	2038	2	0	1.301	0.0	7.945
RCBT2_HUMAN	1102	RCBTB2	10.3	9	1	1	1.0	0.0	10.3
SPY3_HUMAN	10251	SPRY3	10.3	9	1	3	1.0	0.0	10.3
FKBP9_HUMAN	11328	FKBP9	10.3	9	1	1	1.0	0.0	10.3
PNISR_HUMAN	25957	PNISR	10.3	9	1	0	1.0	0.0	10.3
PRLD1_HUMAN	27166	PRELID1	10.3	9	1	0	1.0	0.0	10.3
RMD2_HUMAN	151393	RMDN2	10.3	9	1	0	1.0	0.0	10.3
KCNRG_HUMAN	283518	KCNRG	10.3	9	1	0	1.0	0.0	10.3
DRB4_HUMAN	3126	HLA-DRB4	10.278	2263	2	0	1.301	0.0	7.9
TSP1_HUMAN	7057	THBS1	10.277	2268	2	0	1.301	0.0	7.899
G3P_HUMAN	2597	GAPDH	10.257	2349	2	1	1.301	0.0	7.884
UBP20_HUMAN	10868	USP20	10.255	10	1	1	1.0	0.0	10.255
FGOP2_HUMAN	26127	FGFR1OP2	10.255	10	1	1	1.0	0.0	10.255
CTGE2_HUMAN	64693	CTAGE1	10.255	10	1	1	1.0	0.0	10.255
SOMA_HUMAN	2688	GH1	10.251	20651	3	0	1.477	0.0	6.94
MYCN_HUMAN	4613	MYCN	10.249	2383	2	1	1.301	0.0	7.878
ABCG2_HUMAN	9429	ABCG2	10.241	2419	2	5	1.301	0.0	7.871
VOPP1_HUMAN	81552	VOPP1	10.213	11	1	0	1.0	0.0	10.213
A0A1C7CYX3_HUMAN	123624	AGBL1	10.213	11	1	0	1.0	0.0	10.213
ACSF3_HUMAN	197322	ACSF3	10.213	11	1	0	1.0	0.0	10.213
PK3CA_HUMAN	5290	PIK3CA	10.19	2646	2	1	1.301	0.0	7.832
SORCN_HUMAN	6717	SRI	10.19	2643	2	0	1.301	0.0	7.833
NKAI2_HUMAN	154215	NKAIN2	10.176	12	1	1	1.0	0.0	10.176
FMC1_HUMAN	154791	FMC1	10.176	12	1	0	1.0	0.0	10.176
VGFR1_HUMAN	2321	FLT1	10.15	2839	2	1	1.301	0.0	7.802
TGFB1_HUMAN	7040	TGFB1	10.142	24445	3	1	1.477	0.0	6.866
BCL7B_HUMAN	9275	BCL7B	10.141	13	1	0	1.0	0.0	10.141
R51A1_HUMAN	10635	RAD51AP1	10.141	13	1	1	1.0	0.0	10.141
CYB5B_HUMAN	80777	CYB5B	10.141	13	1	0	1.0	0.0	10.141
DDX10_HUMAN	1662	DDX10	10.109	14	1	1	1.0	0.0	10.109
RHOV_HUMAN	171177	RHOV	10.109	14	1	0	1.0	0.0	10.109
ARC1B_HUMAN	10095	ARPC1B	10.079	15	1	0	1.0	0.0	10.079
HNRPR_HUMAN	10236	HNRNPR	10.079	15	1	0	1.0	0.0	10.079
DESM_HUMAN	1674	DES	10.054	3365	2	0	1.301	0.0	7.728
PKHG2_HUMAN	64857	PLEKHG2	10.051	16	1	1	1.0	0.0	10.051
BCL7A_HUMAN	605	BCL7A	10.024	17	1	0	1.0	0.0	10.024
GPR34_HUMAN	2857	GPR34	10.024	17	1	0	1.0	0.0	10.024
RGL1_HUMAN	23179	RGL1	10.024	17	1	0	1.0	0.0	10.024
DAZP1_HUMAN	26528	DAZAP1	10.024	17	1	1	1.0	0.0	10.024
RC3H1_HUMAN	149041	RC3H1	10.024	17	1	0	1.0	0.0	10.024
BCL6B_HUMAN	255877	BCL6B	10.024	17	1	0	1.0	0.0	10.024
ZC12D_HUMAN	340152	ZC3H12D	10.024	17	1	0	1.0	0.0	10.024
MAST2_HUMAN	23139	MAST2	9.999	18	1	0	1.0	0.0	9.999
LTMD1_HUMAN	25875	LETMD1	9.999	18	1	1	1.0	0.0	9.999
TASP1_HUMAN	55617	TASP1	9.999	18	1	0	1.0	0.0	9.999
PRS27_HUMAN	83886	PRSS27	9.976	19	1	0	1.0	0.0	9.976
TXLNA_HUMAN	200081	TXLNA	9.976	19	1	0	1.0	0.0	9.976
G6PD_HUMAN	2539	G6PD	9.958	3985	2	0	1.301	0.0	7.654
RM49_HUMAN	740	MRPL49	9.954	20	1	0	1.0	0.0	9.954
GNAI2_HUMAN	2771	GNAI2	9.954	20	1	3	1.0	0.0	9.954
RN115_HUMAN	27246	RNF115	9.954	20	1	0	1.0	0.0	9.954
VAC14_HUMAN	55697	VAC14	9.933	21	1	1	1.0	0.0	9.933
MTX2_HUMAN	10651	MTX2	9.912	22	1	0	1.0	0.0	9.912
HGF_HUMAN	3082	HGF	9.901	4410	2	0	1.301	0.0	7.61
SSBP2_HUMAN	23635	SSBP2	9.893	23	1	1	1.0	0.0	9.893
HACE1_HUMAN	57531	HACE1	9.893	23	1	0	1.0	0.0	9.893
FOXP4_HUMAN	116113	FOXP4	9.893	23	1	0	1.0	0.0	9.893
SP1_HUMAN	6667	SP1	9.878	4591	2	0	1.301	0.0	7.593
AF17_HUMAN	4302	MLLT6	9.875	24	1	0	1.0	0.0	9.875
HPS5_HUMAN	11234	HPS5	9.875	24	1	0	1.0	0.0	9.875
RN139_HUMAN	11236	RNF139	9.875	24	1	0	1.0	0.0	9.875
S10A1_HUMAN	6271	S100A1	9.867	4688	2	1	1.301	0.0	7.584
CNOT2_HUMAN	4848	CNOT2	9.857	25	1	0	1.0	0.0	9.857
DHRS9_HUMAN	10170	DHRS9	9.857	25	1	0	1.0	0.0	9.857
RBM14_HUMAN	10432	RBM14	9.857	25	1	0	1.0	0.0	9.857
PDE7B_HUMAN	27115	PDE7B	9.857	25	1	0	1.0	0.0	9.857
EGF_HUMAN	1950	EGF	9.842	4898	2	1	1.301	0.0	7.565
LDOC1_HUMAN	23641	LDOC1	9.84	26	1	0	1.0	0.0	9.84
B2CL1_HUMAN	598	BCL2L1	9.837	4938	2	1	1.301	0.0	7.561
TISD_HUMAN	678	ZFP36L2	9.823	27	1	0	1.0	0.0	9.823
KCNG1_HUMAN	3755	KCNG1	9.823	27	1	0	1.0	0.0	9.823
2AAB_HUMAN	5519	PPP2R1B	9.823	27	1	0	1.0	0.0	9.823
HOIL1_HUMAN	10616	RBCK1	9.823	27	1	4	1.0	0.0	9.823
SWP70_HUMAN	23075	SWAP70	9.823	27	1	0	1.0	0.0	9.823
FMNL2_HUMAN	114793	FMNL2	9.823	27	1	0	1.0	0.0	9.823
TNR5_HUMAN	958	CD40	9.811	5172	2	1	1.301	0.0	7.541
AFF4_HUMAN	27125	AFF4	9.792	29	1	0	1.0	0.0	9.792
ADDG_HUMAN	120	ADD3	9.778	30	1	0	1.0	0.0	9.778
PDE9A_HUMAN	5152	PDE9A	9.778	30	1	2	1.0	0.0	9.778
SNX2_HUMAN	6643	SNX2	9.778	30	1	0	1.0	0.0	9.778
SC31A_HUMAN	22872	SEC31A	9.778	30	1	3	1.0	0.0	9.778
AVEN_HUMAN	57099	AVEN	9.778	30	1	0	1.0	0.0	9.778
GCSAM_HUMAN	257144	GCSAM	9.778	30	1	0	1.0	0.0	9.778
RFXAP_HUMAN	5994	RFXAP	9.763	31	1	0	1.0	0.0	9.763
FSBP_HUMAN	25788	FSBP	9.763	31	1	1	1.0	0.0	9.763
ORC4_HUMAN	5000	ORC4	9.75	32	1	0	1.0	0.0	9.75
CD11A_HUMAN	728642	CDK11A	9.736	33	1	0	1.0	0.0	9.736
C8AP2_HUMAN	9994	CASP8AP2	9.723	34	1	2	1.0	0.0	9.723
TEX10_HUMAN	54881	TEX10	9.723	34	1	0	1.0	0.0	9.723
AF1Q_HUMAN	10962	MLLT11	9.711	35	1	0	1.0	0.0	9.711
PSMG2_HUMAN	56984	PSMG2	9.711	35	1	0	1.0	0.0	9.711
APLF_HUMAN	200558	APLF	9.711	35	1	8	1.0	0.0	9.711
BRCA2_HUMAN	675	BRCA2	9.701	6283	2	0	1.301	0.0	7.456
CAH11_HUMAN	770	CA11	9.698	36	1	0	1.0	0.0	9.698
PRS6B_HUMAN	5704	PSMC4	9.698	36	1	0	1.0	0.0	9.698
RHOQ_HUMAN	23433	RHOQ	9.698	36	1	0	1.0	0.0	9.698
STK4_HUMAN	6789	STK4	9.687	37	1	0	1.0	0.0	9.687
EPC1_HUMAN	80314	EPC1	9.687	37	1	1	1.0	0.0	9.687
SP8_HUMAN	221833	SP8	9.664	39	1	1	1.0	0.0	9.664
DDX6_HUMAN	1656	DDX6	9.653	40	1	0	1.0	0.0	9.653
LTK_HUMAN	4058	LTK	9.653	40	1	0	1.0	0.0	9.653
SMC4_HUMAN	10051	SMC4	9.653	40	1	1	1.0	0.0	9.653
TACT_HUMAN	10225	CD96	9.653	40	1	0	1.0	0.0	9.653
I22R2_HUMAN	116379	IL22RA2	9.653	40	1	0	1.0	0.0	9.653
ANXA5_HUMAN	308	ANXA5	9.648	6904	2	0	1.301	0.0	7.415
ANDR_HUMAN	367	AR	9.648	6901	2	0	1.301	0.0	7.416
SAC1_HUMAN	22908	SACM1L	9.642	41	1	0	1.0	0.0	9.642
ARI1_HUMAN	25820	ARIH1	9.642	41	1	0	1.0	0.0	9.642
NUD15_HUMAN	55270	NUDT15	9.642	41	1	0	1.0	0.0	9.642
EZH1_HUMAN	2145	EZH1	9.631	42	1	2	1.0	0.0	9.631
BATF_HUMAN	10538	BATF	9.631	42	1	0	1.0	0.0	9.631
LPP_HUMAN	4026	LPP	9.621	43	1	0	1.0	0.0	9.621
NUDC_HUMAN	10726	NUDC	9.621	43	1	0	1.0	0.0	9.621
BRD7_HUMAN	29117	BRD7	9.621	43	1	0	1.0	0.0	9.621
MFAP2_HUMAN	4237	MFAP2	9.611	44	1	3	1.0	0.0	9.611
WDR18_HUMAN	57418	WDR18	9.611	44	1	0	1.0	0.0	9.611
HNRH2_HUMAN	3188	HNRNPH2	9.602	45	1	0	1.0	0.0	9.602
AUTS2_HUMAN	26053	AUTS2	9.592	46	1	0	1.0	0.0	9.592
HXD4_HUMAN	3233	HOXD4	9.583	47	1	0	1.0	0.0	9.583
EMAL1_HUMAN	2009	EML1	9.573	48	1	0	1.0	0.0	9.573
LYPA1_HUMAN	10434	LYPLA1	9.573	48	1	0	1.0	0.0	9.573
UB2R1_HUMAN	997	CDC34	9.565	49	1	0	1.0	0.0	9.565
1B07_HUMAN	3106	HLA-B	9.565	7993	2	0	1.301	0.0	7.352
CBX7_HUMAN	23492	CBX7	9.565	49	1	3	1.0	0.0	9.565
PRAM_HUMAN	84106	PRAM1	9.565	49	1	0	1.0	0.0	9.565
ALAT1_HUMAN	2875	GPT	9.558	8086	2	0	1.301	0.0	7.347
CHD4_HUMAN	1108	CHD4	9.556	50	1	1	1.0	0.0	9.556
TPM4_HUMAN	7171	TPM4	9.556	50	1	0	1.0	0.0	9.556
LRRF1_HUMAN	9208	LRRFIP1	9.547	51	1	0	1.0	0.0	9.547
FAIM3_HUMAN	9214	FCMR	9.547	51	1	0	1.0	0.0	9.547
PTPRG_HUMAN	5793	PTPRG	9.539	52	1	1	1.0	0.0	9.539
INSM2_HUMAN	84684	INSM2	9.539	52	1	0	1.0	0.0	9.539
CMC4_HUMAN	100272147	CMC4	9.539	52	1	0	1.0	0.0	9.539
GPC5_HUMAN	2262	GPC5	9.53	53	1	0	1.0	0.0	9.53
SMAL1_HUMAN	50485	SMARCAL1	9.53	53	1	1	1.0	0.0	9.53
BCL9_HUMAN	607	BCL9	9.522	54	1	1	1.0	0.0	9.522
SLIT3_HUMAN	6586	SLIT3	9.522	54	1	0	1.0	0.0	9.522
CIC_HUMAN	23152	CIC	9.522	54	1	0	1.0	0.0	9.522
STXB2_HUMAN	6813	STXBP2	9.514	55	1	0	1.0	0.0	9.514
UCK2_HUMAN	7371	UCK2	9.507	56	1	0	1.0	0.0	9.507
EPHA7_HUMAN	2045	EPHA7	9.499	57	1	1	1.0	0.0	9.499
IKBL1_HUMAN	4795	NFKBIL1	9.499	57	1	0	1.0	0.0	9.499
CEAM3_HUMAN	1084	CEACAM3	9.495	9052	2	0	1.301	0.0	7.298
DOK1_HUMAN	1796	DOK1	9.491	58	1	0	1.0	0.0	9.491
PTPRO_HUMAN	5800	PTPRO	9.491	58	1	1	1.0	0.0	9.491
CLM8_HUMAN	11314	CD300A	9.491	58	1	7	1.0	0.0	9.491
DCPS_HUMAN	28960	DCPS	9.491	58	1	0	1.0	0.0	9.491
WNT16_HUMAN	51384	WNT16	9.484	59	1	2	1.0	0.0	9.484
SLAF6_HUMAN	114836	SLAMF6	9.484	59	1	3	1.0	0.0	9.484
DCTN1_HUMAN	1639	DCTN1	9.477	60	1	1	1.0	0.0	9.477
ARI3A_HUMAN	1820	ARID3A	9.477	60	1	2	1.0	0.0	9.477
GRP1_HUMAN	10125	RASGRP1	9.477	60	1	2	1.0	0.0	9.477
POMP_HUMAN	51371	POMP	9.477	60	1	0	1.0	0.0	9.477
DLX4_HUMAN	1748	DLX4	9.469	61	1	0	1.0	0.0	9.469
B2L10_HUMAN	10017	BCL2L10	9.469	61	1	0	1.0	0.0	9.469
UBIM_HUMAN	2197	FAU	9.462	62	1	0	1.0	0.0	9.462
CL12A_HUMAN	160364	CLEC12A	9.462	62	1	0	1.0	0.0	9.462
APOB_HUMAN	338	APOB	9.455	9710	2	1	1.301	0.0	7.267
PRPS1_HUMAN	5631	PRPS1	9.455	63	1	3	1.0	0.0	9.455
CUL4B_HUMAN	8450	CUL4B	9.449	64	1	2	1.0	0.0	9.449
ATF5_HUMAN	22809	ATF5	9.449	64	1	0	1.0	0.0	9.449
SSBP_HUMAN	6742	SSBP1	9.435	66	1	1	1.0	0.0	9.435
PHF12_HUMAN	57649	PHF12	9.435	66	1	0	1.0	0.0	9.435
CCAR2_HUMAN	57805	CCAR2	9.435	66	1	0	1.0	0.0	9.435
FANCM_HUMAN	57697	FANCM	9.429	67	1	3	1.0	0.0	9.429
DUS5_HUMAN	1847	DUSP5	9.422	68	1	3	1.0	0.0	9.422
CD180_HUMAN	4064	CD180	9.422	68	1	0	1.0	0.0	9.422
TNIP1_HUMAN	10318	TNIP1	9.422	68	1	0	1.0	0.0	9.422
BACH2_HUMAN	60468	BACH2	9.422	68	1	1	1.0	0.0	9.422
MTG16_HUMAN	863	CBFA2T3	9.416	69	1	0	1.0	0.0	9.416
TSN_HUMAN	7247	TSN	9.416	69	1	0	1.0	0.0	9.416
MYBA_HUMAN	4603	MYBL1	9.41	70	1	0	1.0	0.0	9.41
HDA11_HUMAN	79885	HDAC11	9.41	70	1	2	1.0	0.0	9.41
METK2_HUMAN	4144	MAT2A	9.397	72	1	0	1.0	0.0	9.397
TEN1L_HUMAN	100134934	TEN1	9.397	72	1	2	1.0	0.0	9.397
FSTL3_HUMAN	10272	FSTL3	9.391	73	1	0	1.0	0.0	9.391
KDM6A_HUMAN	7403	KDM6A	9.387	174	1	10	1.0	0.041	9.014
RASF7_HUMAN	8045	RASSF7	9.385	74	1	0	1.0	0.0	9.385
OBF1_HUMAN	5450	POU2AF1	9.38	75	1	0	1.0	0.0	9.38
PCM1_HUMAN	5108	PCM1	9.374	76	1	0	1.0	0.0	9.374
NSMA2_HUMAN	55512	SMPD3	9.374	76	1	2	1.0	0.0	9.374
NNAT_HUMAN	4826	NNAT	9.368	77	1	0	1.0	0.0	9.368
COPA_HUMAN	1314	COPA	9.363	78	1	0	1.0	0.0	9.363
VPREB_HUMAN	7441	VPREB1	9.357	79	1	0	1.0	0.0	9.357
MP2K7_HUMAN	5609	MAP2K7	9.341	4606	1	16	1.0	0.23	7.591
SPRE1_HUMAN	161742	SPRED1	9.341	82	1	2	1.0	0.0	9.341
PLST_HUMAN	5358	PLS3	9.336	83	1	0	1.0	0.0	9.336
MD1L1_HUMAN	8379	MAD1L1	9.336	83	1	0	1.0	0.0	9.336
NINL_HUMAN	22981	NINL	9.336	83	1	1	1.0	0.0	9.336
CK040_HUMAN	143501	C11orf40	9.33	84	1	3	1.0	0.0	9.33
ABI1_HUMAN	10006	ABI1	9.325	85	1	2	1.0	0.0	9.325
PIAS3_HUMAN	10401	PIAS3	9.325	85	1	0	1.0	0.0	9.325
CCNC_HUMAN	892	CCNC	9.32	86	1	0	1.0	0.0	9.32
GCNT1_HUMAN	2650	GCNT1	9.32	86	1	0	1.0	0.0	9.32
HGFA_HUMAN	3083	HGFAC	9.32	86	1	1	1.0	0.0	9.32
EDIL3_HUMAN	10085	EDIL3	9.32	86	1	2	1.0	0.0	9.32
HRK_HUMAN	8739	HRK	9.315	87	1	1	1.0	0.0	9.315
STX11_HUMAN	8676	STX11	9.296	91	1	0	1.0	0.0	9.296
ABCB5_HUMAN	340273	ABCB5	9.296	91	1	0	1.0	0.0	9.296
CDS1_HUMAN	1040	CDS1	9.291	92	1	0	1.0	0.0	9.291
RAMP3_HUMAN	10268	RAMP3	9.277	95	1	1	1.0	0.0	9.277
GGN_HUMAN	199720	GGN	9.272	96	1	0	1.0	0.0	9.272
REV3L_HUMAN	5980	REV3L	9.268	97	1	2	1.0	0.0	9.268
MLH3_HUMAN	27030	MLH3	9.268	97	1	0	1.0	0.0	9.268
PFD5_HUMAN	5204	PFDN5	9.263	98	1	0	1.0	0.0	9.263
CLYBL_HUMAN	171425	CLYBL	9.263	98	1	0	1.0	0.0	9.263
ABEC1_HUMAN	339	APOBEC1	9.259	99	1	9	1.0	0.0	9.259
DNA2_HUMAN	1763	DNA2	9.259	99	1	1	1.0	0.0	9.259
AATC_HUMAN	2805	GOT1	9.255	100	1	0	1.0	0.0	9.255
S38A3_HUMAN	10991	SLC38A3	9.25	101	1	0	1.0	0.0	9.25
TCF19_HUMAN	6941	TCF19	9.242	103	1	0	1.0	0.0	9.242
EPHA1_HUMAN	2041	EPHA1	9.238	104	1	0	1.0	0.0	9.238
PTCRA_HUMAN	171558	PTCRA	9.238	104	1	2	1.0	0.0	9.238
DNJA1_HUMAN	3301	DNAJA1	9.234	105	1	2	1.0	0.0	9.234
S26A8_HUMAN	116369	SLC26A8	9.234	105	1	0	1.0	0.0	9.234
PP4C_HUMAN	5531	PPP4C	9.229	106	1	1	1.0	0.0	9.229
ETV3_HUMAN	2117	ETV3	9.225	107	1	0	1.0	0.0	9.225
TWST2_HUMAN	117581	TWIST2	9.221	108	1	0	1.0	0.0	9.221
HMN2_HUMAN	100462981	MTRNR2L2	9.217	109	1	0	1.0	0.0	9.217
M3K8_HUMAN	1326	MAP3K8	9.213	110	1	0	1.0	0.0	9.213
CITE2_HUMAN	10370	CITED2	9.213	110	1	1	1.0	0.0	9.213
TOPK_HUMAN	55872	PBK	9.213	110	1	0	1.0	0.0	9.213
ROR1_HUMAN	4919	ROR1	9.209	111	1	2	1.0	0.0	9.209
PROF2_HUMAN	5217	PFN2	9.209	111	1	3	1.0	0.0	9.209
SETX_HUMAN	23064	SETX	9.209	111	1	0	1.0	0.0	9.209
CLC4D_HUMAN	338339	CLEC4D	9.206	112	1	1	1.0	0.0	9.206
GGH_HUMAN	8836	GGH	9.202	113	1	0	1.0	0.0	9.202
EPS15_HUMAN	2060	EPS15	9.19	116	1	0	1.0	0.0	9.19
E2JJS1_HUMAN	100288687	DUX4	9.187	117	1	2	1.0	0.0	9.187
CRERF_HUMAN	153222	CREBRF	9.179	119	1	0	1.0	0.0	9.179
CDN2D_HUMAN	1032	CDKN2D	9.176	120	1	0	1.0	0.0	9.176
UT1_HUMAN	6563	SLC14A1	9.168	122	1	0	1.0	0.0	9.168
TRADD_HUMAN	8717	TRADD	9.158	125	1	0	1.0	0.0	9.158
ABC3B_HUMAN	9582	APOBEC3B	9.154	126	1	5	1.0	0.0	9.154
AFAD_HUMAN	4301	AFDN	9.151	127	1	0	1.0	0.0	9.151
IF2B1_HUMAN	10642	IGF2BP1	9.151	127	1	0	1.0	0.0	9.151
BTLA_HUMAN	151888	BTLA	9.148	128	1	0	1.0	0.0	9.148
MNX1_HUMAN	3110	MNX1	9.144	129	1	1	1.0	0.0	9.144
KCNA4_HUMAN	3739	KCNA4	9.144	129	1	0	1.0	0.0	9.144
GEPH_HUMAN	10243	GPHN	9.144	129	1	2	1.0	0.0	9.144
PRDX4_HUMAN	10549	PRDX4	9.141	130	1	0	1.0	0.0	9.141
UHRF1_HUMAN	29128	UHRF1	9.141	130	1	0	1.0	0.0	9.141
CHFR_HUMAN	55743	CHFR	9.137	131	1	0	1.0	0.0	9.137
KS6A5_HUMAN	9252	RPS6KA5	9.134	132	1	1	1.0	0.0	9.134
TRI13_HUMAN	10206	TRIM13	9.131	133	1	0	1.0	0.0	9.131
CBX1_HUMAN	10951	CBX1	9.131	133	1	0	1.0	0.0	9.131
PRD16_HUMAN	63976	PRDM16	9.131	133	1	1	1.0	0.0	9.131
LYST_HUMAN	1130	LYST	9.124	135	1	0	1.0	0.0	9.124
PAR3_HUMAN	2151	F2RL2	9.121	136	1	7	1.0	0.0	9.121
PITX1_HUMAN	5307	PITX1	9.115	138	1	0	1.0	0.0	9.115
MLXIP_HUMAN	22877	MLXIP	9.115	138	1	3	1.0	0.0	9.115
PAX4_HUMAN	5078	PAX4	9.112	139	1	0	1.0	0.0	9.112
IL4_HUMAN	3565	IL4	9.11	17876	2	0	1.301	0.0	7.002
CASP5_HUMAN	838	CASP5	9.109	140	1	0	1.0	0.0	9.109
DHYS_HUMAN	1725	DHPS	9.106	141	1	0	1.0	0.0	9.106
NDUS7_HUMAN	374291	NDUFS7	9.106	141	1	0	1.0	0.0	9.106
FLOT1_HUMAN	10211	FLOT1	9.096	144	1	0	1.0	0.0	9.096
PDE4B_HUMAN	5142	PDE4B	9.084	148	1	6	1.0	0.0	9.084
SMUG1_HUMAN	23583	SMUG1	9.084	148	1	2	1.0	0.0	9.084
TFEB_HUMAN	7942	TFEB	9.082	149	1	3	1.0	0.0	9.082
CD3D_HUMAN	915	CD3D	9.079	150	1	0	1.0	0.0	9.079
DDX3X_HUMAN	1654	DDX3X	9.07	153	1	8	1.0	0.0	9.07
ANM5_HUMAN	10419	PRMT5	9.07	153	1	3	1.0	0.0	9.07
ACBG1_HUMAN	23205	ACSBG1	9.07	153	1	0	1.0	0.0	9.07
PANX1_HUMAN	24145	PANX1	9.07	153	1	0	1.0	0.0	9.07
PPR3A_HUMAN	5506	PPP1R3A	9.059	157	1	0	1.0	0.0	9.059
GRIK2_HUMAN	2898	GRIK2	9.053	159	1	0	1.0	0.0	9.053
RAD1_HUMAN	5810	RAD1	9.051	160	1	0	1.0	0.0	9.051
UDB17_HUMAN	7367	UGT2B17	9.051	160	1	2	1.0	0.0	9.051
BACH_HUMAN	11332	ACOT7	9.051	160	1	3	1.0	0.0	9.051
ENL_HUMAN	4298	MLLT1	9.045	162	1	0	1.0	0.0	9.045
FMOD_HUMAN	2331	FMOD	9.037	165	1	0	1.0	0.0	9.037
TALDO_HUMAN	6888	TALDO1	9.035	166	1	1	1.0	0.0	9.035
NSD1_HUMAN	64324	NSD1	9.035	166	1	0	1.0	0.0	9.035
HIC1_HUMAN	3090	HIC1	9.032	167	1	0	1.0	0.0	9.032
DLX5_HUMAN	1749	DLX5	9.029	168	1	0	1.0	0.0	9.029
PLAL1_HUMAN	5325	PLAGL1	9.027	169	1	0	1.0	0.0	9.027
XIRP1_HUMAN	165904	XIRP1	9.027	169	1	0	1.0	0.0	9.027
LRBA_HUMAN	987	LRBA	9.022	171	1	0	1.0	0.0	9.022
PLCG2_HUMAN	5336	PLCG2	9.019	172	1	1	1.0	0.0	9.019
CERS1_HUMAN	10715	CERS1	9.019	172	1	1	1.0	0.0	9.019
MAD1_HUMAN	4084	MXD1	9.017	173	1	0	1.0	0.0	9.017
POLH_HUMAN	5429	POLH	9.017	173	1	2	1.0	0.0	9.017
IGF1_HUMAN	3479	IGF1	9.014	21183	2	0	1.301	0.0	6.928
PTN2_HUMAN	5771	PTPN2	9.012	175	1	4	1.0	0.0	9.012
DMBT1_HUMAN	1755	DMBT1	8.997	181	1	4	1.0	0.0	8.997
TNFL9_HUMAN	8744	TNFSF9	8.997	181	1	1	1.0	0.0	8.997
TNR14_HUMAN	8764	TNFRSF14	8.992	183	1	4	1.0	0.0	8.992
DDB1_HUMAN	1642	DDB1	8.988	185	1	0	1.0	0.0	8.988
I15RA_HUMAN	3601	IL15RA	8.988	185	1	1	1.0	0.0	8.988
PCY1B_HUMAN	9468	PCYT1B	8.988	185	1	0	1.0	0.0	8.988
AR2BP_HUMAN	23568	ARL2BP	8.988	185	1	7	1.0	0.0	8.988
KAT5_HUMAN	10524	KAT5	8.985	186	1	8	1.0	0.0	8.985
DRA_HUMAN	3122	HLA-DRA	8.978	189	1	0	1.0	0.0	8.978
TNR17_HUMAN	608	TNFRSF17	8.974	191	1	1	1.0	0.0	8.974
BIK_HUMAN	638	BIK	8.971	192	1	0	1.0	0.0	8.971
ADDA_HUMAN	118	ADD1	8.969	193	1	0	1.0	0.0	8.969
PEG10_HUMAN	23089	PEG10	8.967	194	1	1	1.0	0.0	8.967
PRIMA_HUMAN	145270	PRIMA1	8.965	195	1	0	1.0	0.0	8.965
GALK1_HUMAN	2584	GALK1	8.962	196	1	0	1.0	0.0	8.962
RB27A_HUMAN	5873	RAB27A	8.962	196	1	0	1.0	0.0	8.962
SPTA1_HUMAN	6708	SPTA1	8.962	196	1	0	1.0	0.0	8.962
ITPA_HUMAN	3704	ITPA	8.958	198	1	0	1.0	0.0	8.958
RHOF_HUMAN	54509	RHOF	8.958	198	1	1	1.0	0.0	8.958
PMS1_HUMAN	5378	PMS1	8.956	199	1	0	1.0	0.0	8.956
MRGRF_HUMAN	116535	MRGPRF	8.954	200	1	0	1.0	0.0	8.954
CHKA_HUMAN	1119	CHKA	8.949	202	1	0	1.0	0.0	8.949
PCNT_HUMAN	5116	PCNT	8.949	202	1	0	1.0	0.0	8.949
RFC1_HUMAN	5981	RFC1	8.949	202	1	0	1.0	0.0	8.949
POTE1_HUMAN	25913	POT1	8.939	207	1	6	1.0	0.0	8.939
MTMRB_HUMAN	10903	MTMR11	8.935	209	1	0	1.0	0.0	8.935
SPN90_HUMAN	51517	NCKIPSD	8.928	212	1	0	1.0	0.0	8.928
TPR_HUMAN	7175	TPR	8.926	213	1	0	1.0	0.0	8.926
TEP1_HUMAN	7011	TEP1	8.924	214	1	0	1.0	0.0	8.924
IFIT3_HUMAN	3437	IFIT3	8.92	216	1	0	1.0	0.0	8.92
TIPRL_HUMAN	261726	TIPRL	8.918	217	1	0	1.0	0.0	8.918
AMELX_HUMAN	265	AMELX	8.916	218	1	0	1.0	0.0	8.916
DYN2_HUMAN	1785	DNM2	8.914	219	1	5	1.0	0.0	8.914
BLNK_HUMAN	29760	BLNK	8.914	219	1	0	1.0	0.0	8.914
WIF1_HUMAN	11197	WIF1	8.91	221	1	0	1.0	0.0	8.91
NEDD8_HUMAN	4738	NEDD8	8.908	222	1	5	1.0	0.0	8.908
DAXX_HUMAN	1616	DAXX	8.906	223	1	2	1.0	0.0	8.906
UBE2B_HUMAN	7320	UBE2B	8.906	223	1	0	1.0	0.0	8.906
HINT1_HUMAN	3094	HINT1	8.904	224	1	0	1.0	0.0	8.904
HYAS1_HUMAN	3036	HAS1	8.903	225	1	0	1.0	0.0	8.903
PLEC_HUMAN	5339	PLEC	8.895	229	1	1	1.0	0.0	8.895
TACD2_HUMAN	4070	TACSTD2	8.893	230	1	0	1.0	0.0	8.893
NDUA5_HUMAN	4698	NDUFA5	8.893	230	1	0	1.0	0.0	8.893
BUB1_HUMAN	699	BUB1	8.887	233	1	0	1.0	0.0	8.887
MARE1_HUMAN	22919	MAPRE1	8.887	233	1	0	1.0	0.0	8.887
HCK_HUMAN	3055	HCK	8.876	239	1	0	1.0	0.0	8.876
WNT4_HUMAN	54361	WNT4	8.876	239	1	0	1.0	0.0	8.876
MVD1_HUMAN	4597	MVD	8.873	241	1	0	1.0	0.0	8.873
CYTL1_HUMAN	54360	CYTL1	8.873	241	1	0	1.0	0.0	8.873
E2F4_HUMAN	1874	E2F4	8.867	244	1	0	1.0	0.0	8.867
HXA10_HUMAN	3206	HOXA10	8.864	246	1	1	1.0	0.0	8.864
GDIR2_HUMAN	397	ARHGDIB	8.859	249	1	0	1.0	0.0	8.859
MRP5_HUMAN	10057	ABCC5	8.859	249	1	1	1.0	0.0	8.859
CRY1_HUMAN	1407	CRY1	8.857	250	1	0	1.0	0.0	8.857
PAXI_HUMAN	5829	PXN	8.855	251	1	1	1.0	0.0	8.855
NCOA2_HUMAN	10499	NCOA2	8.853	252	1	0	1.0	0.0	8.853
IL1B_HUMAN	3553	IL1B	8.85	28325	2	1	1.301	0.0	6.802
MEF2C_HUMAN	4208	MEF2C	8.85	254	1	0	1.0	0.0	8.85
PSB8_HUMAN	5696	PSMB8	8.848	255	1	0	1.0	0.0	8.848
TR13C_HUMAN	115650	TNFRSF13C	8.846	256	1	2	1.0	0.0	8.846
ZN763_HUMAN	284390	ZNF763	8.841	259	1	1	1.0	0.0	8.841
LAMA2_HUMAN	3908	LAMA2	8.84	260	1	1	1.0	0.0	8.84
TR13B_HUMAN	23495	TNFRSF13B	8.836	262	1	3	1.0	0.0	8.836
MTX1_HUMAN	4580	MTX1	8.835	263	1	0	1.0	0.0	8.835
ARID2_HUMAN	196528	ARID2	8.833	264	1	0	1.0	0.0	8.833
CD79B_HUMAN	974	CD79B	8.825	269	1	4	1.0	0.0	8.825
CASPA_HUMAN	843	CASP10	8.822	271	1	1	1.0	0.0	8.822
BAP1_HUMAN	8314	BAP1	8.822	271	1	0	1.0	0.0	8.822
GNDS_HUMAN	5900	RALGDS	8.819	273	1	0	1.0	0.0	8.819
MICB_HUMAN	4277	MICB	8.817	274	1	0	1.0	0.0	8.817
ACTB_HUMAN	60	ACTB	8.815	275	1	2	1.0	0.0	8.815
FIP1_HUMAN	81608	FIP1L1	8.812	277	1	0	1.0	0.0	8.812
LAT_HUMAN	27040	LAT	8.806	281	1	2	1.0	0.0	8.806
I10R1_HUMAN	3587	IL10RA	8.804	282	1	2	1.0	0.0	8.804
STC1_HUMAN	6781	STC1	8.8	285	1	0	1.0	0.0	8.8
INGR2_HUMAN	3460	IFNGR2	8.794	289	1	0	1.0	0.0	8.794
AKT3_HUMAN	10000	AKT3	8.794	289	1	1	1.0	0.0	8.794
INSM1_HUMAN	3642	INSM1	8.791	291	1	0	1.0	0.0	8.791
CD3E_HUMAN	916	CD3E	8.781	298	1	0	1.0	0.0	8.781
MINT_HUMAN	23013	SPEN	8.779	299	1	3	1.0	0.0	8.779
GLI3_HUMAN	2737	GLI3	8.778	300	1	0	1.0	0.0	8.778
METH_HUMAN	4548	MTR	8.776	301	1	0	1.0	0.0	8.776
VAV_HUMAN	7409	VAV1	8.776	301	1	0	1.0	0.0	8.776
SETBP_HUMAN	26040	SETBP1	8.77	305	1	0	1.0	0.0	8.77
SERPH_HUMAN	871	SERPINH1	8.768	307	1	0	1.0	0.0	8.768
CSPG2_HUMAN	1462	VCAN	8.762	311	1	0	1.0	0.0	8.762
BRD2_HUMAN	6046	BRD2	8.758	314	1	0	1.0	0.0	8.758
TFE3_HUMAN	7030	TFE3	8.755	316	1	2	1.0	0.0	8.755
ANXA6_HUMAN	309	ANXA6	8.751	319	1	1	1.0	0.0	8.751
AK1C1_HUMAN	1645	AKR1C1	8.746	323	1	0	1.0	0.0	8.746
PVR_HUMAN	5817	PVR	8.746	323	1	0	1.0	0.0	8.746
PD1L2_HUMAN	80380	PDCD1LG2	8.742	326	1	3	1.0	0.0	8.742
CCL26_HUMAN	10344	CCL26	8.738	329	1	0	1.0	0.0	8.738
GRAA_HUMAN	3001	GZMA	8.736	330	1	0	1.0	0.0	8.736
HXA9_HUMAN	3205	HOXA9	8.736	330	1	1	1.0	0.0	8.736
CEBPD_HUMAN	1052	CEBPD	8.732	333	1	0	1.0	0.0	8.732
RN5A_HUMAN	6041	RNASEL	8.731	334	1	0	1.0	0.0	8.731
BTD_HUMAN	686	BTD	8.725	339	1	0	1.0	0.0	8.725
EBP_HUMAN	10682	EBP	8.723	340	1	0	1.0	0.0	8.723
HXC10_HUMAN	3226	HOXC10	8.722	341	1	0	1.0	0.0	8.722
RBL1_HUMAN	5933	RBL1	8.717	345	1	0	1.0	0.0	8.717
NOD1_HUMAN	10392	NOD1	8.716	346	1	2	1.0	0.0	8.716
FSHB_HUMAN	2488	FSHB	8.712	349	1	0	1.0	0.0	8.712
FACD2_HUMAN	2177	FANCD2	8.711	350	1	0	1.0	0.0	8.711
DLL1_HUMAN	28514	DLL1	8.707	353	1	0	1.0	0.0	8.707
DNAS1_HUMAN	1773	DNASE1	8.703	356	1	1	1.0	0.0	8.703
DUS2_HUMAN	1844	DUSP2	8.697	361	1	1	1.0	0.0	8.697
SRSF2_HUMAN	6427	SRSF2	8.695	363	1	0	1.0	0.0	8.695
KITH_HUMAN	7083	TK1	8.694	364	1	0	1.0	0.0	8.694
TP53B_HUMAN	7158	TP53BP1	8.688	369	1	1	1.0	0.0	8.688
T53I2_HUMAN	58476	TP53INP2	8.684	372	1	1	1.0	0.0	8.684
HEP2_HUMAN	3053	SERPIND1	8.682	374	1	0	1.0	0.0	8.682
FCG2B_HUMAN	2213	FCGR2B	8.673	382	1	0	1.0	0.0	8.673
TBL1R_HUMAN	79718	TBL1XR1	8.673	382	1	2	1.0	0.0	8.673
TYK2_HUMAN	7297	TYK2	8.672	383	1	0	1.0	0.0	8.672
FA72B_HUMAN	653820	FAM72B	8.659	394	1	2	1.0	0.0	8.659
PEBB_HUMAN	865	CBFB	8.655	398	1	0	1.0	0.0	8.655
PTN6_HUMAN	5777	PTPN6	8.652	401	1	0	1.0	0.0	8.652
RL5_HUMAN	6125	RPL5	8.65	402	1	3	1.0	0.0	8.65
TNR9_HUMAN	3604	TNFRSF9	8.649	403	1	0	1.0	0.0	8.649
CTND1_HUMAN	1500	CTNND1	8.636	416	1	6	1.0	0.0	8.636
TRY1_HUMAN	5644	PRSS1	8.636	416	1	0	1.0	0.0	8.636
MAF_HUMAN	4094	MAF	8.635	417	1	0	1.0	0.0	8.635
TRAF2_HUMAN	7186	TRAF2	8.634	418	1	1	1.0	0.0	8.634
TXK_HUMAN	7294	TXK	8.629	422	1	0	1.0	0.0	8.629
PSB9_HUMAN	5698	PSMB9	8.627	424	1	2	1.0	0.0	8.627
CENPV_HUMAN	201161	CENPV	8.626	425	1	0	1.0	0.0	8.626
PLCG1_HUMAN	5335	PLCG1	8.605	446	1	4	1.0	0.0	8.605
TLR6_HUMAN	10333	TLR6	8.601	451	1	2	1.0	0.0	8.601
TCO2_HUMAN	6948	TCN2	8.591	461	1	0	1.0	0.0	8.591
AA2AR_HUMAN	135	ADORA2A	8.589	463	1	0	1.0	0.0	8.589
PITX2_HUMAN	5308	PITX2	8.588	464	1	0	1.0	0.0	8.588
GALT_HUMAN	2592	GALT	8.584	468	1	0	1.0	0.0	8.584
MRP4_HUMAN	10257	ABCC4	8.584	468	1	2	1.0	0.0	8.584
MRC1_HUMAN	4360	MRC1	8.582	471	1	3	1.0	0.0	8.582
TPIS_HUMAN	7167	TPI1	8.574	479	1	0	1.0	0.0	8.574
S29A1_HUMAN	2030	SLC29A1	8.566	488	1	1	1.0	0.0	8.566
CBPB2_HUMAN	1361	CPB2	8.564	491	1	0	1.0	0.0	8.564
FANCC_HUMAN	2176	FANCC	8.562	493	1	0	1.0	0.0	8.562
RPP14_HUMAN	11102	RPP14	8.557	499	1	1	1.0	0.0	8.557
ABC3G_HUMAN	60489	APOBEC3G	8.556	500	1	3	1.0	0.0	8.556
TIA1_HUMAN	7072	TIA1	8.548	509	1	0	1.0	0.0	8.548
IL3RA_HUMAN	3563	IL3RA	8.547	510	1	0	1.0	0.0	8.547
AMRP_HUMAN	4043	LRPAP1	8.546	511	1	0	1.0	0.0	8.546
GATA2_HUMAN	2624	GATA2	8.545	512	1	0	1.0	0.0	8.545
ABCB6_HUMAN	10058	ABCB6	8.532	528	1	1	1.0	0.0	8.532
DLK1_HUMAN	8788	DLK1	8.531	529	1	0	1.0	0.0	8.531
ARNT_HUMAN	405	ARNT	8.529	532	1	0	1.0	0.0	8.529
HMGA2_HUMAN	8091	HMGA2	8.525	537	1	0	1.0	0.0	8.525
MAG_HUMAN	4099	MAG	8.522	541	1	0	1.0	0.0	8.522
AGO2_HUMAN	27161	AGO2	8.522	541	1	3	1.0	0.0	8.522
CXL13_HUMAN	10563	CXCL13	8.499	570	1	2	1.0	0.0	8.499
ENTP1_HUMAN	953	ENTPD1	8.495	575	1	0	1.0	0.0	8.495
EPHB2_HUMAN	2048	EPHB2	8.494	577	1	1	1.0	0.0	8.494
APAF_HUMAN	317	APAF1	8.483	591	1	0	1.0	0.0	8.483
TSPO_HUMAN	706	TSPO	8.477	600	1	0	1.0	0.0	8.477
SNF5_HUMAN	6598	SMARCB1	8.474	603	1	2	1.0	0.0	8.474
BIRC2_HUMAN	329	BIRC2	8.467	614	1	1	1.0	0.0	8.467
TRPC6_HUMAN	7225	TRPC6	8.466	615	1	4	1.0	0.0	8.466
CD20_HUMAN	931	MS4A1	8.457	627	1	0	1.0	0.0	8.457
GA45A_HUMAN	1647	GADD45A	8.453	634	1	0	1.0	0.0	8.453
MAGA3_HUMAN	4102	MAGEA3	8.449	640	1	0	1.0	0.0	8.449
ATP7B_HUMAN	540	ATP7B	8.445	645	1	0	1.0	0.0	8.445
TBB3_HUMAN	10381	TUBB3	8.437	657	1	2	1.0	0.0	8.437
NKX25_HUMAN	1482	NKX2-5	8.426	674	1	0	1.0	0.0	8.426
GPX1_HUMAN	2876	GPX1	8.423	679	1	2	1.0	0.0	8.423
TBX21_HUMAN	30009	TBX21	8.422	681	1	0	1.0	0.0	8.422
CMA1_HUMAN	1215	CMA1	8.42	684	1	0	1.0	0.0	8.42
S22A1_HUMAN	6580	SLC22A1	8.42	684	1	0	1.0	0.0	8.42
CCR6_HUMAN	1235	CCR6	8.415	692	1	0	1.0	0.0	8.415
DICER_HUMAN	23405	DICER1	8.415	691	1	0	1.0	0.0	8.415
DEFB1_HUMAN	1672	DEFB1	8.411	697	1	0	1.0	0.0	8.411
PHLD_HUMAN	2822	GPLD1	8.407	705	1	0	1.0	0.0	8.407
CDK20_HUMAN	23552	CDK20	8.407	704	1	0	1.0	0.0	8.407
RBBP4_HUMAN	5928	RBBP4	8.403	711	1	0	1.0	0.0	8.403
SMCA4_HUMAN	6597	SMARCA4	8.401	714	1	1	1.0	0.0	8.401
FLT3L_HUMAN	2323	FLT3LG	8.398	719	1	0	1.0	0.0	8.398
XBP1_HUMAN	7494	XBP1	8.394	726	1	0	1.0	0.0	8.394
GATA4_HUMAN	2626	GATA4	8.392	729	1	0	1.0	0.0	8.392
MTG8_HUMAN	862	RUNX1T1	8.381	747	1	0	1.0	0.0	8.381
AMPE_HUMAN	2028	ENPEP	8.377	754	1	0	1.0	0.0	8.377
PRRT2_HUMAN	112476	PRRT2	8.371	765	1	2	1.0	0.0	8.371
SPRC_HUMAN	6678	SPARC	8.367	772	1	2	1.0	0.0	8.367
E2AK2_HUMAN	5610	EIF2AK2	8.364	777	1	0	1.0	0.0	8.364
APR_HUMAN	5366	PMAIP1	8.359	787	1	0	1.0	0.0	8.359
ANXA2_HUMAN	302	ANXA2	8.335	832	1	0	1.0	0.0	8.335
MX1_HUMAN	4599	MX1	8.326	848	1	0	1.0	0.0	8.326
AL1A1_HUMAN	216	ALDH1A1	8.324	852	1	0	1.0	0.0	8.324
CDD_HUMAN	978	CDA	8.313	874	1	0	1.0	0.0	8.313
PTN22_HUMAN	26191	PTPN22	8.302	896	1	0	1.0	0.0	8.302
LAMP1_HUMAN	3916	LAMP1	8.3	900	1	0	1.0	0.0	8.3
PLK1_HUMAN	5347	PLK1	8.3	901	1	0	1.0	0.0	8.3
IFI44_HUMAN	10561	IFI44	8.3	902	1	1	1.0	0.0	8.3
EF1A2_HUMAN	1917	EEF1A2	8.295	912	1	0	1.0	0.0	8.295
STK11_HUMAN	6794	STK11	8.292	917	1	0	1.0	0.0	8.292
FBN1_HUMAN	2200	FBN1	8.29	923	1	0	1.0	0.0	8.29
BMI1_HUMAN	648	BMI1	8.284	935	1	0	1.0	0.0	8.284
TR10A_HUMAN	8797	TNFRSF10A	8.277	951	1	0	1.0	0.0	8.277
IL6RB_HUMAN	3572	IL6ST	8.271	964	1	5	1.0	0.0	8.271
PH4H_HUMAN	5053	PAH	8.27	965	1	0	1.0	0.0	8.27
DPB1_HUMAN	3115	HLA-DPB1	8.268	970	1	0	1.0	0.0	8.268
PGBM_HUMAN	3339	HSPG2	8.268	969	1	0	1.0	0.0	8.268
OCLN_HUMAN	100506658	OCLN	8.263	981	1	4	1.0	0.0	8.263
TNR16_HUMAN	4804	NGFR	8.26	988	1	0	1.0	0.0	8.26
MT2_HUMAN	4502	MT2A	8.259	991	1	0	1.0	0.0	8.259
IL4RA_HUMAN	3566	IL4R	8.258	992	1	0	1.0	0.0	8.258
PTC1_HUMAN	5727	PTCH1	8.258	993	1	0	1.0	0.0	8.258
IF4E_HUMAN	1977	EIF4E	8.256	997	1	0	1.0	0.0	8.256
NKX21_HUMAN	7080	NKX2-1	8.247	1017	1	0	1.0	0.0	8.247
GLI1_HUMAN	2735	GLI1	8.244	1025	1	0	1.0	0.0	8.244
ANGI_HUMAN	283	ANG	8.238	1039	1	1	1.0	0.0	8.238
STS_HUMAN	412	STS	8.234	1048	1	0	1.0	0.0	8.234
ERCC2_HUMAN	2068	ERCC2	8.232	1053	1	1	1.0	0.0	8.232
FCG2A_HUMAN	2212	FCGR2A	8.227	1066	1	0	1.0	0.0	8.227
ERBB4_HUMAN	2066	ERBB4	8.225	1071	1	4	1.0	0.0	8.225
FA12_HUMAN	2161	F12	8.217	1090	1	0	1.0	0.0	8.217
WDHD1_HUMAN	11169	WDHD1	8.213	1100	1	1	1.0	0.0	8.213
MICA_HUMAN	100507436	MICA	8.199	1138	1	0	1.0	0.0	8.199
TPOR_HUMAN	4352	MPL	8.193	1153	1	0	1.0	0.0	8.193
CO1A1_HUMAN	1277	COL1A1	8.187	1168	1	0	1.0	0.0	8.187
MARH8_HUMAN	220972	MARCH8	8.18	1189	1	7	1.0	0.0	8.18
K1C14_HUMAN	3861	KRT14	8.176	1200	1	1	1.0	0.0	8.176
FAK2_HUMAN	2185	PTK2B	8.171	1212	1	4	1.0	0.0	8.171
XRCC1_HUMAN	7515	XRCC1	8.161	1242	1	0	1.0	0.0	8.161
CD1C_HUMAN	911	CD1C	8.16	1244	1	0	1.0	0.0	8.16
GDNF_HUMAN	2668	GDNF	8.157	1253	1	0	1.0	0.0	8.157
CD99_HUMAN	4267	CD99	8.155	1258	1	0	1.0	0.0	8.155
PTPA_HUMAN	5524	PTPA	8.15	1274	1	1	1.0	0.0	8.15
NTRK1_HUMAN	4914	NTRK1	8.147	1282	1	0	1.0	0.0	8.147
FGFR2_HUMAN	2263	FGFR2	8.142	1295	1	0	1.0	0.0	8.142
MEFV_HUMAN	4210	MEFV	8.142	1297	1	0	1.0	0.0	8.142
TPO_HUMAN	7066	THPO	8.141	1299	1	0	1.0	0.0	8.141
ABCA1_HUMAN	19	ABCA1	8.13	1333	1	1	1.0	0.0	8.13
G6PI_HUMAN	2821	GPI	8.13	1333	1	0	1.0	0.0	8.13
A2AP_HUMAN	5345	SERPINF2	8.126	1344	1	0	1.0	0.0	8.126
ANGP1_HUMAN	284	ANGPT1	8.124	1351	1	0	1.0	0.0	8.124
SDC1_HUMAN	6382	SDC1	8.116	1376	1	0	1.0	0.0	8.116
RO52_HUMAN	6737	TRIM21	8.112	1390	1	0	1.0	0.0	8.112
K2C5_HUMAN	3852	KRT5	8.099	1430	1	0	1.0	0.0	8.099
ITB3_HUMAN	3690	ITGB3	8.088	1468	1	7	1.0	0.0	8.088
SFTA1_HUMAN	653509	SFTPA1	8.086	1473	1	0	1.0	0.0	8.086
NOD2_HUMAN	64127	NOD2	8.081	1493	1	1	1.0	0.0	8.081
E2F1_HUMAN	1869	E2F1	8.075	1512	1	0	1.0	0.0	8.075
MBL2_HUMAN	4153	MBL2	8.074	1517	1	0	1.0	0.0	8.074
MERL_HUMAN	4771	NF2	8.073	1519	1	0	1.0	0.0	8.073
MCP_HUMAN	4179	CD46	8.064	1553	1	0	1.0	0.0	8.064
DNMT1_HUMAN	1786	DNMT1	8.057	1576	1	2	1.0	0.0	8.057
EDNRA_HUMAN	1909	EDNRA	8.05	1603	1	1	1.0	0.0	8.05
GHR_HUMAN	2690	GHR	8.049	1605	1	0	1.0	0.0	8.049
VEGFC_HUMAN	7424	VEGFC	8.048	1609	1	0	1.0	0.0	8.048
MEN1_HUMAN	4221	MEN1	8.018	1723	1	1	1.0	0.0	8.018
SMAD4_HUMAN	4089	SMAD4	8.017	1728	1	0	1.0	0.0	8.017
S10A8_HUMAN	6279	S100A8	8.017	1730	1	0	1.0	0.0	8.017
ERBB3_HUMAN	2065	ERBB3	8.004	1783	1	5	1.0	0.0	8.004
PTHR_HUMAN	5744	PTHLH	7.991	1835	1	0	1.0	0.0	7.991
GRP_HUMAN	2922	GRP	7.99	1841	1	0	1.0	0.0	7.99
AOFA_HUMAN	4128	MAOA	7.987	1853	1	0	1.0	0.0	7.987
THIO_HUMAN	7295	TXN	7.987	1854	1	0	1.0	0.0	7.987
GRP78_HUMAN	3309	HSPA5	7.982	1873	1	4	1.0	0.0	7.982
TR10B_HUMAN	8795	TNFRSF10B	7.982	1873	1	0	1.0	0.0	7.982
ITAX_HUMAN	3687	ITGAX	7.98	1884	1	0	1.0	0.0	7.98
RAF1_HUMAN	5894	RAF1	7.967	1938	1	0	1.0	0.0	7.967
CCNB1_HUMAN	891	CCNB1	7.958	1980	1	1	1.0	0.0	7.958
THY1_HUMAN	7070	THY1	7.956	1988	1	0	1.0	0.0	7.956
PUM3_HUMAN	9933	PUM3	7.952	2006	1	0	1.0	0.0	7.952
LEG1_HUMAN	3956	LGALS1	7.947	2031	1	0	1.0	0.0	7.947
CATD_HUMAN	1509	CTSD	7.937	2076	1	0	1.0	0.0	7.937
CP2E1_HUMAN	1571	CYP2E1	7.935	2088	1	0	1.0	0.0	7.935
CATB_HUMAN	1508	CTSB	7.933	2098	1	0	1.0	0.0	7.933
TTHY_HUMAN	7276	TTR	7.933	2098	1	0	1.0	0.0	7.933
PSMD1_HUMAN	5707	PSMD1	7.921	2154	1	0	1.0	0.0	7.921
AHR_HUMAN	196	AHR	7.911	2209	1	1	1.0	0.0	7.911
TFR1_HUMAN	7037	TFRC	7.906	2230	1	0	1.0	0.0	7.906
HMDH_HUMAN	3156	HMGCR	7.905	2238	1	1	1.0	0.0	7.905
SMAD3_HUMAN	4088	SMAD3	7.899	2266	1	1	1.0	0.0	7.899
RUNX2_HUMAN	860	RUNX2	7.885	2344	1	0	1.0	0.0	7.885
P63_HUMAN	8626	TP63	7.88	2371	1	0	1.0	0.0	7.88
TNR1A_HUMAN	7132	TNFRSF1A	7.875	2396	1	0	1.0	0.0	7.875
GTR1_HUMAN	6513	SLC2A1	7.868	2436	1	3	1.0	0.0	7.868
BGAL_HUMAN	2720	GLB1	7.865	2455	1	0	1.0	0.0	7.865
MP2K1_HUMAN	5604	MAP2K1	7.854	2516	1	0	1.0	0.0	7.854
IL15_HUMAN	3600	IL15	7.851	2534	1	8	1.0	0.0	7.851
KCMB1_HUMAN	3779	KCNMB1	7.839	2605	1	5	1.0	0.0	7.839
SLIB_HUMAN	2691	GHRH	7.834	2635	1	0	1.0	0.0	7.834
TR11B_HUMAN	4982	TNFRSF11B	7.813	2767	1	0	1.0	0.0	7.813
ADA1D_HUMAN	146	ADRA1D	7.811	2777	1	0	1.0	0.0	7.811
IL2RB_HUMAN	3560	IL2RB	7.811	2780	1	0	1.0	0.0	7.811
GSK3B_HUMAN	2932	GSK3B	7.802	2838	1	2	1.0	0.0	7.802
LYAM1_HUMAN	6402	SELL	7.801	2840	1	0	1.0	0.0	7.801
CD40L_HUMAN	959	CD40LG	7.793	2898	1	0	1.0	0.0	7.793
NDUB3_HUMAN	4709	NDUFB3	7.788	2927	1	5	1.0	0.0	7.788
CP2CJ_HUMAN	1557	CYP2C19	7.786	2941	1	0	1.0	0.0	7.786
ITAL_HUMAN	3683	ITGAL	7.777	3006	1	0	1.0	0.0	7.777
GSTK1_HUMAN	373156	GSTK1	7.767	3077	1	0	1.0	0.0	7.767
CP1A2_HUMAN	1544	CYP1A2	7.762	3110	1	0	1.0	0.0	7.762
IFI27_HUMAN	3429	IFI27	7.734	3320	1	2	1.0	0.0	7.734
BGAT_HUMAN	28	ABO	7.732	3333	1	0	1.0	0.0	7.732
PPARA_HUMAN	5465	PPARA	7.718	3441	1	0	1.0	0.0	7.718
CMGA_HUMAN	1113	CHGA	7.716	3455	1	0	1.0	0.0	7.716
ELN_HUMAN	2006	ELN	7.706	3538	1	0	1.0	0.0	7.706
FPR1_HUMAN	2357	FPR1	7.705	3542	1	0	1.0	0.0	7.705
SCF_HUMAN	4254	KITLG	7.705	3542	1	4	1.0	0.0	7.705
MBP_HUMAN	4155	MBP	7.697	3613	1	0	1.0	0.0	7.697
IFNA2_HUMAN	3440	IFNA2	7.688	3683	1	0	1.0	0.0	7.688
CTLA4_HUMAN	1493	CTLA4	7.672	3826	1	7	1.0	0.0	7.672
CP2D6_HUMAN	1565	CYP2D6	7.649	4031	1	0	1.0	0.0	7.649
RET_HUMAN	5979	RET	7.626	4253	1	0	1.0	0.0	7.626
TF65_HUMAN	5970	RELA	7.617	4340	1	3	1.0	0.0	7.617
CD28_HUMAN	940	CD28	7.605	4465	1	1	1.0	0.0	7.605
CO3_HUMAN	718	C3	7.595	4567	1	0	1.0	0.0	7.595
S17A5_HUMAN	26503	SLC17A5	7.588	4645	1	0	1.0	0.0	7.588
CATA_HUMAN	847	CAT	7.574	4790	1	0	1.0	0.0	7.574
IBP3_HUMAN	3486	IGFBP3	7.556	4998	1	0	1.0	0.0	7.556
ITAM_HUMAN	3684	ITGAM	7.555	5008	1	0	1.0	0.0	7.555
CD68_HUMAN	968	CD68	7.548	5091	1	0	1.0	0.0	7.548
GAST_HUMAN	2520	GAST	7.544	5136	1	0	1.0	0.0	7.544
TPA_HUMAN	5327	PLAT	7.544	5139	1	0	1.0	0.0	7.544
2B13_HUMAN	3123	HLA-DRB1	7.529	5313	1	0	1.0	0.0	7.529
PECA1_HUMAN	5175	PECAM1	7.527	5336	1	0	1.0	0.0	7.527
IFNB_HUMAN	3456	IFNB1	7.511	5545	1	0	1.0	0.0	7.511
CASP8_HUMAN	841	CASP8	7.509	5573	1	0	1.0	0.0	7.509
JUN_HUMAN	3725	JUN	7.506	5610	1	0	1.0	0.0	7.506
CASP9_HUMAN	842	CASP9	7.475	6027	1	2	1.0	0.0	7.475
A1AT_HUMAN	5265	SERPINA1	7.462	6209	1	0	1.0	0.0	7.462
CD44_HUMAN	960	CD44	7.46	6231	1	0	1.0	0.0	7.46
VGFR2_HUMAN	3791	KDR	7.444	6464	1	0	1.0	0.0	7.444
COX2_HUMAN	4513	MT-CO2	7.404	7092	1	0	1.0	0.0	7.404
CD14_HUMAN	929	CD14	7.368	7700	1	0	1.0	0.0	7.368
PRL_HUMAN	5617	PRL	7.364	7779	1	0	1.0	0.0	7.364
MK14_HUMAN	1432	MAPK14	7.328	8447	1	4	1.0	0.0	7.328
CADH1_HUMAN	999	CDH1	7.29	9209	1	0	1.0	0.0	7.29
NELFD_HUMAN	51497	NELFCD	7.264	9794	1	1	1.0	0.0	7.264
VIME_HUMAN	7431	VIM	7.243	10272	1	0	1.0	0.0	7.243
MK03_HUMAN	5595	MAPK3	7.185	11751	1	0	1.0	0.0	7.185
TRFE_HUMAN	7018	TF	7.167	12237	1	0	1.0	0.0	7.167
MMP9_HUMAN	4318	MMP9	7.118	13703	1	2	1.0	0.0	7.118
ESR1_HUMAN	2099	ESR1	7.114	13814	1	1	1.0	0.0	7.114
FIBB_HUMAN	2244	FGB	7.068	15352	1	0	1.0	0.0	7.068
EPO_HUMAN	2056	EPO	7.062	15574	1	0	1.0	0.0	7.062
RENI_HUMAN	5972	REN	7.053	15907	1	0	1.0	0.0	7.053
KLK3_HUMAN	354	KLK3	7.03	16765	1	0	1.0	0.0	7.03
MK01_HUMAN	5594	MAPK1	6.922	21517	1	0	1.0	0.0	6.922
VEGFA_HUMAN	7422	VEGFA	6.74	32733	1	2	1.0	0.0	6.74
INS_HUMAN	3630	INS	6.622	42836	1	0	1.0	0.0	6.622
