Big_T	13871
Big_F	17252753
UniProtKB_ID	GeneID	Gene_Name	PPS	Big_P	T+P	Citation	1+Log(T+P)	log10((Cit/yr+1)/10)	1+log10(F/T)+log10(F/P)
EGFR_HUMAN	1956	EGFR	50.985	30695	3562	7901	4.552	2.898	6.844
ALK_HUMAN	238	ALK	39.224	2791	163	577	3.212	1.762	7.886
RASK_HUMAN	3845	KRAS	38.465	10492	398	458	3.6	1.662	7.31
P53_HUMAN	7157	TP53	35.073	46130	516	352	3.713	1.548	6.667
ARF_HUMAN	1029	CDKN2A	31.579	9187	140	137	3.146	1.14	7.368
ERBB2_HUMAN	2064	ERBB2	30.299	26330	123	196	3.09	1.294	6.911
BRAF_HUMAN	673	BRAF	30.285	6965	64	172	2.806	1.238	7.488
FGFR1_HUMAN	2260	FGFR1	28.686	1615	33	102	2.519	1.013	8.123
B2L11_HUMAN	10018	BCL2L11	28.554	365	22	81	2.342	0.914	8.769
PK3CA_HUMAN	5290	PIK3CA	28.41	2646	23	169	2.362	1.23	7.909
DICER_HUMAN	23405	DICER1	27.569	691	28	62	2.447	0.799	8.492
CHK2_HUMAN	11200	CHEK2	26.27	1355	13	122	2.114	1.09	8.199
RASH_HUMAN	3265	HRAS	26.035	2263	34	53	2.531	0.732	7.977
FHIT_HUMAN	2272	FHIT	25.565	760	53	19	2.724	0.301	8.45
CTNB1_HUMAN	1499	CTNNB1	25.171	8844	42	60	2.623	0.785	7.385
FLCN_HUMAN	201163	FLCN	25.171	167	29	19	2.462	0.301	9.109
NF2L2_HUMAN	4780	NFE2L2	25.042	2742	16	92	2.204	0.968	7.893
RASF1_HUMAN	11186	RASSF1	24.853	1012	21	45	2.322	0.663	8.326
BAP1_HUMAN	8314	BAP1	24.816	271	15	40	2.176	0.613	8.898
RB_HUMAN	5925	RB1	23.934	4614	27	48	2.431	0.69	7.667
AKT1_HUMAN	207	AKT1	23.931	18505	37	65	2.568	0.82	7.064
CTLA4_HUMAN	1493	CTLA4	23.174	3826	11	88	2.041	0.949	7.749
ROS1_HUMAN	6098	ROS1	22.919	425	10	42	2.0	0.633	8.703
ZHX2_HUMAN	22882	ZHX2	21.995	1955	16	33	2.204	0.531	8.04
STK11_HUMAN	6794	STK11	21.777	917	20	19	2.301	0.301	8.369
SOX2_HUMAN	6657	SOX2	21.61	2534	7	75	1.845	0.881	7.927
CDK4_HUMAN	1019	CDK4	21.41	3335	23	23	2.362	0.38	7.808
MTOR_HUMAN	2475	MTOR	21.032	14590	20	42	2.301	0.633	7.167
NKX21_HUMAN	7080	NKX2-1	20.942	1017	8	40	1.903	0.613	8.324
MYC_HUMAN	4609	MYC	20.829	10313	54	12	2.732	0.114	7.318
HGF_HUMAN	3082	HGF	20.813	4410	15	33	2.176	0.531	7.687
KIT_HUMAN	3815	KIT	20.756	6488	32	17	2.505	0.255	7.519
MDM2_HUMAN	4193	MDM2	20.397	3545	22	18	2.342	0.279	7.782
CP1A1_HUMAN	1543	CYP1A1	20.339	3030	39	8	2.591	0.0	7.85
BRCA1_HUMAN	672	BRCA1	20.334	9743	21	27	2.322	0.447	7.342
CDN1A_HUMAN	1026	CDKN1A	20.321	5857	27	17	2.431	0.255	7.564
PTEN_HUMAN	5728	PTEN	20.077	6259	21	21	2.322	0.342	7.535
TACC3_HUMAN	10460	TACC3	19.558	101	5	24	1.699	0.398	9.327
CFTR_HUMAN	1080	CFTR	19.532	4546	9	38	1.954	0.591	7.674
CBP_HUMAN	1387	CREBBP	19.516	1601	6	41	1.778	0.623	8.127
CEBPA_HUMAN	1050	CEBPA	19.492	1727	8	31	1.903	0.505	8.094
EMAL4_HUMAN	27436	EML4	19.409	509	2	88	1.301	0.949	8.625
PARP1_HUMAN	142	PARP1	19.365	6579	18	20	2.255	0.322	7.513
CADM1_HUMAN	23705	CADM1	19.347	358	10	15	2.0	0.204	8.777
GSTM1_HUMAN	2944	GSTM1	19.335	2692	28	3	2.447	0.0	7.901
MEN1_HUMAN	4221	MEN1	19.268	1723	24	3	2.38	0.0	8.095
HPRT_HUMAN	3251	HPRT1	19.031	2227	22	10	2.342	0.041	7.984
OGG1_HUMAN	4968	OGG1	18.77	1062	14	12	2.146	0.114	8.305
CEAM3_HUMAN	1084	CEACAM3	18.474	9052	32	8	2.505	0.0	7.374
EGF_HUMAN	1950	EGF	18.35	4898	21	11	2.322	0.079	7.641
NPT2B_HUMAN	10568	SLC34A2	18.122	82	6	13	1.778	0.146	9.418
FGFR3_HUMAN	2261	FGFR3	18.105	1310	8	19	1.903	0.301	8.214
TSC1_HUMAN	7248	TSC1	18.054	1381	16	8	2.204	0.0	8.191
KINH_HUMAN	3799	KIF5B	18.033	108	3	28	1.477	0.462	9.298
FGF3_HUMAN	2248	FGF3	18.008	452	7	16	1.845	0.23	8.676
YAP1_HUMAN	10413	YAP1	18.002	877	7	19	1.845	0.301	8.388
CP2A6_HUMAN	1548	CYP2A6	17.927	1032	13	10	2.114	0.041	8.318
IGF1R_HUMAN	3480	IGF1R	17.725	3702	8	23	1.903	0.38	7.763
MGMT_HUMAN	4255	MGMT	17.554	2601	11	14	2.041	0.176	7.916
MLH1_HUMAN	4292	MLH1	17.446	3231	17	1	2.23	0.0	7.822
HGFL_HUMAN	4485	MST1	17.414	421	10	3	2.0	0.0	8.707
MDR1_HUMAN	5243	ABCB1	17.389	10598	15	15	2.176	0.204	7.306
RET_HUMAN	5979	RET	17.371	4253	18	6	2.255	0.0	7.703
TEN1_HUMAN	10178	TENM1	17.306	3736	17	5	2.23	0.0	7.759
IDHC_HUMAN	3417	IDH1	17.267	1683	5	26	1.699	0.431	8.105
CDN1B_HUMAN	1027	CDKN1B	17.223	3007	13	11	2.114	0.079	7.853
DDR2_HUMAN	4921	DDR2	17.172	149	3	24	1.477	0.398	9.158
SDHB_HUMAN	6390	SDHB	17.157	910	8	13	1.903	0.146	8.372
JAK2_HUMAN	3717	JAK2	17.148	4222	7	23	1.845	0.38	7.706
PD1L1_HUMAN	29126	CD274	17.099	2564	12	11	2.079	0.079	7.922
NOTC1_HUMAN	4851	NOTCH1	17.053	2179	4	33	1.602	0.531	7.993
MALT1_HUMAN	10892	MALT1	17.048	197	7	10	1.845	0.041	9.037
PGFRA_HUMAN	5156	PDGFRA	17.046	2020	7	18	1.845	0.279	8.026
CP2D6_HUMAN	1565	CYP2D6	17.029	4031	16	1	2.204	0.0	7.726
TBB3_HUMAN	10381	TUBB3	17.027	657	10	6	2.0	0.0	8.514
MP2K1_HUMAN	5604	MAP2K1	16.971	2516	6	22	1.778	0.362	7.931
MSH6_HUMAN	2956	MSH6	16.834	1307	7	15	1.845	0.204	8.215
CAD13_HUMAN	1012	CDH13	16.813	279	6	12	1.778	0.114	8.886
MCL1_HUMAN	4170	MCL1	16.763	2669	4	32	1.602	0.519	7.905
MD2L1_HUMAN	4085	MAD2L1	16.707	357	5	15	1.699	0.204	8.779
CEAM5_HUMAN	1048	CEACAM5	16.672	490	5	16	1.699	0.23	8.641
ARY2_HUMAN	10	NAT2	16.543	1148	10	0	2.0	0.0	8.271
MET_HUMAN	4233	MET	16.409	2497	9	12	1.954	0.114	7.934
SMCA4_HUMAN	6597	SMARCA4	16.357	714	5	16	1.699	0.23	8.478
TERT_HUMAN	7015	TERT	16.336	4242	11	11	2.041	0.079	7.704
TFE3_HUMAN	7030	TFE3	16.295	316	7	0	1.845	0.0	8.832
TSC2_HUMAN	7249	TSC2	16.255	1353	6	15	1.778	0.204	8.2
NDKA_HUMAN	4830	NME1	16.217	1079	9	2	1.954	0.0	8.298
CADH2_HUMAN	1000	CDH2	16.209	1685	10	8	2.0	0.0	8.105
CMGA_HUMAN	1113	CHGA	16.203	3455	12	2	2.079	0.0	7.793
DCC_HUMAN	1630	DCC	16.098	404	7	0	1.845	0.0	8.725
CRKL_HUMAN	1399	CRKL	15.994	217	4	14	1.602	0.176	8.995
RPP14_HUMAN	11102	RPP14	15.929	499	7	1	1.845	0.0	8.633
MYCN_HUMAN	4613	MYCN	15.908	2383	10	0	2.0	0.0	7.954
MK14_HUMAN	1432	MAPK14	15.845	8447	6	22	1.778	0.362	7.405
RASN_HUMAN	4893	NRAS	15.781	2546	7	13	1.845	0.146	7.925
2AAB_HUMAN	5519	PPP2R1B	15.751	27	3	12	1.477	0.114	9.9
SMAD2_HUMAN	4087	SMAD2	15.731	1913	9	5	1.954	0.0	8.05
GPX1_HUMAN	2876	GPX1	15.682	679	7	2	1.845	0.0	8.499
HCFC1_HUMAN	3054	HCFC1	15.529	2426	9	0	1.954	0.0	7.946
PRKN_HUMAN	5071	PRKN	15.52	401	4	14	1.602	0.176	8.728
DPOLL_HUMAN	27343	POLL	15.514	127	4	11	1.602	0.079	9.228
EWS_HUMAN	2130	EWSR1	15.491	862	7	1	1.845	0.0	8.396
CDX2_HUMAN	1045	CDX2	15.383	987	7	1	1.845	0.0	8.337
RBM5_HUMAN	10181	RBM5	15.353	56	4	1	1.602	0.0	9.583
APEX1_HUMAN	328	APEX1	15.32	1067	7	4	1.845	0.0	8.303
WWOX_HUMAN	51741	WWOX	15.317	207	5	4	1.699	0.0	9.015
CDK2_HUMAN	1017	CDK2	15.312	3134	9	5	1.954	0.0	7.835
SPB3_HUMAN	6317	SERPINB3	15.298	1962	8	6	1.903	0.0	8.039
MUTYH_HUMAN	4595	MUTYH	15.296	536	6	7	1.778	0.0	8.602
NF1_HUMAN	4763	NF1	15.241	5140	10	2	2.0	0.0	7.62
CHK1_HUMAN	1111	CHEK1	15.186	1262	7	6	1.845	0.0	8.23
APC_HUMAN	324	APC	15.185	619	6	3	1.778	0.0	8.54
ENOG_HUMAN	2026	ENO2	15.113	3962	9	4	1.954	0.0	7.733
NQO1_HUMAN	1728	NQO1	15.077	1445	7	3	1.845	0.0	8.171
PTPRT_HUMAN	11122	PTPRT	15.047	46	3	11	1.477	0.079	9.669
E2F1_HUMAN	1869	E2F1	15.041	1512	7	5	1.845	0.0	8.152
M3K8_HUMAN	1326	MAP3K8	14.883	110	4	3	1.602	0.0	9.29
BAX_HUMAN	581	BAX	14.863	11225	11	3	2.041	0.0	7.281
APJ_HUMAN	187	APLNR	14.777	169	1	41	1.0	0.623	9.103
ERCC2_HUMAN	2068	ERCC2	14.774	1053	6	1	1.778	0.0	8.309
CHFR_HUMAN	55743	CHFR	14.761	131	4	1	1.602	0.0	9.214
VHL_HUMAN	7428	VHL	14.712	2280	7	1	1.845	0.0	7.973
ANXA5_HUMAN	308	ANXA5	14.641	6904	3	29	1.477	0.477	7.492
CD82_HUMAN	3732	CD82	14.641	517	5	0	1.699	0.0	8.618
HMGA2_HUMAN	8091	HMGA2	14.613	537	5	0	1.699	0.0	8.601
TNR6_HUMAN	355	FAS	14.527	2871	7	4	1.845	0.0	7.873
SFTA1_HUMAN	653509	SFTPA1	14.515	1473	6	3	1.778	0.0	8.163
ABL1_HUMAN	25	ABL1	14.492	6311	7	11	1.845	0.079	7.531
FRS2_HUMAN	10818	FRS2	14.44	113	3	11	1.477	0.079	9.278
ERCC1_HUMAN	2067	ERCC1	14.425	1656	6	4	1.778	0.0	8.112
COBA2_HUMAN	1302	COL11A2	14.392	1728	6	9	1.778	0.0	8.094
SMAD4_HUMAN	4089	SMAD4	14.392	1728	6	5	1.778	0.0	8.094
BUB1_HUMAN	699	BUB1	14.361	233	4	0	1.602	0.0	8.964
FGFR4_HUMAN	2264	FGFR4	14.329	410	4	10	1.602	0.041	8.719
GLYAT_HUMAN	10249	GLYAT	14.261	269	4	0	1.602	0.0	8.902
CP2E1_HUMAN	1571	CYP2E1	14.246	2088	6	0	1.778	0.0	8.012
HIF1A_HUMAN	3091	HIF1A	14.23	7140	8	2	1.903	0.0	7.478
BRD4_HUMAN	23476	BRD4	14.226	283	4	7	1.602	0.0	8.88
AKT3_HUMAN	10000	AKT3	14.211	289	4	7	1.602	0.0	8.87
UBE2C_HUMAN	11065	UBE2C	14.163	101	3	10	1.477	0.041	9.327
P73_HUMAN	7161	TP73	14.112	1060	5	1	1.699	0.0	8.306
ABCA3_HUMAN	21	ABCA3	14.078	193	3	11	1.477	0.079	9.046
FLT3_HUMAN	2322	FLT3	14.078	2594	6	9	1.778	0.0	7.917
PRIMA_HUMAN	145270	PRIMA1	14.071	195	3	11	1.477	0.079	9.041
IFM3_HUMAN	10410	IFITM3	14.007	87	1	30	1.0	0.491	9.392
FGFR2_HUMAN	2263	FGFR2	13.964	1295	5	6	1.699	0.0	8.219
IKBA_HUMAN	4792	NFKBIA	13.938	3112	4	14	1.602	0.176	7.838
BCL2_HUMAN	596	BCL2	13.919	23522	10	5	2.0	0.0	6.96
A1AT_HUMAN	5265	SERPINA1	13.909	6209	7	1	1.845	0.0	7.538
DESM_HUMAN	1674	DES	13.877	3365	6	0	1.778	0.0	7.804
TUSC1_HUMAN	286319	TUSC1	13.833	5	2	1	1.301	0.0	10.632
ECT2_HUMAN	1894	ECT2	13.816	95	3	3	1.477	0.0	9.354
TNF10_HUMAN	8743	TNFSF10	13.812	4830	4	15	1.602	0.204	7.647
CAV1_HUMAN	857	CAV1	13.774	1675	5	3	1.699	0.0	8.107
ACTN4_HUMAN	81	ACTN4	13.767	547	4	1	1.602	0.0	8.593
EPHA3_HUMAN	2042	EPHA3	13.728	109	3	7	1.477	0.0	9.294
SNF5_HUMAN	6598	SMARCB1	13.699	603	4	0	1.602	0.0	8.551
GLI1_HUMAN	2735	GLI1	13.674	1025	4	10	1.602	0.041	8.321
GSTT1_HUMAN	2952	GSTT1	13.67	1930	5	1	1.699	0.0	8.046
MSLN_HUMAN	10232	MSLN	13.657	360	3	11	1.477	0.079	8.775
ABC3B_HUMAN	9582	APOBEC3B	13.635	126	1	29	1.0	0.477	9.231
PLK4_HUMAN	10733	PLK4	13.605	132	2	14	1.301	0.176	9.211
CDN1C_HUMAN	1028	CDKN1C	13.593	702	4	0	1.602	0.0	8.485
MRP1_HUMAN	4363	ABCC1	13.581	2177	5	4	1.699	0.0	7.993
CCND1_HUMAN	595	CCND1	13.576	9412	7	2	1.845	0.0	7.358
HBEGF_HUMAN	1839	HBEGF	13.572	724	4	2	1.602	0.0	8.472
IGF2_HUMAN	3481	IGF2	13.562	5059	6	0	1.778	0.0	7.627
ACHA5_HUMAN	1138	CHRNA5	13.519	151	3	0	1.477	0.0	9.152
S14L2_HUMAN	23541	SEC14L2	13.519	151	3	0	1.477	0.0	9.152
CP2AD_HUMAN	1553	CYP2A13	13.511	153	3	2	1.477	0.0	9.147
CREB1_HUMAN	1385	CREB1	13.489	2466	5	9	1.699	0.0	7.939
AK1BA_HUMAN	57016	AKR1B10	13.47	163	3	5	1.477	0.0	9.119
GNA11_HUMAN	2767	GNA11	13.466	164	3	0	1.477	0.0	9.116
KEAP1_HUMAN	9817	KEAP1	13.421	510	3	11	1.477	0.079	8.624
RARB_HUMAN	5915	RARB	13.4	927	4	2	1.602	0.0	8.364
SRC_HUMAN	6714	SRC	13.384	4377	5	10	1.699	0.041	7.69
VGFR2_HUMAN	3791	KDR	13.373	6464	6	7	1.778	0.0	7.521
ERBB4_HUMAN	2066	ERBB4	13.3	1071	4	3	1.602	0.0	8.302
KLF6_HUMAN	1316	KLF6	13.284	218	3	4	1.477	0.0	8.993
MTAP_HUMAN	4507	MTAP	13.266	224	3	1	1.477	0.0	8.981
AURKA_HUMAN	6790	AURKA	13.26	1134	4	1	1.602	0.0	8.277
PDGFB_HUMAN	5155	PDGFB	13.237	1172	4	1	1.602	0.0	8.262
ACE_HUMAN	1636	ACE	13.214	14773	7	1	1.845	0.0	7.162
CSF2_HUMAN	1437	CSF2	13.203	14987	7	0	1.845	0.0	7.156
ARID2_HUMAN	196528	ARID2	13.161	264	3	3	1.477	0.0	8.91
ING1_HUMAN	3621	ING1	13.139	273	3	0	1.477	0.0	8.895
THOC2_HUMAN	57187	THOC2	13.109	18	2	0	1.301	0.0	10.076
MY18B_HUMAN	84700	MYO18B	13.109	18	2	1	1.301	0.0	10.076
ING2_HUMAN	3622	ING2	13.103	289	3	0	1.477	0.0	8.87
NKX28_HUMAN	26257	NKX2-8	13.079	19	2	3	1.301	0.0	10.053
VAV_HUMAN	7409	VAV1	13.077	301	3	6	1.477	0.0	8.853
MYCL_HUMAN	4610	MYCL	13.074	302	3	0	1.477	0.0	8.851
THB_HUMAN	7068	THRB	13.06	309	3	0	1.477	0.0	8.841
MTHR_HUMAN	4524	MTHFR	13.042	4515	5	5	1.699	0.0	7.677
NEP_HUMAN	4311	MME	13.039	4534	5	0	1.699	0.0	7.675
OTP_HUMAN	23440	OTP	13.022	21	2	0	1.301	0.0	10.009
RBL2_HUMAN	5934	RBL2	13.008	335	3	0	1.477	0.0	8.806
DKK3_HUMAN	27122	DKK3	12.985	347	3	5	1.477	0.0	8.791
GRP_HUMAN	2922	GRP	12.923	1841	4	0	1.602	0.0	8.066
RBM6_HUMAN	10180	RBM6	12.901	26	2	1	1.301	0.0	9.916
TUSC2_HUMAN	11334	TUSC2	12.901	26	2	9	1.301	0.0	9.916
MP2K4_HUMAN	6416	MAP2K4	12.899	397	3	5	1.477	0.0	8.733
EPHA2_HUMAN	1969	EPHA2	12.896	399	3	8	1.477	0.0	8.73
HMGA1_HUMAN	3159	HMGA1	12.894	400	3	0	1.477	0.0	8.729
A0A0A0MQW5_HUMAN	114783	LMTK3	12.88	27	2	1	1.301	0.0	9.9
CTND1_HUMAN	1500	CTNND1	12.869	416	3	1	1.477	0.0	8.712
DNJB4_HUMAN	11080	DNAJB4	12.86	28	2	2	1.301	0.0	9.884
CABL1_HUMAN	91768	CABLES1	12.86	28	2	1	1.301	0.0	9.884
PGFRB_HUMAN	5159	PDGFRB	12.859	2018	4	3	1.602	0.0	8.026
INT6_HUMAN	26512	INTS6	12.84	29	2	0	1.301	0.0	9.869
NPRL2_HUMAN	10641	NPRL2	12.821	30	2	8	1.301	0.0	9.854
DCNL1_HUMAN	54165	DCUN1D1	12.821	30	2	0	1.301	0.0	9.854
TGFB1_HUMAN	7040	TGFB1	12.81	24445	7	4	1.845	0.0	6.943
PERM_HUMAN	4353	MPO	12.79	6357	5	1	1.699	0.0	7.528
ESR1_HUMAN	2099	ESR1	12.786	13814	6	9	1.778	0.0	7.191
K2C7_HUMAN	3855	KRT7	12.779	2263	4	0	1.602	0.0	7.977
ATM_HUMAN	472	ATM	12.756	2339	4	1	1.602	0.0	7.962
CTDSL_HUMAN	10217	CTDSPL	12.734	35	2	1	1.301	0.0	9.787
MPRI_HUMAN	3482	IGF2R	12.727	519	3	0	1.477	0.0	8.616
ATAD2_HUMAN	29028	ATAD2	12.687	76	2	10	1.301	0.041	9.451
MSH2_HUMAN	4436	MSH2	12.682	2603	4	0	1.602	0.0	7.916
GSK3B_HUMAN	2932	GSK3B	12.622	2838	4	0	1.602	0.0	7.878
COX8A_HUMAN	1351	COX8A	12.62	7998	5	5	1.699	0.0	7.428
RASF2_HUMAN	9770	RASSF2	12.617	43	2	3	1.301	0.0	9.698
RUNX3_HUMAN	864	RUNX3	12.613	620	3	3	1.477	0.0	8.539
EIF3J_HUMAN	8669	EIF3J	12.592	45	2	1	1.301	0.0	9.678
CD4_HUMAN	920	CD4	12.582	54739	3	26	1.477	0.431	6.593
MIB1_HUMAN	57534	MIB1	12.554	3128	4	0	1.602	0.0	7.836
DUS4_HUMAN	1846	DUSP4	12.55	96	2	10	1.301	0.041	9.349
GCR_HUMAN	2908	NR3C1	12.527	3252	4	0	1.602	0.0	7.819
IGF1_HUMAN	3479	IGF1	12.456	21183	6	1	1.778	0.0	7.005
PTPRD_HUMAN	5789	PTPRD	12.455	113	2	10	1.301	0.041	9.278
APOA5_HUMAN	116519	APOA5	12.445	433	1	26	1.0	0.431	8.695
MK01_HUMAN	5594	MAPK1	12.444	21517	6	7	1.778	0.0	6.998
NTRK2_HUMAN	4915	NTRK2	12.396	870	3	2	1.477	0.0	8.392
CP2F1_HUMAN	1572	CYP2F1	12.393	64	2	0	1.301	0.0	9.525
IFI44_HUMAN	10561	IFI44	12.373	902	3	4	1.477	0.0	8.376
NEIL2_HUMAN	252969	NEIL2	12.358	68	2	2	1.301	0.0	9.499
ERRFI_HUMAN	54206	ERRFI1	12.318	73	2	5	1.301	0.0	9.468
ELAV2_HUMAN	1993	ELAVL2	12.31	74	2	1	1.301	0.0	9.462
RASF7_HUMAN	8045	RASSF7	12.31	74	2	0	1.301	0.0	9.462
ACY1_HUMAN	95	ACY1	12.274	79	2	0	1.301	0.0	9.434
SEM3F_HUMAN	6405	SEMA3F	12.266	80	2	3	1.301	0.0	9.428
MD1L1_HUMAN	8379	MAD1L1	12.246	83	2	0	1.301	0.0	9.412
RASF5_HUMAN	83593	RASSF5	12.232	85	2	2	1.301	0.0	9.402
STING_HUMAN	340061	TMEM173	12.229	121	1	20	1.0	0.322	9.249
MICA_HUMAN	100507436	MICA	12.223	1138	3	2	1.477	0.0	8.275
CDR1_HUMAN	1038	CDR1	12.205	1172	3	0	1.477	0.0	8.262
CASPE_HUMAN	23581	CASP14	12.2	90	2	0	1.301	0.0	9.377
HDAC1_HUMAN	3065	HDAC1	12.199	1183	3	3	1.477	0.0	8.258
H2AX_HUMAN	3014	H2AFX	12.196	1188	3	0	1.477	0.0	8.256
IL2_HUMAN	3558	IL2	12.184	30132	6	3	1.778	0.0	6.852
BRMS1_HUMAN	25855	BRMS1	12.175	94	2	4	1.301	0.0	9.358
CD99_HUMAN	4267	CD99	12.159	1258	3	0	1.477	0.0	8.232
REV3L_HUMAN	5980	REV3L	12.158	97	2	6	1.301	0.0	9.345
ACK1_HUMAN	10188	TNK2	12.152	98	2	5	1.301	0.0	9.34
BRCA2_HUMAN	675	BRCA2	12.068	6283	4	2	1.602	0.0	7.533
NFIB_HUMAN	4781	NFIB	12.061	115	2	1	1.301	0.0	9.271
TEFF2_HUMAN	23671	TMEFF2	12.028	122	2	3	1.301	0.0	9.245
DNMT1_HUMAN	1786	DNMT1	12.015	1576	3	6	1.477	0.0	8.134
ARAF_HUMAN	369	ARAF	12.014	125	2	7	1.301	0.0	9.234
XIAP_HUMAN	331	XIAP	12.011	1584	3	2	1.477	0.0	8.132
HFE_HUMAN	3077	HFE	12.006	1596	3	0	1.477	0.0	8.128
WNT7A_HUMAN	7476	WNT7A	12.005	127	2	3	1.301	0.0	9.228
PDC6I_HUMAN	10015	PDCD6IP	11.996	129	2	1	1.301	0.0	9.221
CP3A4_HUMAN	1576	CYP3A4	11.958	7364	4	4	1.602	0.0	7.464
CASP5_HUMAN	838	CASP5	11.95	140	2	1	1.301	0.0	9.185
CRTC2_HUMAN	200186	CRTC2	11.934	144	2	0	1.301	0.0	9.173
CDN2B_HUMAN	1030	CDKN2B	11.921	1824	3	0	1.477	0.0	8.07
EREG_HUMAN	2069	EREG	11.919	148	2	5	1.301	0.0	9.161
RARA_HUMAN	5914	RARA	11.914	1844	3	1	1.477	0.0	8.066
SPY2_HUMAN	10253	SPRY2	11.896	154	2	4	1.301	0.0	9.144
RECO_HUMAN	5957	RCVRN	11.893	155	2	0	1.301	0.0	9.141
PPR3A_HUMAN	5506	PPP1R3A	11.885	157	2	0	1.301	0.0	9.135
DKC1_HUMAN	1736	DKC1	11.875	160	2	4	1.301	0.0	9.127
DPYL1_HUMAN	1400	CRMP1	11.871	161	2	3	1.301	0.0	9.124
ZNF77_HUMAN	58492	ZNF77	11.861	2001	3	0	1.477	0.0	8.03
RHG07_HUMAN	10395	DLC1	11.851	167	2	6	1.301	0.0	9.109
L0N195_HUMAN	3439	IFNA1	11.836	8773	4	0	1.602	0.0	7.388
SSX1_HUMAN	6756	SSX1	11.827	174	2	0	1.301	0.0	9.091
SLIT2_HUMAN	9353	SLIT2	11.818	177	2	5	1.301	0.0	9.083
AGR2_HUMAN	10551	AGR2	11.811	179	2	1	1.301	0.0	9.078
DMBT1_HUMAN	1755	DMBT1	11.805	181	2	0	1.301	0.0	9.074
CLC10_HUMAN	10462	CLEC10A	11.793	185	2	2	1.301	0.0	9.064
TNF6B_HUMAN	8771	TNFRSF6B	11.778	190	2	2	1.301	0.0	9.053
WT1_HUMAN	7490	WT1	11.773	2295	3	2	1.477	0.0	7.971
HEN1_HUMAN	4807	NHLH1	11.769	193	2	0	1.301	0.0	9.046
RHOA_HUMAN	387	RHOA	11.757	2356	3	1	1.477	0.0	7.959
P63_HUMAN	8626	TP63	11.753	2371	3	5	1.477	0.0	7.956
CHKA_HUMAN	1119	CHKA	11.743	202	2	0	1.301	0.0	9.026
FETA_HUMAN	174	AFP	11.722	10333	4	0	1.602	0.0	7.317
K1C19_HUMAN	3880	KRT19	11.687	2627	3	4	1.477	0.0	7.912
E2F4_HUMAN	1874	E2F4	11.636	244	2	2	1.301	0.0	8.944
COMT_HUMAN	1312	COMT	11.628	2880	3	1	1.477	0.0	7.872
ETV4_HUMAN	2118	ETV4	11.611	255	2	1	1.301	0.0	8.925
RACK1_HUMAN	10399	RACK1	11.609	256	2	3	1.301	0.0	8.923
TWSG1_HUMAN	57045	TWSG1	11.607	257	2	1	1.301	0.0	8.921
HS90A_HUMAN	3320	HSP90AA1	11.604	2989	3	3	1.477	0.0	7.856
GSTK1_HUMAN	373156	GSTK1	11.585	3077	3	0	1.477	0.0	7.843
RON_HUMAN	4486	MST1R	11.561	279	2	2	1.301	0.0	8.886
CTNA2_HUMAN	1496	CTNNA2	11.556	32	1	14	1.0	0.176	9.826
IFNG_HUMAN	3458	IFNG	11.543	34431	5	1	1.699	0.0	6.794
AT2C1_HUMAN	27032	ATP2C1	11.541	289	2	1	1.301	0.0	8.87
SF3B1_HUMAN	23451	SF3B1	11.537	291	2	2	1.301	0.0	8.867
AT2A2_HUMAN	488	ATP2A2	11.531	294	2	0	1.301	0.0	8.863
FHR1_HUMAN	3078	CFHR1	11.527	296	2	2	1.301	0.0	8.86
PGK1_HUMAN	5230	PGK1	11.516	302	2	2	1.301	0.0	8.851
ETS2_HUMAN	2114	ETS2	11.514	303	2	8	1.301	0.0	8.85
FOXA1_HUMAN	3169	FOXA1	11.505	308	2	2	1.301	0.0	8.843
CRP_HUMAN	1401	CRP	11.493	36788	5	2	1.699	0.0	6.765
NDC80_HUMAN	10403	NDC80	11.48	322	2	1	1.301	0.0	8.823
DPP4_HUMAN	1803	DPP4	11.454	3775	3	2	1.477	0.0	7.754
TEBP_HUMAN	10728	PTGES3	11.452	338	2	0	1.301	0.0	8.802
MVP_HUMAN	9961	MVP	11.437	347	2	0	1.301	0.0	8.791
EVI1_HUMAN	2122	MECOM	11.421	357	2	3	1.301	0.0	8.779
TP53B_HUMAN	7158	TP53BP1	11.403	369	2	7	1.301	0.0	8.764
3MG_HUMAN	4350	MPG	11.4	371	2	0	1.301	0.0	8.762
ADRM1_HUMAN	11047	ADRM1	11.395	374	2	0	1.301	0.0	8.758
HDAC6_HUMAN	10013	HDAC6	11.389	378	2	2	1.301	0.0	8.754
ATF3_HUMAN	467	ATF3	11.377	386	2	2	1.301	0.0	8.745
DSRAD_HUMAN	103	ADAR	11.37	391	2	2	1.301	0.0	8.739
ATG7_HUMAN	10533	ATG7	11.361	397	2	5	1.301	0.0	8.733
IF4G1_HUMAN	1981	EIF4G1	11.325	423	2	1	1.301	0.0	8.705
IL24_HUMAN	11009	IL24	11.302	441	2	1	1.301	0.0	8.687
RAD50_HUMAN	10111	RAD50	11.273	464	2	0	1.301	0.0	8.665
WFDC2_HUMAN	10406	WFDC2	11.27	467	2	3	1.301	0.0	8.662
MRP4_HUMAN	10257	ABCC4	11.268	468	2	0	1.301	0.0	8.661
CISH_HUMAN	1154	CISH	11.26	475	2	0	1.301	0.0	8.655
FANCC_HUMAN	2176	FANCC	11.239	493	2	0	1.301	0.0	8.638
ARY1_HUMAN	9	NAT1	11.185	542	2	0	1.301	0.0	8.597
PCNA_HUMAN	5111	PCNA	11.177	5813	3	0	1.477	0.0	7.567
CTG1B_HUMAN	246100	CTAG1B	11.167	560	2	1	1.301	0.0	8.583
PARK7_HUMAN	11315	PARK7	11.148	579	2	0	1.301	0.0	8.569
TTF1_HUMAN	7270	TTF1	11.116	613	2	6	1.301	0.0	8.544
FADD_HUMAN	8772	FADD	11.115	614	2	1	1.301	0.0	8.543
MK08_HUMAN	5599	MAPK8	11.103	6528	3	0	1.477	0.0	7.516
VEGFD_HUMAN	2277	VEGFD	11.1	630	2	1	1.301	0.0	8.532
FGF2_HUMAN	2247	FGF2	11.098	6580	3	3	1.477	0.0	7.513
GA45A_HUMAN	1647	GADD45A	11.097	634	2	1	1.301	0.0	8.529
AKT2_HUMAN	208	AKT2	11.095	636	2	2	1.301	0.0	8.528
IL8_HUMAN	3576	CXCL8	11.09	25628	4	3	1.602	0.0	6.922
LEG4_HUMAN	3960	LGALS4	11.084	648	2	2	1.301	0.0	8.52
ITK_HUMAN	3702	ITK	11.073	661	2	0	1.301	0.0	8.511
COX2_HUMAN	4513	MT-CO2	11.05	7092	3	6	1.477	0.0	7.48
A4_HUMAN	351	APP	11.039	7204	3	3	1.477	0.0	7.474
PSPB_HUMAN	6439	SFTPB	11.038	704	2	0	1.301	0.0	8.484
FUS_HUMAN	2521	FUS	11.034	708	2	1	1.301	0.0	8.481
TMED6_HUMAN	146456	TMED6	11.03	2	1	0	1.0	0.0	11.03
DPOLB_HUMAN	5423	POLB	11.009	741	2	0	1.301	0.0	8.462
SSA27_HUMAN	10534	SSSCA1	10.97	794	2	3	1.301	0.0	8.431
IDHP_HUMAN	3418	IDH2	10.958	810	2	3	1.301	0.0	8.423
PGH2_HUMAN	5743	PTGS2	10.947	8324	3	2	1.477	0.0	7.411
CP24A_HUMAN	1591	CYP24A1	10.944	831	2	2	1.301	0.0	8.412
DCTN6_HUMAN	10671	DCTN6	10.935	844	2	1	1.301	0.0	8.405
IRF1_HUMAN	3659	IRF1	10.926	857	2	1	1.301	0.0	8.398
CSF1R_HUMAN	1436	CSF1R	10.921	865	2	0	1.301	0.0	8.394
CY24B_HUMAN	1536	CYBB	10.9	898	2	1	1.301	0.0	8.378
PLK1_HUMAN	5347	PLK1	10.898	901	2	3	1.301	0.0	8.377
DPYD_HUMAN	1806	DPYD	10.887	919	2	0	1.301	0.0	8.368
RAGE_HUMAN	177	AGER	10.884	924	2	2	1.301	0.0	8.366
TR10A_HUMAN	8797	TNFRSF10A	10.868	951	2	0	1.301	0.0	8.353
TWST1_HUMAN	7291	TWIST1	10.861	962	2	2	1.301	0.0	8.348
LHFP_HUMAN	10186	LHFP	10.854	3	1	0	1.0	0.0	10.854
AT10B_HUMAN	23120	ATP10B	10.854	3	1	1	1.0	0.0	10.854
CIB4_HUMAN	130106	CIB4	10.854	3	1	0	1.0	0.0	10.854
NFKB1_HUMAN	4790	NFKB1	10.849	9691	3	7	1.477	0.0	7.345
PTC1_HUMAN	5727	PTCH1	10.843	993	2	1	1.301	0.0	8.334
IF4E_HUMAN	1977	EIF4E	10.841	997	2	1	1.301	0.0	8.333
TGFR2_HUMAN	7048	TGFBR2	10.794	1083	2	0	1.301	0.0	8.297
MMP2_HUMAN	4313	MMP2	10.769	10989	3	3	1.477	0.0	7.29
MYNN_HUMAN	55892	MYNN	10.729	4	1	3	1.0	0.0	10.729
ARP3C_HUMAN	653857	ACTR3C	10.729	4	1	0	1.0	0.0	10.729
XRCC1_HUMAN	7515	XRCC1	10.717	1242	2	0	1.301	0.0	8.237
VOPP1_HUMAN	81552	VOPP1	10.716	11	1	10	1.0	0.041	10.29
CSF3_HUMAN	1440	CSF3	10.71	12033	3	0	1.477	0.0	7.251
EGLN_HUMAN	2022	ENG	10.708	1261	2	1	1.301	0.0	8.231
NTRK1_HUMAN	4914	NTRK1	10.699	1282	2	1	1.301	0.0	8.223
ACHA4_HUMAN	1137	CHRNA4	10.691	1300	2	2	1.301	0.0	8.217
SHH_HUMAN	6469	SHH	10.69	1302	2	2	1.301	0.0	8.217
PCSK9_HUMAN	255738	PCSK9	10.682	1321	2	1	1.301	0.0	8.21
CD24_HUMAN	100133941	CD24	10.671	1346	2	4	1.301	0.0	8.202
FINC_HUMAN	2335	FN1	10.661	12999	3	2	1.477	0.0	7.217
EGR1_HUMAN	1958	EGR1	10.648	1404	2	0	1.301	0.0	8.184
K2C5_HUMAN	3852	KRT5	10.637	1430	2	1	1.301	0.0	8.176
CP1B1_HUMAN	1545	CYP1B1	10.634	1437	2	1	1.301	0.0	8.174
IBP2_HUMAN	3485	IGFBP2	10.632	1443	2	2	1.301	0.0	8.172
RUSC2_HUMAN	9853	RUSC2	10.632	5	1	0	1.0	0.0	10.632
XXLT1_HUMAN	152002	XXYLT1	10.632	5	1	0	1.0	0.0	10.632
EPCAM_HUMAN	4072	EPCAM	10.607	1509	2	0	1.301	0.0	8.153
PML_HUMAN	5371	PML	10.604	1516	2	7	1.301	0.0	8.151
MERL_HUMAN	4771	NF2	10.603	1519	2	0	1.301	0.0	8.15
MP2K7_HUMAN	5609	MAP2K7	10.583	4606	2	11	1.301	0.079	7.668
UD11_HUMAN	54658	UGT1A1	10.577	1592	2	0	1.301	0.0	8.129
RAD51_HUMAN	5888	RAD51	10.563	1631	2	0	1.301	0.0	8.119
R3HD2_HUMAN	22864	R3HDM2	10.553	6	1	3	1.0	0.0	10.553
HID1_HUMAN	283987	HID1	10.553	6	1	0	1.0	0.0	10.553
APRG1_HUMAN	339883	APRG1	10.553	6	1	0	1.0	0.0	10.553
ERBB3_HUMAN	2065	ERBB3	10.513	1783	2	7	1.301	0.0	8.08
CFAH_HUMAN	3075	CFH	10.509	1793	2	0	1.301	0.0	8.078
MEFV_HUMAN	4210	MEFV	10.509	1297	1	18	1.0	0.279	8.218
MIF_HUMAN	4282	MIF	10.508	1798	2	4	1.301	0.0	8.077
KLK3_HUMAN	354	KLK3	10.498	16765	3	2	1.477	0.0	7.107
FES_HUMAN	2242	FES	10.486	7	1	3	1.0	0.0	10.486
DPOA2_HUMAN	23649	POLA2	10.486	7	1	0	1.0	0.0	10.486
ELOA3_HUMAN	162699	ELOA3	10.486	7	1	0	1.0	0.0	10.486
CP19A_HUMAN	1588	CYP19A1	10.474	1908	2	0	1.301	0.0	8.051
KPCD_HUMAN	5580	PRKCD	10.472	1915	2	3	1.301	0.0	8.049
RIR1_HUMAN	6240	RRM1	10.455	1974	2	0	1.301	0.0	8.036
S2543_HUMAN	203427	SLC25A43	10.428	8	1	0	1.0	0.0	10.428
ANO9_HUMAN	338440	ANO9	10.428	8	1	0	1.0	0.0	10.428
RTL4_HUMAN	340595	RTL4	10.428	8	1	0	1.0	0.0	10.428
KMT2A_HUMAN	4297	KMT2A	10.421	2095	2	0	1.301	0.0	8.01
AHR_HUMAN	196	AHR	10.391	2209	2	1	1.301	0.0	7.987
THYG_HUMAN	7038	TG	10.381	2252	2	0	1.301	0.0	7.979
DRB4_HUMAN	3126	HLA-DRB4	10.378	2263	2	0	1.301	0.0	7.977
SMAD3_HUMAN	4088	SMAD3	10.377	2266	2	0	1.301	0.0	7.976
TSP1_HUMAN	7057	THBS1	10.377	2268	2	7	1.301	0.0	7.976
SC65_HUMAN	10609	P3H4	10.377	9	1	0	1.0	0.0	10.377
M4K5_HUMAN	11183	MAP4K5	10.377	9	1	1	1.0	0.0	10.377
SE6L1_HUMAN	23544	SEZ6L	10.377	9	1	0	1.0	0.0	10.377
PNISR_HUMAN	25957	PNISR	10.377	9	1	0	1.0	0.0	10.377
LMCD1_HUMAN	29995	LMCD1	10.377	9	1	1	1.0	0.0	10.377
G3P_HUMAN	2597	GAPDH	10.357	2349	2	5	1.301	0.0	7.96
GSTP1_HUMAN	2950	GSTP1	10.352	2367	2	3	1.301	0.0	7.957
ELNE_HUMAN	1991	ELANE	10.332	2453	2	1	1.301	0.0	7.942
SSU72_HUMAN	29101	SSU72	10.331	10	1	0	1.0	0.0	10.331
UBA6_HUMAN	55236	UBA6	10.331	10	1	0	1.0	0.0	10.331
NUDC1_HUMAN	84955	NUDCD1	10.331	10	1	1	1.0	0.0	10.331
ANR23_HUMAN	200539	ANKRD23	10.331	10	1	0	1.0	0.0	10.331
LEU7_HUMAN	220107	DLEU7	10.331	10	1	2	1.0	0.0	10.331
CSF1_HUMAN	1435	CSF1	10.296	2616	2	0	1.301	0.0	7.914
TSHR_HUMAN	7253	TSHR	10.292	2634	2	0	1.301	0.0	7.911
VMA5A_HUMAN	4013	VWA5A	10.29	11	1	0	1.0	0.0	10.29
HHLA2_HUMAN	11148	HHLA2	10.29	11	1	1	1.0	0.0	10.29
FBXW2_HUMAN	26190	FBXW2	10.29	11	1	0	1.0	0.0	10.29
UBP25_HUMAN	29761	USP25	10.29	11	1	2	1.0	0.0	10.29
MYLK2_HUMAN	85366	MYLK2	10.29	11	1	0	1.0	0.0	10.29
SDK1_HUMAN	221935	SDK1	10.29	11	1	0	1.0	0.0	10.29
SNAI3_HUMAN	333929	SNAI3	10.29	11	1	0	1.0	0.0	10.29
MXRA5_HUMAN	25878	MXRA5	10.252	12	1	1	1.0	0.0	10.252
TRI36_HUMAN	55521	TRIM36	10.252	12	1	0	1.0	0.0	10.252
ITB1_HUMAN	3688	ITGB1	10.219	2999	2	2	1.301	0.0	7.854
PCH2_HUMAN	9319	TRIP13	10.217	13	1	3	1.0	0.0	10.217
HM20B_HUMAN	10362	HMG20B	10.217	13	1	0	1.0	0.0	10.217
PHLA3_HUMAN	23612	PHLDA3	10.217	13	1	0	1.0	0.0	10.217
CSMD2_HUMAN	114784	CSMD2	10.217	13	1	2	1.0	0.0	10.217
T2R31_HUMAN	259290	TAS2R31	10.217	13	1	0	1.0	0.0	10.217
EP300_HUMAN	2033	EP300	10.212	3033	2	0	1.301	0.0	7.849
ABLM1_HUMAN	3983	ABLIM1	10.185	14	1	0	1.0	0.0	10.185
NEK3_HUMAN	4752	NEK3	10.185	14	1	0	1.0	0.0	10.185
FRAT2_HUMAN	23401	FRAT2	10.185	14	1	1	1.0	0.0	10.185
EGFL6_HUMAN	25975	EGFL6	10.185	14	1	0	1.0	0.0	10.185
PCBP4_HUMAN	57060	PCBP4	10.185	14	1	0	1.0	0.0	10.185
ARL11_HUMAN	115761	ARL11	10.185	14	1	1	1.0	0.0	10.185
RHOV_HUMAN	171177	RHOV	10.185	14	1	0	1.0	0.0	10.185
SEPT9_HUMAN	10801	SEPT9	10.183	155	1	12	1.0	0.114	9.141
IFI27_HUMAN	3429	IFI27	10.161	3320	2	0	1.301	0.0	7.81
ACHA9_HUMAN	55584	CHRNA9	10.155	15	1	1	1.0	0.0	10.155
KLDC2_HUMAN	23588	KLHDC2	10.127	16	1	0	1.0	0.0	10.127
IQGA3_HUMAN	128239	IQGAP3	10.127	16	1	1	1.0	0.0	10.127
ESR2_HUMAN	2100	ESR2	10.124	3549	2	3	1.301	0.0	7.781
IFNA2_HUMAN	3440	IFNA2	10.103	3683	2	2	1.301	0.0	7.765
TRNT1_HUMAN	51095	TRNT1	10.101	17	1	6	1.0	0.0	10.101
ZC12D_HUMAN	340152	ZC3H12D	10.101	17	1	0	1.0	0.0	10.101
AICDA_HUMAN	57379	AICDA	10.1	3697	2	3	1.301	0.0	7.763
PPIE_HUMAN	10450	PPIE	10.076	18	1	0	1.0	0.0	10.076
FR1OP_HUMAN	11116	FGFR1OP	10.076	18	1	1	1.0	0.0	10.076
VEGFA_HUMAN	7422	VEGFA	10.068	32733	3	0	1.477	0.0	6.816
ERAL1_HUMAN	26284	ERAL1	10.058	3986	2	1	1.301	0.0	7.731
RL39_HUMAN	6170	RPL39	10.053	19	1	4	1.0	0.0	10.053
GPR87_HUMAN	53836	GPR87	10.053	19	1	2	1.0	0.0	10.053
RHXF2_HUMAN	84528	RHOXF2	10.053	19	1	0	1.0	0.0	10.053
SESN3_HUMAN	143686	SESN3	10.053	19	1	0	1.0	0.0	10.053
CAD10_HUMAN	1008	CDH10	10.03	20	1	0	1.0	0.0	10.03
GNAI2_HUMAN	2771	GNAI2	10.03	20	1	0	1.0	0.0	10.03
SNUT2_HUMAN	10713	USP39	10.03	20	1	0	1.0	0.0	10.03
RN111_HUMAN	54778	RNF111	10.03	20	1	1	1.0	0.0	10.03
SCAR5_HUMAN	286133	SCARA5	10.03	20	1	3	1.0	0.0	10.03
MUC1_HUMAN	4582	MUC1	10.024	4231	2	4	1.301	0.0	7.705
PHC3_HUMAN	80012	PHC3	10.009	21	1	0	1.0	0.0	10.009
FOS_HUMAN	2353	FOS	10.001	4405	2	0	1.301	0.0	7.687
TNFL6_HUMAN	356	FASLG	9.99	4494	2	1	1.301	0.0	7.679
CAD12_HUMAN	1010	CDH12	9.989	22	1	2	1.0	0.0	9.989
SP1_HUMAN	6667	SP1	9.978	4591	2	1	1.301	0.0	7.669
BRNP1_HUMAN	1620	BRINP1	9.97	23	1	1	1.0	0.0	9.97
RAB35_HUMAN	11021	RAB35	9.97	23	1	1	1.0	0.0	9.97
SSBP2_HUMAN	23635	SSBP2	9.97	23	1	1	1.0	0.0	9.97
SPCS1_HUMAN	28972	SPCS1	9.97	23	1	0	1.0	0.0	9.97
FOXP4_HUMAN	116113	FOXP4	9.97	23	1	1	1.0	0.0	9.97
ORAV1_HUMAN	220064	ORAOV1	9.97	23	1	2	1.0	0.0	9.97
BORG2_HUMAN	10602	CDC42EP3	9.951	24	1	0	1.0	0.0	9.951
TFEC_HUMAN	22797	TFEC	9.951	24	1	6	1.0	0.0	9.951
S39A7_HUMAN	7922	SLC39A7	9.933	25	1	1	1.0	0.0	9.933
RL14_HUMAN	9045	RPL14	9.933	25	1	0	1.0	0.0	9.933
RBM14_HUMAN	10432	RBM14	9.933	25	1	0	1.0	0.0	9.933
BCL9L_HUMAN	283149	BCL9L	9.933	25	1	0	1.0	0.0	9.933
KAD6_HUMAN	102157402	AK6	9.933	25	1	0	1.0	0.0	9.933
IBP3_HUMAN	3486	IGFBP3	9.93	4998	2	1	1.301	0.0	7.632
CD68_HUMAN	968	CD68	9.92	5091	2	0	1.301	0.0	7.624
DOK2_HUMAN	9046	DOK2	9.916	26	1	0	1.0	0.0	9.916
KANK1_HUMAN	23189	KANK1	9.916	26	1	3	1.0	0.0	9.916
ZBT24_HUMAN	9841	ZBTB24	9.9	27	1	0	1.0	0.0	9.9
SASH1_HUMAN	23328	SASH1	9.9	27	1	2	1.0	0.0	9.9
FMNL2_HUMAN	114793	FMNL2	9.9	27	1	0	1.0	0.0	9.9
PPARG_HUMAN	5468	PPARG	9.89	5362	2	2	1.301	0.0	7.602
NEU2_HUMAN	551	AVP	9.884	5426	2	0	1.301	0.0	7.597
EIF3H_HUMAN	8667	EIF3H	9.884	28	1	1	1.0	0.0	9.884
DPOD4_HUMAN	57804	POLD4	9.884	28	1	1	1.0	0.0	9.884
PDCD6_HUMAN	10016	PDCD6	9.869	29	1	1	1.0	0.0	9.869
ADIRF_HUMAN	10974	ADIRF	9.869	29	1	0	1.0	0.0	9.869
CXXC1_HUMAN	30827	CXXC1	9.869	29	1	0	1.0	0.0	9.869
CASP8_HUMAN	841	CASP8	9.868	5573	2	0	1.301	0.0	7.585
JUN_HUMAN	3725	JUN	9.865	5610	2	0	1.301	0.0	7.582
CRCM_HUMAN	4163	MCC	9.854	30	1	0	1.0	0.0	9.854
YETS4_HUMAN	8089	YEATS4	9.854	30	1	1	1.0	0.0	9.854
NSD3_HUMAN	54904	NSD3	9.854	30	1	9	1.0	0.0	9.854
IF1AX_HUMAN	1964	EIF1AX	9.84	31	1	4	1.0	0.0	9.84
FBX5_HUMAN	26271	FBXO5	9.84	31	1	0	1.0	0.0	9.84
PGAM2_HUMAN	5224	PGAM2	9.813	33	1	3	1.0	0.0	9.813
MUC12_HUMAN	10071	MUC12	9.813	33	1	1	1.0	0.0	9.813
RPRM_HUMAN	56475	RPRM	9.813	33	1	1	1.0	0.0	9.813
PDZD4_HUMAN	57595	PDZD4	9.813	33	1	0	1.0	0.0	9.813
CTRO_HUMAN	11113	CIT	9.8	34	1	0	1.0	0.0	9.8
CAR10_HUMAN	29775	CARD10	9.8	34	1	0	1.0	0.0	9.8
HJURP_HUMAN	55355	HJURP	9.8	34	1	2	1.0	0.0	9.8
PS1C2_HUMAN	170680	PSORS1C2	9.8	34	1	0	1.0	0.0	9.8
PTPRS_HUMAN	5802	PTPRS	9.787	35	1	3	1.0	0.0	9.787
HYAL3_HUMAN	8372	HYAL3	9.787	35	1	0	1.0	0.0	9.787
TPIP1_HUMAN	63970	TP53AIP1	9.787	35	1	0	1.0	0.0	9.787
B2MG_HUMAN	567	B2M	9.785	6463	2	0	1.301	0.0	7.521
RAB23_HUMAN	51715	RAB23	9.775	36	1	0	1.0	0.0	9.775
GDS1_HUMAN	5910	RAP1GDS1	9.763	37	1	0	1.0	0.0	9.763
CYC_HUMAN	54205	CYCS	9.761	6736	2	1	1.301	0.0	7.503
DGKA_HUMAN	1606	DGKA	9.752	38	1	0	1.0	0.0	9.752
GLYG_HUMAN	2992	GYG1	9.752	38	1	0	1.0	0.0	9.752
SEC62_HUMAN	7095	SEC62	9.752	38	1	1	1.0	0.0	9.752
ZNF35_HUMAN	7584	ZNF35	9.752	38	1	0	1.0	0.0	9.752
IL6_HUMAN	3569	IL6	9.75	53611	3	6	1.477	0.0	6.601
ANDR_HUMAN	367	AR	9.748	6901	2	0	1.301	0.0	7.492
ELF5_HUMAN	2001	ELF5	9.74	39	1	1	1.0	0.0	9.74
BPTF_HUMAN	2186	BPTF	9.74	39	1	1	1.0	0.0	9.74
AIMP2_HUMAN	7965	AIMP2	9.74	39	1	0	1.0	0.0	9.74
SP8_HUMAN	221833	SP8	9.74	39	1	1	1.0	0.0	9.74
UBP4_HUMAN	7375	USP4	9.729	40	1	0	1.0	0.0	9.729
CR3L2_HUMAN	64764	CREB3L2	9.729	40	1	0	1.0	0.0	9.729
STAT3_HUMAN	6774	STAT3	9.724	7199	2	4	1.301	0.0	7.474
BTG3_HUMAN	10950	BTG3	9.719	41	1	0	1.0	0.0	9.719
CAVN3_HUMAN	112464	CAVIN3	9.708	42	1	1	1.0	0.0	9.708
HXB9_HUMAN	3219	HOXB9	9.698	43	1	0	1.0	0.0	9.698
PSA6_HUMAN	5687	PSMA6	9.698	43	1	0	1.0	0.0	9.698
NSDHL_HUMAN	50814	NSDHL	9.698	43	1	0	1.0	0.0	9.698
UNC5B_HUMAN	219699	UNC5B	9.698	43	1	2	1.0	0.0	9.698
SET_HUMAN	6418	SET	9.688	44	1	6	1.0	0.0	9.688
1433G_HUMAN	7532	YWHAG	9.688	44	1	1	1.0	0.0	9.688
STML2_HUMAN	30968	STOML2	9.688	44	1	1	1.0	0.0	9.688
TUSC5_HUMAN	286753	TUSC5	9.688	44	1	0	1.0	0.0	9.688
FXYD3_HUMAN	5349	FXYD3	9.678	45	1	0	1.0	0.0	9.678
ICK_HUMAN	22858	ICK	9.678	45	1	0	1.0	0.0	9.678
CMTA1_HUMAN	23261	CAMTA1	9.678	45	1	5	1.0	0.0	9.678
HES6_HUMAN	55502	HES6	9.678	45	1	0	1.0	0.0	9.678
KDM4C_HUMAN	23081	KDM4C	9.669	46	1	2	1.0	0.0	9.669
1B07_HUMAN	3106	HLA-B	9.665	7993	2	1	1.301	0.0	7.429
EYA4_HUMAN	2070	EYA4	9.659	47	1	1	1.0	0.0	9.659
PLCL1_HUMAN	5334	PLCL1	9.659	47	1	0	1.0	0.0	9.659
TIP39_HUMAN	113091	PTH2	9.659	47	1	0	1.0	0.0	9.659
S22AI_HUMAN	5002	SLC22A18	9.65	48	1	0	1.0	0.0	9.65
SPRL1_HUMAN	8404	SPARCL1	9.641	49	1	0	1.0	0.0	9.641
DLEC1_HUMAN	9940	DLEC1	9.641	49	1	2	1.0	0.0	9.641
CHD4_HUMAN	1108	CHD4	9.632	50	1	1	1.0	0.0	9.632
TPM4_HUMAN	7171	TPM4	9.632	50	1	0	1.0	0.0	9.632
DNJB6_HUMAN	10049	DNAJB6	9.632	50	1	2	1.0	0.0	9.632
RHES_HUMAN	23551	RASD2	9.632	50	1	0	1.0	0.0	9.632
BTK_HUMAN	695	BTK	9.624	859	1	13	1.0	0.146	8.397
SAV1_HUMAN	60485	SAV1	9.624	51	1	0	1.0	0.0	9.624
PTPRG_HUMAN	5793	PTPRG	9.615	52	1	1	1.0	0.0	9.615
HTAI2_HUMAN	10553	HTATIP2	9.615	52	1	0	1.0	0.0	9.615
CLD18_HUMAN	51208	CLDN18	9.615	52	1	0	1.0	0.0	9.615
2AAA_HUMAN	5518	PPP2R1A	9.607	53	1	3	1.0	0.0	9.607
SLIT3_HUMAN	6586	SLIT3	9.599	54	1	3	1.0	0.0	9.599
UBAC1_HUMAN	10422	UBAC1	9.599	54	1	0	1.0	0.0	9.599
PAQRB_HUMAN	23531	MMD	9.599	54	1	0	1.0	0.0	9.599
TF3B_HUMAN	2972	BRF1	9.591	55	1	4	1.0	0.0	9.591
SOX7_HUMAN	83595	SOX7	9.591	55	1	2	1.0	0.0	9.591
CADH1_HUMAN	999	CDH1	9.585	9209	2	1	1.301	0.0	7.367
CKS1_HUMAN	1163	CKS1B	9.583	56	1	0	1.0	0.0	9.583
CADH4_HUMAN	1002	CDH4	9.575	57	1	9	1.0	0.0	9.575
KPCI_HUMAN	5584	PRKCI	9.575	57	1	3	1.0	0.0	9.575
RBY1A_HUMAN	5940	RBMY1A1	9.575	57	1	0	1.0	0.0	9.575
DPP3_HUMAN	10072	DPP3	9.575	57	1	5	1.0	0.0	9.575
EPHB6_HUMAN	2051	EPHB6	9.568	58	1	0	1.0	0.0	9.568
NBR1_HUMAN	4077	NBR1	9.568	58	1	3	1.0	0.0	9.568
UBP14_HUMAN	9097	USP14	9.568	58	1	0	1.0	0.0	9.568
ICMT_HUMAN	23463	ICMT	9.568	58	1	5	1.0	0.0	9.568
DCPS_HUMAN	28960	DCPS	9.568	58	1	0	1.0	0.0	9.568
SC5A8_HUMAN	160728	SLC5A8	9.568	58	1	1	1.0	0.0	9.568
NFAC4_HUMAN	4776	NFATC4	9.56	59	1	2	1.0	0.0	9.56
RLF_HUMAN	6018	RLF	9.56	59	1	0	1.0	0.0	9.56
CDK12_HUMAN	51755	CDK12	9.56	59	1	0	1.0	0.0	9.56
DCTN1_HUMAN	1639	DCTN1	9.553	60	1	1	1.0	0.0	9.553
PARI_HUMAN	55010	PARPBP	9.553	60	1	3	1.0	0.0	9.553
FRK_HUMAN	2444	FRK	9.539	62	1	0	1.0	0.0	9.539
ACTZ_HUMAN	10121	ACTR1A	9.539	62	1	5	1.0	0.0	9.539
KIFC1_HUMAN	3833	KIFC1	9.532	63	1	1	1.0	0.0	9.532
PRPS1_HUMAN	5631	PRPS1	9.532	63	1	0	1.0	0.0	9.532
K1C20_HUMAN	54474	KRT20	9.532	10103	2	0	1.301	0.0	7.327
TNFA_HUMAN	7124	TNF	9.528	75731	3	0	1.477	0.0	6.45
DVL3_HUMAN	1857	DVL3	9.525	64	1	2	1.0	0.0	9.525
EMP1_HUMAN	2012	EMP1	9.525	64	1	0	1.0	0.0	9.525
JAZF1_HUMAN	221895	JAZF1	9.518	65	1	0	1.0	0.0	9.518
UBP1_HUMAN	7398	USP1	9.512	66	1	2	1.0	0.0	9.512
PHF6_HUMAN	84295	PHF6	9.512	66	1	1	1.0	0.0	9.512
ABL2_HUMAN	27	ABL2	9.505	67	1	0	1.0	0.0	9.505
INLR1_HUMAN	163702	IFNLR1	9.505	67	1	0	1.0	0.0	9.505
KAT6B_HUMAN	23522	KAT6B	9.499	68	1	2	1.0	0.0	9.499
PNKP_HUMAN	11284	PNKP	9.492	69	1	2	1.0	0.0	9.492
CAH8_HUMAN	767	CA8	9.486	70	1	0	1.0	0.0	9.486
CYTN_HUMAN	1469	CST1	9.486	70	1	1	1.0	0.0	9.486
SHOX2_HUMAN	6474	SHOX2	9.486	70	1	2	1.0	0.0	9.486
TFG_HUMAN	10342	TFG	9.486	70	1	0	1.0	0.0	9.486
E41L3_HUMAN	23136	EPB41L3	9.486	70	1	1	1.0	0.0	9.486
OBP2A_HUMAN	29991	OBP2A	9.486	70	1	1	1.0	0.0	9.486
HLTF_HUMAN	6596	HLTF	9.474	72	1	2	1.0	0.0	9.474
CD109_HUMAN	135228	CD109	9.474	72	1	1	1.0	0.0	9.474
TUSC3_HUMAN	7991	TUSC3	9.468	73	1	0	1.0	0.0	9.468
CDCP1_HUMAN	64866	CDCP1	9.468	73	1	2	1.0	0.0	9.468
IL34_HUMAN	146433	IL34	9.468	73	1	0	1.0	0.0	9.468
RALB_HUMAN	5899	RALB	9.462	74	1	2	1.0	0.0	9.462
HSF4_HUMAN	3299	HSF4	9.451	76	1	1	1.0	0.0	9.451
TIM_HUMAN	8914	TIMELESS	9.445	77	1	0	1.0	0.0	9.445
CHPT1_HUMAN	56994	CHPT1	9.445	77	1	0	1.0	0.0	9.445
COPA_HUMAN	1314	COPA	9.439	78	1	0	1.0	0.0	9.439
MXI1_HUMAN	4601	MXI1	9.439	78	1	0	1.0	0.0	9.439
KIF2C_HUMAN	11004	KIF2C	9.439	78	1	1	1.0	0.0	9.439
RL22_HUMAN	6146	RPL22	9.434	79	1	0	1.0	0.0	9.434
NRSN1_HUMAN	140767	NRSN1	9.434	79	1	1	1.0	0.0	9.434
IASPP_HUMAN	10848	PPP1R13L	9.428	80	1	1	1.0	0.0	9.428
SIR5_HUMAN	23408	SIRT5	9.428	80	1	3	1.0	0.0	9.428
PSF2_HUMAN	51659	GINS2	9.428	80	1	0	1.0	0.0	9.428
DAD1_HUMAN	1603	DAD1	9.423	81	1	4	1.0	0.0	9.423
CCDC6_HUMAN	8030	CCDC6	9.423	81	1	0	1.0	0.0	9.423
TCF21_HUMAN	6943	TCF21	9.418	82	1	4	1.0	0.0	9.418
SETB1_HUMAN	9869	SETDB1	9.418	82	1	8	1.0	0.0	9.418
SAS6_HUMAN	163786	SASS6	9.418	82	1	0	1.0	0.0	9.418
NINL_HUMAN	22981	NINL	9.412	83	1	1	1.0	0.0	9.412
I36RA_HUMAN	26525	IL36RN	9.407	84	1	0	1.0	0.0	9.407
DC1I2_HUMAN	1781	DYNC1I2	9.402	85	1	0	1.0	0.0	9.402
PIAS3_HUMAN	10401	PIAS3	9.402	85	1	1	1.0	0.0	9.402
PRP8_HUMAN	10594	PRPF8	9.402	85	1	0	1.0	0.0	9.402
MMP26_HUMAN	56547	MMP26	9.402	85	1	1	1.0	0.0	9.402
HEYL_HUMAN	26508	HEYL	9.397	86	1	0	1.0	0.0	9.397
SKIL_HUMAN	6498	SKIL	9.392	87	1	2	1.0	0.0	9.392
KDM5B_HUMAN	10765	KDM5B	9.387	88	1	2	1.0	0.0	9.387
SYSM_HUMAN	54938	SARS2	9.387	88	1	1	1.0	0.0	9.387
MAML2_HUMAN	84441	MAML2	9.387	88	1	1	1.0	0.0	9.387
SULF1_HUMAN	23213	SULF1	9.382	89	1	3	1.0	0.0	9.382
ZMY10_HUMAN	51364	ZMYND10	9.382	89	1	0	1.0	0.0	9.382
MYH2_HUMAN	4620	MYH2	9.377	90	1	0	1.0	0.0	9.377
ASPP2_HUMAN	7159	TP53BP2	9.377	90	1	0	1.0	0.0	9.377
S35B2_HUMAN	347734	SLC35B2	9.377	90	1	0	1.0	0.0	9.377
CP20A_HUMAN	57404	CYP20A1	9.372	91	1	0	1.0	0.0	9.372
CAD17_HUMAN	1015	CDH17	9.363	93	1	0	1.0	0.0	9.363
DPYL2_HUMAN	1808	DPYSL2	9.363	93	1	1	1.0	0.0	9.363
BHE41_HUMAN	79365	BHLHE41	9.363	93	1	1	1.0	0.0	9.363
NECT4_HUMAN	81607	NECTIN4	9.363	93	1	1	1.0	0.0	9.363
PP1A_HUMAN	5499	PPP1CA	9.358	94	1	0	1.0	0.0	9.358
NPAT_HUMAN	4863	NPAT	9.349	96	1	0	1.0	0.0	9.349
LAP2A_HUMAN	7112	TMPO	9.349	96	1	0	1.0	0.0	9.349
RBP1_HUMAN	10928	RALBP1	9.345	97	1	1	1.0	0.0	9.345
PLAG1_HUMAN	5324	PLAG1	9.34	98	1	0	1.0	0.0	9.34
TENR_HUMAN	7143	TNR	9.34	98	1	0	1.0	0.0	9.34
UBR5_HUMAN	51366	UBR5	9.34	98	1	0	1.0	0.0	9.34
GATA5_HUMAN	140628	GATA5	9.34	98	1	0	1.0	0.0	9.34
CHD1L_HUMAN	9557	CHD1L	9.336	99	1	0	1.0	0.0	9.336
KKCC2_HUMAN	10645	CAMKK2	9.331	100	1	3	1.0	0.0	9.331
ING4_HUMAN	51147	ING4	9.331	100	1	0	1.0	0.0	9.331
BAALC_HUMAN	79870	BAALC	9.331	100	1	0	1.0	0.0	9.331
CD59_HUMAN	966	CD59	9.318	14755	2	3	1.301	0.0	7.162
BNI3L_HUMAN	665	BNIP3L	9.314	104	1	0	1.0	0.0	9.314
HPS1_HUMAN	3257	HPS1	9.31	105	1	0	1.0	0.0	9.31
AL1A3_HUMAN	220	ALDH1A3	9.306	106	1	2	1.0	0.0	9.306
ASPH_HUMAN	444	ASPH	9.306	106	1	0	1.0	0.0	9.306
DOCK8_HUMAN	81704	DOCK8	9.302	107	1	0	1.0	0.0	9.302
SYK_HUMAN	3735	KARS	9.298	108	1	0	1.0	0.0	9.298
FIBB_HUMAN	2244	FGB	9.296	15352	2	3	1.301	0.0	7.145
HIP1_HUMAN	3092	HIP1	9.294	109	1	0	1.0	0.0	9.294
TYDP1_HUMAN	55775	TDP1	9.294	109	1	1	1.0	0.0	9.294
SUOX_HUMAN	6821	SUOX	9.29	110	1	0	1.0	0.0	9.29
DHX9_HUMAN	1660	DHX9	9.286	111	1	2	1.0	0.0	9.286
MANF_HUMAN	7873	MANF	9.282	112	1	0	1.0	0.0	9.282
GPNMB_HUMAN	10457	GPNMB	9.282	112	1	2	1.0	0.0	9.282
KC1AL_HUMAN	122011	CSNK1A1L	9.278	113	1	0	1.0	0.0	9.278
OLFM4_HUMAN	10562	OLFM4	9.274	114	1	1	1.0	0.0	9.274
CUL4A_HUMAN	8451	CUL4A	9.267	116	1	2	1.0	0.0	9.267
MBD4_HUMAN	8930	MBD4	9.263	117	1	0	1.0	0.0	9.263
HAX1_HUMAN	10456	HAX1	9.263	117	1	0	1.0	0.0	9.263
E2JJS1_HUMAN	100288687	DUX4	9.263	117	1	0	1.0	0.0	9.263
AVR2B_HUMAN	93	ACVR2B	9.259	118	1	0	1.0	0.0	9.259
IF2B2_HUMAN	10644	IGF2BP2	9.256	119	1	0	1.0	0.0	9.256
EPHA4_HUMAN	2043	EPHA4	9.252	120	1	2	1.0	0.0	9.252
UR2R_HUMAN	2837	UTS2R	9.252	120	1	0	1.0	0.0	9.252
UPK2_HUMAN	7379	UPK2	9.252	120	1	0	1.0	0.0	9.252
S10A2_HUMAN	6273	S100A2	9.249	121	1	0	1.0	0.0	9.249
NR1D1_HUMAN	9572	NR1D1	9.249	121	1	0	1.0	0.0	9.249
TCFL5_HUMAN	10732	TCFL5	9.249	121	1	0	1.0	0.0	9.249
ACPH_HUMAN	327	APEH	9.245	122	1	0	1.0	0.0	9.245
1433E_HUMAN	7531	YWHAE	9.245	122	1	0	1.0	0.0	9.245
TPX2_HUMAN	22974	TPX2	9.241	123	1	2	1.0	0.0	9.241
U2AF1_HUMAN	7307	U2AF1	9.238	124	1	2	1.0	0.0	9.238
PARP2_HUMAN	10038	PARP2	9.238	124	1	1	1.0	0.0	9.238
MMP19_HUMAN	4327	MMP19	9.234	125	1	2	1.0	0.0	9.234
DOT1L_HUMAN	84444	DOT1L	9.231	126	1	4	1.0	0.0	9.231
NPTX2_HUMAN	4885	NPTX2	9.224	128	1	0	1.0	0.0	9.224
GNA13_HUMAN	10672	GNA13	9.224	128	1	0	1.0	0.0	9.224
SUFU_HUMAN	51684	SUFU	9.224	128	1	1	1.0	0.0	9.224
HHAT_HUMAN	55733	HHAT	9.224	128	1	0	1.0	0.0	9.224
SEPT6_HUMAN	23157	SEPT6	9.221	129	1	0	1.0	0.0	9.221
PRAG1_HUMAN	157285	PRAG1	9.221	129	1	1	1.0	0.0	9.221
TDG_HUMAN	6996	TDG	9.214	131	1	0	1.0	0.0	9.214
AT2A3_HUMAN	489	ATP2A3	9.204	134	1	0	1.0	0.0	9.204
FUT7_HUMAN	2529	FUT7	9.195	137	1	0	1.0	0.0	9.195
CYGB_HUMAN	114757	CYGB	9.195	137	1	1	1.0	0.0	9.195
CENPE_HUMAN	1062	CENPE	9.191	138	1	0	1.0	0.0	9.191
CXA4_HUMAN	2701	GJA4	9.191	138	1	0	1.0	0.0	9.191
NEK2_HUMAN	4751	NEK2	9.191	138	1	5	1.0	0.0	9.191
PRDM2_HUMAN	7799	PRDM2	9.191	138	1	1	1.0	0.0	9.191
CSN8_HUMAN	10920	COPS8	9.188	139	1	0	1.0	0.0	9.188
SUV91_HUMAN	6839	SUV39H1	9.182	141	1	1	1.0	0.0	9.182
HYAL1_HUMAN	3373	HYAL1	9.179	142	1	0	1.0	0.0	9.179
HEM0_HUMAN	212	ALAS2	9.176	143	1	2	1.0	0.0	9.176
TGBR3_HUMAN	7049	TGFBR3	9.167	146	1	0	1.0	0.0	9.167
DDX3X_HUMAN	1654	DDX3X	9.147	153	1	4	1.0	0.0	9.147
SFRP5_HUMAN	6425	SFRP5	9.147	153	1	1	1.0	0.0	9.147
PANX1_HUMAN	24145	PANX1	9.147	153	1	0	1.0	0.0	9.147
HDAC5_HUMAN	10014	HDAC5	9.144	154	1	3	1.0	0.0	9.144
TIF1B_HUMAN	10155	TRIM28	9.144	154	1	2	1.0	0.0	9.144
SIN3A_HUMAN	25942	SIN3A	9.135	157	1	1	1.0	0.0	9.135
PPM1D_HUMAN	8493	PPM1D	9.133	158	1	0	1.0	0.0	9.133
SAMN1_HUMAN	64092	SAMSN1	9.133	158	1	1	1.0	0.0	9.133
TP4A3_HUMAN	11156	PTP4A3	9.13	159	1	1	1.0	0.0	9.13
RAD1_HUMAN	5810	RAD1	9.127	160	1	0	1.0	0.0	9.127
UDB17_HUMAN	7367	UGT2B17	9.127	160	1	3	1.0	0.0	9.127
KMT2D_HUMAN	8085	KMT2D	9.127	160	1	3	1.0	0.0	9.127
KIN17_HUMAN	22944	KIN	9.124	161	1	0	1.0	0.0	9.124
IRG1_HUMAN	730249	ACOD1	9.122	162	1	0	1.0	0.0	9.122
PREB_HUMAN	10113	PREB	9.119	163	1	4	1.0	0.0	9.119
CBPE_HUMAN	1363	CPE	9.116	164	1	0	1.0	0.0	9.116
IF16_HUMAN	3428	IFI16	9.114	165	1	5	1.0	0.0	9.114
VPP3_HUMAN	10312	TCIRG1	9.114	165	1	4	1.0	0.0	9.114
SDHL_HUMAN	10993	SDS	9.114	165	1	0	1.0	0.0	9.114
IF5A1_HUMAN	1984	EIF5A	9.111	166	1	0	1.0	0.0	9.111
HIC1_HUMAN	3090	HIC1	9.109	167	1	0	1.0	0.0	9.109
RED1_HUMAN	104	ADARB1	9.106	168	1	1	1.0	0.0	9.106
DLX5_HUMAN	1749	DLX5	9.106	168	1	0	1.0	0.0	9.106
CBLB_HUMAN	868	CBLB	9.103	169	1	0	1.0	0.0	9.103
XIRP1_HUMAN	165904	XIRP1	9.103	169	1	0	1.0	0.0	9.103
RTEL1_HUMAN	51750	RTEL1	9.101	170	1	0	1.0	0.0	9.101
MERTK_HUMAN	10461	MERTK	9.098	171	1	1	1.0	0.0	9.098
LATS2_HUMAN	26524	LATS2	9.098	171	1	1	1.0	0.0	9.098
DDB2_HUMAN	1643	DDB2	9.096	172	1	0	1.0	0.0	9.096
DUS6_HUMAN	1848	DUSP6	9.093	173	1	4	1.0	0.0	9.093
IREB2_HUMAN	3658	IREB2	9.093	173	1	2	1.0	0.0	9.093
CCNA1_HUMAN	8900	CCNA1	9.088	175	1	2	1.0	0.0	9.088
ROBO1_HUMAN	6091	ROBO1	9.086	176	1	1	1.0	0.0	9.086
DDR1_HUMAN	780	DDR1	9.078	179	1	2	1.0	0.0	9.078
NU5M_HUMAN	4540	MT-ND5	9.078	179	1	1	1.0	0.0	9.078
TMM11_HUMAN	8834	TMEM11	9.078	179	1	0	1.0	0.0	9.078
CAD11_HUMAN	1009	CDH11	9.071	182	1	0	1.0	0.0	9.071
ESM1_HUMAN	11082	ESM1	9.071	182	1	0	1.0	0.0	9.071
IL10_HUMAN	3586	IL10	9.07	22907	2	2	1.301	0.0	6.971
ODBB_HUMAN	594	BCKDHB	9.069	183	1	1	1.0	0.0	9.069
PTPRJ_HUMAN	5795	PTPRJ	9.064	185	1	2	1.0	0.0	9.064
AR2BP_HUMAN	23568	ARL2BP	9.064	185	1	7	1.0	0.0	9.064
KAT5_HUMAN	10524	KAT5	9.062	186	1	6	1.0	0.0	9.062
CDN2C_HUMAN	1031	CDKN2C	9.055	189	1	1	1.0	0.0	9.055
TNR12_HUMAN	51330	TNFRSF12A	9.055	189	1	2	1.0	0.0	9.055
SOX4_HUMAN	6659	SOX4	9.053	190	1	0	1.0	0.0	9.053
UD17_HUMAN	54577	UGT1A7	9.05	191	1	1	1.0	0.0	9.05
THA_HUMAN	7067	THRA	9.048	192	1	0	1.0	0.0	9.048
UBA7_HUMAN	7318	UBA7	9.046	193	1	0	1.0	0.0	9.046
8ODP_HUMAN	4521	NUDT1	9.044	194	1	0	1.0	0.0	9.044
PEG10_HUMAN	23089	PEG10	9.044	194	1	1	1.0	0.0	9.044
RAD18_HUMAN	56852	RAD18	9.041	195	1	0	1.0	0.0	9.041
FBN2_HUMAN	2201	FBN2	9.035	198	1	1	1.0	0.0	9.035
PTK7_HUMAN	5754	PTK7	9.03	200	1	2	1.0	0.0	9.03
SIR6_HUMAN	51548	SIRT6	9.028	201	1	2	1.0	0.0	9.028
XCT_HUMAN	23657	SLC7A11	9.024	203	1	0	1.0	0.0	9.024
SEM4D_HUMAN	10507	SEMA4D	9.022	204	1	2	1.0	0.0	9.022
SPHK2_HUMAN	56848	SPHK2	9.022	204	1	1	1.0	0.0	9.022
CDKN3_HUMAN	1033	CDKN3	9.02	205	1	0	1.0	0.0	9.02
RORA_HUMAN	6095	RORA	9.017	206	1	0	1.0	0.0	9.017
ITA3_HUMAN	3675	ITGA3	9.015	207	1	1	1.0	0.0	9.015
SDHA_HUMAN	6389	SDHA	9.015	207	1	1	1.0	0.0	9.015
MGT5A_HUMAN	4249	MGAT5	9.013	208	1	3	1.0	0.0	9.013
ORN_HUMAN	25996	REXO2	9.013	208	1	0	1.0	0.0	9.013
CLCN5_HUMAN	1184	CLCN5	9.011	209	1	0	1.0	0.0	9.011
CSK21_HUMAN	1457	CSNK2A1	9.009	210	1	1	1.0	0.0	9.009
MOD5_HUMAN	54802	TRIT1	9.009	210	1	1	1.0	0.0	9.009
TCL1A_HUMAN	8115	TCL1A	9.005	212	1	2	1.0	0.0	9.005
SPN90_HUMAN	51517	NCKIPSD	9.005	212	1	0	1.0	0.0	9.005
RECK_HUMAN	8434	RECK	9.001	214	1	1	1.0	0.0	9.001
FA5_HUMAN	2153	F5	8.997	3031	1	13	1.0	0.146	7.85
A1BG_HUMAN	1	A1BG	8.995	217	1	0	1.0	0.0	8.995
K1C12_HUMAN	3859	KRT12	8.995	217	1	0	1.0	0.0	8.995
HTRA2_HUMAN	27429	HTRA2	8.995	217	1	1	1.0	0.0	8.995
GSTM2_HUMAN	2946	GSTM2	8.993	218	1	0	1.0	0.0	8.993
MP2K3_HUMAN	5606	MAP2K3	8.991	219	1	0	1.0	0.0	8.991
S19A1_HUMAN	6573	SLC19A1	8.991	219	1	1	1.0	0.0	8.991
CDC73_HUMAN	79577	CDC73	8.991	219	1	0	1.0	0.0	8.991
WIF1_HUMAN	11197	WIF1	8.987	221	1	1	1.0	0.0	8.987
GSHB_HUMAN	2937	GSS	8.985	222	1	0	1.0	0.0	8.985
NEDD4_HUMAN	4734	NEDD4	8.985	222	1	1	1.0	0.0	8.985
TS101_HUMAN	7251	TSG101	8.985	222	1	0	1.0	0.0	8.985
RPGF3_HUMAN	10411	RAPGEF3	8.985	222	1	3	1.0	0.0	8.985
PRP31_HUMAN	26121	PRPF31	8.985	222	1	0	1.0	0.0	8.985
COPT1_HUMAN	1317	SLC31A1	8.983	223	1	4	1.0	0.0	8.983
BCL10_HUMAN	8915	BCL10	8.983	223	1	0	1.0	0.0	8.983
B2CL2_HUMAN	599	BCL2L2	8.981	224	1	0	1.0	0.0	8.981
SMC1A_HUMAN	8243	SMC1A	8.979	225	1	0	1.0	0.0	8.979
SYRC_HUMAN	5917	RARS	8.977	226	1	0	1.0	0.0	8.977
CFAD_HUMAN	1675	CFD	8.971	229	1	0	1.0	0.0	8.971
SFRP3_HUMAN	2487	FRZB	8.971	229	1	2	1.0	0.0	8.971
RHOB_HUMAN	388	RHOB	8.962	234	1	1	1.0	0.0	8.962
NAPSA_HUMAN	9476	NAPSA	8.962	234	1	0	1.0	0.0	8.962
IL1B_HUMAN	3553	IL1B	8.95	28325	2	1	1.301	0.0	6.879
RAB7B_HUMAN	338382	RAB7B	8.949	241	1	1	1.0	0.0	8.949
ID3_HUMAN	3399	ID3	8.944	244	1	0	1.0	0.0	8.944
PDE4D_HUMAN	5144	PDE4D	8.944	244	1	3	1.0	0.0	8.944
FGF10_HUMAN	2255	FGF10	8.942	245	1	0	1.0	0.0	8.942
CRTC1_HUMAN	23373	CRTC1	8.939	247	1	1	1.0	0.0	8.939
CD8A_HUMAN	925	CD8A	8.937	28961	2	1	1.301	0.0	6.869
PAXI_HUMAN	5829	PXN	8.932	251	1	1	1.0	0.0	8.932
PTPRU_HUMAN	10076	PTPRU	8.932	251	1	2	1.0	0.0	8.932
FOLR1_HUMAN	2348	FOLR1	8.928	253	1	4	1.0	0.0	8.928
MUSK_HUMAN	4593	MUSK	8.928	253	1	0	1.0	0.0	8.928
ATP6_HUMAN	4508	MT-ATP6	8.921	257	1	0	1.0	0.0	8.921
CEBPZ_HUMAN	10153	CEBPZ	8.92	258	1	0	1.0	0.0	8.92
TCPD_HUMAN	10575	CCT4	8.92	258	1	0	1.0	0.0	8.92
PALB2_HUMAN	79728	PALB2	8.915	261	1	0	1.0	0.0	8.915
CP3A7_HUMAN	1551	CYP3A7	8.913	262	1	8	1.0	0.0	8.913
TR13B_HUMAN	23495	TNFRSF13B	8.913	262	1	0	1.0	0.0	8.913
CRK_HUMAN	1398	CRK	8.91	264	1	5	1.0	0.0	8.91
RAC2_HUMAN	5880	RAC2	8.91	264	1	0	1.0	0.0	8.91
RALA_HUMAN	5898	RALA	8.91	264	1	2	1.0	0.0	8.91
LORI_HUMAN	4014	LOR	8.908	265	1	0	1.0	0.0	8.908
MK07_HUMAN	5598	MAPK7	8.908	265	1	0	1.0	0.0	8.908
PHB_HUMAN	5245	PHB	8.903	268	1	0	1.0	0.0	8.903
DNJB7_HUMAN	150353	DNAJB7	8.903	268	1	0	1.0	0.0	8.903
EFNB2_HUMAN	1948	EFNB2	8.9	270	1	0	1.0	0.0	8.9
LPAR1_HUMAN	1902	LPAR1	8.898	271	1	0	1.0	0.0	8.898
ACTB_HUMAN	60	ACTB	8.892	275	1	2	1.0	0.0	8.892
PBX1_HUMAN	5087	PBX1	8.89	276	1	1	1.0	0.0	8.89
BIRC5_HUMAN	332	BIRC5	8.873	287	1	1	1.0	0.0	8.873
NOTC4_HUMAN	4855	NOTCH4	8.867	291	1	1	1.0	0.0	8.867
AXIN2_HUMAN	8313	AXIN2	8.866	292	1	2	1.0	0.0	8.866
PB1_HUMAN	55193	PBRM1	8.866	292	1	0	1.0	0.0	8.866
ACKR3_HUMAN	57007	ACKR3	8.864	293	1	3	1.0	0.0	8.864
KLK1_HUMAN	3816	KLK1	8.86	296	1	0	1.0	0.0	8.86
ICAM2_HUMAN	3384	ICAM2	8.856	299	1	1	1.0	0.0	8.856
IRF9_HUMAN	10379	IRF9	8.853	301	1	1	1.0	0.0	8.853
NDRG1_HUMAN	10397	NDRG1	8.851	302	1	3	1.0	0.0	8.851
CSPG2_HUMAN	1462	VCAN	8.839	311	1	1	1.0	0.0	8.839
TAL1_HUMAN	6886	TAL1	8.833	315	1	6	1.0	0.0	8.833
GNAQ_HUMAN	2776	GNAQ	8.83	317	1	2	1.0	0.0	8.83
OLIG2_HUMAN	10215	OLIG2	8.829	318	1	0	1.0	0.0	8.829
BUB1B_HUMAN	701	BUB1B	8.822	323	1	0	1.0	0.0	8.822
MSH3_HUMAN	4437	MSH3	8.818	326	1	0	1.0	0.0	8.818
NRF1_HUMAN	4899	NRF1	8.818	326	1	0	1.0	0.0	8.818
ARI1A_HUMAN	8289	ARID1A	8.818	326	1	1	1.0	0.0	8.818
FLNC_HUMAN	2318	FLNC	8.806	335	1	6	1.0	0.0	8.806
UD16_HUMAN	54578	UGT1A6	8.802	338	1	0	1.0	0.0	8.802
UNG_HUMAN	7374	UNG	8.8	340	1	6	1.0	0.0	8.8
SETD2_HUMAN	29072	SETD2	8.797	342	1	0	1.0	0.0	8.797
K2C6A_HUMAN	3853	KRT6A	8.786	351	1	2	1.0	0.0	8.786
ASXL1_HUMAN	171023	ASXL1	8.786	351	1	8	1.0	0.0	8.786
C1R_HUMAN	715	C1R	8.784	353	1	0	1.0	0.0	8.784
T53I2_HUMAN	58476	TP53INP2	8.761	372	1	1	1.0	0.0	8.761
C2TA_HUMAN	4261	CIITA	8.757	375	1	0	1.0	0.0	8.757
LAT1_HUMAN	8140	SLC7A5	8.752	380	1	0	1.0	0.0	8.752
PTTG1_HUMAN	9232	PTTG1	8.75	381	1	0	1.0	0.0	8.75
MAGA1_HUMAN	4100	MAGEA1	8.749	382	1	0	1.0	0.0	8.749
CCNE1_HUMAN	898	CCNE1	8.746	385	1	3	1.0	0.0	8.746
VITRN_HUMAN	5212	VIT	8.746	385	1	0	1.0	0.0	8.746
MGP_HUMAN	4256	MGP	8.74	390	1	0	1.0	0.0	8.74
SODE_HUMAN	6649	SOD3	8.74	390	1	2	1.0	0.0	8.74
SOS1_HUMAN	6654	SOS1	8.739	391	1	1	1.0	0.0	8.739
FEN1_HUMAN	2237	FEN1	8.738	392	1	1	1.0	0.0	8.738
DRD3_HUMAN	1814	DRD3	8.736	394	1	0	1.0	0.0	8.736
DHSD_HUMAN	6392	SDHD	8.728	401	1	0	1.0	0.0	8.728
CXCR6_HUMAN	10663	CXCR6	8.723	406	1	1	1.0	0.0	8.723
EZRI_HUMAN	7430	EZR	8.722	407	1	2	1.0	0.0	8.722
RICTR_HUMAN	253260	RICTOR	8.722	407	1	3	1.0	0.0	8.722
LGUL_HUMAN	2739	GLO1	8.72	409	1	1	1.0	0.0	8.72
RNAS1_HUMAN	6035	RNASE1	8.716	412	1	0	1.0	0.0	8.716
YBOX1_HUMAN	4904	YBX1	8.706	422	1	1	1.0	0.0	8.706
GUAD_HUMAN	9615	GDA	8.706	422	1	0	1.0	0.0	8.706
STMN1_HUMAN	3925	STMN1	8.697	431	1	0	1.0	0.0	8.697
SPB5_HUMAN	5268	SERPINB5	8.697	431	1	1	1.0	0.0	8.697
APT_HUMAN	353	APRT	8.695	433	1	0	1.0	0.0	8.695
ILK_HUMAN	3611	ILK	8.694	434	1	0	1.0	0.0	8.694
GSTA1_HUMAN	2938	GSTA1	8.686	442	1	0	1.0	0.0	8.686
MOT1_HUMAN	6566	SLC16A1	8.686	442	1	1	1.0	0.0	8.686
ELAF_HUMAN	5266	PI3	8.684	444	1	1	1.0	0.0	8.684
TERF1_HUMAN	7013	TERF1	8.681	447	1	0	1.0	0.0	8.681
KPYM_HUMAN	5315	PKM	8.68	448	1	1	1.0	0.0	8.68
HYEP_HUMAN	2052	EPHX1	8.677	451	1	1	1.0	0.0	8.677
MLN_HUMAN	100507027	MRLN	8.661	468	1	1	1.0	0.0	8.661
GRPR_HUMAN	2925	GRPR	8.656	474	1	0	1.0	0.0	8.656
MMP10_HUMAN	4319	MMP10	8.654	476	1	3	1.0	0.0	8.654
LYOX_HUMAN	4015	LOX	8.645	486	1	2	1.0	0.0	8.645
DDC_HUMAN	1644	DDC	8.635	497	1	0	1.0	0.0	8.635
ABC3G_HUMAN	60489	APOBEC3G	8.632	500	1	0	1.0	0.0	8.632
KCRB_HUMAN	1152	CKB	8.63	503	1	0	1.0	0.0	8.63
GATA2_HUMAN	2624	GATA2	8.622	512	1	4	1.0	0.0	8.622
ATF2_HUMAN	1386	ATF2	8.62	514	1	0	1.0	0.0	8.62
WRN_HUMAN	7486	WRN	8.62	514	1	2	1.0	0.0	8.62
NFKB2_HUMAN	4791	NFKB2	8.616	519	1	0	1.0	0.0	8.616
POSTN_HUMAN	10631	POSTN	8.614	521	1	1	1.0	0.0	8.614
GPC3_HUMAN	2719	GPC3	8.612	524	1	1	1.0	0.0	8.612
DUS1_HUMAN	1843	DUSP1	8.61	526	1	2	1.0	0.0	8.61
GSH1_HUMAN	2729	GCLC	8.608	529	1	0	1.0	0.0	8.608
SFRP1_HUMAN	6422	SFRP1	8.6	539	1	6	1.0	0.0	8.6
CD166_HUMAN	214	ALCAM	8.598	541	1	0	1.0	0.0	8.598
AGO2_HUMAN	27161	AGO2	8.598	541	1	3	1.0	0.0	8.598
COHA1_HUMAN	1308	COL17A1	8.593	547	1	0	1.0	0.0	8.593
TET2_HUMAN	54790	TET2	8.591	550	1	3	1.0	0.0	8.591
PE2R2_HUMAN	5732	PTGER2	8.585	558	1	0	1.0	0.0	8.585
C560_HUMAN	6391	SDHC	8.583	560	1	5	1.0	0.0	8.583
PDPN_HUMAN	10630	PDPN	8.581	563	1	1	1.0	0.0	8.581
NFL_HUMAN	4747	NEFL	8.58	564	1	0	1.0	0.0	8.58
CD177_HUMAN	57126	CD177	8.58	564	1	1	1.0	0.0	8.58
SYNEM_HUMAN	23336	SYNM	8.577	568	1	0	1.0	0.0	8.577
HRH1_HUMAN	3269	HRH1	8.575	571	1	1	1.0	0.0	8.575
LOX15_HUMAN	246	ALOX15	8.571	576	1	0	1.0	0.0	8.571
SYCY1_HUMAN	30816	ERVW-1	8.567	581	1	0	1.0	0.0	8.567
TAP1_HUMAN	6890	TAP1	8.563	586	1	0	1.0	0.0	8.563
IKKA_HUMAN	1147	CHUK	8.56	590	1	0	1.0	0.0	8.56
SKP2_HUMAN	6502	SKP2	8.55	605	1	1	1.0	0.0	8.55
XRCC6_HUMAN	2547	XRCC6	8.548	607	1	1	1.0	0.0	8.548
CREM_HUMAN	1390	CREM	8.547	608	1	0	1.0	0.0	8.547
SRSF1_HUMAN	6426	SRSF1	8.544	613	1	0	1.0	0.0	8.544
CASP_HUMAN	1523	CUX1	8.542	615	1	4	1.0	0.0	8.542
NOX4_HUMAN	50507	NOX4	8.533	628	1	3	1.0	0.0	8.533
PSIP1_HUMAN	11168	PSIP1	8.529	634	1	2	1.0	0.0	8.529
CD52_HUMAN	1043	CD52	8.526	639	1	0	1.0	0.0	8.526
FILA_HUMAN	2312	FLG	8.526	638	1	0	1.0	0.0	8.526
IPYR_HUMAN	5464	PPA1	8.526	638	1	0	1.0	0.0	8.526
MITF_HUMAN	4286	MITF	8.52	648	1	0	1.0	0.0	8.52
CBPQ_HUMAN	10404	CPQ	8.52	648	1	0	1.0	0.0	8.52
HES1_HUMAN	3280	HES1	8.512	660	1	3	1.0	0.0	8.512
AURKB_HUMAN	9212	AURKB	8.51	663	1	2	1.0	0.0	8.51
WNT5A_HUMAN	7474	WNT5A	8.509	664	1	2	1.0	0.0	8.509
COF1_HUMAN	1072	CFL1	8.507	668	1	1	1.0	0.0	8.507
RAN_HUMAN	5901	RAN	8.505	670	1	2	1.0	0.0	8.505
NKX25_HUMAN	1482	NKX2-5	8.503	674	1	0	1.0	0.0	8.503
ITAV_HUMAN	3685	ITGAV	8.5	678	1	0	1.0	0.0	8.5
PMEL_HUMAN	6490	PMEL	8.48	710	1	0	1.0	0.0	8.48
NEMO_HUMAN	8517	IKBKG	8.479	711	1	0	1.0	0.0	8.479
PE2R4_HUMAN	5734	PTGER4	8.477	715	1	0	1.0	0.0	8.477
CATK_HUMAN	1513	CTSK	8.476	717	1	0	1.0	0.0	8.476
GATA4_HUMAN	2626	GATA4	8.469	729	1	0	1.0	0.0	8.469
ST1A1_HUMAN	6817	SULT1A1	8.469	728	1	0	1.0	0.0	8.469
PDE4A_HUMAN	5141	PDE4A	8.468	730	1	0	1.0	0.0	8.468
HDAC9_HUMAN	9734	HDAC9	8.464	737	1	1	1.0	0.0	8.464
BMPR2_HUMAN	659	BMPR2	8.46	743	1	0	1.0	0.0	8.46
AAPK2_HUMAN	5563	PRKAA2	8.46	743	1	2	1.0	0.0	8.46
CHP1_HUMAN	11261	CHP1	8.453	755	1	0	1.0	0.0	8.453
PRRT2_HUMAN	112476	PRRT2	8.448	765	1	0	1.0	0.0	8.448
CBL_HUMAN	867	CBL	8.443	774	1	1	1.0	0.0	8.443
CCR3_HUMAN	1232	CCR3	8.439	781	1	3	1.0	0.0	8.439
GLCM_HUMAN	2629	GBA	8.435	787	1	1	1.0	0.0	8.435
APR_HUMAN	5366	PMAIP1	8.435	787	1	0	1.0	0.0	8.435
SMG1_HUMAN	23049	SMG1	8.43	797	1	0	1.0	0.0	8.43
VINC_HUMAN	7414	VCL	8.429	798	1	1	1.0	0.0	8.429
MC4R_HUMAN	4160	MC4R	8.428	800	1	0	1.0	0.0	8.428
AOC1_HUMAN	26	AOC1	8.426	805	1	0	1.0	0.0	8.426
MYOD1_HUMAN	4654	MYOD1	8.426	804	1	0	1.0	0.0	8.426
NOTC3_HUMAN	4854	NOTCH3	8.423	809	1	4	1.0	0.0	8.423
FRDA_HUMAN	2395	FXN	8.419	818	1	0	1.0	0.0	8.419
DNM3B_HUMAN	1789	DNMT3B	8.414	826	1	1	1.0	0.0	8.414
FAS_HUMAN	2194	FASN	8.411	832	1	0	1.0	0.0	8.411
IKKB_HUMAN	3551	IKBKB	8.403	848	1	0	1.0	0.0	8.403
FOXM1_HUMAN	2305	FOXM1	8.391	872	1	3	1.0	0.0	8.391
CDD_HUMAN	978	CDA	8.39	874	1	0	1.0	0.0	8.39
PMS2_HUMAN	5395	PMS2	8.387	879	1	0	1.0	0.0	8.387
RTN4_HUMAN	57142	RTN4	8.386	882	1	0	1.0	0.0	8.386
ALDH2_HUMAN	217	ALDH2	8.379	896	1	0	1.0	0.0	8.379
PTN22_HUMAN	26191	PTPN22	8.379	896	1	0	1.0	0.0	8.379
TGFR1_HUMAN	7046	TGFBR1	8.378	898	1	0	1.0	0.0	8.378
OPRM_HUMAN	4988	OPRM1	8.377	901	1	0	1.0	0.0	8.377
EF1A2_HUMAN	1917	EEF1A2	8.371	912	1	2	1.0	0.0	8.371
IL7RA_HUMAN	3575	IL7R	8.36	936	1	0	1.0	0.0	8.36
ATR_HUMAN	545	ATR	8.358	941	1	1	1.0	0.0	8.358
LRP1_HUMAN	4035	LRP1	8.355	948	1	0	1.0	0.0	8.355
NLRP3_HUMAN	114548	NLRP3	8.352	2048	1	10	1.0	0.041	8.02
PGBM_HUMAN	3339	HSPG2	8.345	969	1	0	1.0	0.0	8.345
APOC3_HUMAN	345	APOC3	8.324	1016	1	0	1.0	0.0	8.324
4EBP1_HUMAN	1978	EIF4EBP1	8.32	1027	1	0	1.0	0.0	8.32
CALR_HUMAN	811	CALR	8.316	1037	1	1	1.0	0.0	8.316
STS_HUMAN	412	STS	8.311	1048	1	0	1.0	0.0	8.311
JAK1_HUMAN	3716	JAK1	8.311	1047	1	5	1.0	0.0	8.311
FOXO3_HUMAN	2309	FOXO3	8.306	1061	1	1	1.0	0.0	8.306
MYB_HUMAN	4602	MYB	8.298	1079	1	0	1.0	0.0	8.298
PKD1_HUMAN	5310	PKD1	8.293	1092	1	0	1.0	0.0	8.293
CEBPB_HUMAN	1051	CEBPB	8.291	1097	1	0	1.0	0.0	8.291
CAC1A_HUMAN	773	CACNA1A	8.29	1100	1	0	1.0	0.0	8.29
NBN_HUMAN	4683	NBN	8.29	1099	1	0	1.0	0.0	8.29
K2C8_HUMAN	3856	KRT8	8.289	1102	1	0	1.0	0.0	8.289
PA2GA_HUMAN	5320	PLA2G2A	8.288	1104	1	0	1.0	0.0	8.288
MK09_HUMAN	5601	MAPK9	8.285	1113	1	0	1.0	0.0	8.285
DMPK_HUMAN	1760	DMPK	8.28	1125	1	1	1.0	0.0	8.28
CADH5_HUMAN	1003	CDH5	8.278	1131	1	1	1.0	0.0	8.278
GLPA_HUMAN	2993	GYPA	8.275	1138	1	0	1.0	0.0	8.275
HXK1_HUMAN	3098	HK1	8.273	1143	1	0	1.0	0.0	8.273
NAMPT_HUMAN	10135	NAMPT	8.273	1143	1	1	1.0	0.0	8.273
GATA3_HUMAN	2625	GATA3	8.272	1147	1	1	1.0	0.0	8.272
PTN11_HUMAN	5781	PTPN11	8.271	1150	1	8	1.0	0.0	8.271
FOXO1_HUMAN	2308	FOXO1	8.266	1163	1	2	1.0	0.0	8.266
CO1A1_HUMAN	1277	COL1A1	8.264	1168	1	0	1.0	0.0	8.264
MARH8_HUMAN	220972	MARCH8	8.256	1189	1	1	1.0	0.0	8.256
PRKDC_HUMAN	5591	PRKDC	8.25	1205	1	1	1.0	0.0	8.25
FAK2_HUMAN	2185	PTK2B	8.248	1212	1	0	1.0	0.0	8.248
NEC1_HUMAN	5122	PCSK1	8.238	1239	1	1	1.0	0.0	8.238
GDNF_HUMAN	2668	GDNF	8.233	1253	1	0	1.0	0.0	8.233
PTPA_HUMAN	5524	PTPA	8.226	1274	1	2	1.0	0.0	8.226
ALEX_HUMAN	2778	GNAS	8.224	1281	1	0	1.0	0.0	8.224
PRGC1_HUMAN	10891	PPARGC1A	8.218	1298	1	1	1.0	0.0	8.218
BCL6_HUMAN	604	BCL6	8.217	1300	1	0	1.0	0.0	8.217
DQA1_HUMAN	3117	HLA-DQA1	8.217	1302	1	0	1.0	0.0	8.217
CASP7_HUMAN	840	CASP7	8.215	1307	1	0	1.0	0.0	8.215
LMNA_HUMAN	4000	LMNA	8.215	1307	1	1	1.0	0.0	8.215
EZH2_HUMAN	2146	EZH2	8.214	1309	1	5	1.0	0.0	8.214
ANGP1_HUMAN	284	ANGPT1	8.201	1351	1	1	1.0	0.0	8.201
NPM_HUMAN	4869	NPM1	8.201	1351	1	0	1.0	0.0	8.201
MRP2_HUMAN	1244	ABCC2	8.186	1396	1	0	1.0	0.0	8.186
FMR1_HUMAN	2332	FMR1	8.178	1423	1	0	1.0	0.0	8.178
ITB3_HUMAN	3690	ITGB3	8.165	1468	1	0	1.0	0.0	8.165
NOD2_HUMAN	64127	NOD2	8.157	1493	1	0	1.0	0.0	8.157
MBL2_HUMAN	4153	MBL2	8.15	1517	1	0	1.0	0.0	8.15
BECN1_HUMAN	8678	BECN1	8.147	1527	1	0	1.0	0.0	8.147
CDK6_HUMAN	1021	CDK6	8.146	1532	1	0	1.0	0.0	8.146
CXCL7_HUMAN	5473	PPBP	8.145	1534	1	0	1.0	0.0	8.145
IRS1_HUMAN	3667	IRS1	8.143	1544	1	2	1.0	0.0	8.143
CP3A5_HUMAN	1577	CYP3A5	8.142	1545	1	1	1.0	0.0	8.142
UPAR_HUMAN	5329	PLAUR	8.141	1549	1	0	1.0	0.0	8.141
TENA_HUMAN	3371	TNC	8.13	1590	1	0	1.0	0.0	8.13
EDNRA_HUMAN	1909	EDNRA	8.126	1603	1	1	1.0	0.0	8.126
PER1_HUMAN	5187	PER1	8.122	1621	1	3	1.0	0.0	8.122
SFPA2_HUMAN	729238	SFTPA2	8.12	1628	1	1	1.0	0.0	8.12
PERT_HUMAN	7173	TPO	8.114	1651	1	0	1.0	0.0	8.114
PGP_HUMAN	283871	PGP	8.109	1668	1	0	1.0	0.0	8.109
ETV6_HUMAN	2120	ETV6	8.095	1723	1	2	1.0	0.0	8.095
5NTD_HUMAN	4907	NT5E	8.091	1741	1	0	1.0	0.0	8.091
MMP14_HUMAN	4323	MMP14	8.081	1781	1	1	1.0	0.0	8.081
RXRA_HUMAN	6256	RXRA	8.063	1854	1	0	1.0	0.0	8.063
ERG_HUMAN	2078	ERG	8.062	1860	1	0	1.0	0.0	8.062
FUT4_HUMAN	2526	FUT4	8.062	1860	1	0	1.0	0.0	8.062
GRP78_HUMAN	3309	HSPA5	8.059	1873	1	1	1.0	0.0	8.059
TR10B_HUMAN	8795	TNFRSF10B	8.059	1873	1	0	1.0	0.0	8.059
HSPB1_HUMAN	3315	HSPB1	8.057	1880	1	2	1.0	0.0	8.057
FCGR1_HUMAN	2209	FCGR1A	8.045	1935	1	0	1.0	0.0	8.045
JUNB_HUMAN	3726	JUNB	8.044	1939	1	0	1.0	0.0	8.044
RAF1_HUMAN	5894	RAF1	8.044	1938	1	0	1.0	0.0	8.044
CCNB1_HUMAN	891	CCNB1	8.035	1980	1	1	1.0	0.0	8.035
CATD_HUMAN	1509	CTSD	8.014	2076	1	0	1.0	0.0	8.014
RAC1_HUMAN	5879	RAC1	8.005	2122	1	1	1.0	0.0	8.005
PDCD1_HUMAN	5133	PDCD1	8.001	2138	1	0	1.0	0.0	8.001
TYSY_HUMAN	7298	TYMS	7.996	2165	1	0	1.0	0.0	7.996
IL7_HUMAN	3574	IL7	7.993	2180	1	0	1.0	0.0	7.993
BID_HUMAN	637	BID	7.98	2245	1	2	1.0	0.0	7.98
AMPN_HUMAN	290	ANPEP	7.979	2249	1	0	1.0	0.0	7.979
RUNX1_HUMAN	861	RUNX1	7.969	2302	1	0	1.0	0.0	7.969
ADA_HUMAN	100	ADA	7.968	2306	1	0	1.0	0.0	7.968
FAK1_HUMAN	5747	PTK2	7.959	2356	1	7	1.0	0.0	7.959
TMED2_HUMAN	10959	TMED2	7.958	2361	1	0	1.0	0.0	7.958
SODM_HUMAN	6648	SOD2	7.949	2413	1	2	1.0	0.0	7.949
ABCG2_HUMAN	9429	ABCG2	7.948	2419	1	0	1.0	0.0	7.948
GTR1_HUMAN	6513	SLC2A1	7.945	2436	1	1	1.0	0.0	7.945
CP2B6_HUMAN	1555	CYP2B6	7.944	2440	1	0	1.0	0.0	7.944
B3GA1_HUMAN	27087	B3GAT1	7.939	2467	1	0	1.0	0.0	7.939
SLIB_HUMAN	2691	GHRH	7.911	2635	1	0	1.0	0.0	7.911
TF_HUMAN	2152	F3	7.909	2644	1	0	1.0	0.0	7.909
SORCN_HUMAN	6717	SRI	7.909	2643	1	0	1.0	0.0	7.909
PROM1_HUMAN	8842	PROM1	7.899	2703	1	2	1.0	0.0	7.899
A2MG_HUMAN	2	A2M	7.892	2748	1	0	1.0	0.0	7.892
ADA1D_HUMAN	146	ADRA1D	7.888	2777	1	0	1.0	0.0	7.888
ADRB2_HUMAN	154	ADRB2	7.886	2787	1	0	1.0	0.0	7.886
VGFR1_HUMAN	2321	FLT1	7.878	2839	1	0	1.0	0.0	7.878
CD40L_HUMAN	959	CD40LG	7.869	2898	1	0	1.0	0.0	7.869
TIMP2_HUMAN	7077	TIMP2	7.865	2923	1	4	1.0	0.0	7.865
HMOX1_HUMAN	3162	HMOX1	7.85	3032	1	1	1.0	0.0	7.85
CP2C9_HUMAN	1559	CYP2C9	7.841	3093	1	0	1.0	0.0	7.841
GFAP_HUMAN	2670	GFAP	7.83	3173	1	0	1.0	0.0	7.83
SDF1_HUMAN	6387	CXCL12	7.823	3227	1	1	1.0	0.0	7.823
UROK_HUMAN	5328	PLAU	7.809	3329	1	3	1.0	0.0	7.809
GLUC_HUMAN	2641	GCG	7.807	3341	1	0	1.0	0.0	7.807
KNG1_HUMAN	3827	KNG1	7.727	4025	1	0	1.0	0.0	7.727
TF65_HUMAN	5970	RELA	7.694	4340	1	3	1.0	0.0	7.694
IL3_HUMAN	3562	IL3	7.666	4630	1	8	1.0	0.0	7.666
SBP1_HUMAN	8991	SELENBP1	7.661	4685	1	2	1.0	0.0	7.661
S10A1_HUMAN	6271	S100A1	7.66	4688	1	0	1.0	0.0	7.66
DDIT3_HUMAN	1649	DDIT3	7.652	4779	1	0	1.0	0.0	7.652
CATA_HUMAN	847	CAT	7.651	4790	1	0	1.0	0.0	7.651
SODC_HUMAN	6647	SOD1	7.624	5101	1	4	1.0	0.0	7.624
CHLE_HUMAN	590	BCHE	7.623	5112	1	0	1.0	0.0	7.623
GAST_HUMAN	2520	GAST	7.621	5136	1	2	1.0	0.0	7.621
NOS2_HUMAN	4843	NOS2	7.613	5227	1	0	1.0	0.0	7.613
2B13_HUMAN	3123	HLA-DRB1	7.606	5313	1	0	1.0	0.0	7.606
PECA1_HUMAN	5175	PECAM1	7.604	5336	1	0	1.0	0.0	7.604
1A01_HUMAN	3105	HLA-A	7.603	5350	1	0	1.0	0.0	7.603
FCG3A_HUMAN	2214	FCGR3A	7.59	5507	1	1	1.0	0.0	7.59
CASP9_HUMAN	842	CASP9	7.551	6027	1	0	1.0	0.0	7.551
CD44_HUMAN	960	CD44	7.537	6231	1	1	1.0	0.0	7.537
LEP_HUMAN	3952	LEP	7.486	7002	1	0	1.0	0.0	7.486
PK3CD_HUMAN	5293	PIK3CD	7.486	6997	1	0	1.0	0.0	7.486
PAI1_HUMAN	5054	SERPINE1	7.442	7746	1	0	1.0	0.0	7.442
ALBU_HUMAN	213	ALB	7.424	8072	1	4	1.0	0.0	7.424
KCMB2_HUMAN	10242	KCNMB2	7.422	8108	1	1	1.0	0.0	7.422
ANGT_HUMAN	183	AGT	7.267	11591	1	0	1.0	0.0	7.267
ICAM1_HUMAN	3383	ICAM1	7.264	11659	1	0	1.0	0.0	7.264
TRFE_HUMAN	7018	TF	7.243	12237	1	0	1.0	0.0	7.243
PTHY_HUMAN	5741	PTH	7.195	13691	1	0	1.0	0.0	7.195
THRB_HUMAN	2147	F2	7.165	14673	1	0	1.0	0.0	7.165
IL1A_HUMAN	3552	IL1A	7.165	14669	1	0	1.0	0.0	7.165
EPO_HUMAN	2056	EPO	7.139	15574	1	0	1.0	0.0	7.139
RENI_HUMAN	5972	REN	7.13	15907	1	0	1.0	0.0	7.13
IL4_HUMAN	3565	IL4	7.079	17876	1	0	1.0	0.0	7.079
CASP3_HUMAN	836	CASP3	7.045	19304	1	1	1.0	0.0	7.045
INS_HUMAN	3630	INS	6.699	42836	1	0	1.0	0.0	6.699
