Big_T	18483
Big_F	17252753
UniProtKB_ID	GeneID	Gene_Name	PPS	Big_P	T+P	Citation	1+Log(T+P)	log10((Cit/yr+1)/10)	1+log10(F/T)+log10(F/P)
BRCA1_HUMAN	672	BRCA1	49.184	9743	2662	2448	4.425	2.389	7.218
ERBB2_HUMAN	2064	ERBB2	42.19	26330	1161	1419	4.065	2.152	6.786
CHK2_HUMAN	11200	CHEK2	38.124	1355	195	269	3.29	1.431	8.075
EGFR_HUMAN	1956	EGFR	37.398	30695	344	1068	3.537	2.029	6.72
PK3CA_HUMAN	5290	PIK3CA	37.397	2646	115	553	3.061	1.744	7.784
P53_HUMAN	7157	TP53	36.194	46130	542	627	3.734	1.798	6.543
ESR1_HUMAN	2099	ESR1	35.817	13814	279	419	3.446	1.623	7.066
PTEN_HUMAN	5728	PTEN	33.808	6259	149	244	3.173	1.389	7.41
BRCA2_HUMAN	675	BRCA2	32.786	6283	185	143	3.267	1.158	7.408
PARP1_HUMAN	142	PARP1	32.169	6579	90	250	2.954	1.4	7.389
ARF_HUMAN	1029	CDKN2A	30.623	9187	109	154	3.037	1.19	7.243
PALB2_HUMAN	79728	PALB2	30.597	261	34	88	2.531	0.949	8.79
RAD51_HUMAN	5888	RAD51	30.267	1631	47	129	2.672	1.114	7.994
AKT1_HUMAN	207	AKT1	29.611	18505	68	271	2.833	1.435	6.939
CTNB1_HUMAN	1499	CTNNB1	28.973	8844	51	191	2.708	1.283	7.26
ATM_HUMAN	472	ATM	28.817	2339	95	49	2.978	0.699	7.838
RAD50_HUMAN	10111	RAD50	27.392	464	26	61	2.415	0.792	8.54
COBA2_HUMAN	1302	COL11A2	27.371	1728	40	67	2.602	0.833	7.969
BARD1_HUMAN	580	BARD1	27.201	167	26	40	2.415	0.613	8.984
CADH1_HUMAN	999	CDH1	27.048	9209	61	88	2.785	0.949	7.242
MSH6_HUMAN	2956	MSH6	26.375	1307	35	51	2.544	0.716	8.09
RASK_HUMAN	3845	KRAS	26.281	10492	59	76	2.771	0.886	7.186
RA51C_HUMAN	5889	RAD51C	25.741	164	27	26	2.431	0.431	8.992
CDN1A_HUMAN	1026	CDKN1A	25.303	5857	56	44	2.748	0.653	7.439
AKT3_HUMAN	10000	AKT3	24.642	289	9	72	1.954	0.863	8.746
CDK4_HUMAN	1019	CDK4	24.052	3335	27	49	2.431	0.699	7.684
MYC_HUMAN	4609	MYC	23.71	10313	43	45	2.633	0.663	7.193
ANDR_HUMAN	367	AR	23.696	6901	47	34	2.672	0.544	7.368
MLH1_HUMAN	4292	MLH1	23.69	3231	46	25	2.663	0.415	7.697
CHK1_HUMAN	1111	CHEK1	23.527	1262	17	46	2.23	0.672	8.106
CTNA1_HUMAN	1495	CTNNA1	23.49	98	6	58	1.778	0.771	9.216
PRGR_HUMAN	5241	PGR	23.343	8583	60	26	2.778	0.431	7.273
MTOR_HUMAN	2475	MTOR	23.24	14590	21	94	2.322	0.978	7.042
NBN_HUMAN	4683	NBN	23.232	1099	28	24	2.447	0.398	8.166
STK11_HUMAN	6794	STK11	23.027	917	23	26	2.362	0.431	8.244
MUC1_HUMAN	4582	MUC1	22.948	4231	15	70	2.176	0.851	7.58
FGF3_HUMAN	2248	FGF3	22.929	452	20	23	2.301	0.38	8.552
CDK2_HUMAN	1017	CDK2	22.845	3134	18	50	2.255	0.708	7.711
AURKA_HUMAN	6790	AURKA	22.275	1134	15	35	2.176	0.556	8.152
RB_HUMAN	5925	RB1	22.268	4614	32	27	2.505	0.447	7.543
MDM2_HUMAN	4193	MDM2	22.093	3545	32	23	2.505	0.38	7.657
RASH_HUMAN	3265	HRAS	21.948	2263	26	23	2.415	0.38	7.852
RASF1_HUMAN	11186	RASSF1	21.87	1012	16	28	2.204	0.462	8.202
TERT_HUMAN	7015	TERT	21.693	4242	13	55	2.114	0.748	7.579
BACH1_HUMAN	571	BACH1	21.217	151	8	27	1.903	0.447	9.028
CP19A_HUMAN	1588	CYP19A1	21.12	1908	21	21	2.322	0.342	7.926
FHIT_HUMAN	2272	FHIT	20.858	760	32	4	2.505	0.0	8.326
INSC_HUMAN	387755	INSC	20.732	72	15	10	2.176	0.041	9.349
CCND1_HUMAN	595	CCND1	20.597	9412	32	21	2.505	0.342	7.233
ABCG2_HUMAN	9429	ABCG2	20.522	2419	15	27	2.176	0.447	7.823
FANCJ_HUMAN	83990	BRIP1	19.662	161	9	16	1.954	0.23	9.0
NR4A1_HUMAN	3164	NR4A1	19.585	2694	15	21	2.176	0.342	7.776
TGFB1_HUMAN	7040	TGFB1	19.481	24445	18	39	2.255	0.602	6.818
CDN1B_HUMAN	1027	CDKN1B	19.308	3007	15	20	2.176	0.322	7.729
BECN1_HUMAN	8678	BECN1	19.238	1527	5	49	1.699	0.699	8.023
FGFR1_HUMAN	2260	FGFR1	19.067	1615	11	21	2.041	0.342	7.999
CATD_HUMAN	1509	CTSD	18.919	2076	25	6	2.398	0.0	7.889
ERBB3_HUMAN	2065	ERBB3	18.713	1783	9	24	1.954	0.398	7.956
CAV1_HUMAN	857	CAV1	18.699	1675	11	19	2.041	0.301	7.983
GATA3_HUMAN	2625	GATA3	18.657	1147	15	12	2.176	0.114	8.147
SRC8_HUMAN	2017	CTTN	18.555	364	14	8	2.146	0.0	8.646
CD24_HUMAN	100133941	CD24	18.256	1346	14	12	2.146	0.114	8.078
EZH2_HUMAN	2146	EZH2	18.245	1309	6	29	1.778	0.477	8.09
CP2D6_HUMAN	1565	CYP2D6	18.093	4031	16	14	2.204	0.176	7.601
FGFR4_HUMAN	2264	FGFR4	17.899	410	11	10	2.041	0.041	8.594
GSTM1_HUMAN	2944	GSTM1	17.721	2692	19	5	2.279	0.0	7.777
FGFR2_HUMAN	2263	FGFR2	17.684	1295	9	16	1.954	0.23	8.094
IF4E_HUMAN	1977	EIF4E	17.615	997	5	27	1.699	0.447	8.208
NDKA_HUMAN	4830	NME1	17.542	1079	14	6	2.146	0.0	8.174
HIF1A_HUMAN	3091	HIF1A	17.502	7140	12	19	2.079	0.301	7.353
FACD2_HUMAN	2177	FANCD2	17.4	350	6	16	1.778	0.23	8.663
INP4B_HUMAN	8821	INPP4B	17.393	56	3	22	1.477	0.362	9.459
ETV6_HUMAN	2120	ETV6	17.39	1723	8	18	1.903	0.279	7.97
STAR3_HUMAN	10948	STARD3	17.383	61	7	8	1.845	0.0	9.421
MEN1_HUMAN	4221	MEN1	17.344	1723	15	1	2.176	0.0	7.97
TOP2A_HUMAN	7153	TOP2A	17.343	514	10	10	2.0	0.041	8.496
SF3B1_HUMAN	23451	SF3B1	17.331	291	2	47	1.301	0.681	8.743
ABC3A_HUMAN	200315	APOBEC3A	17.331	92	5	14	1.699	0.176	9.243
WWOX_HUMAN	51741	WWOX	17.108	207	7	11	1.845	0.079	8.891
EMSY_HUMAN	56946	EMSY	17.079	40	6	4	1.778	0.0	9.605
CISH_HUMAN	1154	CISH	17.06	475	10	2	2.0	0.0	8.53
ERBB4_HUMAN	2066	ERBB4	17.001	1071	8	14	1.903	0.176	8.177
MSH2_HUMAN	4436	MSH2	16.955	2603	15	2	2.176	0.0	7.791
IDHC_HUMAN	3417	IDH1	16.95	1683	7	18	1.845	0.279	7.981
BAP1_HUMAN	8314	BAP1	16.883	271	6	13	1.778	0.146	8.774
TS101_HUMAN	7251	TSG101	16.862	222	8	1	1.903	0.0	8.86
DPYD_HUMAN	1806	DPYD	16.828	919	11	5	2.041	0.0	8.243
PRIMA_HUMAN	145270	PRIMA1	16.821	195	7	10	1.845	0.041	8.917
PTC1_HUMAN	5727	PTCH1	16.694	993	9	11	1.954	0.079	8.21
HPRT_HUMAN	3251	HPRT1	16.614	2227	13	0	2.114	0.0	7.859
RHG07_HUMAN	10395	DLC1	16.576	167	7	7	1.845	0.0	8.984
MUTYH_HUMAN	4595	MUTYH	16.567	536	9	6	1.954	0.0	8.478
BRAF_HUMAN	673	BRAF	16.425	6965	17	5	2.23	0.0	7.364
DCC_HUMAN	1630	DCC	16.367	404	8	2	1.903	0.0	8.6
CP1A1_HUMAN	1543	CYP1A1	16.331	3030	13	3	2.114	0.0	7.725
ABC3B_HUMAN	9582	APOBEC3B	16.322	126	2	30	1.301	0.491	9.106
CTCF_HUMAN	10664	CTCF	16.178	508	8	5	1.903	0.0	8.501
RA51D_HUMAN	5892	RAD51D	16.145	134	6	5	1.778	0.0	9.08
COMT_HUMAN	1312	COMT	16.108	2880	10	11	2.0	0.079	7.747
BRMS1_HUMAN	25855	BRMS1	16.07	94	5	10	1.699	0.041	9.234
ARI1A_HUMAN	8289	ARID1A	16.04	326	5	13	1.699	0.146	8.694
PPM1D_HUMAN	8493	PPM1D	16.018	158	5	11	1.699	0.079	9.008
SIR1_HUMAN	23411	SIRT1	16.016	2460	7	15	1.845	0.204	7.816
HFE_HUMAN	3077	HFE	16.007	1596	10	1	2.0	0.0	8.004
CBP_HUMAN	1387	CREBBP	15.934	1601	7	13	1.845	0.146	8.002
RBBP4_HUMAN	5928	RBBP4	15.9	711	8	9	1.903	0.0	8.355
EGF_HUMAN	1950	EGF	15.89	4898	13	8	2.114	0.0	7.517
IGF1_HUMAN	3479	IGF1	15.832	21183	20	4	2.301	0.0	6.881
DICER_HUMAN	23405	DICER1	15.832	691	3	25	1.477	0.415	8.367
DPOLQ_HUMAN	10721	POLQ	15.821	38	4	10	1.602	0.041	9.627
DYR_HUMAN	1719	DHFR	15.812	1305	9	6	1.954	0.0	8.091
ALK_HUMAN	238	ALK	15.781	2791	9	11	1.954	0.079	7.761
NQO1_HUMAN	1728	NQO1	15.725	1445	9	0	1.954	0.0	8.047
ST7_HUMAN	7982	ST7	15.72	90	5	0	1.699	0.0	9.252
HFM1_HUMAN	164045	HFM1	15.704	325	4	15	1.602	0.204	8.695
SEPT9_HUMAN	10801	SEPT9	15.692	155	5	10	1.699	0.041	9.016
UBE2C_HUMAN	11065	UBE2C	15.635	101	5	7	1.699	0.0	9.202
TEN1_HUMAN	10178	TENM1	15.584	3736	11	8	2.041	0.0	7.634
JAK1_HUMAN	3716	JAK1	15.58	1047	4	19	1.602	0.301	8.187
DNMT1_HUMAN	1786	DNMT1	15.574	1576	8	10	1.903	0.041	8.009
SMAD4_HUMAN	4089	SMAD4	15.574	1728	6	14	1.778	0.176	7.969
APC_HUMAN	324	APC	15.527	619	7	2	1.845	0.0	8.415
FBXW7_HUMAN	55294	FBXW7	15.522	474	6	10	1.778	0.041	8.531
GA45A_HUMAN	1647	GADD45A	15.507	634	7	3	1.845	0.0	8.405
FANCC_HUMAN	2176	FANCC	15.491	493	6	10	1.778	0.041	8.514
FANCA_HUMAN	2175	FANCA	15.424	341	6	1	1.778	0.0	8.674
ZNF35_HUMAN	7584	ZNF35	15.423	38	4	1	1.602	0.0	9.627
BCL2_HUMAN	596	BCL2	15.415	23522	18	4	2.255	0.0	6.835
TTC4_HUMAN	7268	TTC4	15.404	6	3	0	1.477	0.0	10.429
RHBT2_HUMAN	23221	RHOBTB2	15.337	43	4	4	1.602	0.0	9.573
SRA1_HUMAN	10011	SRA1	15.297	238	2	26	1.301	0.431	8.83
MERL_HUMAN	4771	NF2	15.273	1519	8	7	1.903	0.0	8.025
DHB1_HUMAN	3292	HSD17B1	15.261	421	6	0	1.778	0.0	8.582
RET_HUMAN	5979	RET	15.156	4253	10	4	2.0	0.0	7.578
RPP14_HUMAN	11102	RPP14	15.13	499	6	1	1.778	0.0	8.509
PREX2_HUMAN	80243	PREX2	15.023	30	1	34	1.0	0.544	9.73
ELF3_HUMAN	1999	ELF3	14.996	240	5	1	1.699	0.0	8.827
NF1_HUMAN	4763	NF1	14.991	5140	10	5	2.0	0.0	7.496
HAUS3_HUMAN	79441	HAUS3	14.981	95	1	41	1.0	0.623	9.229
ABL1_HUMAN	25	ABL1	14.939	6311	8	12	1.903	0.114	7.407
MDR1_HUMAN	5243	ABCB1	14.931	10598	12	5	2.079	0.0	7.181
MYCN_HUMAN	4613	MYCN	14.9	2383	8	7	1.903	0.0	7.83
PCNA_HUMAN	5111	PCNA	14.884	5813	10	5	2.0	0.0	7.442
CP17A_HUMAN	1586	CYP17A1	14.867	1409	7	1	1.845	0.0	8.058
CDN1C_HUMAN	1028	CDKN1C	14.866	702	6	3	1.778	0.0	8.36
SMCA4_HUMAN	6597	SMARCA4	14.853	714	6	7	1.778	0.0	8.353
FLT3_HUMAN	2322	FLT3	14.83	2594	8	4	1.903	0.0	7.793
PML_HUMAN	5371	PML	14.809	1516	7	7	1.845	0.0	8.026
MTHR_HUMAN	4524	MTHFR	14.759	4515	9	5	1.954	0.0	7.552
LEG3_HUMAN	3958	LGALS3	14.747	1637	7	9	1.845	0.0	7.993
TACC3_HUMAN	10460	TACC3	14.743	101	2	19	1.301	0.301	9.202
KILIN_HUMAN	100144748	KLLN	14.7	18	3	4	1.477	0.0	9.951
IGF2_HUMAN	3481	IGF2	14.662	5059	9	3	1.954	0.0	7.503
CENPF_HUMAN	1063	CENPF	14.659	114	4	2	1.602	0.0	9.15
TCFL5_HUMAN	10732	TCFL5	14.617	121	4	0	1.602	0.0	9.124
ERLN2_HUMAN	11160	ERLIN2	14.601	21	3	6	1.477	0.0	9.885
PARP2_HUMAN	10038	PARP2	14.6	124	4	3	1.602	0.0	9.113
APJ_HUMAN	187	APLNR	14.575	169	1	41	1.0	0.623	8.979
STMN1_HUMAN	3925	STMN1	14.564	431	5	7	1.699	0.0	8.572
KMT2A_HUMAN	4297	KMT2A	14.55	2095	7	0	1.845	0.0	7.886
APEX1_HUMAN	328	APEX1	14.543	1067	6	2	1.778	0.0	8.179
IGF1R_HUMAN	3480	IGF1R	14.536	3702	8	7	1.903	0.0	7.638
CTIP_HUMAN	5932	RBBP8	14.536	136	4	4	1.602	0.0	9.073
HOP2_HUMAN	29893	PSMC3IP	14.489	25	3	1	1.477	0.0	9.809
ZN217_HUMAN	7764	ZNF217	14.479	80	3	11	1.477	0.079	9.304
H2AX_HUMAN	3014	H2AFX	14.46	1188	6	2	1.778	0.0	8.132
KIT_HUMAN	3815	KIT	14.451	6488	9	8	1.954	0.0	7.395
PRLR_HUMAN	5618	PRLR	14.416	527	5	1	1.699	0.0	8.485
CADH3_HUMAN	1001	CDH3	14.401	165	4	0	1.602	0.0	8.989
HGF_HUMAN	3082	HGF	14.392	4410	4	19	1.602	0.301	7.562
FMR1_HUMAN	2332	FMR1	14.32	1423	6	2	1.778	0.0	8.054
MITF_HUMAN	4286	MITF	14.263	648	5	8	1.699	0.0	8.395
CHKA_HUMAN	1119	CHKA	14.261	202	4	1	1.602	0.0	8.901
FA5_HUMAN	2153	F5	14.254	3031	7	1	1.845	0.0	7.725
GPX1_HUMAN	2876	GPX1	14.229	679	5	5	1.699	0.0	8.375
NOTC1_HUMAN	4851	NOTCH1	14.212	2179	4	15	1.602	0.204	7.868
DPOLB_HUMAN	5423	POLB	14.164	741	5	0	1.699	0.0	8.337
FAK1_HUMAN	5747	PTK2	14.151	2356	4	15	1.602	0.204	7.835
BRD7_HUMAN	29117	BRD7	14.141	43	3	7	1.477	0.0	9.573
E2F4_HUMAN	1874	E2F4	14.129	244	4	2	1.602	0.0	8.819
LYPD1_HUMAN	116372	LYPD1	14.084	47	3	2	1.477	0.0	9.535
PHB_HUMAN	5245	PHB	14.064	268	4	1	1.602	0.0	8.779
SC5A5_HUMAN	6528	SLC5A5	14.056	271	4	9	1.602	0.0	8.774
G6PD_HUMAN	2539	G6PD	14.034	3985	7	7	1.845	0.0	7.606
B2L11_HUMAN	10018	BCL2L11	14.032	365	3	13	1.477	0.146	8.644
WWP1_HUMAN	11059	WWP1	14.031	51	3	4	1.477	0.0	9.499
SLX4_HUMAN	84464	SLX4	14.019	52	3	2	1.477	0.0	9.491
RN5A_HUMAN	6041	RNASEL	13.911	334	4	2	1.602	0.0	8.683
TEBP_HUMAN	10728	PTGES3	13.902	338	4	3	1.602	0.0	8.678
MD2L1_HUMAN	4085	MAD2L1	13.864	357	4	1	1.602	0.0	8.654
EIF3E_HUMAN	3646	EIF3E	13.856	67	3	1	1.477	0.0	9.381
FANCM_HUMAN	57697	FANCM	13.856	67	3	7	1.477	0.0	9.381
DACH1_HUMAN	1602	DACH1	13.847	68	3	5	1.477	0.0	9.374
KLK3_HUMAN	354	KLK3	13.841	16765	8	11	1.903	0.079	6.982
E2F5_HUMAN	1875	E2F5	13.81	72	3	6	1.477	0.0	9.349
PLK4_HUMAN	10733	PLK4	13.797	132	3	10	1.477	0.041	9.086
VAV3_HUMAN	10451	VAV3	13.776	76	3	2	1.477	0.0	9.326
DPOG1_HUMAN	5428	POLG	13.746	423	4	4	1.602	0.0	8.58
MIB1_HUMAN	57534	MIB1	13.712	3128	6	1	1.778	0.0	7.711
FUMH_HUMAN	2271	FH	13.68	261	2	17	1.301	0.255	8.79
CP1B1_HUMAN	1545	CYP1B1	13.675	1437	5	1	1.699	0.0	8.049
RGSL_HUMAN	353299	RGSL1	13.671	5	2	0	1.301	0.0	10.508
NUMB_HUMAN	8650	NUMB	13.67	265	3	11	1.477	0.079	8.783
DIRA3_HUMAN	9077	DIRAS3	13.646	93	3	3	1.477	0.0	9.238
BAX_HUMAN	581	BAX	13.619	11225	8	8	1.903	0.0	7.156
ESR2_HUMAN	2100	ESR2	13.615	3549	6	1	1.778	0.0	7.657
DNA2_HUMAN	1763	DNA2	13.606	99	3	6	1.477	0.0	9.211
MPRI_HUMAN	3482	IGF2R	13.604	519	4	0	1.602	0.0	8.492
RA51B_HUMAN	5890	RAD51B	13.562	106	3	2	1.477	0.0	9.181
PTK6_HUMAN	5753	PTK6	13.533	111	3	2	1.477	0.0	9.161
MRE11_HUMAN	4361	MRE11	13.531	576	4	7	1.602	0.0	8.446
HXB13_HUMAN	10481	HOXB13	13.51	115	3	3	1.477	0.0	9.146
TOPB1_HUMAN	11073	TOPBP1	13.483	120	3	0	1.477	0.0	9.128
MIS_HUMAN	268	AMH	13.448	1957	5	5	1.699	0.0	7.915
DPOLL_HUMAN	27343	POLL	13.446	127	3	8	1.477	0.0	9.103
SYUG_HUMAN	6623	SNCG	13.441	128	3	1	1.477	0.0	9.1
COF1_HUMAN	1072	CFL1	13.428	668	4	4	1.602	0.0	8.382
FOXM1_HUMAN	2305	FOXM1	13.418	872	3	13	1.477	0.146	8.266
S2543_HUMAN	203427	SLC25A43	13.405	8	2	0	1.301	0.0	10.304
SHBG_HUMAN	6462	SHBG	13.401	4679	6	0	1.778	0.0	7.537
FANCG_HUMAN	2189	FANCG	13.393	138	3	4	1.477	0.0	9.067
ACE_HUMAN	1636	ACE	13.392	14773	8	2	1.903	0.0	7.037
FANCB_HUMAN	2187	FANCB	13.384	4785	6	3	1.778	0.0	7.527
TYSY_HUMAN	7298	TYMS	13.373	2165	5	1	1.699	0.0	7.871
EPAS1_HUMAN	2034	EPAS1	13.353	957	3	13	1.477	0.146	8.226
PAK1_HUMAN	5058	PAK1	13.343	430	3	11	1.477	0.079	8.573
SMAD3_HUMAN	4088	SMAD3	13.339	2266	5	6	1.699	0.0	7.851
MED12_HUMAN	9968	MED12	13.314	156	3	7	1.477	0.0	9.014
ANXA2_HUMAN	302	ANXA2	13.276	832	4	3	1.602	0.0	8.287
HIC1_HUMAN	3090	HIC1	13.27	167	3	1	1.477	0.0	8.984
YAP1_HUMAN	10413	YAP1	13.239	877	4	6	1.602	0.0	8.264
SLIT2_HUMAN	9353	SLIT2	13.233	177	3	5	1.477	0.0	8.959
K1C19_HUMAN	3880	KRT19	13.23	2627	5	0	1.699	0.0	7.787
PLK1_HUMAN	5347	PLK1	13.22	901	4	8	1.602	0.0	8.252
DMBT1_HUMAN	1755	DMBT1	13.219	181	3	1	1.477	0.0	8.949
CDN2C_HUMAN	1031	CDKN2C	13.191	189	3	1	1.477	0.0	8.93
PCY2_HUMAN	5833	PCYT2	13.176	12	2	0	1.301	0.0	10.128
RRP1B_HUMAN	23076	RRP1B	13.176	12	2	2	1.301	0.0	10.128
BABA1_HUMAN	29086	BABAM1	13.131	13	2	0	1.301	0.0	10.093
CYLD_HUMAN	1540	CYLD	13.127	209	3	1	1.477	0.0	8.887
EP300_HUMAN	2033	EP300	13.124	3033	5	7	1.699	0.0	7.725
A4FUW6_HUMAN	7258	LOC728395	13.124	210	3	6	1.477	0.0	8.885
ERCC2_HUMAN	2068	ERCC2	13.112	1053	4	7	1.602	0.0	8.184
ARL11_HUMAN	115761	ARL11	13.089	14	2	0	1.301	0.0	10.061
CEBPB_HUMAN	1051	CEBPB	13.083	1097	4	6	1.602	0.0	8.167
MTAP_HUMAN	4507	MTAP	13.082	224	3	6	1.477	0.0	8.856
DESM_HUMAN	1674	DES	13.048	3365	5	0	1.699	0.0	7.68
PRKDC_HUMAN	5591	PRKDC	13.018	1205	4	3	1.602	0.0	8.126
AICDA_HUMAN	57379	AICDA	12.978	3697	5	9	1.699	0.0	7.639
NCOA3_HUMAN	8202	NCOA3	12.953	274	3	9	1.477	0.0	8.769
SRY_HUMAN	6736	SRY	12.936	1355	4	0	1.602	0.0	8.075
TSC1_HUMAN	7248	TSC1	12.923	1381	4	1	1.602	0.0	8.067
TLK2_HUMAN	11011	TLK2	12.917	19	2	2	1.301	0.0	9.928
RAB31_HUMAN	11031	RAB31	12.917	19	2	1	1.301	0.0	9.928
HSP74_HUMAN	3308	HSPA4	12.903	4092	5	4	1.699	0.0	7.595
KAP0_HUMAN	5573	PRKAR1A	12.903	296	3	1	1.477	0.0	8.735
NDRG1_HUMAN	10397	NDRG1	12.89	302	3	3	1.477	0.0	8.727
RN115_HUMAN	27246	RNF115	12.888	20	2	2	1.301	0.0	9.906
E2F1_HUMAN	1869	E2F1	12.86	1512	4	8	1.602	0.0	8.027
FOS_HUMAN	2353	FOS	12.849	4405	5	0	1.699	0.0	7.563
SDC1_HUMAN	6382	SDC1	12.837	1376	3	12	1.477	0.114	8.068
CTLA4_HUMAN	1493	CTLA4	12.818	3826	3	15	1.477	0.204	7.624
PTPRT_HUMAN	11122	PTPRT	12.812	46	2	10	1.301	0.041	9.544
PGP_HUMAN	283871	PGP	12.792	1668	4	1	1.602	0.0	7.985
XRCC6_HUMAN	2547	XRCC6	12.791	607	3	10	1.477	0.041	8.424
KDM5B_HUMAN	10765	KDM5B	12.784	88	2	11	1.301	0.079	9.262
CADM1_HUMAN	23705	CADM1	12.781	358	3	8	1.477	0.0	8.653
ZN703_HUMAN	80139	ZNF703	12.762	25	2	1	1.301	0.0	9.809
MMP2_HUMAN	4313	MMP2	12.742	10989	6	4	1.778	0.0	7.166
MACD1_HUMAN	28992	MACROD1	12.739	26	2	0	1.301	0.0	9.792
DPOE4_HUMAN	56655	POLE4	12.682	418	3	0	1.477	0.0	8.586
YBOX1_HUMAN	4904	YBX1	12.676	422	3	2	1.477	0.0	8.581
JUN_HUMAN	3725	JUN	12.67	5610	5	1	1.699	0.0	7.458
CDK12_HUMAN	51755	CDK12	12.667	59	2	10	1.301	0.041	9.436
SPB5_HUMAN	5268	SERPINB5	12.662	431	3	1	1.477	0.0	8.572
NPRL2_HUMAN	10641	NPRL2	12.659	30	2	8	1.301	0.0	9.73
FSBP_HUMAN	25788	FSBP	12.64	31	2	1	1.301	0.0	9.715
KS6B1_HUMAN	6198	RPS6KB1	12.629	2108	4	9	1.602	0.0	7.883
FINC_HUMAN	2335	FN1	12.612	12999	6	1	1.778	0.0	7.093
MRP1_HUMAN	4363	ABCC1	12.606	2177	4	2	1.602	0.0	7.869
AHR_HUMAN	196	AHR	12.596	2209	4	3	1.602	0.0	7.863
HLAG_HUMAN	3135	HLA-G	12.584	2247	4	1	1.602	0.0	7.855
DDX11_HUMAN	1663	DDX11	12.571	35	2	6	1.301	0.0	9.663
CD82_HUMAN	3732	CD82	12.546	517	3	0	1.477	0.0	8.493
PMEPA_HUMAN	56937	PMEPA1	12.54	37	2	2	1.301	0.0	9.639
DAPK1_HUMAN	1612	DAPK1	12.539	522	3	9	1.477	0.0	8.489
SODM_HUMAN	6648	SOD2	12.535	2413	4	2	1.602	0.0	7.824
SAFB1_HUMAN	6294	SAFB	12.525	38	2	0	1.301	0.0	9.627
CREB1_HUMAN	1385	CREB1	12.52	2466	4	1	1.602	0.0	7.815
MET_HUMAN	4233	MET	12.511	2497	4	6	1.602	0.0	7.809
TACC1_HUMAN	6867	TACC1	12.51	39	2	1	1.301	0.0	9.616
MO4L1_HUMAN	10933	MORF4L1	12.496	40	2	0	1.301	0.0	9.605
AGRL2_HUMAN	23266	ADGRL2	12.496	40	2	0	1.301	0.0	9.605
PREX1_HUMAN	57580	PREX1	12.496	40	2	3	1.301	0.0	9.605
NFL_HUMAN	4747	NEFL	12.49	564	3	0	1.477	0.0	8.455
WAP53_HUMAN	55135	WRAP53	12.482	41	2	1	1.301	0.0	9.594
JAK2_HUMAN	3717	JAK2	12.459	4222	4	10	1.602	0.041	7.581
CASP_HUMAN	1523	CUX1	12.434	615	3	1	1.477	0.0	8.418
RUNX3_HUMAN	864	RUNX3	12.429	620	3	4	1.477	0.0	8.414
TNR6_HUMAN	355	FAS	12.414	2871	4	0	1.602	0.0	7.749
COX8A_HUMAN	1351	COX8A	12.409	7998	5	0	1.699	0.0	7.304
KCMB2_HUMAN	10242	KCNMB2	12.398	8108	5	2	1.699	0.0	7.298
GNRHR_HUMAN	2798	GNRHR	12.392	657	3	0	1.477	0.0	8.389
TBB3_HUMAN	10381	TUBB3	12.392	657	3	3	1.477	0.0	8.389
HS90A_HUMAN	3320	HSP90AA1	12.386	2989	4	6	1.602	0.0	7.731
DNJB6_HUMAN	10049	DNAJB6	12.37	50	2	2	1.301	0.0	9.508
TRI25_HUMAN	7706	TRIM25	12.348	52	2	0	1.301	0.0	9.491
VGFR1_HUMAN	2321	FLT1	12.336	2839	3	12	1.477	0.114	7.754
GELS_HUMAN	2934	GSN	12.331	722	3	2	1.477	0.0	8.348
HBEGF_HUMAN	1839	HBEGF	12.33	724	3	3	1.477	0.0	8.347
GCR_HUMAN	2908	NR3C1	12.327	3252	4	3	1.602	0.0	7.695
CEAM3_HUMAN	1084	CEACAM3	12.317	9052	5	0	1.699	0.0	7.25
CHD5_HUMAN	26038	CHD5	12.316	55	2	4	1.301	0.0	9.466
RBM5_HUMAN	10181	RBM5	12.306	56	2	1	1.301	0.0	9.459
HXB7_HUMAN	3217	HOXB7	12.298	111	2	10	1.301	0.041	9.161
NEK8_HUMAN	284086	NEK8	12.296	57	2	4	1.301	0.0	9.451
ETS1_HUMAN	2113	ETS1	12.271	793	3	2	1.477	0.0	8.307
SSA27_HUMAN	10534	SSSCA1	12.27	794	3	5	1.477	0.0	8.307
NFKB1_HUMAN	4790	NFKB1	12.267	9691	5	5	1.699	0.0	7.22
CASR_HUMAN	846	CASR	12.25	820	3	3	1.477	0.0	8.293
FRK_HUMAN	2444	FRK	12.248	62	2	1	1.301	0.0	9.414
GEN_HUMAN	348654	GEN1	12.23	64	2	6	1.301	0.0	9.401
IKKB_HUMAN	3551	IKBKB	12.228	848	3	8	1.477	0.0	8.278
AL1A1_HUMAN	216	ALDH1A1	12.225	852	3	5	1.477	0.0	8.276
LEPR_HUMAN	3953	LEPR	12.225	852	3	1	1.477	0.0	8.276
IRF1_HUMAN	3659	IRF1	12.221	857	3	3	1.477	0.0	8.274
E2F3_HUMAN	1871	E2F3	12.218	226	2	11	1.301	0.079	8.853
EWS_HUMAN	2130	EWSR1	12.218	862	3	0	1.477	0.0	8.271
PHF6_HUMAN	84295	PHF6	12.213	66	2	1	1.301	0.0	9.387
ZFHX3_HUMAN	463	ZFHX3	12.205	67	2	2	1.301	0.0	9.381
S10AA_HUMAN	6281	S100A10	12.205	879	3	0	1.477	0.0	8.263
TGFR1_HUMAN	7046	TGFBR1	12.191	898	3	2	1.477	0.0	8.253
ERAL1_HUMAN	26284	ERAL1	12.186	3986	4	8	1.602	0.0	7.606
RASF7_HUMAN	8045	RASSF7	12.148	74	2	0	1.301	0.0	9.338
TWST1_HUMAN	7291	TWIST1	12.147	962	3	7	1.477	0.0	8.224
HS105_HUMAN	10808	HSPH1	12.141	75	2	3	1.301	0.0	9.332
CDX2_HUMAN	1045	CDX2	12.131	987	3	0	1.477	0.0	8.212
CXCR2_HUMAN	3579	CXCR2	12.126	995	1	29	1.0	0.477	8.209
AAKG2_HUMAN	51422	PRKAG2	12.119	78	2	0	1.301	0.0	9.315
4EBP1_HUMAN	1978	EIF4EBP1	12.105	1027	3	8	1.477	0.0	8.195
PTPRA_HUMAN	5786	PTPRA	12.104	80	2	2	1.301	0.0	9.304
PSF2_HUMAN	51659	GINS2	12.104	80	2	1	1.301	0.0	9.304
CEBPA_HUMAN	1050	CEBPA	12.102	1727	3	10	1.477	0.041	7.969
BLM_HUMAN	641	BLM	12.09	82	2	1	1.301	0.0	9.293
P73_HUMAN	7161	TP73	12.085	1060	3	0	1.477	0.0	8.181
MD1L1_HUMAN	8379	MAD1L1	12.084	83	2	0	1.301	0.0	9.288
MYB_HUMAN	4602	MYB	12.074	1079	2	14	1.301	0.176	8.174
PTHR_HUMAN	5744	PTHLH	12.062	1835	3	10	1.477	0.041	7.943
DMPK_HUMAN	1760	DMPK	12.047	1125	3	2	1.477	0.0	8.156
CASPE_HUMAN	23581	CASP14	12.038	90	2	0	1.301	0.0	9.252
MIEN1_HUMAN	84299	MIEN1	12.038	90	2	3	1.301	0.0	9.252
IBP3_HUMAN	3486	IGFBP3	12.028	4998	4	4	1.602	0.0	7.508
LSP1_HUMAN	4046	LSP1	12.013	94	2	1	1.301	0.0	9.234
PDPK1_HUMAN	5170	PDPK1	11.995	97	2	4	1.301	0.0	9.22
UBR5_HUMAN	51366	UBR5	11.99	98	2	1	1.301	0.0	9.216
1A01_HUMAN	3105	HLA-A	11.981	5350	4	0	1.602	0.0	7.478
NU3M_HUMAN	4537	MT-ND3	11.978	100	2	0	1.301	0.0	9.207
ING4_HUMAN	51147	ING4	11.978	100	2	3	1.301	0.0	9.207
DDX5_HUMAN	1655	DDX5	11.945	106	2	3	1.301	0.0	9.181
AKP13_HUMAN	11214	AKAP13	11.945	106	2	2	1.301	0.0	9.181
EPHA3_HUMAN	2042	EPHA3	11.93	109	2	6	1.301	0.0	9.169
NPM_HUMAN	4869	NPM1	11.929	1351	3	1	1.477	0.0	8.076
TBX2_HUMAN	6909	TBX2	11.914	112	2	2	1.301	0.0	9.158
GPNMB_HUMAN	10457	GPNMB	11.914	112	2	3	1.301	0.0	9.158
EGR1_HUMAN	1958	EGR1	11.905	1404	3	0	1.477	0.0	8.059
LASP1_HUMAN	3927	LASP1	11.904	114	2	2	1.301	0.0	9.15
IFNG_HUMAN	3458	IFNG	11.86	34431	6	3	1.778	0.0	6.67
EPCAM_HUMAN	4072	EPCAM	11.858	1509	3	2	1.477	0.0	8.028
NEUL1_HUMAN	9148	NEURL1	11.848	126	2	0	1.301	0.0	9.106
PDC6I_HUMAN	10015	PDCD6IP	11.834	129	2	0	1.301	0.0	9.096
HRSL4_HUMAN	5920	RARRES3	11.821	132	2	2	1.301	0.0	9.086
CXL13_HUMAN	10563	CXCL13	11.814	570	1	24	1.0	0.398	8.451
NEK2_HUMAN	4751	NEK2	11.796	138	2	8	1.301	0.0	9.067
PRDM2_HUMAN	7799	PRDM2	11.796	138	2	1	1.301	0.0	9.067
PK3CD_HUMAN	5293	PIK3CD	11.794	6997	4	0	1.602	0.0	7.362
XPO2_HUMAN	1434	CSE1L	11.78	142	2	1	1.301	0.0	9.054
STAT3_HUMAN	6774	STAT3	11.774	7199	4	2	1.602	0.0	7.349
KLF5_HUMAN	688	KLF5	11.757	148	2	2	1.301	0.0	9.036
MMP14_HUMAN	4323	MMP14	11.752	1781	3	3	1.477	0.0	7.956
TDT_HUMAN	1791	DNTT	11.75	1787	3	1	1.477	0.0	7.955
S14L2_HUMAN	23541	SEC14L2	11.745	151	2	0	1.301	0.0	9.028
PAXI1_HUMAN	22976	PAXIP1	11.733	29	1	15	1.0	0.204	9.744
RARA_HUMAN	5914	RARA	11.73	1844	3	1	1.477	0.0	7.941
PRL_HUMAN	5617	PRL	11.72	7779	4	5	1.602	0.0	7.316
HSPB1_HUMAN	3315	HSPB1	11.717	1880	3	3	1.477	0.0	7.933
KIN17_HUMAN	22944	KIN	11.709	161	2	0	1.301	0.0	9.0
TAAR1_HUMAN	134864	TAAR1	11.706	162	2	0	1.301	0.0	8.997
AK1BA_HUMAN	57016	AKR1B10	11.702	163	2	1	1.301	0.0	8.995
GON1_HUMAN	2796	GNRH1	11.699	8020	4	0	1.602	0.0	7.303
SDHL_HUMAN	10993	SDS	11.695	165	2	2	1.301	0.0	8.989
FLCN_HUMAN	201163	FLCN	11.688	167	2	0	1.301	0.0	8.984
PLAL1_HUMAN	5325	PLAGL1	11.682	169	2	0	1.301	0.0	8.979
GAB1_HUMAN	2549	GAB1	11.652	178	2	3	1.301	0.0	8.956
PI3R5_HUMAN	23533	PIK3R5	11.65	34	1	15	1.0	0.204	9.675
NU5M_HUMAN	4540	MT-ND5	11.649	179	2	2	1.301	0.0	8.954
VEGFA_HUMAN	7422	VEGFA	11.646	32733	5	10	1.699	0.041	6.692
KAT5_HUMAN	10524	KAT5	11.628	186	2	2	1.301	0.0	8.937
NHRF1_HUMAN	9368	SLC9A3R1	11.619	189	2	3	1.301	0.0	8.93
MALT1_HUMAN	10892	MALT1	11.595	197	2	4	1.301	0.0	8.912
VHL_HUMAN	7428	VHL	11.594	2280	3	1	1.477	0.0	7.849
MYBB_HUMAN	4605	MYBL2	11.592	198	2	5	1.301	0.0	8.91
WT1_HUMAN	7490	WT1	11.589	2295	3	0	1.477	0.0	7.846
RUNX1_HUMAN	861	RUNX1	11.587	2302	3	1	1.477	0.0	7.845
ADA12_HUMAN	8038	ADAM12	11.587	200	2	1	1.301	0.0	8.906
XCT_HUMAN	23657	SLC7A11	11.578	203	2	1	1.301	0.0	8.899
SDHA_HUMAN	6389	SDHA	11.567	207	2	1	1.301	0.0	8.891
1433S_HUMAN	2810	SFN	11.556	211	2	1	1.301	0.0	8.882
BCL10_HUMAN	8915	BCL10	11.525	223	2	0	1.301	0.0	8.858
MGMT_HUMAN	4255	MGMT	11.509	2601	3	0	1.477	0.0	7.792
CSF1_HUMAN	1435	CSF1	11.505	2616	3	0	1.477	0.0	7.789
MCL1_HUMAN	4170	MCL1	11.493	2669	1	29	1.0	0.477	7.78
APOE_HUMAN	348	APOE	11.487	10879	4	1	1.602	0.0	7.17
RAD52_HUMAN	5893	RAD52	11.467	247	2	3	1.301	0.0	8.814
CSK22_HUMAN	1459	CSNK2A2	11.456	252	2	5	1.301	0.0	8.805
NCOA2_HUMAN	10499	NCOA2	11.456	252	2	2	1.301	0.0	8.805
LBR_HUMAN	3930	LBR	11.454	253	2	3	1.301	0.0	8.804
GSK3B_HUMAN	2932	GSK3B	11.453	2838	3	6	1.477	0.0	7.754
ATP6_HUMAN	4508	MT-ATP6	11.445	257	2	0	1.301	0.0	8.797
TWSG1_HUMAN	57045	TWSG1	11.445	257	2	0	1.301	0.0	8.797
LYRIC_HUMAN	92140	MTDH	11.445	257	2	5	1.301	0.0	8.797
SIX1_HUMAN	6495	SIX1	11.423	267	2	5	1.301	0.0	8.78
ING1_HUMAN	3621	ING1	11.411	273	2	1	1.301	0.0	8.771
RON_HUMAN	4486	MST1R	11.398	279	2	1	1.301	0.0	8.761
BIRC5_HUMAN	332	BIRC5	11.383	287	2	1	1.301	0.0	8.749
SDCB1_HUMAN	6386	SDCBP	11.381	288	2	3	1.301	0.0	8.747
SFRP1_HUMAN	6422	SFRP1	11.377	539	2	10	1.301	0.041	8.475
PB1_HUMAN	55193	PBRM1	11.373	292	2	3	1.301	0.0	8.741
BNIP3_HUMAN	664	BNIP3	11.365	296	2	3	1.301	0.0	8.735
RAD21_HUMAN	5885	RAD21	11.363	297	2	4	1.301	0.0	8.734
IRF9_HUMAN	10379	IRF9	11.356	301	2	1	1.301	0.0	8.728
ETS2_HUMAN	2114	ETS2	11.352	303	2	4	1.301	0.0	8.725
UD14_HUMAN	54657	UGT1A4	11.341	309	2	2	1.301	0.0	8.717
HPTR_HUMAN	3250	HPR	11.325	318	2	2	1.301	0.0	8.704
NDC80_HUMAN	10403	NDC80	11.317	322	2	2	1.301	0.0	8.699
CEBPD_HUMAN	1052	CEBPD	11.299	333	2	0	1.301	0.0	8.684
SIR3_HUMAN	23410	SIRT3	11.297	334	2	1	1.301	0.0	8.683
CENPA_HUMAN	1058	CENPA	11.28	344	2	0	1.301	0.0	8.67
OSTP_HUMAN	6696	SPP1	11.279	3725	3	1	1.477	0.0	7.636
THRB_HUMAN	2147	F2	11.278	14673	4	0	1.602	0.0	7.04
PERL_HUMAN	4025	LPO	11.272	349	2	0	1.301	0.0	8.664
DNAS1_HUMAN	1773	DNASE1	11.261	356	2	2	1.301	0.0	8.655
PRAP1_HUMAN	118471	PRAP1	11.254	360	2	1	1.301	0.0	8.65
HDAC6_HUMAN	10013	HDAC6	11.227	378	2	2	1.301	0.0	8.629
PTTG1_HUMAN	9232	PTTG1	11.222	381	2	1	1.301	0.0	8.626
DMAC1_HUMAN	90871	DMAC1	11.207	1	1	4	1.0	0.0	11.207
ARHL1_HUMAN	113622	ADPRHL1	11.207	1	1	0	1.0	0.0	11.207
SMYD4_HUMAN	114826	SMYD4	11.207	1	1	1	1.0	0.0	11.207
MROH8_HUMAN	140699	MROH8	11.207	1	1	1	1.0	0.0	11.207
C19L2_HUMAN	143884	CWF19L2	11.207	1	1	3	1.0	0.0	11.207
XPF_HUMAN	2072	ERCC4	11.202	395	2	2	1.301	0.0	8.61
MP2K4_HUMAN	6416	MAP2K4	11.199	397	2	4	1.301	0.0	8.608
TF65_HUMAN	5970	RELA	11.181	4340	3	2	1.477	0.0	7.569
SRC_HUMAN	6714	SRC	11.175	4377	3	3	1.477	0.0	7.565
KGP1_HUMAN	5592	PRKG1	11.163	423	2	2	1.301	0.0	8.58
CFTR_HUMAN	1080	CFTR	11.151	4546	3	0	1.477	0.0	7.549
MUC16_HUMAN	94025	MUC16	11.142	4611	3	0	1.477	0.0	7.543
IL24_HUMAN	11009	IL24	11.14	441	2	5	1.301	0.0	8.562
FLNA_HUMAN	2316	FLNA	11.133	446	2	8	1.301	0.0	8.557
CBX5_HUMAN	23468	CBX5	11.132	447	2	1	1.301	0.0	8.556
TNF10_HUMAN	8743	TNFSF10	11.112	4830	3	8	1.477	0.0	7.523
WFDC2_HUMAN	10406	WFDC2	11.107	467	2	0	1.301	0.0	8.537
FEZF2_HUMAN	55079	FEZF2	11.093	479	2	1	1.301	0.0	8.526
CASP3_HUMAN	836	CASP3	11.087	19304	4	2	1.602	0.0	6.921
CEAM5_HUMAN	1048	CEACAM5	11.08	490	2	1	1.301	0.0	8.517
ATF2_HUMAN	1386	ATF2	11.053	514	2	2	1.301	0.0	8.496
FABPH_HUMAN	2170	FABP3	11.047	520	2	0	1.301	0.0	8.491
PPARG_HUMAN	5468	PPARG	11.045	5362	3	4	1.477	0.0	7.477
SOMA_HUMAN	2688	GH1	11.041	20651	4	1	1.602	0.0	6.892
S10A4_HUMAN	6275	S100A4	11.03	536	2	2	1.301	0.0	8.478
ANXA1_HUMAN	301	ANXA1	11.004	561	2	1	1.301	0.0	8.458
TF7L2_HUMAN	6934	TCF7L2	10.991	574	2	2	1.301	0.0	8.448
XPO1_HUMAN	7514	XPO1	10.977	588	2	4	1.301	0.0	8.437
IKKA_HUMAN	1147	CHUK	10.975	590	2	2	1.301	0.0	8.436
AKT2_HUMAN	208	AKT2	10.933	636	2	3	1.301	0.0	8.403
FILA_HUMAN	2312	FLG	10.931	638	2	0	1.301	0.0	8.402
ATP7B_HUMAN	540	ATP7B	10.925	645	2	0	1.301	0.0	8.397
LEG4_HUMAN	3960	LGALS4	10.922	648	2	0	1.301	0.0	8.395
HES1_HUMAN	3280	HES1	10.912	660	2	1	1.301	0.0	8.387
TYW2_HUMAN	55039	TRMT12	10.906	2	1	0	1.0	0.0	10.906
SCYL2_HUMAN	55681	SCYL2	10.906	2	1	0	1.0	0.0	10.906
CA064_HUMAN	149563	C1orf64	10.906	2	1	0	1.0	0.0	10.906
FAP20_HUMAN	199990	FAAP20	10.906	2	1	3	1.0	0.0	10.906
CYC_HUMAN	54205	CYCS	10.899	6736	3	3	1.477	0.0	7.378
COX2_HUMAN	4513	MT-CO2	10.865	7092	3	2	1.477	0.0	7.356
SO1B1_HUMAN	10599	SLCO1B1	10.835	756	2	2	1.301	0.0	8.328
ADRB3_HUMAN	155	ADRB3	10.83	763	2	0	1.301	0.0	8.324
PAEP_HUMAN	5047	PAEP	10.81	791	2	0	1.301	0.0	8.309
DNM3B_HUMAN	1789	DNMT3B	10.785	826	2	1	1.301	0.0	8.29
CATL1_HUMAN	1514	CTSL	10.776	839	2	5	1.301	0.0	8.283
PGH2_HUMAN	5743	PTGS2	10.763	8324	3	0	1.477	0.0	7.286
MK14_HUMAN	1432	MAPK14	10.753	8447	3	0	1.477	0.0	7.28
LRRK2_HUMAN	120892	LRRK2	10.752	876	2	4	1.301	0.0	8.264
IFI44_HUMAN	10561	IFI44	10.735	902	2	3	1.301	0.0	8.252
CSTF1_HUMAN	1477	CSTF1	10.73	3	1	0	1.0	0.0	10.73
RHNO1_HUMAN	83695	RHNO1	10.73	3	1	0	1.0	0.0	10.73
I27L1_HUMAN	122509	IFI27L1	10.73	3	1	0	1.0	0.0	10.73
C170B_HUMAN	283638	CEP170B	10.73	3	1	0	1.0	0.0	10.73
MASTR_HUMAN	284358	MAMSTR	10.73	3	1	1	1.0	0.0	10.73
FBX47_HUMAN	494188	FBXO47	10.73	3	1	0	1.0	0.0	10.73
NF2L2_HUMAN	4780	NFE2L2	10.722	2742	2	11	1.301	0.079	7.769
RARB_HUMAN	5915	RARB	10.72	927	2	0	1.301	0.0	8.24
BMI1_HUMAN	648	BMI1	10.715	935	2	2	1.301	0.0	8.236
CD4_HUMAN	920	CD4	10.693	54739	3	14	1.477	0.176	6.468
K1C10_HUMAN	3858	KRT10	10.686	984	2	1	1.301	0.0	8.214
FOLH1_HUMAN	2346	FOLH1	10.685	986	2	0	1.301	0.0	8.213
NCPR_HUMAN	5447	POR	10.667	1019	2	1	1.301	0.0	8.199
SNAI2_HUMAN	6591	SNAI2	10.663	1025	2	6	1.301	0.0	8.196
KSYK_HUMAN	6850	SYK	10.655	1040	2	1	1.301	0.0	8.19
STS_HUMAN	412	STS	10.651	1048	2	0	1.301	0.0	8.186
TGFR2_HUMAN	7048	TGFBR2	10.632	1083	2	0	1.301	0.0	8.172
VIME_HUMAN	7431	VIM	10.628	10272	3	3	1.477	0.0	7.195
K2C8_HUMAN	3856	KRT8	10.622	1102	2	0	1.301	0.0	8.165
SH3Y1_HUMAN	26751	SH3YL1	10.605	4	1	0	1.0	0.0	10.605
MYNN_HUMAN	55892	MYNN	10.605	4	1	3	1.0	0.0	10.605
CASC4_HUMAN	113201	CASC4	10.605	4	1	5	1.0	0.0	10.605
NAMPT_HUMAN	10135	NAMPT	10.602	1143	2	2	1.301	0.0	8.149
ARY2_HUMAN	10	NAT2	10.599	1148	2	0	1.301	0.0	8.147
PTN11_HUMAN	5781	PTPN11	10.598	1150	2	9	1.301	0.0	8.146
K1C14_HUMAN	3861	KRT14	10.574	1200	2	1	1.301	0.0	8.128
FAK2_HUMAN	2185	PTK2B	10.569	1212	2	0	1.301	0.0	8.123
SON_HUMAN	6651	SON	10.546	1262	2	0	1.301	0.0	8.106
B3GN2_HUMAN	10678	B3GNT2	10.541	1273	2	3	1.301	0.0	8.102
ALEX_HUMAN	2778	GNAS	10.537	1281	2	0	1.301	0.0	8.099
LMNA_HUMAN	4000	LMNA	10.526	1307	2	2	1.301	0.0	8.09
FGFR3_HUMAN	2261	FGFR3	10.525	1310	2	3	1.301	0.0	8.089
PSB3_HUMAN	5691	PSMB3	10.508	5	1	1	1.0	0.0	10.508
TYB4Y_HUMAN	9087	TMSB4Y	10.508	5	1	0	1.0	0.0	10.508
KIF12_HUMAN	113220	KIF12	10.508	5	1	1	1.0	0.0	10.508
S11IP_HUMAN	114790	STK11IP	10.508	5	1	1	1.0	0.0	10.508
K2C5_HUMAN	3852	KRT5	10.475	1430	2	0	1.301	0.0	8.051
ITB3_HUMAN	3690	ITGB3	10.46	1468	2	1	1.301	0.0	8.04
CTGF_HUMAN	1490	CTGF	10.43	1548	2	1	1.301	0.0	8.017
UPAR_HUMAN	5329	PLAUR	10.43	1549	2	0	1.301	0.0	8.017
PARVG_HUMAN	64098	PARVG	10.429	6	1	0	1.0	0.0	10.429
RDM1_HUMAN	201299	RDM1	10.429	6	1	1	1.0	0.0	10.429
HID1_HUMAN	283987	HID1	10.429	6	1	0	1.0	0.0	10.429
DYH8_HUMAN	1769	DNAH8	10.411	1603	2	0	1.301	0.0	8.002
ERCC1_HUMAN	2067	ERCC1	10.392	1656	2	3	1.301	0.0	7.988
CSF2_HUMAN	1437	CSF2	10.386	14987	3	0	1.477	0.0	7.031
PSN1_HUMAN	5663	PSEN1	10.384	1680	2	1	1.301	0.0	7.981
CADH2_HUMAN	1000	CDH2	10.382	1685	2	3	1.301	0.0	7.98
IL6_HUMAN	3569	IL6	10.376	53611	4	5	1.602	0.0	6.476
FES_HUMAN	2242	FES	10.362	7	1	3	1.0	0.0	10.362
PTN18_HUMAN	26469	PTPN18	10.362	7	1	1	1.0	0.0	10.362
NDUF4_HUMAN	29078	NDUFAF4	10.362	7	1	3	1.0	0.0	10.362
ECHD1_HUMAN	55862	ECHDC1	10.362	7	1	0	1.0	0.0	10.362
RAB6C_HUMAN	84084	RAB6C	10.362	7	1	2	1.0	0.0	10.362
FBSP1_HUMAN	200933	FBXO45	10.362	7	1	3	1.0	0.0	10.362
HMGB1_HUMAN	3146	HMGB1	10.342	1811	2	2	1.301	0.0	7.949
CR2_HUMAN	1380	CR2	10.34	1815	2	3	1.301	0.0	7.948
THIO_HUMAN	7295	TXN	10.328	1854	2	0	1.301	0.0	7.939
SMAD2_HUMAN	4087	SMAD2	10.311	1913	2	2	1.301	0.0	7.925
INP4A_HUMAN	3631	INPP4A	10.304	8	1	2	1.0	0.0	10.304
CNNM3_HUMAN	26505	CNNM3	10.304	8	1	1	1.0	0.0	10.304
INT12_HUMAN	57117	INTS12	10.304	8	1	0	1.0	0.0	10.304
RB40A_HUMAN	142684	RAB40A	10.304	8	1	0	1.0	0.0	10.304
ANO9_HUMAN	338440	ANO9	10.304	8	1	0	1.0	0.0	10.304
BLID_HUMAN	414899	BLID	10.304	8	1	0	1.0	0.0	10.304
ZHX2_HUMAN	22882	ZHX2	10.298	1955	2	9	1.301	0.0	7.916
RIR1_HUMAN	6240	RRM1	10.293	1974	2	0	1.301	0.0	7.911
CCNB1_HUMAN	891	CCNB1	10.291	1980	2	1	1.301	0.0	7.91
SNAI1_HUMAN	6615	SNAI1	10.278	2026	2	5	1.301	0.0	7.9
CATB_HUMAN	1508	CTSB	10.259	2098	2	0	1.301	0.0	7.885
TTHY_HUMAN	7276	TTR	10.259	2098	2	1	1.301	0.0	7.885
CDK6_HUMAN	1021	CDK6	10.257	1532	1	18	1.0	0.279	8.021
NPAS1_HUMAN	4861	NPAS1	10.252	9	1	2	1.0	0.0	10.252
BARX2_HUMAN	8538	BARX2	10.252	9	1	0	1.0	0.0	10.252
SC65_HUMAN	10609	P3H4	10.252	9	1	0	1.0	0.0	10.252
HACD3_HUMAN	51495	HACD3	10.252	9	1	0	1.0	0.0	10.252
TRI62_HUMAN	55223	TRIM62	10.252	9	1	1	1.0	0.0	10.252
HMDH_HUMAN	3156	HMGCR	10.222	2238	2	2	1.301	0.0	7.857
EXTL1_HUMAN	2134	EXTL1	10.207	10	1	0	1.0	0.0	10.207
PFD4_HUMAN	5203	PFDN4	10.207	10	1	1	1.0	0.0	10.207
PSMD6_HUMAN	9861	PSMD6	10.207	10	1	0	1.0	0.0	10.207
PDS5A_HUMAN	23244	PDS5A	10.207	10	1	0	1.0	0.0	10.207
MIIP_HUMAN	60672	MIIP	10.207	10	1	0	1.0	0.0	10.207
RHG10_HUMAN	79658	ARHGAP10	10.207	10	1	4	1.0	0.0	10.207
MCMBP_HUMAN	79892	MCMBP	10.207	10	1	0	1.0	0.0	10.207
FRYL_HUMAN	285527	FRYL	10.207	10	1	0	1.0	0.0	10.207
U17L2_HUMAN	377630	USP17L2	10.207	10	1	0	1.0	0.0	10.207
DRD2_HUMAN	1813	DRD2	10.204	2309	2	0	1.301	0.0	7.843
RHOA_HUMAN	387	RHOA	10.193	2356	2	0	1.301	0.0	7.835
BGAL_HUMAN	2720	GLB1	10.17	2455	2	0	1.301	0.0	7.817
VMA5A_HUMAN	4013	VWA5A	10.165	11	1	0	1.0	0.0	10.165
NTM1A_HUMAN	28989	NTMT1	10.165	11	1	1	1.0	0.0	10.165
VOPP1_HUMAN	81552	VOPP1	10.165	11	1	0	1.0	0.0	10.165
MYLK2_HUMAN	85366	MYLK2	10.165	11	1	0	1.0	0.0	10.165
SNAI3_HUMAN	333929	SNAI3	10.165	11	1	0	1.0	0.0	10.165
MK01_HUMAN	5594	MAPK1	10.153	21517	3	1	1.477	0.0	6.874
RASN_HUMAN	4893	NRAS	10.149	2546	2	0	1.301	0.0	7.801
TNFA_HUMAN	7124	TNF	10.134	75731	4	2	1.602	0.0	6.326
DUS8_HUMAN	1850	DUSP8	10.128	12	1	0	1.0	0.0	10.128
GRID1_HUMAN	2894	GRID1	10.128	12	1	1	1.0	0.0	10.128
COX1_HUMAN	4512	MT-CO1	10.104	2758	2	4	1.301	0.0	7.766
TR11B_HUMAN	4982	TNFRSF11B	10.102	2767	2	2	1.301	0.0	7.765
ADRB2_HUMAN	154	ADRB2	10.098	2787	2	3	1.301	0.0	7.762
HM20B_HUMAN	10362	HMG20B	10.093	13	1	0	1.0	0.0	10.093
DDHD2_HUMAN	23259	DDHD2	10.093	13	1	3	1.0	0.0	10.093
GLT13_HUMAN	114805	GALNT13	10.093	13	1	1	1.0	0.0	10.093
NEK3_HUMAN	4752	NEK3	10.061	14	1	0	1.0	0.0	10.061
QCR1_HUMAN	7384	UQCRC1	10.061	14	1	2	1.0	0.0	10.061
EGFL6_HUMAN	25975	EGFL6	10.061	14	1	0	1.0	0.0	10.061
CHIC2_HUMAN	26511	CHIC2	10.061	14	1	0	1.0	0.0	10.061
UB2Q1_HUMAN	55585	UBE2Q1	10.061	14	1	0	1.0	0.0	10.061
INSR_HUMAN	3643	INSR	10.049	3040	2	0	1.301	0.0	7.724
GSTK1_HUMAN	373156	GSTK1	10.042	3077	2	1	1.301	0.0	7.719
IKBA_HUMAN	4792	NFKBIA	10.036	3112	2	0	1.301	0.0	7.714
GAS8_HUMAN	2622	GAS8	10.031	15	1	0	1.0	0.0	10.031
PPM1E_HUMAN	22843	PPM1E	10.031	15	1	0	1.0	0.0	10.031
RINT1_HUMAN	60561	RINT1	10.031	15	1	0	1.0	0.0	10.031
BUD23_HUMAN	114049	BUD23	10.031	15	1	2	1.0	0.0	10.031
FOXR2_HUMAN	139628	FOXR2	10.031	15	1	0	1.0	0.0	10.031
BRAT1_HUMAN	221927	BRAT1	10.031	15	1	0	1.0	0.0	10.031
FDSCP_HUMAN	260436	FDCSP	10.031	15	1	0	1.0	0.0	10.031
FOXL2_HUMAN	668	FOXL2	10.004	301	1	13	1.0	0.146	8.728
MED24_HUMAN	9862	MED24	10.003	16	1	1	1.0	0.0	10.003
IFI27_HUMAN	3429	IFI27	9.999	3320	2	0	1.301	0.0	7.686
CMGA_HUMAN	1113	CHGA	9.977	3455	2	0	1.301	0.0	7.668
IL1B_HUMAN	3553	IL1B	9.977	28325	3	4	1.477	0.0	6.754
VINEX_HUMAN	10174	SORBS3	9.976	17	1	8	1.0	0.0	9.976
UBAP1_HUMAN	51271	UBAP1	9.976	17	1	0	1.0	0.0	9.976
HELQ_HUMAN	113510	HELQ	9.976	17	1	0	1.0	0.0	9.976
BRE1A_HUMAN	56254	RNF20	9.959	44	1	10	1.0	0.041	9.563
LTMD1_HUMAN	25875	LETMD1	9.951	18	1	1	1.0	0.0	9.951
NELFB_HUMAN	25920	NELFB	9.951	18	1	3	1.0	0.0	9.951
RND1_HUMAN	27289	RND1	9.951	18	1	3	1.0	0.0	9.951
OLA1_HUMAN	29789	OLA1	9.951	18	1	0	1.0	0.0	9.951
PARVA_HUMAN	55742	PARVA	9.951	18	1	0	1.0	0.0	9.951
CSMD3_HUMAN	114788	CSMD3	9.951	18	1	1	1.0	0.0	9.951
A0A1W2PPV0_HUMAN	102723547	CSAG2	9.951	18	1	1	1.0	0.0	9.951
COX11_HUMAN	1353	COX11	9.928	19	1	0	1.0	0.0	9.928
RL39_HUMAN	6170	RPL39	9.928	19	1	4	1.0	0.0	9.928
UCRI_HUMAN	7386	UQCRFS1	9.928	19	1	0	1.0	0.0	9.928
EI24_HUMAN	9538	EI24	9.928	19	1	0	1.0	0.0	9.928
RCAN3_HUMAN	11123	RCAN3	9.928	19	1	0	1.0	0.0	9.928
RAB21_HUMAN	23011	RAB21	9.928	19	1	2	1.0	0.0	9.928
RHDF1_HUMAN	64285	RHBDF1	9.928	19	1	3	1.0	0.0	9.928
C1QT1_HUMAN	114897	C1QTNF1	9.928	19	1	0	1.0	0.0	9.928
CCR5_HUMAN	1234	CCR5	9.927	3774	2	1	1.301	0.0	7.63
GNAI2_HUMAN	2771	GNAI2	9.906	20	1	0	1.0	0.0	9.906
FAM3C_HUMAN	10447	FAM3C	9.906	20	1	0	1.0	0.0	9.906
RPP30_HUMAN	10556	RPP30	9.906	20	1	0	1.0	0.0	9.906
LARP1_HUMAN	23367	LARP1	9.906	20	1	0	1.0	0.0	9.906
BCORL_HUMAN	63035	BCORL1	9.906	20	1	0	1.0	0.0	9.906
PRIPO_HUMAN	201973	PRIMPOL	9.906	20	1	2	1.0	0.0	9.906
T2EB_HUMAN	2961	GTF2E2	9.885	21	1	0	1.0	0.0	9.885
NGAP_HUMAN	9462	RASAL2	9.885	21	1	4	1.0	0.0	9.885
MD13L_HUMAN	23389	MED13L	9.885	21	1	1	1.0	0.0	9.885
RIC8A_HUMAN	60626	RIC8A	9.885	21	1	0	1.0	0.0	9.885
ATAD5_HUMAN	79915	ATAD5	9.885	21	1	0	1.0	0.0	9.885
S1A7A_HUMAN	338324	S100A7A	9.885	21	1	0	1.0	0.0	9.885
TLR2_HUMAN	7097	TLR2	9.871	4167	2	2	1.301	0.0	7.587
VDR_HUMAN	7421	VDR	9.868	4185	2	0	1.301	0.0	7.585
ADA29_HUMAN	11086	ADAM29	9.864	22	1	0	1.0	0.0	9.864
RFIP1_HUMAN	80223	RAB11FIP1	9.864	22	1	1	1.0	0.0	9.864
HECA2_HUMAN	253012	HEPACAM2	9.864	22	1	1	1.0	0.0	9.864
CDC23_HUMAN	8697	CDC23	9.845	23	1	1	1.0	0.0	9.845
MMP21_HUMAN	118856	MMP21	9.845	23	1	0	1.0	0.0	9.845
ORAV1_HUMAN	220064	ORAOV1	9.845	23	1	2	1.0	0.0	9.845
TNFL6_HUMAN	356	FASLG	9.828	4494	2	1	1.301	0.0	7.554
AP2B1_HUMAN	163	AP2B1	9.827	24	1	0	1.0	0.0	9.827
NEP_HUMAN	4311	MME	9.823	4534	2	0	1.301	0.0	7.55
ZEP2_HUMAN	3097	HIVEP2	9.809	25	1	0	1.0	0.0	9.809
DCTN2_HUMAN	10540	DCTN2	9.809	25	1	0	1.0	0.0	9.809
BCCIP_HUMAN	56647	BCCIP	9.809	25	1	0	1.0	0.0	9.809
CHD3_HUMAN	1107	CHD3	9.792	26	1	0	1.0	0.0	9.792
SPF27_HUMAN	10286	BCAS2	9.792	26	1	0	1.0	0.0	9.792
YKT6_HUMAN	10652	YKT6	9.792	26	1	1	1.0	0.0	9.792
KLF12_HUMAN	11278	KLF12	9.792	26	1	0	1.0	0.0	9.792
TUSC2_HUMAN	11334	TUSC2	9.792	26	1	1	1.0	0.0	9.792
EXOS6_HUMAN	118460	EXOSC6	9.792	26	1	7	1.0	0.0	9.792
PTN12_HUMAN	5782	PTPN12	9.776	66	1	10	1.0	0.041	9.387
ZBT24_HUMAN	9841	ZBTB24	9.775	27	1	0	1.0	0.0	9.775
BIG1_HUMAN	10565	ARFGEF1	9.775	27	1	1	1.0	0.0	9.775
SASH1_HUMAN	23328	SASH1	9.775	27	1	2	1.0	0.0	9.775
ING3_HUMAN	54556	ING3	9.775	27	1	0	1.0	0.0	9.775
FMNL2_HUMAN	114793	FMNL2	9.775	27	1	0	1.0	0.0	9.775
PAPOA_HUMAN	10914	PAPOLA	9.76	28	1	0	1.0	0.0	9.76
TIM13_HUMAN	26517	TIMM13	9.76	28	1	0	1.0	0.0	9.76
GLTP_HUMAN	51228	GLTP	9.76	28	1	0	1.0	0.0	9.76
TIPIN_HUMAN	54962	TIPIN	9.76	28	1	0	1.0	0.0	9.76
SH3R1_HUMAN	57630	SH3RF1	9.76	28	1	1	1.0	0.0	9.76
ESCO1_HUMAN	114799	ESCO1	9.76	28	1	0	1.0	0.0	9.76
RASF6_HUMAN	166824	RASSF6	9.76	28	1	0	1.0	0.0	9.76
LAP4B_HUMAN	55353	LAPTM4B	9.756	69	1	10	1.0	0.041	9.368
PARP4_HUMAN	143	PARP4	9.744	29	1	0	1.0	0.0	9.744
ZFY26_HUMAN	23503	ZFYVE26	9.744	29	1	0	1.0	0.0	9.744
INT6_HUMAN	26512	INTS6	9.744	29	1	0	1.0	0.0	9.744
TSH3_HUMAN	57616	TSHZ3	9.744	29	1	4	1.0	0.0	9.744
PAR12_HUMAN	64761	PARP12	9.744	29	1	1	1.0	0.0	9.744
FOXP3_HUMAN	50943	FOXP3	9.743	5222	2	2	1.301	0.0	7.489
PECA1_HUMAN	5175	PECAM1	9.731	5336	2	1	1.301	0.0	7.479
BCAR3_HUMAN	8412	BCAR3	9.73	30	1	2	1.0	0.0	9.73
ST18_HUMAN	9705	ST18	9.73	30	1	1	1.0	0.0	9.73
NSD3_HUMAN	54904	NSD3	9.73	30	1	2	1.0	0.0	9.73
O13G1_HUMAN	441933	OR13G1	9.73	30	1	0	1.0	0.0	9.73
KIF22_HUMAN	3835	KIF22	9.715	31	1	1	1.0	0.0	9.715
FRAT1_HUMAN	10023	FRAT1	9.715	31	1	0	1.0	0.0	9.715
VAT1_HUMAN	10493	VAT1	9.715	31	1	2	1.0	0.0	9.715
MSRB3_HUMAN	253827	MSRB3	9.715	31	1	0	1.0	0.0	9.715
IFNB_HUMAN	3456	IFNB1	9.709	5545	2	1	1.301	0.0	7.463
APBP2_HUMAN	10513	APPBP2	9.702	32	1	2	1.0	0.0	9.702
ANO2_HUMAN	57101	ANO2	9.702	32	1	2	1.0	0.0	9.702
ST20_HUMAN	400410	ST20	9.702	32	1	0	1.0	0.0	9.702
CXXC5_HUMAN	51523	CXXC5	9.688	33	1	1	1.0	0.0	9.688
RPRM_HUMAN	56475	RPRM	9.688	33	1	1	1.0	0.0	9.688
NUP88_HUMAN	4927	NUP88	9.675	34	1	1	1.0	0.0	9.675
HJURP_HUMAN	55355	HJURP	9.675	34	1	2	1.0	0.0	9.675
PS1C2_HUMAN	170680	PSORS1C2	9.675	34	1	0	1.0	0.0	9.675
KIF14_HUMAN	9928	KIF14	9.663	35	1	3	1.0	0.0	9.663
ARFRP_HUMAN	10139	ARFRP1	9.663	35	1	3	1.0	0.0	9.663
CTDSL_HUMAN	10217	CTDSPL	9.663	35	1	1	1.0	0.0	9.663
AF1Q_HUMAN	10962	MLLT11	9.663	35	1	0	1.0	0.0	9.663
TM115_HUMAN	11070	TMEM115	9.663	35	1	1	1.0	0.0	9.663
NAF1_HUMAN	92345	NAF1	9.663	35	1	1	1.0	0.0	9.663
APLF_HUMAN	200558	APLF	9.663	35	1	0	1.0	0.0	9.663
UBR1_HUMAN	197131	UBR1	9.65	36	1	1	1.0	0.0	9.65
CD44_HUMAN	960	CD44	9.643	6231	2	4	1.301	0.0	7.412
GDS1_HUMAN	5910	RAP1GDS1	9.639	37	1	0	1.0	0.0	9.639
ZNT4_HUMAN	7782	SLC30A4	9.639	37	1	1	1.0	0.0	9.639
M3K2_HUMAN	10746	MAP3K2	9.639	37	1	1	1.0	0.0	9.639
RMI2_HUMAN	116028	RMI2	9.639	37	1	7	1.0	0.0	9.639
EXTL3_HUMAN	2137	EXTL3	9.627	38	1	0	1.0	0.0	9.627
STABP_HUMAN	10617	STAMBP	9.627	38	1	1	1.0	0.0	9.627
LOXL4_HUMAN	84171	LOXL4	9.627	38	1	1	1.0	0.0	9.627
VGFR2_HUMAN	3791	KDR	9.623	6464	2	1	1.301	0.0	7.396
CLAT_HUMAN	1103	CHAT	9.616	39	1	0	1.0	0.0	9.616
ELF5_HUMAN	2001	ELF5	9.616	39	1	1	1.0	0.0	9.616
NDUA3_HUMAN	4696	NDUFA3	9.616	39	1	0	1.0	0.0	9.616
SNUT1_HUMAN	9092	SART1	9.616	39	1	0	1.0	0.0	9.616
RNF41_HUMAN	10193	RNF41	9.616	39	1	0	1.0	0.0	9.616
RGS19_HUMAN	10287	RGS19	9.605	40	1	1	1.0	0.0	9.605
RRAS2_HUMAN	22800	RRAS2	9.605	40	1	0	1.0	0.0	9.605
ANR26_HUMAN	22852	ANKRD26	9.605	40	1	1	1.0	0.0	9.605
LUZP4_HUMAN	51213	LUZP4	9.605	40	1	0	1.0	0.0	9.605
BTG3_HUMAN	10950	BTG3	9.594	41	1	0	1.0	0.0	9.594
TSP50_HUMAN	29122	PRSS50	9.594	41	1	0	1.0	0.0	9.594
T2R14_HUMAN	50840	TAS2R14	9.594	41	1	0	1.0	0.0	9.594
PRD14_HUMAN	63978	PRDM14	9.594	41	1	2	1.0	0.0	9.594
SAT2_HUMAN	112483	SAT2	9.594	41	1	2	1.0	0.0	9.594
SPOP_HUMAN	8405	SPOP	9.583	42	1	0	1.0	0.0	9.583
CAVN3_HUMAN	112464	CAVIN3	9.583	42	1	1	1.0	0.0	9.583
LIN9_HUMAN	286826	LIN9	9.583	42	1	2	1.0	0.0	9.583
RASF2_HUMAN	9770	RASSF2	9.573	43	1	2	1.0	0.0	9.573
LZTS1_HUMAN	11178	LZTS1	9.573	43	1	0	1.0	0.0	9.573
DNMBP_HUMAN	23268	DNMBP	9.573	43	1	0	1.0	0.0	9.573
ARHGC_HUMAN	23365	ARHGEF12	9.573	43	1	1	1.0	0.0	9.573
UNC5B_HUMAN	219699	UNC5B	9.573	43	1	2	1.0	0.0	9.573
CBPD_HUMAN	1362	CPD	9.563	44	1	0	1.0	0.0	9.563
TES_HUMAN	26136	TES	9.563	44	1	1	1.0	0.0	9.563
FAT4_HUMAN	79633	FAT4	9.563	44	1	3	1.0	0.0	9.563
ANT3_HUMAN	462	SERPINC1	9.559	7231	2	0	1.301	0.0	7.347
FXYD3_HUMAN	5349	FXYD3	9.554	45	1	0	1.0	0.0	9.554
HES6_HUMAN	55502	HES6	9.554	45	1	0	1.0	0.0	9.554
CP3A4_HUMAN	1576	CYP3A4	9.549	7364	2	2	1.301	0.0	7.339
MNT_HUMAN	4335	MNT	9.544	46	1	0	1.0	0.0	9.544
2ABA_HUMAN	5520	PPP2R2A	9.544	46	1	0	1.0	0.0	9.544
KDM4C_HUMAN	23081	KDM4C	9.544	46	1	5	1.0	0.0	9.544
HBP1_HUMAN	26959	HBP1	9.544	46	1	1	1.0	0.0	9.544
PTN14_HUMAN	5784	PTPN14	9.535	47	1	0	1.0	0.0	9.535
S22AI_HUMAN	5002	SLC22A18	9.525	48	1	0	1.0	0.0	9.525
C43BP_HUMAN	10087	COL4A3BP	9.525	48	1	1	1.0	0.0	9.525
GP162_HUMAN	27239	GPR162	9.525	48	1	0	1.0	0.0	9.525
UIMC1_HUMAN	51720	UIMC1	9.525	48	1	1	1.0	0.0	9.525
SIPA1_HUMAN	6494	SIPA1	9.517	49	1	3	1.0	0.0	9.517
SUV3_HUMAN	6832	SUPV3L1	9.517	49	1	1	1.0	0.0	9.517
TSN16_HUMAN	26526	TSPAN16	9.517	49	1	0	1.0	0.0	9.517
AATF_HUMAN	26574	AATF	9.517	49	1	0	1.0	0.0	9.517
FANCI_HUMAN	55215	FANCI	9.517	49	1	1	1.0	0.0	9.517
HEAT6_HUMAN	63897	HEATR6	9.517	49	1	0	1.0	0.0	9.517
PGAM1_HUMAN	5223	PGAM1	9.508	50	1	0	1.0	0.0	9.508
RCAS1_HUMAN	9166	EBAG9	9.508	50	1	0	1.0	0.0	9.508
PUR6_HUMAN	10606	PAICS	9.508	50	1	0	1.0	0.0	9.508
HTAI2_HUMAN	10553	HTATIP2	9.491	52	1	0	1.0	0.0	9.491
SUN1_HUMAN	23353	SUN1	9.491	52	1	0	1.0	0.0	9.491
LSM1_HUMAN	27257	LSM1	9.491	52	1	1	1.0	0.0	9.491
EME1_HUMAN	146956	EME1	9.491	52	1	3	1.0	0.0	9.491
2AAA_HUMAN	5518	PPP2R1A	9.482	53	1	3	1.0	0.0	9.482
SMCE1_HUMAN	6605	SMARCE1	9.482	53	1	0	1.0	0.0	9.482
VTI1B_HUMAN	10490	VTI1B	9.482	53	1	0	1.0	0.0	9.482
SIVA_HUMAN	10572	SIVA1	9.474	54	1	0	1.0	0.0	9.474
ANO1_HUMAN	55107	ANO1	9.474	268	1	11	1.0	0.079	8.779
RAPH1_HUMAN	65059	RAPH1	9.474	54	1	0	1.0	0.0	9.474
CNGB1_HUMAN	1258	CNGB1	9.466	55	1	1	1.0	0.0	9.466
TF3B_HUMAN	2972	BRF1	9.466	55	1	4	1.0	0.0	9.466
CKS1_HUMAN	1163	CKS1B	9.459	56	1	0	1.0	0.0	9.459
KC1E_HUMAN	1454	CSNK1E	9.459	56	1	3	1.0	0.0	9.459
AMER1_HUMAN	139285	AMER1	9.459	56	1	0	1.0	0.0	9.459
BOK_HUMAN	666	BOK	9.451	57	1	1	1.0	0.0	9.451
MRC2_HUMAN	9902	MRC2	9.443	58	1	2	1.0	0.0	9.443
CLM8_HUMAN	11314	CD300A	9.443	58	1	7	1.0	0.0	9.443
KDM3A_HUMAN	55818	KDM3A	9.443	58	1	6	1.0	0.0	9.443
PARI_HUMAN	55010	PARPBP	9.429	60	1	3	1.0	0.0	9.429
Q0VGM3_HUMAN	445347	TARP	9.429	60	1	1	1.0	0.0	9.429
NEO1_HUMAN	4756	NEO1	9.421	61	1	1	1.0	0.0	9.421
RAB25_HUMAN	57111	RAB25	9.421	61	1	2	1.0	0.0	9.421
CSMD1_HUMAN	64478	CSMD1	9.421	61	1	1	1.0	0.0	9.421
GDF11_HUMAN	10220	GDF11	9.414	62	1	0	1.0	0.0	9.414
KIFC1_HUMAN	3833	KIFC1	9.407	63	1	4	1.0	0.0	9.407
BMP8B_HUMAN	656	BMP8B	9.401	64	1	0	1.0	0.0	9.401
PCGF2_HUMAN	7703	PCGF2	9.401	64	1	0	1.0	0.0	9.401
FEZ1_HUMAN	9638	FEZ1	9.401	64	1	1	1.0	0.0	9.401
DPOLM_HUMAN	27434	POLM	9.394	65	1	3	1.0	0.0	9.394
SOX18_HUMAN	54345	SOX18	9.394	65	1	0	1.0	0.0	9.394
CXG2_HUMAN	57165	GJC2	9.394	65	1	2	1.0	0.0	9.394
TPD52_HUMAN	7163	TPD52	9.387	66	1	1	1.0	0.0	9.387
CCAR2_HUMAN	57805	CCAR2	9.387	66	1	2	1.0	0.0	9.387
CLSPN_HUMAN	63967	CLSPN	9.387	66	1	0	1.0	0.0	9.387
MED29_HUMAN	55588	MED29	9.381	67	1	4	1.0	0.0	9.381
INCE_HUMAN	3619	INCENP	9.374	68	1	1	1.0	0.0	9.374
PSMD4_HUMAN	5710	PSMD4	9.374	68	1	1	1.0	0.0	9.374
MTG16_HUMAN	863	CBFA2T3	9.368	69	1	1	1.0	0.0	9.368
WWTR1_HUMAN	25937	WWTR1	9.362	70	1	1	1.0	0.0	9.362
FETA_HUMAN	174	AFP	9.357	10333	2	1	1.301	0.0	7.192
HLTF_HUMAN	6596	HLTF	9.349	72	1	2	1.0	0.0	9.349
TUSC3_HUMAN	7991	TUSC3	9.343	73	1	1	1.0	0.0	9.343
IL34_HUMAN	146433	IL34	9.343	73	1	0	1.0	0.0	9.343
MD2L2_HUMAN	10459	MAD2L2	9.338	74	1	1	1.0	0.0	9.338
KBP_HUMAN	26128	KIF1BP	9.338	74	1	0	1.0	0.0	9.338
TLX3_HUMAN	30012	TLX3	9.338	74	1	1	1.0	0.0	9.338
PINX1_HUMAN	54984	PINX1	9.338	74	1	1	1.0	0.0	9.338
LUM_HUMAN	4060	LUM	9.332	75	1	0	1.0	0.0	9.332
TSH1_HUMAN	10194	TSHZ1	9.332	75	1	0	1.0	0.0	9.332
PCM1_HUMAN	5108	PCM1	9.326	76	1	1	1.0	0.0	9.326
DOCK1_HUMAN	1793	DOCK1	9.32	77	1	5	1.0	0.0	9.32
PCDH8_HUMAN	5100	PCDH8	9.32	77	1	3	1.0	0.0	9.32
CUL5_HUMAN	8065	CUL5	9.32	77	1	0	1.0	0.0	9.32
HUWE1_HUMAN	10075	HUWE1	9.32	77	1	1	1.0	0.0	9.32
CHPT1_HUMAN	56994	CHPT1	9.32	77	1	0	1.0	0.0	9.32
PTTG_HUMAN	754	PTTG1IP	9.315	78	1	1	1.0	0.0	9.315
MXI1_HUMAN	4601	MXI1	9.315	78	1	0	1.0	0.0	9.315
SSXT_HUMAN	6760	SS18	9.315	78	1	0	1.0	0.0	9.315
CETN2_HUMAN	1069	CETN2	9.309	79	1	0	1.0	0.0	9.309
EXOS8_HUMAN	11340	EXOSC8	9.309	79	1	2	1.0	0.0	9.309
TM158_HUMAN	25907	TMEM158	9.309	79	1	0	1.0	0.0	9.309
IASPP_HUMAN	10848	PPP1R13L	9.304	80	1	5	1.0	0.0	9.304
PPID_HUMAN	5481	PPID	9.298	81	1	0	1.0	0.0	9.298
CCDC6_HUMAN	8030	CCDC6	9.298	81	1	0	1.0	0.0	9.298
PEMT_HUMAN	10400	PEMT	9.293	82	1	2	1.0	0.0	9.293
NINL_HUMAN	22981	NINL	9.288	83	1	1	1.0	0.0	9.288
PORCN_HUMAN	64840	PORCN	9.288	83	1	2	1.0	0.0	9.288
SG2A2_HUMAN	4250	SCGB2A2	9.282	84	1	0	1.0	0.0	9.282
ARK72_HUMAN	8574	AKR7A2	9.282	84	1	0	1.0	0.0	9.282
CARM1_HUMAN	10498	CARM1	9.282	84	1	2	1.0	0.0	9.282
DMC1_HUMAN	11144	DMC1	9.282	84	1	0	1.0	0.0	9.282
ABI1_HUMAN	10006	ABI1	9.277	85	1	6	1.0	0.0	9.277
TOX3_HUMAN	27324	TOX3	9.277	85	1	0	1.0	0.0	9.277
MMP26_HUMAN	56547	MMP26	9.277	85	1	0	1.0	0.0	9.277
APCL_HUMAN	10297	APC2	9.272	86	1	0	1.0	0.0	9.272
HEYL_HUMAN	26508	HEYL	9.272	86	1	0	1.0	0.0	9.272
SKIL_HUMAN	6498	SKIL	9.267	87	1	2	1.0	0.0	9.267
ASNS_HUMAN	440	ASNS	9.262	88	1	3	1.0	0.0	9.262
PAWR_HUMAN	5074	PAWR	9.262	88	1	3	1.0	0.0	9.262
PF2R_HUMAN	5737	PTGFR	9.262	88	1	0	1.0	0.0	9.262
TRFE_HUMAN	7018	TF	9.262	12237	2	1	1.301	0.0	7.119
RBCC1_HUMAN	9821	RB1CC1	9.262	88	1	2	1.0	0.0	9.262
EF2K_HUMAN	29904	EEF2K	9.262	88	1	0	1.0	0.0	9.262
MPEG1_HUMAN	219972	MPEG1	9.262	88	1	5	1.0	0.0	9.262
GNAO_HUMAN	2775	GNAO1	9.257	89	1	0	1.0	0.0	9.257
ADAM8_HUMAN	101	ADAM8	9.252	90	1	0	1.0	0.0	9.252
SEPT2_HUMAN	4735	SEPT2	9.252	90	1	3	1.0	0.0	9.252
IDHP_HUMAN	3418	IDH2	9.244	810	1	12	1.0	0.114	8.298
NECT4_HUMAN	81607	NECTIN4	9.238	93	1	1	1.0	0.0	9.238
PP1A_HUMAN	5499	PPP1CA	9.234	94	1	0	1.0	0.0	9.234
WISP2_HUMAN	8839	WISP2	9.234	94	1	1	1.0	0.0	9.234
HIPK2_HUMAN	28996	HIPK2	9.234	94	1	1	1.0	0.0	9.234
SENP1_HUMAN	29843	SENP1	9.234	94	1	3	1.0	0.0	9.234
NPAT_HUMAN	4863	NPAT	9.224	96	1	1	1.0	0.0	9.224
LAP2A_HUMAN	7112	TMPO	9.224	96	1	0	1.0	0.0	9.224
ZBT7A_HUMAN	51341	ZBTB7A	9.224	96	1	0	1.0	0.0	9.224
DAB2P_HUMAN	153090	DAB2IP	9.224	96	1	2	1.0	0.0	9.224
F16P1_HUMAN	2203	FBP1	9.22	97	1	0	1.0	0.0	9.22
REV3L_HUMAN	5980	REV3L	9.22	97	1	3	1.0	0.0	9.22
ACK1_HUMAN	10188	TNK2	9.216	98	1	1	1.0	0.0	9.216
BAALC_HUMAN	79870	BAALC	9.207	100	1	0	1.0	0.0	9.207
DTNB_HUMAN	1838	DTNB	9.202	101	1	0	1.0	0.0	9.202
ELF1_HUMAN	1997	ELF1	9.202	101	1	0	1.0	0.0	9.202
IMA1_HUMAN	3838	KPNA2	9.202	101	1	2	1.0	0.0	9.202
AMPO_HUMAN	84909	AOPEP	9.198	102	1	0	1.0	0.0	9.198
TRXR2_HUMAN	10587	TXNRD2	9.194	103	1	2	1.0	0.0	9.194
M3K20_HUMAN	51776	MAP3K20	9.194	103	1	5	1.0	0.0	9.194
DVL1_HUMAN	1855	DVL1	9.186	105	1	1	1.0	0.0	9.186
AURKC_HUMAN	6795	AURKC	9.186	105	1	1	1.0	0.0	9.186
PADI2_HUMAN	11240	PADI2	9.186	105	1	3	1.0	0.0	9.186
SIAH1_HUMAN	6477	SIAH1	9.181	106	1	0	1.0	0.0	9.181
DPYS_HUMAN	1807	DPYS	9.177	107	1	1	1.0	0.0	9.177
ST14_HUMAN	6768	ST14	9.177	107	1	0	1.0	0.0	9.177
KMT2C_HUMAN	58508	KMT2C	9.177	107	1	2	1.0	0.0	9.177
DOCK8_HUMAN	81704	DOCK8	9.177	107	1	0	1.0	0.0	9.177
ERR3_HUMAN	2104	ESRRG	9.173	108	1	1	1.0	0.0	9.173
GEMI_HUMAN	51053	GMNN	9.169	109	1	1	1.0	0.0	9.169
SETX_HUMAN	23064	SETX	9.161	111	1	1	1.0	0.0	9.161
MANF_HUMAN	7873	MANF	9.158	112	1	0	1.0	0.0	9.158
RAD54_HUMAN	8438	RAD54L	9.158	112	1	0	1.0	0.0	9.158
FRS2_HUMAN	10818	FRS2	9.154	113	1	1	1.0	0.0	9.154
RBM8A_HUMAN	9939	RBM8A	9.15	114	1	2	1.0	0.0	9.15
HMHB1_HUMAN	57824	HMHB1	9.139	117	1	0	1.0	0.0	9.139
NCHL1_HUMAN	10752	CHL1	9.135	118	1	5	1.0	0.0	9.135
FOXE1_HUMAN	2304	FOXE1	9.124	121	1	0	1.0	0.0	9.124
CH004_HUMAN	56892	C8orf4	9.12	122	1	1	1.0	0.0	9.12
TRAP1_HUMAN	10131	TRAP1	9.117	123	1	1	1.0	0.0	9.117
TPX2_HUMAN	22974	TPX2	9.117	123	1	2	1.0	0.0	9.117
SBDS_HUMAN	51119	SBDS	9.117	123	1	0	1.0	0.0	9.117
CLIC1_HUMAN	1192	CLIC1	9.113	124	1	1	1.0	0.0	9.113
ARAF_HUMAN	369	ARAF	9.11	125	1	0	1.0	0.0	9.11
RASE_HUMAN	3266	ERAS	9.11	125	1	0	1.0	0.0	9.11
IF2B1_HUMAN	10642	IGF2BP1	9.103	127	1	1	1.0	0.0	9.103
EDAR_HUMAN	10913	EDAR	9.1	128	1	0	1.0	0.0	9.1
RXFP2_HUMAN	122042	RXFP2	9.096	129	1	1	1.0	0.0	9.096
EFNB1_HUMAN	1947	EFNB1	9.093	130	1	1	1.0	0.0	9.093
UD2B4_HUMAN	7363	UGT2B4	9.093	130	1	1	1.0	0.0	9.093
PRDX4_HUMAN	10549	PRDX4	9.093	130	1	0	1.0	0.0	9.093
DNLI3_HUMAN	3980	LIG3	9.089	131	1	3	1.0	0.0	9.089
VSIG2_HUMAN	23584	VSIG2	9.089	131	1	0	1.0	0.0	9.089
CHFR_HUMAN	55743	CHFR	9.089	131	1	0	1.0	0.0	9.089
NDRG2_HUMAN	57447	NDRG2	9.089	131	1	2	1.0	0.0	9.089
HABP2_HUMAN	3026	HABP2	9.086	132	1	3	1.0	0.0	9.086
AIP_HUMAN	9049	AIP	9.086	132	1	0	1.0	0.0	9.086
COX3_HUMAN	4514	MT-CO3	9.083	133	1	0	1.0	0.0	9.083
TRI13_HUMAN	10206	TRIM13	9.083	133	1	1	1.0	0.0	9.083
NCK1_HUMAN	4690	NCK1	9.08	134	1	1	1.0	0.0	9.08
NISCH_HUMAN	11188	NISCH	9.08	134	1	1	1.0	0.0	9.08
HVCN1_HUMAN	84329	HVCN1	9.08	134	1	0	1.0	0.0	9.08
HNRPD_HUMAN	3184	HNRNPD	9.076	135	1	0	1.0	0.0	9.076
GDIR1_HUMAN	396	ARHGDIA	9.073	136	1	2	1.0	0.0	9.073
S100P_HUMAN	6286	S100P	9.07	137	1	0	1.0	0.0	9.07
TBB4B_HUMAN	10383	TUBB4B	9.07	137	1	1	1.0	0.0	9.07
CXA4_HUMAN	2701	GJA4	9.067	138	1	0	1.0	0.0	9.067
DHB2_HUMAN	3294	HSD17B2	9.067	138	1	0	1.0	0.0	9.067
GAB2_HUMAN	9846	GAB2	9.067	138	1	1	1.0	0.0	9.067
APBA1_HUMAN	320	APBA1	9.064	139	1	0	1.0	0.0	9.064
DYST_HUMAN	667	DST	9.061	140	1	0	1.0	0.0	9.061
CASP5_HUMAN	838	CASP5	9.061	140	1	1	1.0	0.0	9.061
EGLN3_HUMAN	112399	EGLN3	9.054	142	1	0	1.0	0.0	9.054
IL4_HUMAN	3565	IL4	9.048	17876	2	1	1.301	0.0	6.954
FBLN3_HUMAN	2202	EFEMP1	9.039	147	1	4	1.0	0.0	9.039
SMUG1_HUMAN	23583	SMUG1	9.036	148	1	0	1.0	0.0	9.036
S27A5_HUMAN	10998	SLC27A5	9.028	151	1	0	1.0	0.0	9.028
RGS4_HUMAN	5999	RGS4	9.022	153	1	4	1.0	0.0	9.022
ANM5_HUMAN	10419	PRMT5	9.022	153	1	3	1.0	0.0	9.022
ACACA_HUMAN	31	ACACA	9.019	154	1	2	1.0	0.0	9.019
FHL2_HUMAN	2274	FHL2	9.019	154	1	1	1.0	0.0	9.019
HDAC5_HUMAN	10014	HDAC5	9.019	154	1	3	1.0	0.0	9.019
TIF1B_HUMAN	10155	TRIM28	9.019	154	1	0	1.0	0.0	9.019
SPY2_HUMAN	10253	SPRY2	9.019	154	1	7	1.0	0.0	9.019
TFDP1_HUMAN	7027	TFDP1	9.016	155	1	3	1.0	0.0	9.016
NMT1_HUMAN	4836	NMT1	9.014	156	1	0	1.0	0.0	9.014
EHMT2_HUMAN	10919	EHMT2	9.011	157	1	0	1.0	0.0	9.011
MBB1A_HUMAN	10514	MYBBP1A	9.005	159	1	0	1.0	0.0	9.005
TP4A3_HUMAN	11156	PTP4A3	9.005	159	1	0	1.0	0.0	9.005
DKC1_HUMAN	1736	DKC1	9.003	160	1	0	1.0	0.0	9.003
UDB17_HUMAN	7367	UGT2B17	9.003	160	1	0	1.0	0.0	9.003
KMT2D_HUMAN	8085	KMT2D	9.003	160	1	3	1.0	0.0	9.003
RIPK3_HUMAN	11035	RIPK3	9.003	160	1	0	1.0	0.0	9.003
UD110_HUMAN	54575	UGT1A10	9.003	160	1	0	1.0	0.0	9.003
ID4_HUMAN	3400	ID4	9.0	161	1	0	1.0	0.0	9.0
CCL27_HUMAN	10850	CCL27	9.0	161	1	0	1.0	0.0	9.0
MDC1_HUMAN	9656	MDC1	8.995	163	1	0	1.0	0.0	8.995
PREB_HUMAN	10113	PREB	8.995	163	1	4	1.0	0.0	8.995
S10A7_HUMAN	6278	S100A7	8.992	164	1	1	1.0	0.0	8.992
CYTA_HUMAN	1475	CSTA	8.987	166	1	0	1.0	0.0	8.987
GALA_HUMAN	51083	GAL	8.984	167	1	0	1.0	0.0	8.984
DLX5_HUMAN	1749	DLX5	8.981	168	1	0	1.0	0.0	8.981
E2F2_HUMAN	1870	E2F2	8.981	168	1	0	1.0	0.0	8.981
XRCC2_HUMAN	7516	XRCC2	8.981	168	1	1	1.0	0.0	8.981
XIRP1_HUMAN	165904	XIRP1	8.979	169	1	1	1.0	0.0	8.979
FOXC2_HUMAN	2303	FOXC2	8.976	170	1	1	1.0	0.0	8.976
LATS2_HUMAN	26524	LATS2	8.974	171	1	3	1.0	0.0	8.974
DUS6_HUMAN	1848	DUSP6	8.969	173	1	3	1.0	0.0	8.969
GDF10_HUMAN	2662	GDF10	8.966	174	1	0	1.0	0.0	8.966
CAC1B_HUMAN	774	CACNA1B	8.964	175	1	1	1.0	0.0	8.964
RAD9A_HUMAN	5883	RAD9A	8.964	175	1	1	1.0	0.0	8.964
KCNK9_HUMAN	51305	KCNK9	8.964	175	1	3	1.0	0.0	8.964
ROBO1_HUMAN	6091	ROBO1	8.961	176	1	1	1.0	0.0	8.961
BIN1_HUMAN	274	BIN1	8.949	181	1	0	1.0	0.0	8.949
FST_HUMAN	10468	FST	8.942	184	1	0	1.0	0.0	8.942
CASL_HUMAN	4739	NEDD9	8.94	185	1	0	1.0	0.0	8.94
PTPRJ_HUMAN	5795	PTPRJ	8.94	185	1	2	1.0	0.0	8.94
AR2BP_HUMAN	23568	ARL2BP	8.94	185	1	0	1.0	0.0	8.94
HMMR_HUMAN	3161	HMMR	8.937	186	1	0	1.0	0.0	8.937
CSN5_HUMAN	10987	COPS5	8.935	187	1	0	1.0	0.0	8.935
TRPV6_HUMAN	55503	TRPV6	8.935	187	1	1	1.0	0.0	8.935
BAF_HUMAN	8815	BANF1	8.933	188	1	0	1.0	0.0	8.933
AIFM1_HUMAN	9131	AIFM1	8.933	188	1	0	1.0	0.0	8.933
DRA_HUMAN	3122	HLA-DRA	8.93	189	1	0	1.0	0.0	8.93
CRYAB_HUMAN	1410	CRYAB	8.928	190	1	4	1.0	0.0	8.928
RECQ4_HUMAN	9401	RECQL4	8.926	191	1	1	1.0	0.0	8.926
THA_HUMAN	7067	THRA	8.923	192	1	1	1.0	0.0	8.923
S45A2_HUMAN	51151	SLC45A2	8.923	192	1	1	1.0	0.0	8.923
CAR17_HUMAN	440068	CARD17	8.921	193	1	2	1.0	0.0	8.921
8ODP_HUMAN	4521	NUDT1	8.919	194	1	0	1.0	0.0	8.919
PEG10_HUMAN	23089	PEG10	8.919	194	1	1	1.0	0.0	8.919
SPTA1_HUMAN	6708	SPTA1	8.914	196	1	0	1.0	0.0	8.914
IQGA1_HUMAN	8826	IQGAP1	8.914	196	1	2	1.0	0.0	8.914
DLG1_HUMAN	1739	DLG1	8.91	198	1	3	1.0	0.0	8.91
SYIC_HUMAN	3376	IARS	8.91	198	1	0	1.0	0.0	8.91
RABP2_HUMAN	1382	CRABP2	8.908	199	1	1	1.0	0.0	8.908
PMS1_HUMAN	5378	PMS1	8.908	199	1	0	1.0	0.0	8.908
GHRL_HUMAN	51738	GHRL	8.908	199	1	1	1.0	0.0	8.908
ERR1_HUMAN	2101	ESRRA	8.906	200	1	1	1.0	0.0	8.906
MRGRF_HUMAN	116535	MRGPRF	8.906	200	1	0	1.0	0.0	8.906
EPHB4_HUMAN	2050	EPHB4	8.901	202	1	0	1.0	0.0	8.901
FBW1A_HUMAN	8945	BTRC	8.901	202	1	1	1.0	0.0	8.901
LIMK1_HUMAN	3984	LIMK1	8.899	203	1	3	1.0	0.0	8.899
UDB15_HUMAN	7366	UGT2B15	8.899	203	1	0	1.0	0.0	8.899
NODAL_HUMAN	4838	NODAL	8.897	204	1	0	1.0	0.0	8.897
ADH1A_HUMAN	124	ADH1A	8.893	206	1	0	1.0	0.0	8.893
RORA_HUMAN	6095	RORA	8.893	206	1	0	1.0	0.0	8.893
POTE1_HUMAN	25913	POT1	8.891	207	1	0	1.0	0.0	8.891
MEST_HUMAN	4232	MEST	8.889	208	1	0	1.0	0.0	8.889
HNRPK_HUMAN	3190	HNRNPK	8.887	209	1	1	1.0	0.0	8.887
CSK21_HUMAN	1457	CSNK2A1	8.885	210	1	0	1.0	0.0	8.885
PK3C3_HUMAN	5289	PIK3C3	8.885	210	1	9	1.0	0.0	8.885
SEM1_HUMAN	7979	SEM1	8.885	210	1	0	1.0	0.0	8.885
CEBPE_HUMAN	1053	CEBPE	8.878	213	1	0	1.0	0.0	8.878
GRP75_HUMAN	3313	HSPA9	8.87	217	1	3	1.0	0.0	8.87
K1C12_HUMAN	3859	KRT12	8.87	217	1	0	1.0	0.0	8.87
ZEB2_HUMAN	9839	ZEB2	8.867	492	1	10	1.0	0.041	8.515
FRIH_HUMAN	2495	FTH1	8.866	219	1	1	1.0	0.0	8.866
KLK6_HUMAN	5653	KLK6	8.866	219	1	0	1.0	0.0	8.866
S19A1_HUMAN	6573	SLC19A1	8.866	219	1	3	1.0	0.0	8.866
CRGD_HUMAN	1421	CRYGD	8.864	220	1	0	1.0	0.0	8.864
HS90B_HUMAN	3326	HSP90AB1	8.864	220	1	0	1.0	0.0	8.864
NEDD4_HUMAN	4734	NEDD4	8.86	222	1	1	1.0	0.0	8.86
BTG2_HUMAN	7832	BTG2	8.86	222	1	0	1.0	0.0	8.86
PRP31_HUMAN	26121	PRPF31	8.86	222	1	0	1.0	0.0	8.86
DAXX_HUMAN	1616	DAXX	8.858	223	1	0	1.0	0.0	8.858
UBE2B_HUMAN	7320	UBE2B	8.858	223	1	1	1.0	0.0	8.858
ERCC6_HUMAN	2074	ERCC6	8.855	225	1	0	1.0	0.0	8.855
WASF3_HUMAN	10810	WASF3	8.845	230	1	0	1.0	0.0	8.845
GABT_HUMAN	18	ABAT	8.841	232	1	0	1.0	0.0	8.841
BUB1_HUMAN	699	BUB1	8.839	233	1	0	1.0	0.0	8.839
MARE1_HUMAN	22919	MAPRE1	8.839	233	1	1	1.0	0.0	8.839
RHOB_HUMAN	388	RHOB	8.838	234	1	5	1.0	0.0	8.838
PPR1A_HUMAN	5502	PPP1R1A	8.836	235	1	0	1.0	0.0	8.836
TFF2_HUMAN	7032	TFF2	8.836	235	1	0	1.0	0.0	8.836
KCMA1_HUMAN	3778	KCNMA1	8.828	239	1	3	1.0	0.0	8.828
KHDR1_HUMAN	10657	KHDRBS1	8.821	243	1	2	1.0	0.0	8.821
ID3_HUMAN	3399	ID3	8.819	244	1	0	1.0	0.0	8.819
PDE4D_HUMAN	5144	PDE4D	8.819	244	1	3	1.0	0.0	8.819
CYTSB_HUMAN	92521	SPECC1	8.819	244	1	0	1.0	0.0	8.819
MARK3_HUMAN	4140	MARK3	8.818	245	1	1	1.0	0.0	8.818
HXA10_HUMAN	3206	HOXA10	8.816	246	1	0	1.0	0.0	8.816
EXT1_HUMAN	2131	EXT1	8.814	247	1	1	1.0	0.0	8.814
CRTC1_HUMAN	23373	CRTC1	8.814	247	1	1	1.0	0.0	8.814
ENAH_HUMAN	55740	ENAH	8.814	247	1	1	1.0	0.0	8.814
FKBP5_HUMAN	2289	FKBP5	8.812	248	1	3	1.0	0.0	8.812
MRP5_HUMAN	10057	ABCC5	8.811	249	1	1	1.0	0.0	8.811
TRFL_HUMAN	4057	LTF	8.807	251	1	1	1.0	0.0	8.807
SGCG_HUMAN	6445	SGCG	8.802	254	1	0	1.0	0.0	8.802
RACK1_HUMAN	10399	RACK1	8.798	256	1	0	1.0	0.0	8.798
CSHL_HUMAN	1444	CSHL1	8.792	260	1	0	1.0	0.0	8.792
FIBA_HUMAN	2243	FGA	8.792	260	1	0	1.0	0.0	8.792
LAMA2_HUMAN	3908	LAMA2	8.792	260	1	1	1.0	0.0	8.792
CP3A7_HUMAN	1551	CYP3A7	8.788	262	1	8	1.0	0.0	8.788
CRK_HUMAN	1398	CRK	8.785	264	1	0	1.0	0.0	8.785
CAH12_HUMAN	771	CA12	8.782	266	1	0	1.0	0.0	8.782
AK1C4_HUMAN	1109	AKR1C4	8.78	267	1	4	1.0	0.0	8.78
UMPS_HUMAN	7372	UMPS	8.78	267	1	0	1.0	0.0	8.78
GLYAT_HUMAN	10249	GLYAT	8.777	269	1	0	1.0	0.0	8.777
CASPA_HUMAN	843	CASP10	8.774	271	1	4	1.0	0.0	8.774
LPAR1_HUMAN	1902	LPAR1	8.774	271	1	0	1.0	0.0	8.774
GDF5_HUMAN	8200	GDF5	8.764	277	1	0	1.0	0.0	8.764
CAV3_HUMAN	859	CAV3	8.761	279	1	0	1.0	0.0	8.761
CAD13_HUMAN	1012	CDH13	8.761	279	1	2	1.0	0.0	8.761
ADT3_HUMAN	293	SLC25A6	8.756	282	1	0	1.0	0.0	8.756
IRF5_HUMAN	3663	IRF5	8.755	283	1	0	1.0	0.0	8.755
BRD4_HUMAN	23476	BRD4	8.755	283	1	2	1.0	0.0	8.755
IL2_HUMAN	3558	IL2	8.752	30132	2	0	1.301	0.0	6.727
MOS_HUMAN	4342	MOS	8.749	287	1	0	1.0	0.0	8.749
INGR2_HUMAN	3460	IFNGR2	8.746	289	1	3	1.0	0.0	8.746
AT2C1_HUMAN	27032	ATP2C1	8.746	289	1	1	1.0	0.0	8.746
SKP1_HUMAN	6500	SKP1	8.744	290	1	1	1.0	0.0	8.744
NOTC4_HUMAN	4855	NOTCH4	8.743	291	1	1	1.0	0.0	8.743
AXIN2_HUMAN	8313	AXIN2	8.741	292	1	2	1.0	0.0	8.741
CDK7_HUMAN	1022	CDK7	8.738	294	1	3	1.0	0.0	8.738
DECR_HUMAN	1666	DECR1	8.731	299	1	0	1.0	0.0	8.731
CO4A5_HUMAN	1287	COL4A5	8.728	301	1	2	1.0	0.0	8.728
METH_HUMAN	4548	MTR	8.728	301	1	0	1.0	0.0	8.728
VAV_HUMAN	7409	VAV1	8.728	301	1	0	1.0	0.0	8.728
SARDH_HUMAN	1757	SARDH	8.727	302	1	2	1.0	0.0	8.727
MYCL_HUMAN	4610	MYCL	8.727	302	1	0	1.0	0.0	8.727
FGF8_HUMAN	2253	FGF8	8.718	308	1	0	1.0	0.0	8.718
FOXA1_HUMAN	3169	FOXA1	8.718	308	1	0	1.0	0.0	8.718
MSRE_HUMAN	4481	MSR1	8.71	314	1	1	1.0	0.0	8.71
MSX1_HUMAN	4487	MSX1	8.708	315	1	0	1.0	0.0	8.708
ADA2A_HUMAN	150	ADRA2A	8.707	316	1	0	1.0	0.0	8.707
GNAQ_HUMAN	2776	GNAQ	8.706	317	1	2	1.0	0.0	8.706
OLIG2_HUMAN	10215	OLIG2	8.704	318	1	0	1.0	0.0	8.704
HNMT_HUMAN	3176	HNMT	8.702	320	1	3	1.0	0.0	8.702
MDM4_HUMAN	4194	MDM4	8.702	320	1	0	1.0	0.0	8.702
SERA_HUMAN	26227	PHGDH	8.699	322	1	6	1.0	0.0	8.699
ARRB2_HUMAN	409	ARRB2	8.698	323	1	6	1.0	0.0	8.698
S5A2_HUMAN	6716	SRD5A2	8.695	325	1	0	1.0	0.0	8.695
HLF_HUMAN	3131	HLF	8.694	326	1	0	1.0	0.0	8.694
MSH3_HUMAN	4437	MSH3	8.694	326	1	2	1.0	0.0	8.694
P_HUMAN	4948	OCA2	8.691	328	1	2	1.0	0.0	8.691
DYL1_HUMAN	8655	DYNLL1	8.684	333	1	1	1.0	0.0	8.684
RTL1_HUMAN	388015	RTL1	8.684	333	1	0	1.0	0.0	8.684
RBL2_HUMAN	5934	RBL2	8.682	335	1	0	1.0	0.0	8.682
CXAR_HUMAN	1525	CXADR	8.679	337	1	0	1.0	0.0	8.679
UNG_HUMAN	7374	UNG	8.675	340	1	0	1.0	0.0	8.675
FSHB_HUMAN	2488	FSHB	8.664	349	1	0	1.0	0.0	8.664
ID2_HUMAN	3398	ID2	8.661	351	1	0	1.0	0.0	8.661
K2C6A_HUMAN	3853	KRT6A	8.661	351	1	2	1.0	0.0	8.661
ASXL1_HUMAN	171023	ASXL1	8.661	351	1	2	1.0	0.0	8.661
EVI1_HUMAN	2122	MECOM	8.654	357	1	0	1.0	0.0	8.654
MSLN_HUMAN	10232	MSLN	8.65	360	1	1	1.0	0.0	8.65
ENPP3_HUMAN	5169	ENPP3	8.649	361	1	0	1.0	0.0	8.649
KITH_HUMAN	7083	TK1	8.646	364	1	0	1.0	0.0	8.646
TP53B_HUMAN	7158	TP53BP1	8.64	369	1	6	1.0	0.0	8.64
SGK1_HUMAN	6446	SGK1	8.639	370	1	2	1.0	0.0	8.639
3MG_HUMAN	4350	MPG	8.637	371	1	3	1.0	0.0	8.637
KISS1_HUMAN	3814	KISS1	8.636	372	1	0	1.0	0.0	8.636
T53I2_HUMAN	58476	TP53INP2	8.636	372	1	1	1.0	0.0	8.636
ADRM1_HUMAN	11047	ADRM1	8.634	374	1	0	1.0	0.0	8.634
ROA1_HUMAN	3178	HNRNPA1	8.633	375	1	1	1.0	0.0	8.633
RFA1_HUMAN	6117	RPA1	8.626	381	1	1	1.0	0.0	8.626
CCNE1_HUMAN	898	CCNE1	8.621	385	1	3	1.0	0.0	8.621
VITRN_HUMAN	5212	VIT	8.621	385	1	0	1.0	0.0	8.621
GDE1_HUMAN	51573	GDE1	8.617	389	1	5	1.0	0.0	8.617
MGP_HUMAN	4256	MGP	8.616	390	1	0	1.0	0.0	8.616
SOS1_HUMAN	6654	SOS1	8.615	391	1	1	1.0	0.0	8.615
GPER1_HUMAN	2852	GPER1	8.612	393	1	0	1.0	0.0	8.612
UBE3A_HUMAN	7337	UBE3A	8.612	393	1	0	1.0	0.0	8.612
MYH11_HUMAN	4629	MYH11	8.611	394	1	0	1.0	0.0	8.611
DPOD1_HUMAN	5424	POLD1	8.609	396	1	7	1.0	0.0	8.609
STA5B_HUMAN	6777	STAT5B	8.609	396	1	0	1.0	0.0	8.609
VIPR1_HUMAN	7433	VIPR1	8.608	397	1	0	1.0	0.0	8.608
ATG7_HUMAN	10533	ATG7	8.608	397	1	4	1.0	0.0	8.608
EPHA2_HUMAN	1969	EPHA2	8.606	399	1	1	1.0	0.0	8.606
HMGA1_HUMAN	3159	HMGA1	8.605	400	1	0	1.0	0.0	8.605
PRKN_HUMAN	5071	PRKN	8.604	401	1	0	1.0	0.0	8.604
CXCR6_HUMAN	10663	CXCR6	8.598	406	1	1	1.0	0.0	8.598
ANAG_HUMAN	4669	NAGLU	8.597	407	1	0	1.0	0.0	8.597
RICTR_HUMAN	253260	RICTOR	8.597	407	1	0	1.0	0.0	8.597
DLG4_HUMAN	1742	DLG4	8.596	408	1	2	1.0	0.0	8.596
LGUL_HUMAN	2739	GLO1	8.595	409	1	1	1.0	0.0	8.595
PEPC_HUMAN	5225	PGC	8.595	409	1	0	1.0	0.0	8.595
RNAS1_HUMAN	6035	RNASE1	8.592	412	1	0	1.0	0.0	8.592
3BHS1_HUMAN	3283	HSD3B1	8.59	414	1	0	1.0	0.0	8.59
CTND1_HUMAN	1500	CTNND1	8.588	416	1	0	1.0	0.0	8.588
MAF_HUMAN	4094	MAF	8.587	417	1	0	1.0	0.0	8.587
PGS2_HUMAN	1634	DCN	8.582	421	1	0	1.0	0.0	8.582
HGFL_HUMAN	4485	MST1	8.582	421	1	0	1.0	0.0	8.582
NUMA1_HUMAN	4926	NUMA1	8.582	421	1	0	1.0	0.0	8.582
IF4G1_HUMAN	1981	EIF4G1	8.58	423	1	7	1.0	0.0	8.58
ROS1_HUMAN	6098	ROS1	8.578	425	1	5	1.0	0.0	8.578
APT_HUMAN	353	APRT	8.57	433	1	1	1.0	0.0	8.57
ILK_HUMAN	3611	ILK	8.569	434	1	0	1.0	0.0	8.569
BMP6_HUMAN	654	BMP6	8.567	436	1	0	1.0	0.0	8.567
ERCC5_HUMAN	2073	ERCC5	8.566	437	1	2	1.0	0.0	8.566
CSPG4_HUMAN	1464	CSPG4	8.562	441	1	0	1.0	0.0	8.562
GSTA1_HUMAN	2938	GSTA1	8.561	442	1	1	1.0	0.0	8.561
MOT1_HUMAN	6566	SLC16A1	8.561	442	1	1	1.0	0.0	8.561
ELAF_HUMAN	5266	PI3	8.559	444	1	1	1.0	0.0	8.559
CLD4_HUMAN	1364	CLDN4	8.554	449	1	1	1.0	0.0	8.554
HYEP_HUMAN	2052	EPHX1	8.553	451	1	2	1.0	0.0	8.553
ELAV1_HUMAN	1994	ELAVL1	8.551	453	1	0	1.0	0.0	8.551
41_HUMAN	2035	EPB41	8.55	454	1	0	1.0	0.0	8.55
TAP2_HUMAN	6891	TAP2	8.548	456	1	1	1.0	0.0	8.548
FGF4_HUMAN	2249	FGF4	8.543	461	1	0	1.0	0.0	8.543
GALT_HUMAN	2592	GALT	8.536	468	1	0	1.0	0.0	8.536
MRP4_HUMAN	10257	ABCC4	8.536	468	1	0	1.0	0.0	8.536
ARRB1_HUMAN	408	ARRB1	8.533	472	1	0	1.0	0.0	8.533
PO5F1_HUMAN	5460	POU5F1	8.532	3526	1	12	1.0	0.114	7.659
GRPR_HUMAN	2925	GRPR	8.531	474	1	0	1.0	0.0	8.531
BCAR1_HUMAN	9564	BCAR1	8.525	480	1	0	1.0	0.0	8.525
FOSB_HUMAN	2354	FOSB	8.524	482	1	1	1.0	0.0	8.524
LYOX_HUMAN	4015	LOX	8.52	486	1	3	1.0	0.0	8.52
S29A1_HUMAN	2030	SLC29A1	8.518	488	1	0	1.0	0.0	8.518
CSEN_HUMAN	30818	KCNIP3	8.517	490	1	4	1.0	0.0	8.517
CYB5_HUMAN	1528	CYB5A	8.514	493	1	4	1.0	0.0	8.514
NOTC2_HUMAN	4853	NOTCH2	8.51	498	1	2	1.0	0.0	8.51
KEAP1_HUMAN	9817	KEAP1	8.499	510	1	5	1.0	0.0	8.499
PSN2_HUMAN	5664	PSEN2	8.498	511	1	0	1.0	0.0	8.498
ITA6_HUMAN	3655	ITGA6	8.497	512	1	0	1.0	0.0	8.497
WRN_HUMAN	7486	WRN	8.496	514	1	1	1.0	0.0	8.496
PIM1_HUMAN	5292	PIM1	8.492	519	1	2	1.0	0.0	8.492
CD166_HUMAN	214	ALCAM	8.474	541	1	0	1.0	0.0	8.474
COHA1_HUMAN	1308	COL17A1	8.469	547	1	0	1.0	0.0	8.469
TET2_HUMAN	54790	TET2	8.466	550	1	3	1.0	0.0	8.466
RAP1A_HUMAN	5906	RAP1A	8.465	552	1	0	1.0	0.0	8.465
XPC_HUMAN	7508	XPC	8.461	557	1	2	1.0	0.0	8.461
CTG1B_HUMAN	246100	CTAG1B	8.459	560	1	1	1.0	0.0	8.459
IFIT1_HUMAN	3434	IFIT1	8.452	569	1	0	1.0	0.0	8.452
SYNEM_HUMAN	23336	SYNM	8.452	568	1	0	1.0	0.0	8.452
HRH1_HUMAN	3269	HRH1	8.45	571	1	1	1.0	0.0	8.45
EPHB2_HUMAN	2048	EPHB2	8.446	577	1	6	1.0	0.0	8.446
PARK7_HUMAN	11315	PARK7	8.444	579	1	0	1.0	0.0	8.444
TAP1_HUMAN	6890	TAP1	8.439	586	1	0	1.0	0.0	8.439
TFF1_HUMAN	7031	TFF1	8.438	587	1	0	1.0	0.0	8.438
TSPO_HUMAN	706	TSPO	8.429	600	1	0	1.0	0.0	8.429
SNF5_HUMAN	6598	SMARCB1	8.426	603	1	2	1.0	0.0	8.426
CREM_HUMAN	1390	CREM	8.423	608	1	0	1.0	0.0	8.423
ATF4_HUMAN	468	ATF4	8.42	612	1	0	1.0	0.0	8.42
FADD_HUMAN	8772	FADD	8.419	614	1	0	1.0	0.0	8.419
HPSE_HUMAN	10855	HPSE	8.415	619	1	0	1.0	0.0	8.415
NOX4_HUMAN	50507	NOX4	8.409	628	1	3	1.0	0.0	8.409
VEGFD_HUMAN	2277	VEGFD	8.407	630	1	1	1.0	0.0	8.407
AREG_HUMAN	374	AREG	8.404	635	1	0	1.0	0.0	8.404
LYN_HUMAN	4067	LYN	8.401	640	1	4	1.0	0.0	8.401
XPA_HUMAN	7507	XPA	8.397	646	1	0	1.0	0.0	8.397
CTF1_HUMAN	1489	CTF1	8.394	649	1	0	1.0	0.0	8.394
HSF1_HUMAN	3297	HSF1	8.392	652	1	0	1.0	0.0	8.392
P85A_HUMAN	5295	PIK3R1	8.388	658	1	4	1.0	0.0	8.388
RAN_HUMAN	5901	RAN	8.381	670	1	2	1.0	0.0	8.381
DHI2_HUMAN	3291	HSD11B2	8.376	677	1	1	1.0	0.0	8.376
CCR6_HUMAN	1235	CCR6	8.367	692	1	2	1.0	0.0	8.367
DEFB1_HUMAN	1672	DEFB1	8.363	697	1	1	1.0	0.0	8.363
NRG1_HUMAN	3084	NRG1	8.363	697	1	0	1.0	0.0	8.363
CDK20_HUMAN	23552	CDK20	8.359	704	1	7	1.0	0.0	8.359
FUS_HUMAN	2521	FUS	8.357	708	1	1	1.0	0.0	8.357
IBP4_HUMAN	3487	IGFBP4	8.357	707	1	0	1.0	0.0	8.357
FTO_HUMAN	79068	FTO	8.351	717	1	0	1.0	0.0	8.351
HDAC2_HUMAN	3066	HDAC2	8.348	723	1	2	1.0	0.0	8.348
ST1A1_HUMAN	6817	SULT1A1	8.345	728	1	0	1.0	0.0	8.345
STAR_HUMAN	6770	STAR	8.343	730	1	0	1.0	0.0	8.343
SP3_HUMAN	6670	SP3	8.337	740	1	0	1.0	0.0	8.337
FGF7_HUMAN	2252	FGF7	8.331	751	1	1	1.0	0.0	8.331
ATN1_HUMAN	1822	ATN1	8.329	755	1	0	1.0	0.0	8.329
CHP1_HUMAN	11261	CHP1	8.329	755	1	0	1.0	0.0	8.329
CBL_HUMAN	867	CBL	8.318	774	1	0	1.0	0.0	8.318
FCG3A_HUMAN	2214	FCGR3A	8.316	5507	1	12	1.0	0.114	7.466
CCR3_HUMAN	1232	CCR3	8.314	781	1	3	1.0	0.0	8.314
FURIN_HUMAN	5045	FURIN	8.312	784	1	0	1.0	0.0	8.312
PSG2_HUMAN	5670	PSG2	8.312	785	1	0	1.0	0.0	8.312
GLCM_HUMAN	2629	GBA	8.311	787	1	1	1.0	0.0	8.311
BAK_HUMAN	578	BAK1	8.309	790	1	0	1.0	0.0	8.309
CISY_HUMAN	1431	CS	8.298	810	1	0	1.0	0.0	8.298
GDF15_HUMAN	9518	GDF15	8.295	816	1	0	1.0	0.0	8.295
JAG1_HUMAN	182	JAG1	8.288	829	1	1	1.0	0.0	8.288
SOCS1_HUMAN	8651	SOCS1	8.288	829	1	1	1.0	0.0	8.288
CP24A_HUMAN	1591	CYP24A1	8.287	831	1	0	1.0	0.0	8.287
FAS_HUMAN	2194	FASN	8.287	832	1	0	1.0	0.0	8.287
VTDB_HUMAN	2638	GC	8.284	837	1	0	1.0	0.0	8.284
DCTN6_HUMAN	10671	DCTN6	8.28	844	1	1	1.0	0.0	8.28
CLUS_HUMAN	1191	CLU	8.272	861	1	0	1.0	0.0	8.272
CSF1R_HUMAN	1436	CSF1R	8.27	865	1	0	1.0	0.0	8.27
LCK_HUMAN	3932	LCK	8.266	872	1	0	1.0	0.0	8.266
CP27A_HUMAN	1593	CYP27A1	8.265	874	1	0	1.0	0.0	8.265
HBB_HUMAN	3043	HBB	8.254	897	1	0	1.0	0.0	8.254
OPRM_HUMAN	4988	OPRM1	8.252	901	1	0	1.0	0.0	8.252
RIR2_HUMAN	6241	RRM2	8.248	910	1	5	1.0	0.0	8.248
SDHB_HUMAN	6390	SDHB	8.248	910	1	4	1.0	0.0	8.248
CCR4_HUMAN	1233	CCR4	8.247	912	1	1	1.0	0.0	8.247
K2C1_HUMAN	3848	KRT1	8.246	914	1	0	1.0	0.0	8.246
MRP3_HUMAN	8714	ABCC3	8.231	945	1	0	1.0	0.0	8.231
FGF1_HUMAN	2246	FGF1	8.213	986	1	1	1.0	0.0	8.213
TNR16_HUMAN	4804	NGFR	8.212	988	1	1	1.0	0.0	8.212
LMOD1_HUMAN	25802	LMOD1	8.204	1006	1	0	1.0	0.0	8.204
APOC3_HUMAN	345	APOC3	8.2	1016	1	0	1.0	0.0	8.2
DOPO_HUMAN	1621	DBH	8.195	1028	1	0	1.0	0.0	8.195
CP2A6_HUMAN	1548	CYP2A6	8.193	1032	1	0	1.0	0.0	8.193
DPOLA_HUMAN	5422	POLA1	8.189	1041	1	0	1.0	0.0	8.189
LSHR_HUMAN	3973	LHCGR	8.184	1054	1	0	1.0	0.0	8.184
OGG1_HUMAN	4968	OGG1	8.181	1062	1	0	1.0	0.0	8.181
KCNQ1_HUMAN	3784	KCNQ1	8.17	1087	1	0	1.0	0.0	8.17
PKD1_HUMAN	5310	PKD1	8.169	1092	1	0	1.0	0.0	8.169
ALDR_HUMAN	231	AKR1B1	8.161	1112	1	1	1.0	0.0	8.161
CADH5_HUMAN	1003	CDH5	8.153	1131	1	9	1.0	0.0	8.153
GLPA_HUMAN	2993	GYPA	8.151	1138	1	0	1.0	0.0	8.151
MICA_HUMAN	100507436	MICA	8.151	1138	1	0	1.0	0.0	8.151
SPYA_HUMAN	189	AGXT	8.144	1156	1	0	1.0	0.0	8.144
FOXO1_HUMAN	2308	FOXO1	8.141	1163	1	2	1.0	0.0	8.141
CO1A1_HUMAN	1277	COL1A1	8.139	1168	1	0	1.0	0.0	8.139
CDR1_HUMAN	1038	CDR1	8.138	1172	1	0	1.0	0.0	8.138
HDAC1_HUMAN	3065	HDAC1	8.134	1183	1	0	1.0	0.0	8.134
SCN5A_HUMAN	6331	SCN5A	8.134	1183	1	0	1.0	0.0	8.134
IL11_HUMAN	3589	IL11	8.132	1187	1	9	1.0	0.0	8.132
MARH8_HUMAN	220972	MARCH8	8.132	1189	1	1	1.0	0.0	8.132
PAR1_HUMAN	2149	F2R	8.129	1197	1	0	1.0	0.0	8.129
ADA17_HUMAN	6868	ADAM17	8.121	1219	1	2	1.0	0.0	8.121
XRCC1_HUMAN	7515	XRCC1	8.113	1242	1	0	1.0	0.0	8.113
CD99_HUMAN	4267	CD99	8.107	1258	1	2	1.0	0.0	8.107
MECP2_HUMAN	4204	MECP2	8.105	1263	1	1	1.0	0.0	8.105
PNMA2_HUMAN	10687	PNMA2	8.105	1264	1	4	1.0	0.0	8.105
PTPA_HUMAN	5524	PTPA	8.102	1274	1	2	1.0	0.0	8.102
BCL6_HUMAN	604	BCL6	8.093	1300	1	0	1.0	0.0	8.093
PRGC1_HUMAN	10891	PPARGC1A	8.093	1298	1	0	1.0	0.0	8.093
ABCA1_HUMAN	19	ABCA1	8.082	1333	1	0	1.0	0.0	8.082
OPSD_HUMAN	6010	RHO	8.082	1333	1	3	1.0	0.0	8.082
ANGP1_HUMAN	284	ANGPT1	8.076	1351	1	0	1.0	0.0	8.076
TSC2_HUMAN	7249	TSC2	8.075	1353	1	0	1.0	0.0	8.075
MRP2_HUMAN	1244	ABCC2	8.062	1396	1	2	1.0	0.0	8.062
B3A3_HUMAN	6508	SLC4A3	8.059	1406	1	0	1.0	0.0	8.059
CCR7_HUMAN	1236	CCR7	8.058	1409	1	1	1.0	0.0	8.058
CDC42_HUMAN	998	CDC42	8.053	1425	1	0	1.0	0.0	8.053
TGM2_HUMAN	7052	TGM2	8.046	1447	1	1	1.0	0.0	8.046
HEPC_HUMAN	57817	HAMP	8.046	1449	1	0	1.0	0.0	8.046
NOD2_HUMAN	64127	NOD2	8.033	1493	1	0	1.0	0.0	8.033
TNFB_HUMAN	4049	LTA	8.029	1506	1	0	1.0	0.0	8.029
CO1A2_HUMAN	1278	COL1A2	8.019	1539	1	1	1.0	0.0	8.019
IRS1_HUMAN	3667	IRS1	8.018	1544	1	1	1.0	0.0	8.018
XIAP_HUMAN	331	XIAP	8.007	1584	1	3	1.0	0.0	8.007
GHR_HUMAN	2690	GHR	8.001	1605	1	0	1.0	0.0	8.001
VEGFC_HUMAN	7424	VEGFC	8.0	1609	1	1	1.0	0.0	8.0
K1C18_HUMAN	3875	KRT18	7.983	1674	1	0	1.0	0.0	7.983
LYSC_HUMAN	4069	LYZ	7.983	1675	1	0	1.0	0.0	7.983
IL9_HUMAN	3578	IL9	7.97	1724	1	1	1.0	0.0	7.97
MMP13_HUMAN	4322	MMP13	7.959	1769	1	5	1.0	0.0	7.959
GSHR_HUMAN	2936	GSR	7.957	1778	1	0	1.0	0.0	7.957
KPCA_HUMAN	5578	PRKCA	7.956	1780	1	1	1.0	0.0	7.956
ERG_HUMAN	2078	ERG	7.937	1860	1	1	1.0	0.0	7.937
CXA1_HUMAN	2697	GJA1	7.936	1865	1	0	1.0	0.0	7.936
GRP78_HUMAN	3309	HSPA5	7.934	1873	1	0	1.0	0.0	7.934
GRAB_HUMAN	3002	GZMB	7.93	1893	1	1	1.0	0.0	7.93
KPCD_HUMAN	5580	PRKCD	7.925	1915	1	0	1.0	0.0	7.925
JUNB_HUMAN	3726	JUNB	7.919	1939	1	0	1.0	0.0	7.919
PAX5_HUMAN	5079	PAX5	7.914	1964	1	0	1.0	0.0	7.914
THY1_HUMAN	7070	THY1	7.908	1988	1	0	1.0	0.0	7.908
CCNA2_HUMAN	890	CCNA2	7.903	2014	1	0	1.0	0.0	7.903
PGFRB_HUMAN	5159	PDGFRB	7.902	2018	1	0	1.0	0.0	7.902
PGFRA_HUMAN	5156	PDGFRA	7.901	2020	1	3	1.0	0.0	7.901
NLRP3_HUMAN	114548	NLRP3	7.895	2048	1	0	1.0	0.0	7.895
RAC1_HUMAN	5879	RAC1	7.88	2122	1	6	1.0	0.0	7.88
FA9_HUMAN	2158	F9	7.877	2136	1	0	1.0	0.0	7.877
AMPN_HUMAN	290	ANPEP	7.855	2249	1	0	1.0	0.0	7.855
CR1_HUMAN	1378	CR1	7.852	2262	1	0	1.0	0.0	7.852
K2C7_HUMAN	3855	KRT7	7.852	2263	1	0	1.0	0.0	7.852
ADA_HUMAN	100	ADA	7.844	2306	1	0	1.0	0.0	7.844
RUNX2_HUMAN	860	RUNX2	7.837	2344	1	3	1.0	0.0	7.837
G3P_HUMAN	2597	GAPDH	7.836	2349	1	0	1.0	0.0	7.836
GSTP1_HUMAN	2950	GSTP1	7.832	2367	1	0	1.0	0.0	7.832
P63_HUMAN	8626	TP63	7.832	2371	1	0	1.0	0.0	7.832
CERU_HUMAN	1356	CP	7.831	2373	1	0	1.0	0.0	7.831
IBP1_HUMAN	3484	IGFBP1	7.823	2421	1	0	1.0	0.0	7.823
HCFC1_HUMAN	3054	HCFC1	7.822	2426	1	0	1.0	0.0	7.822
LIPL_HUMAN	4023	LPL	7.807	2508	1	0	1.0	0.0	7.807
MP2K1_HUMAN	5604	MAP2K1	7.806	2516	1	0	1.0	0.0	7.806
SOX2_HUMAN	6657	SOX2	7.803	2534	1	8	1.0	0.0	7.803
PROM1_HUMAN	8842	PROM1	7.775	2703	1	5	1.0	0.0	7.775
ADA1D_HUMAN	146	ADRA1D	7.763	2777	1	0	1.0	0.0	7.763
IL2RB_HUMAN	3560	IL2RB	7.763	2780	1	0	1.0	0.0	7.763
TNR8_HUMAN	943	TNFRSF8	7.756	2823	1	0	1.0	0.0	7.756
STAT1_HUMAN	6772	STAT1	7.752	2847	1	0	1.0	0.0	7.752
CP2CJ_HUMAN	1557	CYP2C19	7.738	2941	1	0	1.0	0.0	7.738
ITB1_HUMAN	3688	ITGB1	7.73	2999	1	3	1.0	0.0	7.73
AGTR1_HUMAN	185	AGTR1	7.726	3025	1	0	1.0	0.0	7.726
TNF11_HUMAN	8600	TNFSF11	7.721	3060	1	0	1.0	0.0	7.721
CP2C9_HUMAN	1559	CYP2C9	7.716	3093	1	0	1.0	0.0	7.716
CP1A2_HUMAN	1544	CYP1A2	7.714	3110	1	1	1.0	0.0	7.714
GFAP_HUMAN	2670	GFAP	7.705	3173	1	1	1.0	0.0	7.705
SDF1_HUMAN	6387	CXCL12	7.698	3227	1	1	1.0	0.0	7.698
UROK_HUMAN	5328	PLAU	7.684	3329	1	3	1.0	0.0	7.684
ITA2B_HUMAN	3674	ITGA2B	7.672	3429	1	0	1.0	0.0	7.672
PPARA_HUMAN	5465	PPARA	7.67	3441	1	0	1.0	0.0	7.67
CYTC_HUMAN	1471	CST3	7.665	3479	1	2	1.0	0.0	7.665
CD5_HUMAN	921	CD5	7.663	3497	1	0	1.0	0.0	7.663
ELN_HUMAN	2006	ELN	7.658	3538	1	2	1.0	0.0	7.658
IFNA2_HUMAN	3440	IFNA2	7.64	3683	1	0	1.0	0.0	7.64
DPP4_HUMAN	1803	DPP4	7.63	3775	1	1	1.0	0.0	7.63
APRIO_HUMAN	5621	PRNP	7.626	3805	1	1	1.0	0.0	7.626
ENOG_HUMAN	2026	ENO2	7.609	3962	1	0	1.0	0.0	7.609
IL18_HUMAN	3606	IL18	7.609	3957	1	0	1.0	0.0	7.609
BMP2_HUMAN	650	BMP2	7.603	4018	1	3	1.0	0.0	7.603
TKN1_HUMAN	6863	TAC1	7.563	4407	1	0	1.0	0.0	7.563
LDLR_HUMAN	3949	LDLR	7.562	4411	1	0	1.0	0.0	7.562
SP1_HUMAN	6667	SP1	7.545	4591	1	0	1.0	0.0	7.545
MP2K7_HUMAN	5609	MAP2K7	7.543	4606	1	0	1.0	0.0	7.543
S10A1_HUMAN	6271	S100A1	7.536	4688	1	0	1.0	0.0	7.536
DDIT3_HUMAN	1649	DDIT3	7.527	4779	1	0	1.0	0.0	7.527
CATA_HUMAN	847	CAT	7.526	4790	1	0	1.0	0.0	7.526
SODC_HUMAN	6647	SOD1	7.499	5101	1	0	1.0	0.0	7.499
GAST_HUMAN	2520	GAST	7.496	5136	1	2	1.0	0.0	7.496
TNR5_HUMAN	958	CD40	7.493	5172	1	0	1.0	0.0	7.493
NOS2_HUMAN	4843	NOS2	7.488	5227	1	1	1.0	0.0	7.488
CXCR4_HUMAN	7852	CXCR4	7.475	5392	1	0	1.0	0.0	7.475
CASP8_HUMAN	841	CASP8	7.461	5573	1	1	1.0	0.0	7.461
CD19_HUMAN	930	CD19	7.433	5943	1	0	1.0	0.0	7.433
A1AT_HUMAN	5265	SERPINA1	7.414	6209	1	0	1.0	0.0	7.414
NCAM1_HUMAN	4684	NCAM1	7.405	6337	1	0	1.0	0.0	7.405
PERM_HUMAN	4353	MPO	7.403	6357	1	0	1.0	0.0	7.403
MK08_HUMAN	5599	MAPK8	7.392	6528	1	1	1.0	0.0	7.392
FGF2_HUMAN	2247	FGF2	7.388	6580	1	1	1.0	0.0	7.388
OSTCN_HUMAN	632	BGLAP	7.365	6938	1	0	1.0	0.0	7.365
LEP_HUMAN	3952	LEP	7.361	7002	1	0	1.0	0.0	7.361
ALAT1_HUMAN	2875	GPT	7.299	8086	1	0	1.0	0.0	7.299
CCL2_HUMAN	6347	CCL2	7.205	10029	1	0	1.0	0.0	7.205
ANGT_HUMAN	183	AGT	7.142	11591	1	0	1.0	0.0	7.142
ICAM1_HUMAN	3383	ICAM1	7.14	11659	1	0	1.0	0.0	7.14
MMP9_HUMAN	4318	MMP9	7.07	13703	1	0	1.0	0.0	7.07
PTHY_HUMAN	5741	PTH	7.07	13691	1	0	1.0	0.0	7.07
IL1A_HUMAN	3552	IL1A	7.04	14669	1	0	1.0	0.0	7.04
CD59_HUMAN	966	CD59	7.038	14755	1	0	1.0	0.0	7.038
FIBB_HUMAN	2244	FGB	7.02	15352	1	0	1.0	0.0	7.02
EPO_HUMAN	2056	EPO	7.014	15574	1	0	1.0	0.0	7.014
CD8A_HUMAN	925	CD8A	6.744	28961	1	0	1.0	0.0	6.744
