Big_T	7570
Big_F	17252753
UniProtKB_ID	GeneID	Gene_Name	PPS	Big_P	T+P	Citation	1+Log(T+P)	log10((Cit/yr+1)/10)	1+log10(F/T)+log10(F/P)
IDHC_HUMAN	3417	IDH1	46.899	1683	374	1074	3.573	2.031	8.369
EGFR_HUMAN	1956	EGFR	39.815	30695	490	815	3.69	1.912	7.107
ARF_HUMAN	1029	CDKN2A	34.69	9187	144	243	3.158	1.387	7.631
P53_HUMAN	7157	TP53	33.768	46130	273	272	3.436	1.436	6.931
BRAF_HUMAN	673	BRAF	32.242	6965	88	163	2.944	1.215	7.752
PTEN_HUMAN	5728	PTEN	29.785	6259	66	99	2.82	1.0	7.798
CTNB1_HUMAN	1499	CTNNB1	29.682	8844	65	116	2.813	1.068	7.648
MSH6_HUMAN	2956	MSH6	28.581	1307	47	49	2.672	0.699	8.478
ERBB2_HUMAN	2064	ERBB2	28.478	26330	36	258	2.556	1.413	7.174
AIP_HUMAN	9049	AIP	27.97	132	28	31	2.447	0.505	9.474
SNF5_HUMAN	6598	SMARCB1	27.709	603	48	28	2.681	0.462	8.814
MEN1_HUMAN	4221	MEN1	27.308	1723	74	24	2.869	0.398	8.358
MGMT_HUMAN	4255	MGMT	26.364	2601	44	37	2.643	0.58	8.179
CDK4_HUMAN	1019	CDK4	26.216	3335	59	29	2.771	0.477	8.071
NF1_HUMAN	4763	NF1	23.539	5140	44	21	2.643	0.342	7.884
HIF1A_HUMAN	3091	HIF1A	22.387	7140	13	59	2.114	0.778	7.741
VHL_HUMAN	7428	VHL	22.371	2280	52	5	2.716	0.0	8.237
PK3CA_HUMAN	5290	PIK3CA	22.329	2646	15	35	2.176	0.556	8.172
RASK_HUMAN	3845	KRAS	22.282	10492	25	34	2.398	0.544	7.574
AKT1_HUMAN	207	AKT1	22.019	18505	23	43	2.362	0.643	7.327
MTOR_HUMAN	2475	MTOR	21.994	14590	24	37	2.38	0.58	7.43
TERT_HUMAN	7015	TERT	21.895	4242	14	39	2.146	0.602	7.967
PTC1_HUMAN	5727	PTCH1	21.687	993	9	36	1.954	0.568	8.598
MERL_HUMAN	4771	NF2	21.675	1519	29	12	2.462	0.114	8.413
MLH1_HUMAN	4292	MLH1	21.381	3231	21	20	2.322	0.322	8.085
MYC_HUMAN	4609	MYC	21.33	10313	31	20	2.491	0.322	7.581
MYCN_HUMAN	4613	MYCN	21.292	2383	26	14	2.415	0.176	8.217
ALEX_HUMAN	2778	GNAS	21.261	1281	32	6	2.505	0.0	8.487
CIC_HUMAN	23152	CIC	20.68	54	5	24	1.699	0.398	9.862
PGFRA_HUMAN	5156	PDGFRA	20.605	2020	9	33	1.954	0.531	8.289
DMBT1_HUMAN	1755	DMBT1	20.58	181	16	4	2.204	0.0	9.337
SOMA_HUMAN	2688	GH1	20.525	20651	44	14	2.643	0.176	7.279
ALK_HUMAN	238	ALK	20.041	2791	16	17	2.204	0.255	8.149
CDN1B_HUMAN	1027	CDKN1B	20.034	3007	21	13	2.322	0.146	8.116
KRIT1_HUMAN	889	KRIT1	20.008	187	14	1	2.146	0.0	9.323
TSC1_HUMAN	7248	TSC1	19.983	1381	21	10	2.322	0.041	8.454
PDC10_HUMAN	11235	PDCD10	19.389	125	11	9	2.041	0.0	9.498
CDN1A_HUMAN	1026	CDKN1A	19.377	5857	23	12	2.362	0.114	7.827
RASN_HUMAN	4893	NRAS	19.181	2546	11	19	2.041	0.301	8.189
H33_HUMAN	3021	H3F3B	19.025	51	3	27	1.477	0.447	9.887
OLIG2_HUMAN	10215	OLIG2	18.904	318	12	2	2.079	0.0	9.092
CHK2_HUMAN	11200	CHEK2	18.653	1355	8	19	1.903	0.301	8.463
MIB1_HUMAN	57534	MIB1	18.637	3128	20	3	2.301	0.0	8.099
AKT3_HUMAN	10000	AKT3	18.573	289	6	17	1.778	0.255	9.134
ACVR1_HUMAN	90	ACVR1	18.521	270	3	34	1.477	0.544	9.163
CFAH_HUMAN	3075	CFH	18.496	1793	15	10	2.176	0.041	8.341
RB_HUMAN	5925	RB1	18.416	4614	21	9	2.322	0.0	7.93
FGFR1_HUMAN	2260	FGFR1	18.322	1615	9	16	1.954	0.23	8.386
PMS2_HUMAN	5395	PMS2	18.287	879	13	0	2.114	0.0	8.651
KAP0_HUMAN	5573	PRKAR1A	18.247	296	10	3	2.0	0.0	9.123
ATM_HUMAN	472	ATM	17.994	2339	11	13	2.041	0.146	8.226
GLI2_HUMAN	2736	GLI2	17.835	4855	4	44	1.602	0.653	7.908
BRCA1_HUMAN	672	BRCA1	17.646	9743	19	10	2.279	0.041	7.606
SUFU_HUMAN	51684	SUFU	17.621	128	6	11	1.778	0.079	9.487
APC_HUMAN	324	APC	17.606	619	10	0	2.0	0.0	8.803
SHH_HUMAN	6469	SHH	17.475	1302	5	22	1.699	0.362	8.48
TACC3_HUMAN	10460	TACC3	17.45	101	2	32	1.301	0.519	9.59
RASH_HUMAN	3265	HRAS	17.419	2263	13	9	2.114	0.0	8.24
GLI3_HUMAN	2737	GLI3	17.351	300	8	2	1.903	0.0	9.117
ATRX_HUMAN	546	ATRX	17.248	340	4	19	1.602	0.301	9.063
ADRM1_HUMAN	11047	ADRM1	17.169	374	8	2	1.903	0.0	9.022
MDM2_HUMAN	4193	MDM2	17.006	3545	13	5	2.114	0.0	8.045
GLI1_HUMAN	2735	GLI1	16.857	1025	4	22	1.602	0.362	8.584
GFAP_HUMAN	2670	GFAP	16.827	3173	12	0	2.079	0.0	8.093
K1549_HUMAN	57670	KIAA1549	16.69	59	5	6	1.699	0.0	9.824
CTNA1_HUMAN	1495	CTNNA1	16.479	98	1	51	1.0	0.716	9.603
CDK6_HUMAN	1021	CDK6	16.434	1532	6	14	1.778	0.176	8.409
MUTYH_HUMAN	4595	MUTYH	16.358	536	7	6	1.845	0.0	8.865
SLIB_HUMAN	2691	GHRH	16.348	2635	10	0	2.0	0.0	8.174
PARP1_HUMAN	142	PARP1	16.168	6579	6	19	1.778	0.301	7.776
DCC_HUMAN	1630	DCC	15.982	404	6	2	1.778	0.0	8.988
NBN_HUMAN	4683	NBN	15.782	1099	7	1	1.845	0.0	8.554
SDHA_HUMAN	6389	SDHA	15.764	207	5	7	1.699	0.0	9.279
WWOX_HUMAN	51741	WWOX	15.764	207	5	6	1.699	0.0	9.279
MP2K7_HUMAN	5609	MAP2K7	15.722	4606	8	11	1.903	0.079	7.931
PROP1_HUMAN	5626	PROP1	15.686	230	5	2	1.699	0.0	9.233
TSC2_HUMAN	7249	TSC2	15.616	1353	7	1	1.845	0.0	8.463
KIT_HUMAN	3815	KIT	15.565	6488	10	3	2.0	0.0	7.782
AGAP2_HUMAN	116986	AGAP2	15.392	97	2	19	1.301	0.301	9.608
SDHB_HUMAN	6390	SDHB	15.355	910	6	5	1.778	0.0	8.636
FGFR4_HUMAN	2264	FGFR4	15.26	410	5	6	1.699	0.0	8.982
BRCA2_HUMAN	675	BRCA2	15.16	6283	8	10	1.903	0.041	7.796
KMT2C_HUMAN	58508	KMT2C	15.111	107	1	37	1.0	0.58	9.565
ASPM_HUMAN	259266	ASPM	15.111	125	3	12	1.477	0.114	9.498
TBR1_HUMAN	10716	TBR1	14.99	77	1	34	1.0	0.544	9.708
TRIM3_HUMAN	10612	TRIM3	14.945	30	3	6	1.477	0.0	10.117
DICER_HUMAN	23405	DICER1	14.875	691	5	6	1.699	0.0	8.755
CMGA_HUMAN	1113	CHGA	14.864	3455	7	1	1.845	0.0	8.056
KLF6_HUMAN	1316	KLF6	14.829	218	4	2	1.602	0.0	9.256
EWS_HUMAN	2130	EWSR1	14.712	862	5	9	1.699	0.0	8.659
RET_HUMAN	5979	RET	14.698	4253	7	3	1.845	0.0	7.966
RASF1_HUMAN	11186	RASSF1	14.593	1012	5	7	1.699	0.0	8.589
CTC1_HUMAN	80169	CTC1	14.489	61	3	2	1.477	0.0	9.809
MK14_HUMAN	1432	MAPK14	14.051	8447	4	16	1.602	0.23	7.668
ESR1_HUMAN	2099	ESR1	13.977	13814	3	24	1.477	0.398	7.454
FHIT_HUMAN	2272	FHIT	13.96	760	4	0	1.602	0.0	8.714
NSD1_HUMAN	64324	NSD1	13.847	166	3	0	1.477	0.0	9.374
STK11_HUMAN	6794	STK11	13.829	917	4	0	1.602	0.0	8.632
ANDR_HUMAN	367	AR	13.791	6901	6	3	1.778	0.0	7.756
DESM_HUMAN	1674	DES	13.707	3365	5	0	1.699	0.0	8.068
DPOD1_HUMAN	5424	POLD1	13.662	396	3	10	1.477	0.041	8.997
RACK1_HUMAN	10399	RACK1	13.569	256	3	0	1.477	0.0	9.186
CEBPA_HUMAN	1050	CEBPA	13.566	1727	3	13	1.477	0.146	8.357
KCD11_HUMAN	147040	KCTD11	13.484	17	2	2	1.301	0.0	10.364
FOXG1_HUMAN	2290	FOXG1	13.408	329	3	1	1.477	0.0	9.077
PSN1_HUMAN	5663	PSEN1	13.408	1680	4	0	1.602	0.0	8.369
FSHB_HUMAN	2488	FSHB	13.371	349	3	0	1.477	0.0	9.052
GTR1_HUMAN	6513	SLC2A1	13.323	2436	2	20	1.301	0.322	8.208
PTTG1_HUMAN	9232	PTTG1	13.314	381	3	0	1.477	0.0	9.014
CPT1C_HUMAN	126129	CPT1C	13.289	24	2	3	1.301	0.0	10.214
DHSD_HUMAN	6392	SDHD	13.281	401	3	3	1.477	0.0	8.991
RFOX3_HUMAN	146713	RBFOX3	13.261	414	3	0	1.477	0.0	8.978
ABL1_HUMAN	25	ABL1	13.242	6311	5	1	1.699	0.0	7.794
FGF3_HUMAN	2248	FGF3	13.205	452	3	1	1.477	0.0	8.939
EMP3_HUMAN	2014	EMP3	13.202	28	2	1	1.301	0.0	10.147
WT1_HUMAN	7490	WT1	13.191	2295	4	0	1.602	0.0	8.234
CREB1_HUMAN	1385	CREB1	13.141	2466	4	1	1.602	0.0	8.203
CTCF_HUMAN	10664	CTCF	13.13	508	3	1	1.477	0.0	8.889
LSAMP_HUMAN	4045	LSAMP	13.06	36	2	1	1.301	0.0	10.038
PARK7_HUMAN	11315	PARK7	13.046	579	3	4	1.477	0.0	8.832
TNR6_HUMAN	355	FAS	13.035	2871	4	0	1.602	0.0	8.137
GNRHR_HUMAN	2798	GNRHR	12.965	657	3	0	1.477	0.0	8.777
IGF1_HUMAN	3479	IGF1	12.924	21183	6	4	1.778	0.0	7.268
ENOG_HUMAN	2026	ENO2	12.811	3962	4	1	1.602	0.0	7.997
GA45G_HUMAN	10912	GADD45G	12.8	57	2	1	1.301	0.0	9.839
GRN_HUMAN	2896	GRN	12.791	861	3	5	1.477	0.0	8.66
CH3L1_HUMAN	1116	CHI3L1	12.774	884	3	6	1.477	0.0	8.648
PDE11_HUMAN	50940	PDE11A	12.771	60	2	3	1.301	0.0	9.816
TNR16_HUMAN	4804	NGFR	12.703	988	3	2	1.477	0.0	8.6
NKX21_HUMAN	7080	NKX2-1	12.684	1017	3	2	1.477	0.0	8.587
DOCK1_HUMAN	1793	DOCK1	12.631	77	2	7	1.301	0.0	9.708
CHK1_HUMAN	1111	CHEK1	12.546	1262	3	8	1.477	0.0	8.494
BCL6_HUMAN	604	BCL6	12.527	1300	3	0	1.477	0.0	8.481
EZH2_HUMAN	2146	EZH2	12.523	1309	3	8	1.477	0.0	8.478
FGFR3_HUMAN	2261	FGFR3	12.522	1310	3	1	1.477	0.0	8.477
REV3L_HUMAN	5980	REV3L	12.5	97	2	3	1.301	0.0	9.608
FABP7_HUMAN	2173	FABP7	12.477	101	2	1	1.301	0.0	9.59
VGFR2_HUMAN	3791	KDR	12.471	6464	4	3	1.602	0.0	7.784
SETX_HUMAN	23064	SETX	12.424	111	2	0	1.301	0.0	9.549
DNMT1_HUMAN	1786	DNMT1	12.403	1576	3	9	1.477	0.0	8.397
A4_HUMAN	351	APP	12.395	7204	4	1	1.602	0.0	7.737
HAX1_HUMAN	10456	HAX1	12.394	117	2	1	1.301	0.0	9.526
E2JJS1_HUMAN	100288687	DUX4	12.394	117	2	0	1.301	0.0	9.526
CTND2_HUMAN	1501	CTNND2	12.382	34	1	16	1.0	0.23	10.063
ERCC1_HUMAN	2067	ERCC1	12.372	1656	3	0	1.477	0.0	8.376
TREX1_HUMAN	11277	TREX1	12.371	122	2	1	1.301	0.0	9.508
TEFF2_HUMAN	23671	TMEFF2	12.371	122	2	2	1.301	0.0	9.508
CAV1_HUMAN	857	CAV1	12.364	1675	3	0	1.477	0.0	8.371
ETV6_HUMAN	2120	ETV6	12.346	1723	3	1	1.477	0.0	8.358
COX8A_HUMAN	1351	COX8A	12.322	7998	4	3	1.602	0.0	7.692
BCL2_HUMAN	596	BCL2	12.271	23522	5	1	1.699	0.0	7.223
ZHX2_HUMAN	22882	ZHX2	12.265	1955	3	9	1.477	0.0	8.303
NLRP3_HUMAN	114548	NLRP3	12.235	2048	3	1	1.477	0.0	8.283
GNA11_HUMAN	2767	GNA11	12.203	164	2	0	1.301	0.0	9.38
HIC1_HUMAN	3090	HIC1	12.193	167	2	1	1.301	0.0	9.372
VIME_HUMAN	7431	VIM	12.148	10272	4	0	1.602	0.0	7.583
MDR1_HUMAN	5243	ABCB1	12.126	10598	4	1	1.602	0.0	7.569
8ODP_HUMAN	4521	NUDT1	12.108	194	2	0	1.301	0.0	9.307
XCT_HUMAN	23657	SLC7A11	12.083	203	2	1	1.301	0.0	9.287
MSH2_HUMAN	4436	MSH2	12.082	2603	3	0	1.477	0.0	8.179
SEM4D_HUMAN	10507	SEMA4D	12.08	204	2	3	1.301	0.0	9.285
PROM1_HUMAN	8842	PROM1	12.057	2703	3	8	1.477	0.0	8.163
DAXX_HUMAN	1616	DAXX	12.03	223	2	1	1.301	0.0	9.246
VEGFA_HUMAN	7422	VEGFA	12.028	32733	5	3	1.699	0.0	7.08
FUBP1_HUMAN	8880	FUBP1	11.996	70	1	16	1.0	0.23	9.75
CDK2_HUMAN	1017	CDK2	11.962	3134	3	4	1.477	0.0	8.099
GCR_HUMAN	2908	NR3C1	11.939	3252	3	0	1.477	0.0	8.082
IFI27_HUMAN	3429	IFI27	11.925	3320	3	0	1.477	0.0	8.073
ING1_HUMAN	3621	ING1	11.915	273	2	0	1.301	0.0	9.158
CAD13_HUMAN	1012	CDH13	11.903	279	2	7	1.301	0.0	9.149
GLHA_HUMAN	1081	CGA	11.893	284	2	0	1.301	0.0	9.141
CSF2_HUMAN	1437	CSF2	11.885	14987	4	1	1.602	0.0	7.419
SF3B1_HUMAN	23451	SF3B1	11.879	291	2	0	1.301	0.0	9.131
AXIN2_HUMAN	8313	AXIN2	11.877	292	2	3	1.301	0.0	9.129
MYCL_HUMAN	4610	MYCL	11.858	302	2	1	1.301	0.0	9.115
NDRG1_HUMAN	10397	NDRG1	11.858	302	2	3	1.301	0.0	9.115
ETS2_HUMAN	2114	ETS2	11.856	303	2	2	1.301	0.0	9.113
CTLA4_HUMAN	1493	CTLA4	11.834	3826	3	2	1.477	0.0	8.012
GNAQ_HUMAN	2776	GNAQ	11.831	317	2	0	1.301	0.0	9.094
PERF_HUMAN	5551	PRF1	11.827	319	2	0	1.301	0.0	9.091
MDM4_HUMAN	4194	MDM4	11.826	320	2	0	1.301	0.0	9.089
BUB1B_HUMAN	701	BUB1B	11.82	323	2	0	1.301	0.0	9.085
CP2D6_HUMAN	1565	CYP2D6	11.801	4031	3	0	1.477	0.0	7.989
JAK2_HUMAN	3717	JAK2	11.771	4222	3	1	1.477	0.0	7.969
CADM1_HUMAN	23705	CADM1	11.762	358	2	1	1.301	0.0	9.041
HDAC6_HUMAN	10013	HDAC6	11.732	378	2	0	1.301	0.0	9.017
MTHR_HUMAN	4524	MTHFR	11.728	4515	3	5	1.477	0.0	7.94
HMGA1_HUMAN	3159	HMGA1	11.7	400	2	0	1.301	0.0	8.993
PRKN_HUMAN	5071	PRKN	11.698	401	2	9	1.301	0.0	8.991
DLG4_HUMAN	1742	DLG4	11.688	408	2	3	1.301	0.0	8.984
FLNA_HUMAN	2316	FLNA	11.638	446	2	3	1.301	0.0	8.945
41_HUMAN	2035	EPB41	11.628	454	2	0	1.301	0.0	8.938
SMO_HUMAN	6608	SMO	11.628	454	2	3	1.301	0.0	8.938
NEST_HUMAN	10763	NES	11.613	466	2	1	1.301	0.0	8.926
NEU2_HUMAN	551	AVP	11.61	5426	3	0	1.477	0.0	7.86
ARHL1_HUMAN	113622	ADPRHL1	11.595	1	1	0	1.0	0.0	11.595
CNTF_HUMAN	1270	CNTF	11.569	504	2	0	1.301	0.0	8.892
ATF2_HUMAN	1386	ATF2	11.558	514	2	1	1.301	0.0	8.884
PIT1_HUMAN	5449	POU1F1	11.505	564	2	1	1.301	0.0	8.843
FGF2_HUMAN	2247	FGF2	11.486	6580	3	0	1.477	0.0	7.776
PDGFA_HUMAN	5154	PDGFA	11.441	632	2	3	1.301	0.0	8.794
ATX2_HUMAN	6311	ATXN2	11.421	655	2	0	1.301	0.0	8.778
P85A_HUMAN	5295	PIK3R1	11.418	658	2	6	1.301	0.0	8.776
AURKB_HUMAN	9212	AURKB	11.414	663	2	1	1.301	0.0	8.773
IL2_HUMAN	3558	IL2	11.399	30132	4	4	1.602	0.0	7.115
FUS_HUMAN	2521	FUS	11.377	708	2	0	1.301	0.0	8.745
FSHR_HUMAN	2492	FSHR	11.35	743	2	0	1.301	0.0	8.724
ETS1_HUMAN	2113	ETS1	11.313	793	2	8	1.301	0.0	8.695
MC4R_HUMAN	4160	MC4R	11.308	800	2	3	1.301	0.0	8.691
NT5D3_HUMAN	51559	NT5DC3	11.294	2	1	0	1.0	0.0	11.294
OTU6B_HUMAN	51633	OTUD6B	11.294	2	1	0	1.0	0.0	11.294
NTRK2_HUMAN	4915	NTRK2	11.261	870	2	1	1.301	0.0	8.655
FOXM1_HUMAN	2305	FOXM1	11.259	872	2	7	1.301	0.0	8.654
LRRK2_HUMAN	120892	LRRK2	11.257	876	2	3	1.301	0.0	8.652
YAP1_HUMAN	10413	YAP1	11.256	877	2	4	1.301	0.0	8.652
IFI44_HUMAN	10561	IFI44	11.24	902	2	1	1.301	0.0	8.639
DPYD_HUMAN	1806	DPYD	11.23	919	2	0	1.301	0.0	8.631
EPAS1_HUMAN	2034	EPAS1	11.207	957	2	2	1.301	0.0	8.614
CP21A_HUMAN	1589	CYP21A2	11.199	970	2	0	1.301	0.0	8.608
FETA_HUMAN	174	AFP	11.197	10333	3	2	1.477	0.0	7.58
NUP62_HUMAN	23636	NUP62	11.194	979	2	3	1.301	0.0	8.604
TIMP3_HUMAN	7078	TIMP3	11.164	1032	2	1	1.301	0.0	8.581
SLIK4_HUMAN	139065	SLITRK4	11.117	3	1	0	1.0	0.0	11.117
HXK1_HUMAN	3098	HK1	11.106	1143	2	1	1.301	0.0	8.537
CDR1_HUMAN	1038	CDR1	11.092	1172	2	1	1.301	0.0	8.526
FCGRN_HUMAN	2217	FCGRT	11.092	1173	2	0	1.301	0.0	8.525
PDLI7_HUMAN	9260	PDLIM7	11.058	1246	2	0	1.301	0.0	8.499
GDNF_HUMAN	2668	GDNF	11.054	1253	2	0	1.301	0.0	8.497
EGLN_HUMAN	2022	ENG	11.051	1261	2	1	1.301	0.0	8.494
MECP2_HUMAN	4204	MECP2	11.05	1263	2	0	1.301	0.0	8.493
ARL4A_HUMAN	10124	ARL4A	10.993	4	1	0	1.0	0.0	10.993
INT1_HUMAN	26173	INTS1	10.993	4	1	1	1.0	0.0	10.993
DONS_HUMAN	29980	DONSON	10.993	4	1	0	1.0	0.0	10.993
E2F1_HUMAN	1869	E2F1	10.948	1512	2	1	1.301	0.0	8.415
CO1A2_HUMAN	1278	COL1A2	10.938	1539	2	4	1.301	0.0	8.407
CBP_HUMAN	1387	CREBBP	10.916	1601	2	1	1.301	0.0	8.39
RAD51_HUMAN	5888	RAD51	10.905	1631	2	0	1.301	0.0	8.382
DUS15_HUMAN	128853	DUSP15	10.896	5	1	0	1.0	0.0	10.896
CADH2_HUMAN	1000	CDH2	10.887	1685	2	1	1.301	0.0	8.368
KPCA_HUMAN	5578	PRKCA	10.856	1780	2	0	1.301	0.0	8.344
ERG_HUMAN	2078	ERG	10.831	1860	2	0	1.301	0.0	8.325
CXA1_HUMAN	2697	GJA1	10.83	1865	2	3	1.301	0.0	8.324
DDRGK_HUMAN	65992	DDRGK1	10.816	6	1	1	1.0	0.0	10.816
SPRE3_HUMAN	399473	SPRED3	10.816	6	1	0	1.0	0.0	10.816
NMDZ1_HUMAN	2902	GRIN1	10.802	654	1	16	1.0	0.23	8.779
KMT2A_HUMAN	4297	KMT2A	10.764	2095	2	0	1.301	0.0	8.273
RAB6C_HUMAN	84084	RAB6C	10.75	7	1	2	1.0	0.0	10.75
ATP23_HUMAN	91419	ATP23	10.75	7	1	0	1.0	0.0	10.75
CITE4_HUMAN	163732	CITED4	10.75	7	1	0	1.0	0.0	10.75
AHR_HUMAN	196	AHR	10.734	2209	2	0	1.301	0.0	8.25
TSP1_HUMAN	7057	THBS1	10.719	2268	2	1	1.301	0.0	8.239
DRD2_HUMAN	1813	DRD2	10.709	2309	2	0	1.301	0.0	8.231
PK3CD_HUMAN	5293	PIK3CD	10.696	6997	2	11	1.301	0.079	7.75
ARHGQ_HUMAN	26084	ARHGEF26	10.692	8	1	2	1.0	0.0	10.692
PRUN1_HUMAN	58497	PRUNE1	10.692	8	1	0	1.0	0.0	10.692
ZSWM7_HUMAN	125150	ZSWIM7	10.692	8	1	2	1.0	0.0	10.692
STAT3_HUMAN	6774	STAT3	10.679	7199	2	11	1.301	0.079	7.737
SOX2_HUMAN	6657	SOX2	10.656	2534	2	7	1.301	0.0	8.191
PD1L1_HUMAN	29126	CD274	10.65	2564	2	4	1.301	0.0	8.186
CDKL3_HUMAN	51265	CDKL3	10.64	9	1	0	1.0	0.0	10.64
UNC5D_HUMAN	137970	UNC5D	10.64	9	1	3	1.0	0.0	10.64
BHA09_HUMAN	727857	BHLHA9	10.64	9	1	0	1.0	0.0	10.64
CSF1_HUMAN	1435	CSF1	10.638	2616	2	4	1.301	0.0	8.177
MCL1_HUMAN	4170	MCL1	10.627	2669	2	0	1.301	0.0	8.168
SYPH_HUMAN	6855	SYP	10.613	2735	2	0	1.301	0.0	8.158
MB212_HUMAN	10586	MAB21L2	10.595	10	1	4	1.0	0.0	10.595
PDS5A_HUMAN	23244	PDS5A	10.595	10	1	0	1.0	0.0	10.595
SYT9_HUMAN	143425	SYT9	10.595	10	1	0	1.0	0.0	10.595
BACD1_HUMAN	253980	KCTD13	10.595	10	1	5	1.0	0.0	10.595
FRYL_HUMAN	285527	FRYL	10.595	10	1	0	1.0	0.0	10.595
GSK3B_HUMAN	2932	GSK3B	10.592	2838	2	1	1.301	0.0	8.142
PI42B_HUMAN	8396	PIP4K2B	10.553	11	1	0	1.0	0.0	10.553
RPH3L_HUMAN	9501	RPH3AL	10.553	11	1	0	1.0	0.0	10.553
GMFG_HUMAN	9535	GMFG	10.553	11	1	0	1.0	0.0	10.553
CPSF5_HUMAN	11051	NUDT21	10.553	11	1	1	1.0	0.0	10.553
TRI36_HUMAN	55521	TRIM36	10.515	12	1	0	1.0	0.0	10.515
BIN3_HUMAN	55909	BIN3	10.515	12	1	0	1.0	0.0	10.515
GLUC_HUMAN	2641	GCG	10.5	3341	2	0	1.301	0.0	8.071
DOCK7_HUMAN	85440	DOCK7	10.481	13	1	1	1.0	0.0	10.481
K9JJH7_HUMAN	200424	TET3	10.465	79	1	11	1.0	0.079	9.697
RHOV_HUMAN	171177	RHOV	10.448	14	1	0	1.0	0.0	10.448
IFNA2_HUMAN	3440	IFNA2	10.445	3683	2	0	1.301	0.0	8.028
SBNO2_HUMAN	22904	SBNO2	10.419	15	1	0	1.0	0.0	10.419
FBX3_HUMAN	26273	FBXO3	10.419	15	1	1	1.0	0.0	10.419
BRAT1_HUMAN	221927	BRAT1	10.419	15	1	0	1.0	0.0	10.419
CHD8_HUMAN	57680	CHD8	10.406	40	1	10	1.0	0.041	9.993
ST17A_HUMAN	9263	STK17A	10.39	16	1	0	1.0	0.0	10.39
ATD3A_HUMAN	55210	ATAD3A	10.39	16	1	1	1.0	0.0	10.39
NEDD1_HUMAN	121441	NEDD1	10.39	16	1	0	1.0	0.0	10.39
KCNG3_HUMAN	170850	KCNG3	10.39	16	1	1	1.0	0.0	10.39
UBAP1_HUMAN	51271	UBAP1	10.364	17	1	0	1.0	0.0	10.364
UFC1_HUMAN	51506	UFC1	10.364	17	1	0	1.0	0.0	10.364
PPIE_HUMAN	10450	PPIE	10.339	18	1	0	1.0	0.0	10.339
NEP_HUMAN	4311	MME	10.328	4534	2	0	1.301	0.0	7.938
BRK1_HUMAN	55845	BRK1	10.316	19	1	1	1.0	0.0	10.316
FANCB_HUMAN	2187	FANCB	10.297	4785	2	0	1.301	0.0	7.915
GNAI2_HUMAN	2771	GNAI2	10.294	20	1	0	1.0	0.0	10.294
RN115_HUMAN	27246	RNF115	10.294	20	1	2	1.0	0.0	10.294
TNF10_HUMAN	8743	TNFSF10	10.292	4830	2	0	1.301	0.0	7.911
EGF_HUMAN	1950	EGF	10.284	4898	2	0	1.301	0.0	7.905
DPH1_HUMAN	1801	DPH1	10.272	21	1	0	1.0	0.0	10.272
PCDH9_HUMAN	5101	PCDH9	10.272	21	1	2	1.0	0.0	10.272
RRAGA_HUMAN	10670	RRAGA	10.272	21	1	3	1.0	0.0	10.272
MMP1_HUMAN	4312	MMP1	10.265	5066	2	0	1.301	0.0	7.89
CHD5_HUMAN	26038	CHD5	10.262	55	1	10	1.0	0.041	9.854
GAST_HUMAN	2520	GAST	10.257	5136	2	0	1.301	0.0	7.884
NOS2_HUMAN	4843	NOS2	10.247	5227	2	1	1.301	0.0	7.876
RASM_HUMAN	22808	MRAS	10.214	24	1	0	1.0	0.0	10.214
CE152_HUMAN	22995	CEP152	10.214	24	1	8	1.0	0.0	10.214
JUN_HUMAN	3725	JUN	10.207	5610	2	0	1.301	0.0	7.846
BCL9L_HUMAN	283149	BCL9L	10.197	25	1	0	1.0	0.0	10.197
KAD6_HUMAN	102157402	AK6	10.197	25	1	0	1.0	0.0	10.197
ELAV4_HUMAN	1996	ELAVL4	10.18	26	1	0	1.0	0.0	10.18
GAS7_HUMAN	8522	GAS7	10.18	26	1	0	1.0	0.0	10.18
DOK2_HUMAN	9046	DOK2	10.18	26	1	0	1.0	0.0	10.18
SPAG5_HUMAN	10615	SPAG5	10.18	26	1	4	1.0	0.0	10.18
TBB2B_HUMAN	347733	TUBB2B	10.18	26	1	0	1.0	0.0	10.18
PA24C_HUMAN	8605	PLA2G4C	10.163	27	1	0	1.0	0.0	10.163
ABHD2_HUMAN	11057	ABHD2	10.163	27	1	2	1.0	0.0	10.163
LMBL1_HUMAN	26013	L3MBTL1	10.163	27	1	0	1.0	0.0	10.163
AJAP1_HUMAN	55966	AJAP1	10.163	27	1	1	1.0	0.0	10.163
GGNB2_HUMAN	79893	GGNBP2	10.163	27	1	0	1.0	0.0	10.163
PACRG_HUMAN	135138	PACRG	10.163	27	1	1	1.0	0.0	10.163
CHCH2_HUMAN	51142	CHCHD2	10.147	28	1	6	1.0	0.0	10.147
GP101_HUMAN	83550	GPR101	10.147	28	1	2	1.0	0.0	10.147
NCAM1_HUMAN	4684	NCAM1	10.138	6337	2	0	1.301	0.0	7.793
KCC2A_HUMAN	815	CAMK2A	10.117	30	1	0	1.0	0.0	10.117
HXA3_HUMAN	3200	HOXA3	10.117	30	1	1	1.0	0.0	10.117
SYWM_HUMAN	10352	WARS2	10.117	30	1	0	1.0	0.0	10.117
NPRL2_HUMAN	10641	NPRL2	10.117	30	1	2	1.0	0.0	10.117
GRP3_HUMAN	25780	RASGRP3	10.117	30	1	0	1.0	0.0	10.117
JHD2C_HUMAN	221037	JMJD1C	10.117	30	1	2	1.0	0.0	10.117
CYC_HUMAN	54205	CYCS	10.104	6736	2	0	1.301	0.0	7.766
GANP_HUMAN	8888	MCM3AP	10.103	31	1	0	1.0	0.0	10.103
CCG2_HUMAN	10369	CACNG2	10.103	31	1	4	1.0	0.0	10.103
RAB38_HUMAN	23682	RAB38	10.103	31	1	0	1.0	0.0	10.103
EFNA1_HUMAN	1942	EFNA1	10.097	173	1	11	1.0	0.079	9.357
BAI1_HUMAN	575	BAI1	10.089	32	1	2	1.0	0.0	10.089
APBP2_HUMAN	10513	APPBP2	10.089	32	1	3	1.0	0.0	10.089
RAB18_HUMAN	22931	RAB18	10.089	32	1	0	1.0	0.0	10.089
EF1D_HUMAN	1936	EEF1D	10.076	33	1	1	1.0	0.0	10.076
MMP24_HUMAN	10893	MMP24	10.076	33	1	5	1.0	0.0	10.076
SNX9_HUMAN	51429	SNX9	10.076	33	1	0	1.0	0.0	10.076
RPRM_HUMAN	56475	RPRM	10.076	33	1	1	1.0	0.0	10.076
NPAS3_HUMAN	64067	NPAS3	10.076	33	1	1	1.0	0.0	10.076
RERE_HUMAN	473	RERE	10.063	34	1	0	1.0	0.0	10.063
ENC1_HUMAN	8507	ENC1	10.063	34	1	1	1.0	0.0	10.063
LNX1_HUMAN	84708	LNX1	10.063	34	1	1	1.0	0.0	10.063
AR13B_HUMAN	200894	ARL13B	10.063	34	1	2	1.0	0.0	10.063
NOP53_HUMAN	29997	NOP53	10.051	35	1	1	1.0	0.0	10.051
M3K10_HUMAN	4294	MAP3K10	10.038	36	1	0	1.0	0.0	10.038
BASP1_HUMAN	10409	BASP1	10.026	37	1	0	1.0	0.0	10.026
GLIP1_HUMAN	11010	GLIPR1	10.026	37	1	1	1.0	0.0	10.026
NOVA1_HUMAN	4857	NOVA1	10.015	38	1	2	1.0	0.0	10.015
NAC2_HUMAN	6543	SLC8A2	10.015	38	1	0	1.0	0.0	10.015
CLAT_HUMAN	1103	CHAT	10.004	39	1	0	1.0	0.0	10.004
OPCM_HUMAN	4978	OPCML	10.004	39	1	1	1.0	0.0	10.004
ADNP_HUMAN	23394	ADNP	10.004	39	1	1	1.0	0.0	10.004
AGRL2_HUMAN	23266	ADGRL2	9.993	40	1	0	1.0	0.0	9.993
GPC6A_HUMAN	222545	GPRC6A	9.993	40	1	0	1.0	0.0	9.993
BTG3_HUMAN	10950	BTG3	9.982	41	1	0	1.0	0.0	9.982
EZH1_HUMAN	2145	EZH1	9.971	42	1	1	1.0	0.0	9.971
LZTS1_HUMAN	11178	LZTS1	9.961	43	1	0	1.0	0.0	9.961
NSDHL_HUMAN	50814	NSDHL	9.961	43	1	0	1.0	0.0	9.961
FRMD7_HUMAN	90167	FRMD7	9.961	43	1	1	1.0	0.0	9.961
COLI_HUMAN	5443	POMC	9.957	8744	2	1	1.301	0.0	7.653
L0N195_HUMAN	3439	IFNA1	9.955	8773	2	0	1.301	0.0	7.651
MDHM_HUMAN	4191	MDH2	9.951	44	1	0	1.0	0.0	9.951
SYQ_HUMAN	5859	QARS	9.941	45	1	0	1.0	0.0	9.941
BAIP2_HUMAN	10458	BAIAP2	9.941	45	1	1	1.0	0.0	9.941
CNOT1_HUMAN	23019	CNOT1	9.941	45	1	0	1.0	0.0	9.941
CEAM3_HUMAN	1084	CEACAM3	9.937	9052	2	0	1.301	0.0	7.638
MNT_HUMAN	4335	MNT	9.932	46	1	0	1.0	0.0	9.932
YMEL1_HUMAN	10730	YME1L1	9.932	46	1	8	1.0	0.0	9.932
CADH1_HUMAN	999	CDH1	9.927	9209	2	1	1.301	0.0	7.63
TBX19_HUMAN	9095	TBX19	9.923	47	1	4	1.0	0.0	9.923
TIP39_HUMAN	113091	PTH2	9.923	47	1	0	1.0	0.0	9.923
CCND1_HUMAN	595	CCND1	9.915	9412	2	0	1.301	0.0	7.621
ALKB2_HUMAN	121642	ALKBH2	9.904	49	1	1	1.0	0.0	9.904
EFNB3_HUMAN	1949	EFNB3	9.896	50	1	0	1.0	0.0	9.896
RHES_HUMAN	23551	RASD2	9.896	50	1	0	1.0	0.0	9.896
LRRF1_HUMAN	9208	LRRFIP1	9.887	51	1	0	1.0	0.0	9.887
L2HDH_HUMAN	79944	L2HGDH	9.887	51	1	1	1.0	0.0	9.887
BCL9_HUMAN	607	BCL9	9.862	54	1	1	1.0	0.0	9.862
TF3B_HUMAN	2972	BRF1	9.854	55	1	4	1.0	0.0	9.854
NPTXR_HUMAN	23467	NPTXR	9.854	55	1	0	1.0	0.0	9.854
CO4A6_HUMAN	1288	COL4A6	9.846	56	1	2	1.0	0.0	9.846
FAF1_HUMAN	11124	FAF1	9.839	57	1	1	1.0	0.0	9.839
APOE_HUMAN	348	APOE	9.833	10879	2	0	1.301	0.0	7.558
DLX6_HUMAN	1750	DLX6	9.831	58	1	0	1.0	0.0	9.831
GRDN_HUMAN	55704	CCDC88A	9.824	59	1	1	1.0	0.0	9.824
CPEB1_HUMAN	64506	CPEB1	9.824	59	1	0	1.0	0.0	9.824
ARI3A_HUMAN	1820	ARID3A	9.816	60	1	0	1.0	0.0	9.816
BAX_HUMAN	581	BAX	9.815	11225	2	0	1.301	0.0	7.544
FRK_HUMAN	2444	FRK	9.802	62	1	1	1.0	0.0	9.802
WNK1_HUMAN	65125	WNK1	9.802	152	1	10	1.0	0.041	9.413
ATF5_HUMAN	22809	ATF5	9.788	64	1	2	1.0	0.0	9.788
DPOLM_HUMAN	27434	POLM	9.782	65	1	0	1.0	0.0	9.782
ASIC2_HUMAN	40	ASIC2	9.775	66	1	0	1.0	0.0	9.775
NFIA_HUMAN	4774	NFIA	9.775	66	1	1	1.0	0.0	9.775
FANCM_HUMAN	57697	FANCM	9.769	67	1	0	1.0	0.0	9.769
DACH1_HUMAN	1602	DACH1	9.762	68	1	3	1.0	0.0	9.762
AGFG1_HUMAN	3267	AGFG1	9.762	68	1	0	1.0	0.0	9.762
SHOC2_HUMAN	8036	SHOC2	9.762	68	1	0	1.0	0.0	9.762
KAT6B_HUMAN	23522	KAT6B	9.762	68	1	0	1.0	0.0	9.762
CNTN1_HUMAN	1272	CNTN1	9.756	69	1	0	1.0	0.0	9.756
KAPCA_HUMAN	5566	PRKACA	9.756	69	1	1	1.0	0.0	9.756
ELOV4_HUMAN	6785	ELOVL4	9.756	69	1	1	1.0	0.0	9.756
HAOX1_HUMAN	54363	HAO1	9.756	69	1	0	1.0	0.0	9.756
CAH8_HUMAN	767	CA8	9.75	70	1	0	1.0	0.0	9.75
MYBA_HUMAN	4603	MYBL1	9.75	70	1	7	1.0	0.0	9.75
IF2B3_HUMAN	10643	IGF2BP3	9.737	72	1	0	1.0	0.0	9.737
INSC_HUMAN	387755	INSC	9.737	72	1	0	1.0	0.0	9.737
TEN1L_HUMAN	100134934	TEN1	9.737	72	1	1	1.0	0.0	9.737
RAC3_HUMAN	5881	RAC3	9.731	73	1	0	1.0	0.0	9.731
IL34_HUMAN	146433	IL34	9.731	73	1	0	1.0	0.0	9.731
CNTFR_HUMAN	1271	CNTFR	9.725	74	1	0	1.0	0.0	9.725
SPY1_HUMAN	10252	SPRY1	9.725	74	1	1	1.0	0.0	9.725
TLX3_HUMAN	30012	TLX3	9.725	74	1	1	1.0	0.0	9.725
PINX1_HUMAN	54984	PINX1	9.725	74	1	0	1.0	0.0	9.725
AZIN2_HUMAN	113451	AZIN2	9.725	74	1	0	1.0	0.0	9.725
COE3_HUMAN	253738	EBF3	9.725	74	1	1	1.0	0.0	9.725
RN213_HUMAN	57674	RNF213	9.72	75	1	1	1.0	0.0	9.72
SIK1_HUMAN	150094	SIK1	9.72	75	1	2	1.0	0.0	9.72
NNAT_HUMAN	4826	NNAT	9.708	77	1	0	1.0	0.0	9.708
COPA_HUMAN	1314	COPA	9.703	78	1	0	1.0	0.0	9.703
MXI1_HUMAN	4601	MXI1	9.703	78	1	1	1.0	0.0	9.703
KIF23_HUMAN	9493	KIF23	9.703	78	1	2	1.0	0.0	9.703
DKK2_HUMAN	27123	DKK2	9.703	78	1	1	1.0	0.0	9.703
ACY1_HUMAN	95	ACY1	9.697	79	1	0	1.0	0.0	9.697
NRSN1_HUMAN	140767	NRSN1	9.697	79	1	1	1.0	0.0	9.697
SEM3F_HUMAN	6405	SEMA3F	9.692	80	1	1	1.0	0.0	9.692
IKZF3_HUMAN	22806	IKZF3	9.692	80	1	0	1.0	0.0	9.692
MOT2_HUMAN	9194	SLC16A7	9.686	81	1	0	1.0	0.0	9.686
GLSL_HUMAN	27165	GLS2	9.686	81	1	0	1.0	0.0	9.686
BLM_HUMAN	641	BLM	9.681	82	1	0	1.0	0.0	9.681
SPRE1_HUMAN	161742	SPRED1	9.681	82	1	3	1.0	0.0	9.681
DLL3_HUMAN	10683	DLL3	9.676	83	1	1	1.0	0.0	9.676
THRB_HUMAN	2147	F2	9.664	14673	2	2	1.301	0.0	7.428
ACE_HUMAN	1636	ACE	9.66	14773	2	0	1.301	0.0	7.425
KDM5B_HUMAN	10765	KDM5B	9.65	88	1	2	1.0	0.0	9.65
CANB1_HUMAN	5534	PPP3R1	9.645	89	1	0	1.0	0.0	9.645
GNA12_HUMAN	2768	GNA12	9.64	90	1	5	1.0	0.0	9.64
POMT1_HUMAN	10585	POMT1	9.64	90	1	0	1.0	0.0	9.64
REG1A_HUMAN	5967	REG1A	9.639	460	1	11	1.0	0.079	8.932
DAB1_HUMAN	1600	DAB1	9.636	91	1	0	1.0	0.0	9.636
CP46A_HUMAN	10858	CYP46A1	9.631	92	1	1	1.0	0.0	9.631
EPO_HUMAN	2056	EPO	9.63	15574	2	0	1.301	0.0	7.402
GPS2_HUMAN	2874	GPS2	9.626	93	1	1	1.0	0.0	9.626
DIRA3_HUMAN	9077	DIRAS3	9.626	93	1	0	1.0	0.0	9.626
HIPK2_HUMAN	28996	HIPK2	9.621	94	1	3	1.0	0.0	9.621
ACY2_HUMAN	443	ASPA	9.617	95	1	1	1.0	0.0	9.617
PTPRZ_HUMAN	5803	PTPRZ1	9.617	95	1	1	1.0	0.0	9.617
NPAT_HUMAN	4863	NPAT	9.612	96	1	0	1.0	0.0	9.612
TENR_HUMAN	7143	TNR	9.603	98	1	1	1.0	0.0	9.603
IMA1_HUMAN	3838	KPNA2	9.59	101	1	2	1.0	0.0	9.59
7B2_HUMAN	6447	SCG5	9.59	101	1	0	1.0	0.0	9.59
M3K20_HUMAN	51776	MAP3K20	9.582	103	1	1	1.0	0.0	9.582
F13B_HUMAN	2165	F13B	9.549	111	1	0	1.0	0.0	9.549
PTPRD_HUMAN	5789	PTPRD	9.542	113	1	8	1.0	0.0	9.542
FRS2_HUMAN	10818	FRS2	9.542	113	1	0	1.0	0.0	9.542
CENPF_HUMAN	1063	CENPF	9.538	114	1	4	1.0	0.0	9.538
TRPS1_HUMAN	7227	TRPS1	9.538	114	1	0	1.0	0.0	9.538
F263_HUMAN	5209	PFKFB3	9.523	118	1	0	1.0	0.0	9.523
UPK2_HUMAN	7379	UPK2	9.515	120	1	0	1.0	0.0	9.515
ASAH1_HUMAN	427	ASAH1	9.512	121	1	0	1.0	0.0	9.512
HSPB6_HUMAN	126393	HSPB6	9.512	121	1	9	1.0	0.0	9.512
RGRF1_HUMAN	5923	RASGRF1	9.508	122	1	0	1.0	0.0	9.508
NEUL1_HUMAN	9148	NEURL1	9.494	126	1	0	1.0	0.0	9.494
ACV1B_HUMAN	91	ACVR1B	9.487	128	1	0	1.0	0.0	9.487
SEPT6_HUMAN	23157	SEPT6	9.484	129	1	0	1.0	0.0	9.484
MCPH1_HUMAN	79648	MCPH1	9.484	129	1	0	1.0	0.0	9.484
ATIF1_HUMAN	93974	ATPIF1	9.481	130	1	2	1.0	0.0	9.481
NDRG2_HUMAN	57447	NDRG2	9.477	131	1	2	1.0	0.0	9.477
HABP2_HUMAN	3026	HABP2	9.474	132	1	3	1.0	0.0	9.474
CANT1_HUMAN	124583	CANT1	9.474	132	1	9	1.0	0.0	9.474
CALD1_HUMAN	800	CALD1	9.467	134	1	0	1.0	0.0	9.467
GPC1_HUMAN	2817	GPC1	9.467	134	1	1	1.0	0.0	9.467
PLK2_HUMAN	10769	PLK2	9.467	134	1	0	1.0	0.0	9.467
DEST_HUMAN	11034	DSTN	9.458	137	1	0	1.0	0.0	9.458
CENPE_HUMAN	1062	CENPE	9.455	138	1	2	1.0	0.0	9.455
FANCG_HUMAN	2189	FANCG	9.455	138	1	3	1.0	0.0	9.455
DFFB_HUMAN	1677	DFFB	9.445	141	1	1	1.0	0.0	9.445
UBC_HUMAN	7316	UBC	9.442	142	1	1	1.0	0.0	9.442
SETD2_HUMAN	29072	SETD2	9.436	342	1	10	1.0	0.041	9.061
CRHBP_HUMAN	1393	CRHBP	9.43	146	1	0	1.0	0.0	9.43
SAHH_HUMAN	191	AHCY	9.419	150	1	0	1.0	0.0	9.419
S27A5_HUMAN	10998	SLC27A5	9.416	151	1	0	1.0	0.0	9.416
DDX3X_HUMAN	1654	DDX3X	9.41	153	1	0	1.0	0.0	9.41
SEPT9_HUMAN	10801	SEPT9	9.404	155	1	1	1.0	0.0	9.404
SAMN1_HUMAN	64092	SAMSN1	9.396	158	1	1	1.0	0.0	9.396
DPYL1_HUMAN	1400	CRMP1	9.388	161	1	0	1.0	0.0	9.388
ETV1_HUMAN	2115	ETV1	9.388	161	1	0	1.0	0.0	9.388
RA51C_HUMAN	5889	RAD51C	9.38	164	1	0	1.0	0.0	9.38
CXB3_HUMAN	2707	GJB3	9.377	165	1	1	1.0	0.0	9.377
SDHL_HUMAN	10993	SDS	9.377	165	1	0	1.0	0.0	9.377
FLCN_HUMAN	201163	FLCN	9.372	167	1	0	1.0	0.0	9.372
E2F2_HUMAN	1870	E2F2	9.369	168	1	8	1.0	0.0	9.369
TREM2_HUMAN	54209	TREM2	9.367	169	1	1	1.0	0.0	9.367
LATS2_HUMAN	26524	LATS2	9.362	171	1	3	1.0	0.0	9.362
KDM6A_HUMAN	7403	KDM6A	9.354	174	1	6	1.0	0.0	9.354
MYLIP_HUMAN	29116	MYLIP	9.349	176	1	0	1.0	0.0	9.349
SLIT2_HUMAN	9353	SLIT2	9.347	177	1	2	1.0	0.0	9.347
LMNB1_HUMAN	4001	LMNB1	9.342	179	1	1	1.0	0.0	9.342
NU5M_HUMAN	4540	MT-ND5	9.342	179	1	1	1.0	0.0	9.342
BIN1_HUMAN	274	BIN1	9.337	181	1	5	1.0	0.0	9.337
HEY2_HUMAN	23493	HEY2	9.335	182	1	2	1.0	0.0	9.335
PTPRJ_HUMAN	5795	PTPRJ	9.327	185	1	1	1.0	0.0	9.327
CDN2C_HUMAN	1031	CDKN2C	9.318	189	1	0	1.0	0.0	9.318
DRA_HUMAN	3122	HLA-DRA	9.318	189	1	0	1.0	0.0	9.318
CRYAB_HUMAN	1410	CRYAB	9.316	190	1	4	1.0	0.0	9.316
TNF6B_HUMAN	8771	TNFRSF6B	9.316	190	1	0	1.0	0.0	9.316
CMC2_HUMAN	10165	SLC25A13	9.314	191	1	0	1.0	0.0	9.314
THA_HUMAN	7067	THRA	9.311	192	1	0	1.0	0.0	9.311
ADK_HUMAN	132	ADK	9.309	193	1	0	1.0	0.0	9.309
MGLL_HUMAN	11343	MGLL	9.307	194	1	1	1.0	0.0	9.307
MALT1_HUMAN	10892	MALT1	9.3	197	1	0	1.0	0.0	9.3
OTX2_HUMAN	5015	OTX2	9.296	199	1	1	1.0	0.0	9.296
GSTM3_HUMAN	2947	GSTM3	9.287	203	1	0	1.0	0.0	9.287
RORA_HUMAN	6095	RORA	9.281	206	1	0	1.0	0.0	9.281
FMN1_HUMAN	342184	FMN1	9.281	206	1	0	1.0	0.0	9.281
MTMRB_HUMAN	10903	MTMR11	9.274	209	1	0	1.0	0.0	9.274
TRPM7_HUMAN	54822	TRPM7	9.274	209	1	3	1.0	0.0	9.274
CSK21_HUMAN	1457	CSNK2A1	9.272	210	1	5	1.0	0.0	9.272
A4FUW6_HUMAN	7258	LOC728395	9.272	210	1	2	1.0	0.0	9.272
DFFA_HUMAN	1676	DFFA	9.27	211	1	0	1.0	0.0	9.27
EAA3_HUMAN	6505	SLC1A1	9.27	211	1	0	1.0	0.0	9.27
TCL1A_HUMAN	8115	TCL1A	9.268	212	1	0	1.0	0.0	9.268
SPN90_HUMAN	51517	NCKIPSD	9.268	212	1	0	1.0	0.0	9.268
INHA_HUMAN	3623	INHA	9.262	215	1	0	1.0	0.0	9.262
AMELX_HUMAN	265	AMELX	9.256	218	1	1	1.0	0.0	9.256
AATM_HUMAN	2806	GOT2	9.252	220	1	0	1.0	0.0	9.252
TS101_HUMAN	7251	TSG101	9.248	222	1	0	1.0	0.0	9.248
PTPRF_HUMAN	5792	PTPRF	9.246	223	1	0	1.0	0.0	9.246
HINT1_HUMAN	3094	HINT1	9.244	224	1	5	1.0	0.0	9.244
NPC2_HUMAN	10577	NPC2	9.242	225	1	7	1.0	0.0	9.242
RET1_HUMAN	5947	RBP1	9.216	239	1	2	1.0	0.0	9.216
DCAF7_HUMAN	10238	DCAF7	9.207	244	1	0	1.0	0.0	9.207
CRTC1_HUMAN	23373	CRTC1	9.202	247	1	0	1.0	0.0	9.202
CPT1A_HUMAN	1374	CPT1A	9.197	250	1	0	1.0	0.0	9.197
NDP_HUMAN	4693	NDP	9.193	252	1	0	1.0	0.0	9.193
NCOA2_HUMAN	10499	NCOA2	9.193	252	1	0	1.0	0.0	9.193
MEF2C_HUMAN	4208	MEF2C	9.19	254	1	5	1.0	0.0	9.19
RAE1_HUMAN	1121	CHM	9.188	255	1	0	1.0	0.0	9.188
TCPD_HUMAN	10575	CCT4	9.183	258	1	0	1.0	0.0	9.183
ZN763_HUMAN	284390	ZNF763	9.181	259	1	0	1.0	0.0	9.181
SOX17_HUMAN	64321	SOX17	9.175	263	1	0	1.0	0.0	9.175
RAC2_HUMAN	5880	RAC2	9.173	264	1	0	1.0	0.0	9.173
GHRHR_HUMAN	2692	GHRHR	9.171	265	1	0	1.0	0.0	9.171
NUMB_HUMAN	8650	NUMB	9.171	265	1	1	1.0	0.0	9.171
CAH12_HUMAN	771	CA12	9.17	266	1	0	1.0	0.0	9.17
FOXP2_HUMAN	93986	FOXP2	9.166	268	1	0	1.0	0.0	9.166
GLYAT_HUMAN	10249	GLYAT	9.165	269	1	0	1.0	0.0	9.165
BAP1_HUMAN	8314	BAP1	9.162	271	1	0	1.0	0.0	9.162
CCNO_HUMAN	10309	CCNO	9.162	271	1	0	1.0	0.0	9.162
ABCD1_HUMAN	215	ABCD1	9.158	273	1	0	1.0	0.0	9.158
AIF1_HUMAN	199	AIF1	9.154	276	1	0	1.0	0.0	9.154
LAT_HUMAN	27040	LAT	9.146	281	1	0	1.0	0.0	9.146
PROX1_HUMAN	5629	PROX1	9.138	286	1	1	1.0	0.0	9.138
MOS_HUMAN	4342	MOS	9.137	287	1	0	1.0	0.0	9.137
SEPT4_HUMAN	5414	SEPT4	9.134	289	1	0	1.0	0.0	9.134
RASA1_HUMAN	5921	RASA1	9.131	291	1	0	1.0	0.0	9.131
CSF2R_HUMAN	1438	CSF2RA	9.126	294	1	0	1.0	0.0	9.126
TRI27_HUMAN	5987	TRIM27	9.125	295	1	4	1.0	0.0	9.125
ICAM2_HUMAN	3384	ICAM2	9.119	299	1	1	1.0	0.0	9.119
CO4A5_HUMAN	1287	COL4A5	9.116	301	1	0	1.0	0.0	9.116
PGK1_HUMAN	5230	PGK1	9.115	302	1	0	1.0	0.0	9.115
SETBP_HUMAN	26040	SETBP1	9.11	305	1	0	1.0	0.0	9.11
THB_HUMAN	7068	THRB	9.105	309	1	0	1.0	0.0	9.105
TFE3_HUMAN	7030	TFE3	9.095	316	1	0	1.0	0.0	9.095
TFPI2_HUMAN	7980	TFPI2	9.095	316	1	0	1.0	0.0	9.095
ARI1A_HUMAN	8289	ARID1A	9.081	326	1	1	1.0	0.0	9.081
AXIN1_HUMAN	8312	AXIN1	9.081	326	1	1	1.0	0.0	9.081
5NT3A_HUMAN	51251	NT5C3A	9.08	327	1	1	1.0	0.0	9.08
NTR1_HUMAN	4923	NTSR1	9.072	333	1	1	1.0	0.0	9.072
LIS1_HUMAN	5048	PAFAH1B1	9.071	334	1	0	1.0	0.0	9.071
SCN4A_HUMAN	6329	SCN4A	9.07	335	1	1	1.0	0.0	9.07
CXAR_HUMAN	1525	CXADR	9.067	337	1	1	1.0	0.0	9.067
TEBP_HUMAN	10728	PTGES3	9.066	338	1	0	1.0	0.0	9.066
UNG_HUMAN	7374	UNG	9.063	340	1	0	1.0	0.0	9.063
FANCA_HUMAN	2175	FANCA	9.062	341	1	5	1.0	0.0	9.062
HXC10_HUMAN	3226	HOXC10	9.062	341	1	1	1.0	0.0	9.062
NCOR1_HUMAN	9611	NCOR1	9.059	343	1	1	1.0	0.0	9.059
HXC8_HUMAN	3224	HOXC8	9.058	344	1	0	1.0	0.0	9.058
CYTB_HUMAN	1476	CSTB	9.056	346	1	1	1.0	0.0	9.056
PTN_HUMAN	5764	PTN	9.048	352	1	0	1.0	0.0	9.048
CAF1A_HUMAN	10036	CHAF1A	9.044	355	1	0	1.0	0.0	9.044
MD2L1_HUMAN	4085	MAD2L1	9.042	357	1	0	1.0	0.0	9.042
B2L11_HUMAN	10018	BCL2L11	9.032	365	1	3	1.0	0.0	9.032
KISS1_HUMAN	3814	KISS1	9.024	372	1	0	1.0	0.0	9.024
S1PR1_HUMAN	1901	S1PR1	9.014	381	1	0	1.0	0.0	9.014
NPDC1_HUMAN	56654	NPDC1	9.01	384	1	1	1.0	0.0	9.01
ATF3_HUMAN	467	ATF3	9.008	386	1	0	1.0	0.0	9.008
XPF_HUMAN	2072	ERCC4	8.998	395	1	2	1.0	0.0	8.998
ATG7_HUMAN	10533	ATG7	8.996	397	1	4	1.0	0.0	8.996
LN28A_HUMAN	79727	LIN28A	8.996	397	1	2	1.0	0.0	8.996
CCHL_HUMAN	3052	HCCS	8.989	403	1	0	1.0	0.0	8.989
CXB6_HUMAN	10804	GJB6	8.985	407	1	2	1.0	0.0	8.985
RICTR_HUMAN	253260	RICTOR	8.985	407	1	0	1.0	0.0	8.985
LGUL_HUMAN	2739	GLO1	8.983	409	1	0	1.0	0.0	8.983
MOES_HUMAN	4478	MSN	8.98	412	1	0	1.0	0.0	8.98
CEAM1_HUMAN	634	CEACAM1	8.979	413	1	0	1.0	0.0	8.979
NR0B1_HUMAN	190	NR0B1	8.978	414	1	0	1.0	0.0	8.978
PAX2_HUMAN	5076	PAX2	8.977	415	1	0	1.0	0.0	8.977
TRAF2_HUMAN	7186	TRAF2	8.973	418	1	0	1.0	0.0	8.973
CSH1_HUMAN	1442	CSH1	8.972	419	1	0	1.0	0.0	8.972
YBOX1_HUMAN	4904	YBX1	8.969	422	1	0	1.0	0.0	8.969
ROS1_HUMAN	6098	ROS1	8.966	425	1	0	1.0	0.0	8.966
TPPP_HUMAN	11076	TPPP	8.962	429	1	0	1.0	0.0	8.962
CSPG4_HUMAN	1464	CSPG4	8.95	441	1	0	1.0	0.0	8.95
IL24_HUMAN	11009	IL24	8.95	441	1	4	1.0	0.0	8.95
PITX2_HUMAN	5308	PITX2	8.928	464	1	0	1.0	0.0	8.928
RAD50_HUMAN	10111	RAD50	8.928	464	1	0	1.0	0.0	8.928
SL9A1_HUMAN	6548	SLC9A1	8.925	467	1	1	1.0	0.0	8.925
WFDC2_HUMAN	10406	WFDC2	8.925	467	1	2	1.0	0.0	8.925
MRP4_HUMAN	10257	ABCC4	8.924	468	1	0	1.0	0.0	8.924
GRPR_HUMAN	2925	GRPR	8.919	474	1	0	1.0	0.0	8.919
FBXW7_HUMAN	55294	FBXW7	8.919	474	1	0	1.0	0.0	8.919
CISH_HUMAN	1154	CISH	8.918	475	1	0	1.0	0.0	8.918
GHSR_HUMAN	2693	GHSR	8.913	480	1	0	1.0	0.0	8.913
FANCC_HUMAN	2176	FANCC	8.902	493	1	0	1.0	0.0	8.902
DDC_HUMAN	1644	DDC	8.898	497	1	0	1.0	0.0	8.898
NOTC2_HUMAN	4853	NOTCH2	8.897	498	1	2	1.0	0.0	8.897
PINK1_HUMAN	65018	PINK1	8.892	504	1	3	1.0	0.0	8.892
IKZF1_HUMAN	10320	IKZF1	8.889	508	1	0	1.0	0.0	8.889
DAPK1_HUMAN	1612	DAPK1	8.877	522	1	0	1.0	0.0	8.877
GPC3_HUMAN	2719	GPC3	8.875	524	1	0	1.0	0.0	8.875
ABCB6_HUMAN	10058	ABCB6	8.872	528	1	3	1.0	0.0	8.872
DLK1_HUMAN	8788	DLK1	8.871	529	1	0	1.0	0.0	8.871
S10A4_HUMAN	6275	S100A4	8.865	536	1	1	1.0	0.0	8.865
HMGA2_HUMAN	8091	HMGA2	8.865	537	1	0	1.0	0.0	8.865
CD166_HUMAN	214	ALCAM	8.861	541	1	2	1.0	0.0	8.861
SAMP_HUMAN	325	APCS	8.856	548	1	2	1.0	0.0	8.856
TET2_HUMAN	54790	TET2	8.854	550	1	3	1.0	0.0	8.854
RAP1A_HUMAN	5906	RAP1A	8.853	552	1	3	1.0	0.0	8.853
CP27B_HUMAN	1594	CYP27B1	8.85	556	1	0	1.0	0.0	8.85
CDK5_HUMAN	1020	CDK5	8.848	558	1	0	1.0	0.0	8.848
ANXA1_HUMAN	301	ANXA1	8.846	561	1	0	1.0	0.0	8.846
MAR1_HUMAN	2315	MLANA	8.844	563	1	0	1.0	0.0	8.844
PDPN_HUMAN	10630	PDPN	8.844	563	1	0	1.0	0.0	8.844
CI072_HUMAN	203228	C9orf72	8.843	564	1	0	1.0	0.0	8.843
HRH1_HUMAN	3269	HRH1	8.838	571	1	1	1.0	0.0	8.838
TF7L2_HUMAN	6934	TCF7L2	8.836	574	1	1	1.0	0.0	8.836
IF2A_HUMAN	1965	EIF2S1	8.835	575	1	3	1.0	0.0	8.835
EPHB2_HUMAN	2048	EPHB2	8.833	577	1	3	1.0	0.0	8.833
PEDF_HUMAN	5176	SERPINF1	8.829	583	1	0	1.0	0.0	8.829
ARSA_HUMAN	410	ARSA	8.825	588	1	0	1.0	0.0	8.825
XPO1_HUMAN	7514	XPO1	8.825	588	1	0	1.0	0.0	8.825
ERN1_HUMAN	2081	ERN1	8.82	595	1	1	1.0	0.0	8.82
SKP2_HUMAN	6502	SKP2	8.813	605	1	0	1.0	0.0	8.813
BIRC2_HUMAN	329	BIRC2	8.806	614	1	0	1.0	0.0	8.806
GA45A_HUMAN	1647	GADD45A	8.793	634	1	2	1.0	0.0	8.793
AKT2_HUMAN	208	AKT2	8.791	636	1	0	1.0	0.0	8.791
FILA_HUMAN	2312	FLG	8.79	638	1	0	1.0	0.0	8.79
MYPR_HUMAN	5354	PLP1	8.788	640	1	0	1.0	0.0	8.788
JUND_HUMAN	3727	JUND	8.786	643	1	1	1.0	0.0	8.786
ITK_HUMAN	3702	ITK	8.774	661	1	3	1.0	0.0	8.774
COF1_HUMAN	1072	CFL1	8.77	668	1	0	1.0	0.0	8.77
NEUT_HUMAN	4922	NTS	8.76	684	1	0	1.0	0.0	8.76
ASC_HUMAN	29108	PYCARD	8.746	706	1	1	1.0	0.0	8.746
RBBP4_HUMAN	5928	RBBP4	8.743	711	1	1	1.0	0.0	8.743
NEMO_HUMAN	8517	IKBKG	8.743	711	1	0	1.0	0.0	8.743
SMCA4_HUMAN	6597	SMARCA4	8.741	714	1	2	1.0	0.0	8.741
GELS_HUMAN	2934	GSN	8.736	722	1	0	1.0	0.0	8.736
TPMT_HUMAN	7172	TPMT	8.73	732	1	2	1.0	0.0	8.73
MLC1_HUMAN	23209	MLC1	8.72	750	1	1	1.0	0.0	8.72
CHP1_HUMAN	11261	CHP1	8.717	755	1	0	1.0	0.0	8.717
JIP1_HUMAN	9479	MAPK8IP1	8.714	760	1	1	1.0	0.0	8.714
PRRT2_HUMAN	112476	PRRT2	8.711	765	1	2	1.0	0.0	8.711
BASI_HUMAN	682	BSG	8.7	785	1	2	1.0	0.0	8.7
GLCM_HUMAN	2629	GBA	8.699	787	1	2	1.0	0.0	8.699
BAK_HUMAN	578	BAK1	8.697	790	1	1	1.0	0.0	8.697
SSA27_HUMAN	10534	SSSCA1	8.695	794	1	1	1.0	0.0	8.695
IDHP_HUMAN	3418	IDH2	8.686	810	1	5	1.0	0.0	8.686
FRDA_HUMAN	2395	FXN	8.682	818	1	0	1.0	0.0	8.682
CASR_HUMAN	846	CASR	8.681	820	1	2	1.0	0.0	8.681
DNM3B_HUMAN	1789	DNMT3B	8.678	826	1	2	1.0	0.0	8.678
CNTN2_HUMAN	6900	CNTN2	8.676	830	1	0	1.0	0.0	8.676
ANXA2_HUMAN	302	ANXA2	8.674	832	1	1	1.0	0.0	8.674
CLUS_HUMAN	1191	CLU	8.66	861	1	0	1.0	0.0	8.66
S10AA_HUMAN	6281	S100A10	8.651	879	1	0	1.0	0.0	8.651
HXK4_HUMAN	2645	GCK	8.647	887	1	1	1.0	0.0	8.647
PTN22_HUMAN	26191	PTPN22	8.642	896	1	1	1.0	0.0	8.642
TGFR1_HUMAN	7046	TGFBR1	8.641	898	1	0	1.0	0.0	8.641
PLK1_HUMAN	5347	PLK1	8.64	901	1	2	1.0	0.0	8.64
TBX1_HUMAN	6899	TBX1	8.636	908	1	2	1.0	0.0	8.636
FBN1_HUMAN	2200	FBN1	8.629	923	1	0	1.0	0.0	8.629
ATR_HUMAN	545	ATR	8.621	941	1	0	1.0	0.0	8.621
MTAP2_HUMAN	4133	MAP2	8.618	948	1	0	1.0	0.0	8.618
PAX6_HUMAN	5080	PAX6	8.611	964	1	2	1.0	0.0	8.611
FOLH1_HUMAN	2346	FOLH1	8.601	986	1	0	1.0	0.0	8.601
MT2_HUMAN	4502	MT2A	8.599	991	1	1	1.0	0.0	8.599
4EBP1_HUMAN	1978	EIF4EBP1	8.583	1027	1	0	1.0	0.0	8.583
DPOLA_HUMAN	5422	POLA1	8.577	1041	1	2	1.0	0.0	8.577
ERCC2_HUMAN	2068	ERCC2	8.572	1053	1	0	1.0	0.0	8.572
P73_HUMAN	7161	TP73	8.569	1060	1	0	1.0	0.0	8.569
TIE2_HUMAN	7010	TEK	8.568	1063	1	0	1.0	0.0	8.568
APEX1_HUMAN	328	APEX1	8.566	1067	1	2	1.0	0.0	8.566
KLF4_HUMAN	9314	KLF4	8.566	1069	1	0	1.0	0.0	8.566
MYB_HUMAN	4602	MYB	8.562	1079	1	0	1.0	0.0	8.562
CYB_HUMAN	4519	MT-CYB	8.561	1080	1	0	1.0	0.0	8.561
AACT_HUMAN	12	SERPINA3	8.56	1082	1	0	1.0	0.0	8.56
TGFR2_HUMAN	7048	TGFBR2	8.56	1083	1	0	1.0	0.0	8.56
PTGDS_HUMAN	5730	PTGDS	8.559	1086	1	0	1.0	0.0	8.559
FA12_HUMAN	2161	F12	8.557	1090	1	0	1.0	0.0	8.557
K2C8_HUMAN	3856	KRT8	8.552	1102	1	0	1.0	0.0	8.552
ABCG2_HUMAN	9429	ABCG2	8.551	2419	1	10	1.0	0.041	8.211
DMPK_HUMAN	1760	DMPK	8.543	1125	1	1	1.0	0.0	8.543
TAU_HUMAN	4137	MAPT	8.543	1125	1	2	1.0	0.0	8.543
CADH5_HUMAN	1003	CDH5	8.541	1131	1	0	1.0	0.0	8.541
AURKA_HUMAN	6790	AURKA	8.54	1134	1	1	1.0	0.0	8.54
MICA_HUMAN	100507436	MICA	8.538	1138	1	0	1.0	0.0	8.538
PTN11_HUMAN	5781	PTPN11	8.534	1150	1	0	1.0	0.0	8.534
SPYA_HUMAN	189	AGXT	8.532	1156	1	0	1.0	0.0	8.532
CENPJ_HUMAN	55835	CENPJ	8.532	1155	1	5	1.0	0.0	8.532
FOXO1_HUMAN	2308	FOXO1	8.529	1163	1	0	1.0	0.0	8.529
PDGFB_HUMAN	5155	PDGFB	8.526	1172	1	1	1.0	0.0	8.526
SCN5A_HUMAN	6331	SCN5A	8.522	1183	1	0	1.0	0.0	8.522
MARH8_HUMAN	220972	MARCH8	8.519	1189	1	0	1.0	0.0	8.519
GIP_HUMAN	2695	GIP	8.516	1197	1	0	1.0	0.0	8.516
NEC1_HUMAN	5122	PCSK1	8.502	1239	1	1	1.0	0.0	8.502
CD1C_HUMAN	911	CD1C	8.5	1244	1	0	1.0	0.0	8.5
NKG2D_HUMAN	22914	KLRK1	8.499	1245	1	2	1.0	0.0	8.499
TN13B_HUMAN	10673	TNFSF13B	8.496	1256	1	1	1.0	0.0	8.496
CD99_HUMAN	4267	CD99	8.495	1258	1	0	1.0	0.0	8.495
SON_HUMAN	6651	SON	8.494	1262	1	0	1.0	0.0	8.494
CAH9_HUMAN	768	CA9	8.482	1295	1	0	1.0	0.0	8.482
FGFR2_HUMAN	2263	FGFR2	8.482	1295	1	0	1.0	0.0	8.482
EGR1_HUMAN	1958	EGR1	8.447	1404	1	0	1.0	0.0	8.447
FMR1_HUMAN	2332	FMR1	8.441	1423	1	0	1.0	0.0	8.441
TGM2_HUMAN	7052	TGM2	8.434	1447	1	1	1.0	0.0	8.434
BCR_HUMAN	613	BCR	8.421	1492	1	0	1.0	0.0	8.421
BMP4_HUMAN	652	BMP4	8.415	1513	1	1	1.0	0.0	8.415
MCP_HUMAN	4179	CD46	8.403	1553	1	6	1.0	0.0	8.403
CD7_HUMAN	924	CD7	8.397	1575	1	0	1.0	0.0	8.397
XIAP_HUMAN	331	XIAP	8.395	1584	1	0	1.0	0.0	8.395
TENA_HUMAN	3371	TNC	8.393	1590	1	4	1.0	0.0	8.393
DYH8_HUMAN	1769	DNAH8	8.39	1603	1	2	1.0	0.0	8.39
GHR_HUMAN	2690	GHR	8.389	1605	1	0	1.0	0.0	8.389
MYG_HUMAN	4151	MB	8.386	1617	1	0	1.0	0.0	8.386
PER1_HUMAN	5187	PER1	8.385	1621	1	3	1.0	0.0	8.385
LEG3_HUMAN	3958	LGALS3	8.381	1637	1	1	1.0	0.0	8.381
CNR1_HUMAN	1268	CNR1	8.373	1665	1	0	1.0	0.0	8.373
PGP_HUMAN	283871	PGP	8.372	1668	1	1	1.0	0.0	8.372
TNR25_HUMAN	8718	TNFRSF25	8.364	1700	1	0	1.0	0.0	8.364
SMAD4_HUMAN	4089	SMAD4	8.357	1728	1	0	1.0	0.0	8.357
ERBB3_HUMAN	2065	ERBB3	8.343	1783	1	3	1.0	0.0	8.343
TDT_HUMAN	1791	DNTT	8.342	1787	1	0	1.0	0.0	8.342
MIF_HUMAN	4282	MIF	8.34	1798	1	2	1.0	0.0	8.34
CDN2B_HUMAN	1030	CDKN2B	8.334	1824	1	2	1.0	0.0	8.334
FUT4_HUMAN	2526	FUT4	8.325	1860	1	0	1.0	0.0	8.325
CP19A_HUMAN	1588	CYP19A1	8.314	1908	1	0	1.0	0.0	8.314
SMAD2_HUMAN	4087	SMAD2	8.313	1913	1	2	1.0	0.0	8.313
RAF1_HUMAN	5894	RAF1	8.307	1938	1	0	1.0	0.0	8.307
LIF_HUMAN	3976	LIF	8.306	1943	1	0	1.0	0.0	8.306
FCER2_HUMAN	2208	FCER2	8.297	1985	1	0	1.0	0.0	8.297
ZNF77_HUMAN	58492	ZNF77	8.293	2001	1	0	1.0	0.0	8.293
RAC1_HUMAN	5879	RAC1	8.268	2122	1	0	1.0	0.0	8.268
PSMD1_HUMAN	5707	PSMD1	8.261	2154	1	1	1.0	0.0	8.261
NOTC1_HUMAN	4851	NOTCH1	8.256	2179	1	3	1.0	0.0	8.256
HPRT_HUMAN	3251	HPRT1	8.247	2227	1	0	1.0	0.0	8.247
AMPN_HUMAN	290	ANPEP	8.243	2249	1	0	1.0	0.0	8.243
CR1_HUMAN	1378	CR1	8.24	2262	1	0	1.0	0.0	8.24
SMAD3_HUMAN	4088	SMAD3	8.239	2266	1	0	1.0	0.0	8.239
TGFA_HUMAN	7039	TGFA	8.236	2286	1	0	1.0	0.0	8.236
ADA_HUMAN	100	ADA	8.232	2306	1	0	1.0	0.0	8.232
RUNX1_HUMAN	861	RUNX1	8.232	2302	1	0	1.0	0.0	8.232
G3P_HUMAN	2597	GAPDH	8.224	2349	1	0	1.0	0.0	8.224
RHOA_HUMAN	387	RHOA	8.222	2356	1	0	1.0	0.0	8.222
TMED2_HUMAN	10959	TMED2	8.221	2361	1	0	1.0	0.0	8.221
GSTP1_HUMAN	2950	GSTP1	8.22	2367	1	1	1.0	0.0	8.22
SODM_HUMAN	6648	SOD2	8.212	2413	1	1	1.0	0.0	8.212
HCFC1_HUMAN	3054	HCFC1	8.21	2426	1	0	1.0	0.0	8.21
COG2_HUMAN	22796	COG2	8.208	2433	1	0	1.0	0.0	8.208
SIR1_HUMAN	23411	SIRT1	8.204	2460	1	1	1.0	0.0	8.204
MET_HUMAN	4233	MET	8.197	2497	1	0	1.0	0.0	8.197
MP2K1_HUMAN	5604	MAP2K1	8.194	2516	1	4	1.0	0.0	8.194
DMD_HUMAN	1756	DMD	8.186	2559	1	0	1.0	0.0	8.186
TF_HUMAN	2152	F3	8.172	2644	1	2	1.0	0.0	8.172
GSTM1_HUMAN	2944	GSTM1	8.164	2692	1	0	1.0	0.0	8.164
NF2L2_HUMAN	4780	NFE2L2	8.157	2742	1	0	1.0	0.0	8.157
A2MG_HUMAN	2	A2M	8.156	2748	1	0	1.0	0.0	8.156
SYUA_HUMAN	6622	SNCA	8.15	2782	1	2	1.0	0.0	8.15
TNR8_HUMAN	943	TNFRSF8	8.144	2823	1	0	1.0	0.0	8.144
EP300_HUMAN	2033	EP300	8.113	3033	1	1	1.0	0.0	8.113
INSR_HUMAN	3643	INSR	8.112	3040	1	0	1.0	0.0	8.112
CP2C9_HUMAN	1559	CYP2C9	8.104	3093	1	0	1.0	0.0	8.104
IKBA_HUMAN	4792	NFKBIA	8.101	3112	1	0	1.0	0.0	8.101
SDF1_HUMAN	6387	CXCL12	8.086	3227	1	0	1.0	0.0	8.086
PPARA_HUMAN	5465	PPARA	8.058	3441	1	0	1.0	0.0	8.058
CD5_HUMAN	921	CD5	8.051	3497	1	0	1.0	0.0	8.051
ELN_HUMAN	2006	ELN	8.046	3538	1	0	1.0	0.0	8.046
ESR2_HUMAN	2100	ESR2	8.044	3549	1	0	1.0	0.0	8.044
MBP_HUMAN	4155	MBP	8.037	3613	1	0	1.0	0.0	8.037
CXL10_HUMAN	3627	CXCL10	8.034	3639	1	1	1.0	0.0	8.034
IGF1R_HUMAN	3480	IGF1R	8.026	3702	1	1	1.0	0.0	8.026
APRIO_HUMAN	5621	PRNP	8.014	3805	1	0	1.0	0.0	8.014
ACES_HUMAN	43	ACHE	7.978	4133	1	0	1.0	0.0	7.978
SRC_HUMAN	6714	SRC	7.953	4377	1	0	1.0	0.0	7.953
FOS_HUMAN	2353	FOS	7.951	4405	1	0	1.0	0.0	7.951
HGF_HUMAN	3082	HGF	7.95	4410	1	0	1.0	0.0	7.95
S10A1_HUMAN	6271	S100A1	7.924	4688	1	0	1.0	0.0	7.924
DDIT3_HUMAN	1649	DDIT3	7.915	4779	1	5	1.0	0.0	7.915
IBP3_HUMAN	3486	IGFBP3	7.896	4998	1	4	1.0	0.0	7.896
SODC_HUMAN	6647	SOD1	7.887	5101	1	0	1.0	0.0	7.887
IL13_HUMAN	3596	IL13	7.884	5136	1	1	1.0	0.0	7.884
TPA_HUMAN	5327	PLAT	7.884	5139	1	1	1.0	0.0	7.884
PECA1_HUMAN	5175	PECAM1	7.867	5336	1	0	1.0	0.0	7.867
PPARG_HUMAN	5468	PPARG	7.865	5362	1	0	1.0	0.0	7.865
CXCR4_HUMAN	7852	CXCR4	7.863	5392	1	0	1.0	0.0	7.863
CASP8_HUMAN	841	CASP8	7.848	5573	1	0	1.0	0.0	7.848
PCNA_HUMAN	5111	PCNA	7.83	5813	1	1	1.0	0.0	7.83
A1AT_HUMAN	5265	SERPINA1	7.801	6209	1	0	1.0	0.0	7.801
CD44_HUMAN	960	CD44	7.8	6231	1	0	1.0	0.0	7.8
B2MG_HUMAN	567	B2M	7.784	6463	1	0	1.0	0.0	7.784
ANXA5_HUMAN	308	ANXA5	7.755	6904	1	1	1.0	0.0	7.755
LEP_HUMAN	3952	LEP	7.749	7002	1	0	1.0	0.0	7.749
EDN1_HUMAN	1906	EDN1	7.741	7138	1	0	1.0	0.0	7.741
PAI1_HUMAN	5054	SERPINE1	7.705	7746	1	1	1.0	0.0	7.705
PRL_HUMAN	5617	PRL	7.704	7779	1	0	1.0	0.0	7.704
ALAT1_HUMAN	2875	GPT	7.687	8086	1	0	1.0	0.0	7.687
KCMB2_HUMAN	10242	KCNMB2	7.686	8108	1	0	1.0	0.0	7.686
PGH2_HUMAN	5743	PTGS2	7.674	8324	1	0	1.0	0.0	7.674
NFKB1_HUMAN	4790	NFKB1	7.608	9691	1	0	1.0	0.0	7.608
MMP2_HUMAN	4313	MMP2	7.554	10989	1	0	1.0	0.0	7.554
TRFE_HUMAN	7018	TF	7.507	12237	1	3	1.0	0.0	7.507
FINC_HUMAN	2335	FN1	7.481	12999	1	1	1.0	0.0	7.481
PTHY_HUMAN	5741	PTH	7.458	13691	1	0	1.0	0.0	7.458
FIBB_HUMAN	2244	FGB	7.408	15352	1	3	1.0	0.0	7.408
RENI_HUMAN	5972	REN	7.393	15907	1	0	1.0	0.0	7.393
IL4_HUMAN	3565	IL4	7.342	17876	1	4	1.0	0.0	7.342
CD34_HUMAN	947	CD34	7.274	20916	1	0	1.0	0.0	7.274
MK01_HUMAN	5594	MAPK1	7.261	21517	1	1	1.0	0.0	7.261
IL10_HUMAN	3586	IL10	7.235	22907	1	0	1.0	0.0	7.235
TGFB1_HUMAN	7040	TGFB1	7.206	24445	1	0	1.0	0.0	7.206
IFNG_HUMAN	3458	IFNG	7.058	34431	1	3	1.0	0.0	7.058
CRP_HUMAN	1401	CRP	7.028	36788	1	0	1.0	0.0	7.028
IL6_HUMAN	3569	IL6	6.864	53611	1	0	1.0	0.0	6.864
CD4_HUMAN	920	CD4	6.856	54739	1	1	1.0	0.0	6.856
TNFA_HUMAN	7124	TNF	6.714	75731	1	0	1.0	0.0	6.714
