Big_T	32809
Big_F	17252753
UniProtKB_ID	GeneID	Gene_Name	PPS	Big_P	T+P	Citation	1+Log(T+P)	log10((Cit/yr+1)/10)	1+log10(F/T)+log10(F/P)
FLT3_HUMAN	2322	FLT3	43.896	2594	761	866	3.881	1.938	7.543
ABL1_HUMAN	25	ABL1	43.285	6311	1196	933	4.078	1.97	7.157
ASXL1_HUMAN	171023	ASXL1	40.023	351	129	443	3.111	1.647	8.412
CEBPA_HUMAN	1050	CEBPA	39.404	1727	266	477	3.425	1.679	7.72
JAK2_HUMAN	3717	JAK2	38.341	4222	319	531	3.504	1.726	7.331
KMT2A_HUMAN	4297	KMT2A	37.992	2095	422	223	3.625	1.35	7.636
SF3B1_HUMAN	23451	SF3B1	36.938	291	76	293	2.881	1.468	8.493
NPM_HUMAN	4869	NPM1	36.629	1351	156	306	3.193	1.487	7.826
ETV6_HUMAN	2120	ETV6	35.948	1723	338	133	3.529	1.127	7.721
DNM3A_HUMAN	1788	DNMT3A	35.656	930	95	305	2.978	1.486	7.989
IDHC_HUMAN	3417	IDH1	35.656	1683	89	459	2.949	1.663	7.731
RUNX1_HUMAN	861	RUNX1	34.568	2302	276	128	3.441	1.111	7.595
IKZF1_HUMAN	10320	IKZF1	34.407	508	85	173	2.929	1.241	8.251
PML_HUMAN	5371	PML	33.774	1516	214	102	3.33	1.013	7.776
NOTC1_HUMAN	4851	NOTCH1	33.311	2179	86	273	2.934	1.438	7.619
ARF_HUMAN	1029	CDKN2A	32.256	9187	210	194	3.322	1.29	6.994
P53_HUMAN	7157	TP53	31.981	46130	381	316	3.581	1.501	6.293
TET2_HUMAN	54790	TET2	31.744	550	49	148	2.69	1.173	8.217
SPYA_HUMAN	189	AGXT	30.033	1156	375	16	3.574	0.23	7.894
GATA1_HUMAN	2623	GATA1	29.68	953	89	58	2.949	0.771	7.978
PTN11_HUMAN	5781	PTPN11	29.648	1150	58	97	2.763	0.991	7.896
MCL1_HUMAN	4170	MCL1	29.548	2669	36	232	2.556	1.367	7.531
GATA2_HUMAN	2624	GATA2	28.902	512	31	102	2.491	1.013	8.248
KIT_HUMAN	3815	KIT	28.881	6488	116	94	3.064	0.978	7.145
EVI1_HUMAN	2122	MECOM	28.736	357	75	34	2.875	0.544	8.404
CEBPZ_HUMAN	10153	CEBPZ	28.487	258	49	43	2.69	0.643	8.545
ZAP70_HUMAN	7535	ZAP70	28.056	1251	64	57	2.806	0.763	7.86
CBP_HUMAN	1387	CREBBP	27.717	1601	40	93	2.602	0.973	7.753
SH2B3_HUMAN	10019	SH2B3	27.683	145	18	77	2.255	0.892	8.796
MYC_HUMAN	4609	MYC	27.506	10313	143	63	3.155	0.806	6.943
CSF3R_HUMAN	1441	CSF3R	27.493	469	40	51	2.602	0.716	8.286
FANCB_HUMAN	2187	FANCB	27.203	4785	228	23	3.358	0.38	7.277
RASK_HUMAN	3845	KRAS	26.458	10492	87	74	2.94	0.875	6.936
AKT1_HUMAN	207	AKT1	26.418	18505	64	138	2.806	1.143	6.69
IL2RG_HUMAN	3561	IL2RG	26.091	585	13	117	2.114	1.072	8.19
BTK_HUMAN	695	BTK	26.082	859	18	98	2.255	0.996	8.023
JAK1_HUMAN	3716	JAK1	25.95	1047	30	61	2.477	0.792	7.937
CBL_HUMAN	867	CBL	25.895	774	27	59	2.431	0.778	8.068
ATM_HUMAN	472	ATM	25.674	2339	62	38	2.792	0.591	7.588
CR1_HUMAN	1378	CR1	25.559	2262	59	38	2.771	0.591	7.603
RASN_HUMAN	4893	NRAS	25.458	2546	98	23	2.991	0.38	7.551
CALR_HUMAN	811	CALR	25.436	1037	14	113	2.146	1.057	7.941
STAG2_HUMAN	10735	STAG2	24.928	111	11	56	2.041	0.756	8.912
NUP98_HUMAN	4928	NUP98	24.895	226	29	26	2.462	0.431	8.603
BRAF_HUMAN	673	BRAF	24.153	6965	46	53	2.663	0.732	7.114
BCL2_HUMAN	596	BCL2	23.638	23522	67	57	2.826	0.763	6.585
RASH_HUMAN	3265	HRAS	23.622	2263	32	39	2.505	0.602	7.602
CD34_HUMAN	947	CD34	23.576	20916	70	50	2.845	0.708	6.636
MYH11_HUMAN	4629	MYH11	23.23	394	60	5	2.778	0.0	8.362
MYD88_HUMAN	4615	MYD88	23.181	1229	13	67	2.114	0.833	7.867
SETBP_HUMAN	26040	SETBP1	23.047	305	15	34	2.176	0.544	8.473
RARA_HUMAN	5914	RARA	23.03	1844	47	20	2.672	0.322	7.691
TDT_HUMAN	1791	DNTT	22.799	1787	91	3	2.959	0.0	7.705
IDHP_HUMAN	3418	IDH2	22.772	810	15	44	2.176	0.653	8.049
EZH2_HUMAN	2146	EZH2	22.76	1309	20	39	2.301	0.602	7.84
RB_HUMAN	5925	RB1	22.651	4614	44	28	2.643	0.462	7.293
AMPN_HUMAN	290	ANPEP	22.646	2249	95	2	2.978	0.0	7.605
NF1_HUMAN	4763	NF1	22.502	5140	51	24	2.708	0.398	7.246
FGFR1_HUMAN	2260	FGFR1	22.224	1615	41	17	2.613	0.255	7.749
CDN1A_HUMAN	1026	CDKN1A	22.191	5857	37	32	2.568	0.519	7.189
CSF2_HUMAN	1437	CSF2	22.187	14987	110	16	3.041	0.23	6.781
SRSF2_HUMAN	6427	SRSF2	22.13	363	12	35	2.079	0.556	8.397
WT1_HUMAN	7490	WT1	22.13	2295	39	20	2.591	0.322	7.596
K1C20_HUMAN	54474	KRT20	22.004	10103	34	42	2.531	0.633	6.952
CSF3_HUMAN	1440	CSF3	21.94	12033	141	10	3.149	0.041	6.876
TCL1A_HUMAN	8115	TCL1A	21.903	212	15	22	2.176	0.362	8.631
MYB_HUMAN	4602	MYB	21.783	1079	11	50	2.041	0.708	7.924
CDN1B_HUMAN	1027	CDKN1B	21.264	3007	41	16	2.613	0.23	7.479
PAX5_HUMAN	5079	PAX5	21.207	1964	13	44	2.114	0.653	7.664
ZHX2_HUMAN	22882	ZHX2	21.149	1955	14	40	2.146	0.613	7.666
EGFR_HUMAN	1956	EGFR	21.058	30695	29	61	2.462	0.792	6.47
CRLF2_HUMAN	64109	CRLF2	20.873	184	7	35	1.845	0.556	8.692
TPOR_HUMAN	4352	MPL	20.871	1153	20	21	2.301	0.342	7.895
ABC3G_HUMAN	60489	APOBEC3G	20.787	500	7	46	1.845	0.672	8.258
CD38_HUMAN	952	CD38	20.768	4089	24	27	2.38	0.447	7.345
ETS1_HUMAN	2113	ETS1	20.713	793	31	11	2.491	0.079	8.058
EPO_HUMAN	2056	EPO	20.709	15574	48	23	2.681	0.38	6.764
NEP_HUMAN	4311	MME	20.584	4534	66	5	2.82	0.0	7.301
PBX1_HUMAN	5087	PBX1	20.421	276	25	8	2.398	0.0	8.516
PGFRA_HUMAN	5156	PDGFRA	20.403	2020	29	15	2.462	0.204	7.652
HPRT_HUMAN	3251	HPRT1	20.333	2227	47	1	2.672	0.0	7.609
CD52_HUMAN	1043	CD52	20.262	639	18	16	2.255	0.23	8.152
TLX3_HUMAN	30012	TLX3	20.223	74	14	11	2.146	0.079	9.088
FCER2_HUMAN	2208	FCER2	20.17	1985	43	5	2.633	0.0	7.659
FUT4_HUMAN	2526	FUT4	20.086	1860	41	0	2.613	0.0	7.687
STAT3_HUMAN	6774	STAT3	20.073	7199	16	41	2.204	0.623	7.1
CDN2B_HUMAN	1030	CDKN2B	20.05	1824	31	12	2.491	0.114	7.696
MDR1_HUMAN	5243	ABCB1	19.953	10598	54	13	2.732	0.146	6.932
HXA9_HUMAN	3205	HOXA9	19.897	330	19	11	2.279	0.079	8.439
TAL1_HUMAN	6886	TAL1	19.814	315	22	4	2.342	0.0	8.459
TRIM5_HUMAN	85363	TRIM5	19.811	253	9	22	1.954	0.362	8.554
CREB1_HUMAN	1385	CREB1	19.798	2466	18	22	2.255	0.362	7.565
MARH8_HUMAN	220972	MARCH8	19.788	1189	4	80	1.602	0.908	7.882
CSF1R_HUMAN	1436	CSF1R	19.748	865	29	8	2.462	0.0	8.02
JAK3_HUMAN	3718	JAK3	19.583	643	11	22	2.041	0.362	8.149
CCND1_HUMAN	595	CCND1	19.549	9412	45	13	2.653	0.146	6.983
IKZF3_HUMAN	22806	IKZF3	19.542	80	6	23	1.778	0.38	9.054
TPMT_HUMAN	7172	TPMT	19.405	732	25	5	2.398	0.0	8.093
PARP1_HUMAN	142	PARP1	19.401	6579	29	17	2.462	0.255	7.139
DEK_HUMAN	7913	DEK	19.202	151	14	10	2.146	0.041	8.778
PRP8_HUMAN	10594	PRPF8	19.144	85	3	43	1.477	0.643	9.028
MDM2_HUMAN	4193	MDM2	19.084	3545	29	12	2.462	0.114	7.407
HAX1_HUMAN	10456	HAX1	19.077	117	14	4	2.146	0.0	8.889
B2L11_HUMAN	10018	BCL2L11	19.071	365	11	16	2.041	0.23	8.395
DPOE4_HUMAN	56655	POLE4	18.995	418	19	1	2.279	0.0	8.336
L0N195_HUMAN	3439	IFNA1	18.806	8773	48	1	2.681	0.0	7.014
BCR_HUMAN	613	BCR	18.796	1492	26	5	2.415	0.0	7.783
BRCA1_HUMAN	672	BRCA1	18.658	9743	17	27	2.23	0.447	6.968
FANCA_HUMAN	2175	FANCA	18.568	341	16	4	2.204	0.0	8.424
DYR_HUMAN	1719	DHFR	18.519	1305	23	5	2.362	0.0	7.841
CRKL_HUMAN	1399	CRKL	18.501	217	14	9	2.146	0.0	8.621
SYRC_HUMAN	5917	RARS	18.463	226	14	1	2.146	0.0	8.603
PERM_HUMAN	4353	MPO	18.455	6357	38	2	2.58	0.0	7.154
B2MG_HUMAN	567	B2M	18.42	6463	21	17	2.322	0.255	7.147
HCFC1_HUMAN	3054	HCFC1	18.411	2426	27	6	2.431	0.0	7.572
CTNB1_HUMAN	1499	CTNNB1	18.389	8844	15	27	2.176	0.447	7.01
CD19_HUMAN	930	CD19	18.362	5943	20	17	2.301	0.255	7.183
GCR_HUMAN	2908	NR3C1	18.332	3252	29	7	2.462	0.0	7.445
DCK_HUMAN	1633	DCK	18.307	448	16	8	2.204	0.0	8.306
CDK4_HUMAN	1019	CDK4	18.192	3335	28	7	2.447	0.0	7.434
DDX3X_HUMAN	1654	DDX3X	18.143	153	3	38	1.477	0.591	8.772
IL2RA_HUMAN	3559	IL2RA	18.051	8791	25	14	2.398	0.176	7.013
TLX1_HUMAN	3195	TLX1	18.045	86	10	7	2.0	0.0	9.023
TERT_HUMAN	7015	TERT	18.037	4242	17	16	2.23	0.23	7.329
K9JJH7_HUMAN	200424	TET3	17.833	79	3	30	1.477	0.491	9.059
TEBP_HUMAN	10728	PTGES3	17.817	338	13	0	2.114	0.0	8.428
MLF1_HUMAN	4291	MLF1	17.763	42	8	1	1.903	0.0	9.334
HES1_HUMAN	3280	HES1	17.708	660	5	29	1.699	0.477	8.137
HLAG_HUMAN	3135	HLA-G	17.661	2247	15	13	2.176	0.146	7.605
CSF1_HUMAN	1435	CSF1	17.66	2616	22	4	2.342	0.0	7.539
ZN384_HUMAN	171017	ZNF384	17.606	26	7	1	1.845	0.0	9.542
BMI1_HUMAN	648	BMI1	17.603	935	5	31	1.699	0.505	7.986
ASGL1_HUMAN	80150	ASRGL1	17.487	1178	15	10	2.176	0.041	7.886
GSTM1_HUMAN	2944	GSTM1	17.479	2692	21	1	2.322	0.0	7.527
DNLI4_HUMAN	3981	LIG4	17.479	355	8	14	1.903	0.176	8.407
CD24_HUMAN	100133941	CD24	17.46	1346	17	0	2.23	0.0	7.828
NCAM1_HUMAN	4684	NCAM1	17.397	6337	27	3	2.431	0.0	7.155
PEBB_HUMAN	865	CBFB	17.376	398	12	4	2.079	0.0	8.357
ANR26_HUMAN	22852	ANKRD26	17.375	40	6	11	1.778	0.079	9.355
AF1Q_HUMAN	10962	MLLT11	17.368	35	7	1	1.845	0.0	9.413
CFC1_HUMAN	55997	CFC1	17.287	308	11	0	2.041	0.0	8.468
MSH6_HUMAN	2956	MSH6	17.282	1307	16	4	2.204	0.0	7.841
PTEN_HUMAN	5728	PTEN	17.207	6259	11	22	2.041	0.362	7.16
NQO1_HUMAN	1728	NQO1	17.186	1445	16	7	2.204	0.0	7.797
AF10_HUMAN	8028	MLLT10	17.149	152	9	4	1.954	0.0	8.775
ERG_HUMAN	2078	ERG	17.147	1860	17	9	2.23	0.0	7.687
FUS_HUMAN	2521	FUS	17.138	708	13	2	2.114	0.0	8.107
LIF_HUMAN	3976	LIF	17.104	1943	17	2	2.23	0.0	7.669
MLH1_HUMAN	4292	MLH1	17.055	3231	15	12	2.176	0.114	7.448
IL7RA_HUMAN	3575	IL7R	17.012	936	5	26	1.699	0.431	7.986
MOS_HUMAN	4342	MOS	16.998	287	10	0	2.0	0.0	8.499
ERBB2_HUMAN	2064	ERBB2	16.944	26330	23	16	2.362	0.23	6.536
CL12A_HUMAN	160364	CLEC12A	16.91	62	7	9	1.845	0.0	9.165
HLF_HUMAN	3131	HLF	16.888	326	10	5	2.0	0.0	8.444
CD7_HUMAN	924	CD7	16.886	1575	15	0	2.176	0.0	7.76
SBDS_HUMAN	51119	SBDS	16.875	123	8	6	1.903	0.0	8.867
CR2_HUMAN	1380	CR2	16.84	1815	14	10	2.146	0.041	7.698
FGFR3_HUMAN	2261	FGFR3	16.825	1310	14	4	2.146	0.0	7.84
MTHR_HUMAN	4524	MTHFR	16.803	4515	20	7	2.301	0.0	7.302
LIFR_HUMAN	3977	LIFR	16.775	236	9	2	1.954	0.0	8.584
IL2_HUMAN	3558	IL2	16.747	30132	35	10	2.544	0.041	6.478
ELNE_HUMAN	1991	ELANE	16.679	2453	16	7	2.204	0.0	7.567
S10AA_HUMAN	6281	S100A10	16.661	879	12	0	2.079	0.0	8.013
S35B2_HUMAN	347734	SLC35B2	16.611	90	7	0	1.845	0.0	9.003
DAXX_HUMAN	1616	DAXX	16.61	223	5	16	1.699	0.23	8.609
GLI2_HUMAN	2736	GLI2	16.568	4855	19	3	2.279	0.0	7.271
CD5_HUMAN	921	CD5	16.535	3497	17	2	2.23	0.0	7.413
TRIB1_HUMAN	10221	TRIB1	16.495	104	7	7	1.845	0.0	8.94
FCG3A_HUMAN	2214	FCGR3A	16.443	5507	19	4	2.279	0.0	7.216
GLPA_HUMAN	2993	GYPA	16.427	1138	12	0	2.079	0.0	7.901
LYL1_HUMAN	4066	LYL1	16.389	55	6	4	1.778	0.0	9.217
RBTN2_HUMAN	4005	LMO2	16.34	235	8	8	1.903	0.0	8.586
ADA29_HUMAN	11086	ADAM29	16.335	22	5	4	1.699	0.0	9.615
ZBT16_HUMAN	7704	ZBTB16	16.319	241	8	9	1.903	0.0	8.575
CNTP1_HUMAN	8506	CNTNAP1	16.302	246	8	0	1.903	0.0	8.566
HXA7_HUMAN	3204	HOXA7	16.257	140	7	2	1.845	0.0	8.811
NFKB1_HUMAN	4790	NFKB1	16.187	9691	15	13	2.176	0.146	6.971
PGFRB_HUMAN	5159	PDGFRB	16.176	2018	13	3	2.114	0.0	7.652
STIL_HUMAN	6491	STIL	16.161	487	9	2	1.954	0.0	8.269
CHP1_HUMAN	11261	CHP1	16.158	755	10	2	2.0	0.0	8.079
IRF4_HUMAN	3662	IRF4	16.125	378	6	13	1.778	0.146	8.38
HFE_HUMAN	3077	HFE	16.122	1596	12	0	2.079	0.0	7.754
ALK_HUMAN	238	ALK	16.12	2791	14	2	2.146	0.0	7.511
TNR6_HUMAN	355	FAS	16.094	2871	14	9	2.146	0.0	7.499
BCOR_HUMAN	54880	BCOR	16.089	112	4	15	1.602	0.204	8.908
IL3_HUMAN	3562	IL3	16.071	4630	16	4	2.204	0.0	7.291
CHK1_HUMAN	1111	CHEK1	16.037	1262	11	8	2.041	0.0	7.856
CD2_HUMAN	914	CD2	15.848	3738	14	5	2.146	0.0	7.384
DDIT3_HUMAN	1649	DDIT3	15.837	4779	15	7	2.176	0.0	7.278
NBN_HUMAN	4683	NBN	15.832	1099	10	0	2.0	0.0	7.916
AFF4_HUMAN	27125	AFF4	15.787	29	2	22	1.301	0.362	9.495
CDK2_HUMAN	1017	CDK2	15.772	3134	13	9	2.114	0.0	7.461
TMED2_HUMAN	10959	TMED2	15.768	2361	12	0	2.079	0.0	7.584
1A01_HUMAN	3105	HLA-A	15.73	5350	15	2	2.176	0.0	7.229
ENDOU_HUMAN	8909	ENDOU	15.724	495	8	0	1.903	0.0	8.262
ITA2B_HUMAN	3674	ITGA2B	15.689	3429	13	0	2.114	0.0	7.422
CHK2_HUMAN	11200	CHEK2	15.65	1355	10	9	2.0	0.0	7.825
ETS2_HUMAN	2114	ETS2	15.638	303	7	3	1.845	0.0	8.476
IFNA2_HUMAN	3440	IFNA2	15.624	3683	13	2	2.114	0.0	7.391
EGR1_HUMAN	1958	EGR1	15.619	1404	10	3	2.0	0.0	7.81
SEPT9_HUMAN	10801	SEPT9	15.588	155	6	0	1.778	0.0	8.767
RN5A_HUMAN	6041	RNASEL	15.56	334	5	13	1.699	0.146	8.433
G6PD_HUMAN	2539	G6PD	15.551	3985	13	0	2.114	0.0	7.357
PREB_HUMAN	10113	PREB	15.55	163	6	6	1.778	0.0	8.745
LYN_HUMAN	4067	LYN	15.512	640	5	15	1.699	0.204	8.151
IL6_HUMAN	3569	IL6	15.478	53611	18	16	2.255	0.23	6.227
MYCN_HUMAN	4613	MYCN	15.473	2383	11	4	2.041	0.0	7.58
MGMT_HUMAN	4255	MGMT	15.455	2601	7	15	1.845	0.204	7.542
BCL3_HUMAN	602	BCL3	15.423	192	6	3	1.778	0.0	8.674
DCC_HUMAN	1630	DCC	15.408	404	7	0	1.845	0.0	8.351
MK14_HUMAN	1432	MAPK14	15.379	8447	11	13	2.041	0.146	7.03
BCL6_HUMAN	604	BCL6	15.327	1300	9	5	1.954	0.0	7.843
S19A1_HUMAN	6573	SLC19A1	15.322	219	6	2	1.778	0.0	8.617
TFE2_HUMAN	6929	TCF3	15.266	482	7	3	1.845	0.0	8.274
FLVC1_HUMAN	28982	FLVCR1	15.235	28	4	3	1.602	0.0	9.51
BC11B_HUMAN	64919	BCL11B	15.225	99	5	9	1.699	0.0	8.961
NCOA2_HUMAN	10499	NCOA2	15.213	252	6	1	1.778	0.0	8.556
DDX41_HUMAN	51428	DDX41	15.131	28	3	12	1.477	0.114	9.51
IL17F_HUMAN	112744	IL17F	15.116	1033	8	1	1.903	0.0	7.943
LIPL_HUMAN	4023	LPL	15.115	2508	10	4	2.0	0.0	7.558
CEBPB_HUMAN	1051	CEBPB	15.066	1097	8	9	1.903	0.0	7.917
SEPT6_HUMAN	23157	SEPT6	15.03	129	5	1	1.699	0.0	8.846
MTCP1_HUMAN	4515	MTCP1	15.023	38	4	0	1.602	0.0	9.377
KSYK_HUMAN	6850	SYK	15.023	1040	6	12	1.778	0.114	7.94
CDR1_HUMAN	1038	CDR1	15.012	1172	8	5	1.903	0.0	7.888
PRD16_HUMAN	63976	PRDM16	15.007	133	5	4	1.699	0.0	8.833
S22A1_HUMAN	6580	SLC22A1	14.986	684	7	8	1.845	0.0	8.122
FACD2_HUMAN	2177	FANCD2	14.959	350	6	9	1.778	0.0	8.413
AFF1_HUMAN	4299	AFF1	14.957	351	6	2	1.778	0.0	8.412
HBG1_HUMAN	3047	HBG1	14.931	363	6	0	1.778	0.0	8.397
FLI1_HUMAN	2313	FLI1	14.922	741	7	4	1.845	0.0	8.087
MTG8_HUMAN	862	RUNX1T1	14.915	747	7	5	1.845	0.0	8.084
KLF1_HUMAN	10661	KLF1	14.853	164	5	8	1.699	0.0	8.742
LMNA_HUMAN	4000	LMNA	14.835	1307	6	12	1.778	0.114	7.841
CNTN2_HUMAN	6900	CNTN2	14.831	830	7	1	1.845	0.0	8.038
BAX_HUMAN	581	BAX	14.822	11225	14	7	2.146	0.0	6.907
FAIM3_HUMAN	9214	FCMR	14.818	51	4	0	1.602	0.0	9.249
ITAM_HUMAN	3684	ITGAM	14.815	5008	11	1	2.041	0.0	7.257
CDK6_HUMAN	1021	CDK6	14.79	1532	8	3	1.903	0.0	7.772
AICDA_HUMAN	57379	AICDA	14.778	3697	10	7	2.0	0.0	7.389
STA5A_HUMAN	6776	STAT5A	14.743	2070	5	16	1.699	0.23	7.641
DOK1_HUMAN	1796	DOK1	14.729	58	4	0	1.602	0.0	9.194
FRYL_HUMAN	285527	FRYL	14.708	10	3	0	1.477	0.0	9.957
CNTF_HUMAN	1270	CNTF	14.678	504	6	0	1.778	0.0	8.255
CEBPE_HUMAN	1053	CEBPE	14.66	213	5	0	1.699	0.0	8.629
MTOR_HUMAN	2475	MTOR	14.641	14590	13	10	2.114	0.041	6.793
ZMYM2_HUMAN	7750	ZMYM2	14.639	66	4	3	1.602	0.0	9.137
PHF6_HUMAN	84295	PHF6	14.639	66	4	6	1.602	0.0	9.137
BCL10_HUMAN	8915	BCL10	14.626	223	5	0	1.699	0.0	8.609
MTG16_HUMAN	863	CBFA2T3	14.608	69	4	3	1.602	0.0	9.118
FCGR1_HUMAN	2209	FCGR1A	14.597	1935	8	0	1.903	0.0	7.67
CD22_HUMAN	933	CD22	14.576	1140	7	5	1.845	0.0	7.9
DDX10_HUMAN	1662	DDX10	14.492	14	3	1	1.477	0.0	9.811
KC1A_HUMAN	1452	CSNK1A1	14.488	82	4	7	1.602	0.0	9.043
SPRE1_HUMAN	161742	SPRED1	14.488	82	4	9	1.602	0.0	9.043
ABI1_HUMAN	10006	ABI1	14.463	85	4	2	1.602	0.0	9.028
EPOR_HUMAN	2057	EPOR	14.445	681	6	0	1.778	0.0	8.124
PLCG2_HUMAN	5336	PLCG2	14.418	172	3	14	1.477	0.176	8.721
BTG1_HUMAN	694	BTG1	14.415	91	4	4	1.602	0.0	8.998
WDR5_HUMAN	11091	WDR5	14.364	98	4	9	1.602	0.0	8.966
ELF1_HUMAN	1997	ELF1	14.343	101	4	4	1.602	0.0	8.953
FR1OP_HUMAN	11116	FGFR1OP	14.331	18	3	3	1.477	0.0	9.702
GP1BA_HUMAN	2811	GP1BA	14.326	795	6	0	1.778	0.0	8.057
BRCA2_HUMAN	675	BRCA2	14.317	6283	10	9	2.0	0.0	7.159
HIP1_HUMAN	3092	HIP1	14.29	109	4	1	1.602	0.0	8.92
LCK_HUMAN	3932	LCK	14.255	872	6	0	1.778	0.0	8.016
MKL1_HUMAN	57591	MKL1	14.246	116	4	0	1.602	0.0	8.893
HS90A_HUMAN	3320	HSP90AA1	14.238	2989	8	5	1.903	0.0	7.481
HBB_HUMAN	3043	HBB	14.233	897	6	3	1.778	0.0	8.004
CP1A1_HUMAN	1543	CYP1A1	14.227	3030	8	1	1.903	0.0	7.476
TXK_HUMAN	7294	TXK	14.155	422	5	4	1.699	0.0	8.332
TRI13_HUMAN	10206	TRIM13	14.151	133	4	0	1.602	0.0	8.833
CSPG4_HUMAN	1464	CSPG4	14.123	441	5	0	1.699	0.0	8.313
MLN_HUMAN	100507027	MRLN	14.079	468	5	1	1.699	0.0	8.287
SPI1_HUMAN	6688	SPI1	14.06	480	5	4	1.699	0.0	8.276
TIF1B_HUMAN	10155	TRIM28	14.049	154	4	6	1.602	0.0	8.769
FANCC_HUMAN	2176	FANCC	14.041	493	5	0	1.699	0.0	8.264
SIN3A_HUMAN	25942	SIN3A	14.036	157	4	6	1.602	0.0	8.761
RPP14_HUMAN	11102	RPP14	14.032	499	5	3	1.699	0.0	8.259
TSP1_HUMAN	7057	THBS1	14.025	2268	7	0	1.845	0.0	7.601
CD4_HUMAN	920	CD4	14.024	54739	18	9	2.255	0.0	6.218
ENL_HUMAN	4298	MLLT1	14.014	162	4	2	1.602	0.0	8.748
TOP2A_HUMAN	7153	TOP2A	14.01	514	5	4	1.699	0.0	8.246
ERAL1_HUMAN	26284	ERAL1	14.0	3986	8	4	1.903	0.0	7.356
RUNX2_HUMAN	860	RUNX2	13.999	2344	7	3	1.845	0.0	7.587
TOM1_HUMAN	10043	TOM1	13.982	31	3	0	1.477	0.0	9.466
PDLI7_HUMAN	9260	PDLIM7	13.979	1246	6	0	1.778	0.0	7.861
LRBA_HUMAN	987	LRBA	13.976	171	4	0	1.602	0.0	8.724
MEFV_HUMAN	4210	MEFV	13.948	1297	6	0	1.778	0.0	7.844
COE1_HUMAN	1879	EBF1	13.925	184	4	4	1.602	0.0	8.692
EPHB2_HUMAN	2048	EPHB2	13.924	577	5	7	1.699	0.0	8.196
KAT5_HUMAN	10524	KAT5	13.918	186	4	7	1.602	0.0	8.688
IKKA_HUMAN	1147	CHUK	13.908	590	5	4	1.699	0.0	8.186
PSMG2_HUMAN	56984	PSMG2	13.904	35	3	2	1.477	0.0	9.413
XRCC6_HUMAN	2547	XRCC6	13.887	607	5	4	1.699	0.0	8.174
EP300_HUMAN	2033	EP300	13.884	3033	6	11	1.778	0.079	7.475
MALT1_HUMAN	10892	MALT1	13.878	197	4	4	1.602	0.0	8.663
ISG20_HUMAN	3669	ISG20	13.868	623	5	4	1.699	0.0	8.163
HDAC8_HUMAN	55869	HDAC8	13.864	201	4	4	1.602	0.0	8.654
KAT6B_HUMAN	23522	KAT6B	13.856	68	3	10	1.477	0.041	9.125
ETV7_HUMAN	51513	ETV7	13.835	39	3	1	1.477	0.0	9.366
BC11A_HUMAN	53335	BCL11A	13.83	211	4	2	1.602	0.0	8.633
RABP1_HUMAN	1381	CRABP1	13.827	212	4	0	1.602	0.0	8.631
ITAL_HUMAN	3683	ITGAL	13.799	3006	7	0	1.845	0.0	7.479
CDN1C_HUMAN	1028	CDKN1C	13.78	702	5	1	1.699	0.0	8.111
INVS_HUMAN	27130	INVS	13.77	230	4	0	1.602	0.0	8.595
ARI5B_HUMAN	84159	ARID5B	13.729	46	2	14	1.301	0.176	9.294
EXT1_HUMAN	2131	EXT1	13.721	247	4	1	1.602	0.0	8.564
FHIT_HUMAN	2272	FHIT	13.721	760	5	1	1.699	0.0	8.076
AFF3_HUMAN	3899	AFF3	13.701	48	3	0	1.477	0.0	9.276
SETD2_HUMAN	29072	SETD2	13.673	342	3	13	1.477	0.146	8.423
CNTRL_HUMAN	11064	CNTRL	13.663	51	3	0	1.477	0.0	9.249
CMC4_HUMAN	100272147	CMC4	13.65	52	3	0	1.477	0.0	9.241
GSTT1_HUMAN	2952	GSTT1	13.641	1930	6	3	1.778	0.0	7.671
PTPRC_HUMAN	5788	PTPRC	13.641	6151	8	4	1.903	0.0	7.168
IRF1_HUMAN	3659	IRF1	13.633	857	5	0	1.699	0.0	8.024
FER_HUMAN	2241	FER	13.626	54	3	8	1.477	0.0	9.225
CDR2_HUMAN	1039	CDR2	13.606	291	4	2	1.602	0.0	8.493
RBTN1_HUMAN	4004	LMO1	13.603	56	3	2	1.477	0.0	9.209
THRB_HUMAN	2147	F2	13.58	14673	10	0	2.0	0.0	6.79
ZN292_HUMAN	23036	ZNF292	13.574	7	1	21	1.0	0.342	10.112
ANXA5_HUMAN	308	ANXA5	13.546	6904	8	1	1.903	0.0	7.118
SLU7_HUMAN	10569	SLU7	13.537	62	3	7	1.477	0.0	9.165
IF4E_HUMAN	1977	EIF4E	13.521	997	5	5	1.699	0.0	7.958
ABL2_HUMAN	27	ABL2	13.488	67	3	0	1.477	0.0	9.131
P73_HUMAN	7161	TP73	13.476	1060	5	1	1.699	0.0	7.932
OGG1_HUMAN	4968	OGG1	13.474	1062	5	1	1.699	0.0	7.931
CC28A_HUMAN	25901	CCDC28A	13.472	4	2	0	1.301	0.0	10.355
KAT6A_HUMAN	7994	KAT6A	13.469	69	3	3	1.477	0.0	9.118
CADM1_HUMAN	23705	CADM1	13.462	358	4	3	1.602	0.0	8.403
POTE1_HUMAN	25913	POT1	13.448	207	3	11	1.477	0.079	8.641
MSI2H_HUMAN	124540	MSI2	13.432	73	3	0	1.477	0.0	9.094
AURKA_HUMAN	6790	AURKA	13.426	1134	5	2	1.699	0.0	7.902
1B07_HUMAN	3106	HLA-B	13.425	7993	8	0	1.903	0.0	7.054
GGT1_HUMAN	2678	GGT1	13.423	379	4	4	1.602	0.0	8.378
MSH2_HUMAN	4436	MSH2	13.41	2603	6	5	1.778	0.0	7.542
PDGFB_HUMAN	5155	PDGFB	13.402	1172	5	0	1.699	0.0	7.888
FCGRN_HUMAN	2217	FCGRT	13.401	1173	5	1	1.699	0.0	7.888
H2AX_HUMAN	3014	H2AFX	13.392	1188	5	7	1.699	0.0	7.882
FINC_HUMAN	2335	FN1	13.373	12999	9	2	1.954	0.0	6.843
TNR8_HUMAN	943	TNFRSF8	13.347	2823	6	4	1.778	0.0	7.506
ALEX_HUMAN	2778	GNAS	13.336	1281	5	1	1.699	0.0	7.849
TPPP_HUMAN	11076	TPPP	13.336	429	4	0	1.602	0.0	8.325
HEM3_HUMAN	3145	HMBS	13.313	444	4	0	1.602	0.0	8.31
FA5_HUMAN	2153	F5	13.292	3031	6	1	1.778	0.0	7.475
RAD50_HUMAN	10111	RAD50	13.282	464	4	4	1.602	0.0	8.29
CTNA1_HUMAN	1495	CTNNA1	13.244	98	3	5	1.477	0.0	8.966
CLYBL_HUMAN	171425	CLYBL	13.244	98	3	3	1.477	0.0	8.966
IL3RA_HUMAN	3563	IL3RA	13.216	510	4	0	1.602	0.0	8.249
PK3CD_HUMAN	5293	PIK3CD	13.209	6997	6	11	1.778	0.079	7.112
DAPK1_HUMAN	1612	DAPK1	13.2	522	4	3	1.602	0.0	8.239
RB40B_HUMAN	10966	RAB40B	13.193	106	3	4	1.477	0.0	8.932
KMT2C_HUMAN	58508	KMT2C	13.187	107	3	3	1.477	0.0	8.928
DNMT1_HUMAN	1786	DNMT1	13.183	1576	5	7	1.699	0.0	7.759
DICER_HUMAN	23405	DICER1	13.177	691	3	13	1.477	0.146	8.118
FBXW7_HUMAN	55294	FBXW7	13.176	474	3	12	1.477	0.114	8.281
CD177_HUMAN	57126	CD177	13.146	564	4	1	1.602	0.0	8.206
S20A2_HUMAN	6575	SLC20A2	13.141	115	3	3	1.477	0.0	8.896
PGP_HUMAN	283871	PGP	13.141	1668	5	0	1.699	0.0	7.735
CDN2D_HUMAN	1032	CDKN2D	13.114	120	3	1	1.477	0.0	8.878
EPHA4_HUMAN	2043	EPHA4	13.114	120	3	0	1.477	0.0	8.878
ICAM1_HUMAN	3383	ICAM1	13.113	11659	8	0	1.903	0.0	6.89
SNF5_HUMAN	6598	SMARCB1	13.1	603	4	0	1.602	0.0	8.177
MN1_HUMAN	4330	MN1	13.098	123	3	3	1.477	0.0	8.867
CASP_HUMAN	1523	CUX1	13.086	615	4	9	1.602	0.0	8.168
EPHA8_HUMAN	2046	EPHA8	13.082	126	3	3	1.477	0.0	8.857
RTL3_HUMAN	203430	RTL3	13.08	8	2	0	1.301	0.0	10.054
AFAD_HUMAN	4301	AFDN	13.077	127	3	1	1.477	0.0	8.853
COX8A_HUMAN	1351	COX8A	13.015	7998	7	2	1.845	0.0	7.054
SPY3_HUMAN	10251	SPRY3	13.014	9	2	3	1.301	0.0	10.003
RMD2_HUMAN	151393	RMDN2	13.014	9	2	0	1.301	0.0	10.003
THY1_HUMAN	7070	THY1	13.012	1988	5	0	1.699	0.0	7.659
FOS_HUMAN	2353	FOS	13.004	4405	6	1	1.778	0.0	7.313
SOMA_HUMAN	2688	GH1	12.98	20651	9	4	1.954	0.0	6.642
LEU7_HUMAN	220107	DLEU7	12.954	10	2	3	1.301	0.0	9.957
MRP1_HUMAN	4363	ABCC1	12.945	2177	5	0	1.699	0.0	7.619
AMPE_HUMAN	2028	ENPEP	12.944	754	4	0	1.602	0.0	8.08
PRAME_HUMAN	23532	PRAME	12.937	158	3	2	1.477	0.0	8.758
P2RX7_HUMAN	5027	P2RX7	12.918	783	4	5	1.602	0.0	8.063
ADA_HUMAN	100	ADA	12.902	2306	5	2	1.699	0.0	7.594
4EBP1_HUMAN	1978	EIF4EBP1	12.897	1027	3	13	1.477	0.146	7.945
DNM3B_HUMAN	1789	DNMT3B	12.881	826	4	4	1.602	0.0	8.04
ANXA2_HUMAN	302	ANXA2	12.876	832	4	7	1.602	0.0	8.037
TSYL2_HUMAN	64061	TSPYL2	12.853	860	4	0	1.602	0.0	8.023
EWS_HUMAN	2130	EWSR1	12.851	862	4	1	1.602	0.0	8.021
CCR4_HUMAN	1233	CCR4	12.812	912	4	5	1.602	0.0	7.997
PEG10_HUMAN	23089	PEG10	12.805	194	3	0	1.477	0.0	8.669
PRIMA_HUMAN	145270	PRIMA1	12.802	195	3	1	1.477	0.0	8.667
CLC4C_HUMAN	170482	CLEC4C	12.796	197	3	0	1.477	0.0	8.663
ITPA_HUMAN	3704	ITPA	12.792	198	3	1	1.477	0.0	8.66
CHIC2_HUMAN	26511	CHIC2	12.764	14	2	0	1.301	0.0	9.811
CDX2_HUMAN	1045	CDX2	12.757	987	4	4	1.602	0.0	7.963
VGFR1_HUMAN	2321	FLT1	12.749	2839	5	1	1.699	0.0	7.504
RASF1_HUMAN	11186	RASSF1	12.739	1012	4	2	1.602	0.0	7.952
MTAP_HUMAN	4507	MTAP	12.713	224	3	1	1.477	0.0	8.607
ERCC2_HUMAN	2068	ERCC2	12.712	1053	4	1	1.602	0.0	7.935
FOXO3_HUMAN	2309	FOXO3	12.706	1061	4	1	1.602	0.0	7.931
APEX1_HUMAN	328	APEX1	12.702	1067	4	2	1.602	0.0	7.929
FOLC_HUMAN	2356	FPGS	12.702	228	3	0	1.477	0.0	8.599
DAPLE_HUMAN	440193	CCDC88C	12.689	16	2	0	1.301	0.0	9.753
ANDR_HUMAN	367	AR	12.657	6901	6	4	1.778	0.0	7.118
I2BP2_HUMAN	359948	IRF2BP2	12.655	17	2	1	1.301	0.0	9.727
TASP1_HUMAN	55617	TASP1	12.622	18	2	1	1.301	0.0	9.702
EGR2_HUMAN	1959	EGR2	12.61	263	3	7	1.477	0.0	8.537
CRK_HUMAN	1398	CRK	12.608	264	3	1	1.477	0.0	8.535
SUCO_HUMAN	51430	SUCO	12.603	266	3	0	1.477	0.0	8.532
GLYAT_HUMAN	10249	GLYAT	12.596	269	3	0	1.477	0.0	8.527
5NTC_HUMAN	22978	NT5C2	12.585	394	2	15	1.301	0.204	8.362
PTPA_HUMAN	5524	PTPA	12.579	1274	4	8	1.602	0.0	7.852
TPO_HUMAN	7066	THPO	12.566	1299	4	0	1.602	0.0	7.843
U2AF2_HUMAN	11338	U2AF2	12.547	123	2	12	1.301	0.114	8.867
CCR5_HUMAN	1234	CCR5	12.539	3774	5	2	1.699	0.0	7.38
CSF2R_HUMAN	1438	CSF2RA	12.539	294	3	0	1.477	0.0	8.489
DPP4_HUMAN	1803	DPP4	12.539	3775	5	1	1.699	0.0	7.38
ORC5_HUMAN	5001	ORC5	12.535	21	2	0	1.301	0.0	9.635
BSPH1_HUMAN	100131137	BSPH1	12.535	21	2	0	1.301	0.0	9.635
MTX2_HUMAN	10651	MTX2	12.509	22	2	1	1.301	0.0	9.615
NAT8L_HUMAN	339983	NAT8L	12.509	22	2	0	1.301	0.0	9.615
OLIG2_HUMAN	10215	OLIG2	12.488	318	3	0	1.477	0.0	8.455
PERF_HUMAN	5551	PRF1	12.486	319	3	1	1.477	0.0	8.453
5NT3A_HUMAN	51251	NT5C3A	12.471	327	3	0	1.477	0.0	8.442
AF17_HUMAN	4302	MLLT6	12.46	24	2	0	1.301	0.0	9.577
MBL2_HUMAN	4153	MBL2	12.458	1517	4	2	1.602	0.0	7.776
FCRL2_HUMAN	79368	FCRL2	12.437	25	2	1	1.301	0.0	9.559
UD11_HUMAN	54658	UGT1A1	12.424	1592	4	0	1.602	0.0	7.755
TRAF3_HUMAN	7187	TRAF3	12.418	355	3	0	1.477	0.0	8.407
DNAS1_HUMAN	1773	DNASE1	12.416	356	3	2	1.477	0.0	8.406
IKBE_HUMAN	4794	NFKBIE	12.414	26	2	5	1.301	0.0	9.542
CD79A_HUMAN	973	CD79A	12.412	1621	4	0	1.602	0.0	7.747
TNFL6_HUMAN	356	FASLG	12.41	4494	5	4	1.699	0.0	7.304
RAD51_HUMAN	5888	RAD51	12.407	1631	4	3	1.602	0.0	7.745
LEG3_HUMAN	3958	LGALS3	12.405	1637	4	6	1.602	0.0	7.743
SP1_HUMAN	6667	SP1	12.394	4591	5	0	1.699	0.0	7.295
OFUT1_HUMAN	23509	POFUT1	12.373	28	2	0	1.301	0.0	9.51
IL9_HUMAN	3578	IL9	12.369	1724	4	1	1.602	0.0	7.72
TNF10_HUMAN	8743	TNFSF10	12.357	4830	5	4	1.699	0.0	7.273
PTN6_HUMAN	5777	PTPN6	12.34	401	3	2	1.477	0.0	8.354
ADDG_HUMAN	120	ADD3	12.334	30	2	1	1.301	0.0	9.48
NUMA1_HUMAN	4926	NUMA1	12.308	421	3	1	1.477	0.0	8.333
ITAX_HUMAN	3687	ITGAX	12.307	1884	4	0	1.602	0.0	7.682
STMN1_HUMAN	3925	STMN1	12.293	431	3	0	1.477	0.0	8.323
CXCR4_HUMAN	7852	CXCR4	12.275	5392	5	6	1.699	0.0	7.225
FLNA_HUMAN	2316	FLNA	12.271	446	3	0	1.477	0.0	8.308
TERF1_HUMAN	7013	TERF1	12.27	447	3	0	1.477	0.0	8.307
LEF1_HUMAN	51176	LEF1	12.261	453	3	6	1.477	0.0	8.301
GPM6B_HUMAN	2824	GPM6B	12.247	35	2	0	1.301	0.0	9.413
USB1_HUMAN	79650	USB1	12.247	35	2	2	1.301	0.0	9.413
GLIS2_HUMAN	84662	GLIS2	12.247	35	2	9	1.301	0.0	9.413
P2RY8_HUMAN	286530	P2RY8	12.247	35	2	2	1.301	0.0	9.413
JUN_HUMAN	3725	JUN	12.246	5610	5	5	1.699	0.0	7.208
CISH_HUMAN	1154	CISH	12.231	475	3	2	1.477	0.0	8.28
TOP3A_HUMAN	7156	TOP3A	12.231	36	2	2	1.301	0.0	9.401
BRCC3_HUMAN	79184	BRCC3	12.231	36	2	0	1.301	0.0	9.401
IFNG_HUMAN	3458	IFNG	12.218	34431	8	1	1.903	0.0	6.42
S29A1_HUMAN	2030	SLC29A1	12.214	488	3	1	1.477	0.0	8.269
IL5_HUMAN	3567	IL5	12.19	6055	5	5	1.699	0.0	7.175
NCOR1_HUMAN	9611	NCOR1	12.188	343	2	13	1.301	0.146	8.422
CTCF_HUMAN	10664	CTCF	12.188	508	3	9	1.477	0.0	8.251
WASP_HUMAN	7454	WAS	12.184	511	3	1	1.477	0.0	8.249
PIM1_HUMAN	5292	PIM1	12.174	519	3	2	1.477	0.0	8.242
TACT_HUMAN	10225	CD96	12.171	40	2	0	1.301	0.0	9.355
ARNT_HUMAN	405	ARNT	12.158	532	3	0	1.477	0.0	8.231
NUD15_HUMAN	55270	NUDT15	12.157	41	2	1	1.301	0.0	9.344
G3P_HUMAN	2597	GAPDH	12.153	2349	4	1	1.602	0.0	7.586
PIT1_HUMAN	5449	POU1F1	12.121	564	3	1	1.477	0.0	8.206
SIR1_HUMAN	23411	SIRT1	12.121	2460	4	6	1.602	0.0	7.566
CD33_HUMAN	945	CD33	12.115	2483	4	0	1.602	0.0	7.562
SYCY1_HUMAN	30816	ERVW-1	12.102	581	3	0	1.477	0.0	8.193
XPO1_HUMAN	7514	XPO1	12.094	588	3	2	1.477	0.0	8.188
PTPRT_HUMAN	11122	PTPRT	12.092	46	2	1	1.301	0.0	9.294
KDM4C_HUMAN	23081	KDM4C	12.092	46	2	2	1.301	0.0	9.294
APAF_HUMAN	317	APAF1	12.091	591	3	0	1.477	0.0	8.185
KI20A_HUMAN	10112	KIF20A	12.08	47	2	2	1.301	0.0	9.285
MYL9_HUMAN	10398	MYL9	12.068	48	2	4	1.301	0.0	9.276
PSIP1_HUMAN	11168	PSIP1	12.046	634	2	14	1.301	0.176	8.155
WWP1_HUMAN	11059	WWP1	12.034	51	2	3	1.301	0.0	9.249
CCND2_HUMAN	894	CCND2	12.032	648	3	0	1.477	0.0	8.145
JTB_HUMAN	10899	JTB	12.012	53	2	0	1.301	0.0	9.233
RAN_HUMAN	5901	RAN	12.01	670	3	6	1.477	0.0	8.131
BCL9_HUMAN	607	BCL9	12.002	54	2	1	1.301	0.0	9.225
TRIB2_HUMAN	28951	TRIB2	12.002	54	2	3	1.301	0.0	9.225
CD8A_HUMAN	925	CD8A	11.983	28961	7	0	1.845	0.0	6.495
CKS1_HUMAN	1163	CKS1B	11.981	56	2	1	1.301	0.0	9.209
RPN2_HUMAN	6185	RPN2	11.981	56	2	0	1.301	0.0	9.209
ITA4_HUMAN	3676	ITGA4	11.975	708	3	5	1.477	0.0	8.107
INSR_HUMAN	3643	INSR	11.974	3040	4	0	1.602	0.0	7.474
TOPRS_HUMAN	10210	TOPORS	11.971	57	2	2	1.301	0.0	9.201
G6PC3_HUMAN	92579	G6PC3	11.951	59	2	7	1.301	0.0	9.186
SHIP1_HUMAN	3635	INPP5D	11.95	736	3	1	1.477	0.0	8.09
PTN4_HUMAN	5775	PTPN4	11.946	741	3	0	1.477	0.0	8.087
ATN1_HUMAN	1822	ATN1	11.934	755	3	4	1.477	0.0	8.079
DLX4_HUMAN	1748	DLX4	11.933	61	2	0	1.301	0.0	9.172
SDF1_HUMAN	6387	CXCL12	11.932	3227	4	1	1.602	0.0	7.448
E2AK2_HUMAN	5610	EIF2AK2	11.915	777	3	1	1.477	0.0	8.067
TNFA_HUMAN	7124	TNF	11.874	75731	9	5	1.954	0.0	6.076
CD180_HUMAN	4064	CD180	11.871	68	2	0	1.301	0.0	9.125
SHOC2_HUMAN	8036	SHOC2	11.871	68	2	0	1.301	0.0	9.125
TSN_HUMAN	7247	TSN	11.863	69	2	0	1.301	0.0	9.118
FOG2_HUMAN	23414	ZFPM2	11.855	70	2	0	1.301	0.0	9.112
PLK1_HUMAN	5347	PLK1	11.82	901	3	6	1.477	0.0	8.002
STAG1_HUMAN	10274	STAG1	11.808	76	2	7	1.301	0.0	9.076
COPA_HUMAN	1314	COPA	11.794	78	2	0	1.301	0.0	9.065
IASPP_HUMAN	10848	PPP1R13L	11.779	80	2	1	1.301	0.0	9.054
MK01_HUMAN	5594	MAPK1	11.778	21517	6	6	1.778	0.0	6.624
CATG_HUMAN	1511	CTSG	11.776	966	3	1	1.477	0.0	7.972
NEUR1_HUMAN	4758	NEU1	11.775	4047	4	5	1.602	0.0	7.35
NUP62_HUMAN	23636	NUP62	11.767	979	3	0	1.477	0.0	7.966
PIAS3_HUMAN	10401	PIAS3	11.745	85	2	1	1.301	0.0	9.028
EDIL3_HUMAN	10085	EDIL3	11.739	86	2	2	1.301	0.0	9.023
SRC_HUMAN	6714	SRC	11.72	4377	4	7	1.602	0.0	7.316
ERBB4_HUMAN	2066	ERBB4	11.709	1071	3	7	1.477	0.0	7.927
STX11_HUMAN	8676	STX11	11.707	91	2	1	1.301	0.0	8.998
ABCB5_HUMAN	340273	ABCB5	11.707	91	2	0	1.301	0.0	8.998
WDHD1_HUMAN	11169	WDHD1	11.692	1100	3	2	1.477	0.0	7.916
SO1B1_HUMAN	10599	SLCO1B1	11.691	756	2	13	1.301	0.146	8.078
NOTC2_HUMAN	4853	NOTCH2	11.687	498	2	12	1.301	0.114	8.26
IKZF2_HUMAN	22807	IKZF2	11.682	95	2	0	1.301	0.0	8.979
CADH5_HUMAN	1003	CDH5	11.674	1131	3	0	1.477	0.0	7.904
NU214_HUMAN	8021	NUP214	11.671	97	2	1	1.301	0.0	8.97
XPR1_HUMAN	9213	XPR1	11.665	98	2	2	1.301	0.0	8.966
ACK1_HUMAN	10188	TNK2	11.665	98	2	0	1.301	0.0	8.966
PRDM9_HUMAN	56979	PRDM9	11.653	100	2	3	1.301	0.0	8.957
HXA13_HUMAN	3209	HOXA13	11.648	101	2	2	1.301	0.0	8.953
S38A3_HUMAN	10991	SLC38A3	11.648	101	2	0	1.301	0.0	8.953
HDAC1_HUMAN	3065	HDAC1	11.646	1183	3	2	1.477	0.0	7.884
RS14_HUMAN	6208	RPS14	11.615	107	2	3	1.301	0.0	8.928
TN13B_HUMAN	10673	TNFSF13B	11.607	1256	3	5	1.477	0.0	7.858
EGLN_HUMAN	2022	ENG	11.605	1261	3	1	1.477	0.0	7.856
DCOR_HUMAN	4953	ODC1	11.601	1269	3	0	1.477	0.0	7.854
CITE2_HUMAN	10370	CITED2	11.599	110	2	0	1.301	0.0	8.916
NOS2_HUMAN	4843	NOS2	11.597	5227	4	0	1.602	0.0	7.239
EPS15_HUMAN	2060	EPS15	11.569	116	2	0	1.301	0.0	8.893
CDC37_HUMAN	11140	CDC37	11.569	116	2	0	1.301	0.0	8.893
LOX12_HUMAN	239	ALOX12	11.56	118	2	2	1.301	0.0	8.885
CRERF_HUMAN	153222	CREBRF	11.555	119	2	0	1.301	0.0	8.881
ERF1_HUMAN	2107	ETF1	11.536	123	2	0	1.301	0.0	8.867
CF089_HUMAN	221477	C6orf89	11.535	4	1	12	1.0	0.114	10.355
CCR7_HUMAN	1236	CCR7	11.533	1409	3	0	1.477	0.0	7.808
U2AF1_HUMAN	7307	U2AF1	11.532	124	2	2	1.301	0.0	8.864
ARAF_HUMAN	369	ARAF	11.527	125	2	1	1.301	0.0	8.86
MNX1_HUMAN	3110	MNX1	11.509	129	2	1	1.301	0.0	8.846
GEPH_HUMAN	10243	GPHN	11.509	129	2	0	1.301	0.0	8.846
ITB3_HUMAN	3690	ITGB3	11.507	1468	3	7	1.477	0.0	7.79
PRDX4_HUMAN	10549	PRDX4	11.505	130	2	0	1.301	0.0	8.843
NOD2_HUMAN	64127	NOD2	11.496	1493	3	1	1.477	0.0	7.783
FANCG_HUMAN	2189	FANCG	11.471	138	2	1	1.301	0.0	8.817
PRDM2_HUMAN	7799	PRDM2	11.471	138	2	0	1.301	0.0	8.817
GAB2_HUMAN	9846	GAB2	11.471	138	2	1	1.301	0.0	8.817
VEGFA_HUMAN	7422	VEGFA	11.455	32733	6	2	1.778	0.0	6.442
APOB_HUMAN	338	APOB	11.454	9710	4	10	1.602	0.041	6.97
FGF2_HUMAN	2247	FGF2	11.437	6580	4	5	1.602	0.0	7.139
ANM5_HUMAN	10419	PRMT5	11.413	153	2	3	1.301	0.0	8.772
MEN1_HUMAN	4221	MEN1	11.404	1723	3	1	1.477	0.0	7.721
COBA2_HUMAN	1302	COL11A2	11.403	1728	3	1	1.477	0.0	7.719
SMAD4_HUMAN	4089	SMAD4	11.403	1728	3	0	1.477	0.0	7.719
CRBG1_HUMAN	202	CRYBG1	11.402	156	2	2	1.301	0.0	8.764
TP4A3_HUMAN	11156	PTP4A3	11.391	159	2	1	1.301	0.0	8.756
GSHR_HUMAN	2936	GSR	11.384	1778	3	0	1.477	0.0	7.707
ID4_HUMAN	3400	ID4	11.384	161	2	1	1.301	0.0	8.75
NSD1_HUMAN	64324	NSD1	11.367	166	2	0	1.301	0.0	8.737
SGCZ_HUMAN	137868	SGCZ	11.365	11	1	13	1.0	0.146	9.916
THIO_HUMAN	7295	TXN	11.357	1854	3	0	1.477	0.0	7.689
MAD1_HUMAN	4084	MXD1	11.344	173	2	0	1.301	0.0	8.719
RCC1_HUMAN	1104	RCC1	11.337	175	2	0	1.301	0.0	8.714
RHCE_HUMAN	6006	RHCE	11.331	177	2	0	1.301	0.0	8.709
DDB1_HUMAN	1642	DDB1	11.306	185	2	0	1.301	0.0	8.69
KCMB2_HUMAN	10242	KCNMB2	11.291	8108	4	2	1.602	0.0	7.048
RECQ4_HUMAN	9401	RECQL4	11.288	191	2	3	1.301	0.0	8.676
DLG1_HUMAN	1739	DLG1	11.267	198	2	3	1.301	0.0	8.66
PCNT_HUMAN	5116	PCNT	11.256	202	2	0	1.301	0.0	8.652
RFC1_HUMAN	5981	RFC1	11.256	202	2	1	1.301	0.0	8.652
EMB_HUMAN	133418	EMB	11.256	202	2	0	1.301	0.0	8.652
IL7_HUMAN	3574	IL7	11.254	2180	3	0	1.477	0.0	7.619
CYLD_HUMAN	1540	CYLD	11.237	209	2	0	1.301	0.0	8.637
DYN2_HUMAN	1785	DNM2	11.21	219	2	5	1.301	0.0	8.617
ELF4_HUMAN	2000	ELF4	11.21	219	2	0	1.301	0.0	8.617
BLNK_HUMAN	29760	BLNK	11.21	219	2	1	1.301	0.0	8.617
WIF1_HUMAN	11197	WIF1	11.205	221	2	0	1.301	0.0	8.613
NEDD8_HUMAN	4738	NEDD8	11.203	222	2	6	1.301	0.0	8.611
PRP31_HUMAN	26121	PRPF31	11.203	222	2	0	1.301	0.0	8.611
ABCG2_HUMAN	9429	ABCG2	11.187	2419	3	0	1.477	0.0	7.573
CP2B6_HUMAN	1555	CYP2B6	11.181	2440	3	2	1.477	0.0	7.57
BUB1_HUMAN	699	BUB1	11.175	233	2	0	1.301	0.0	8.59
1C07_HUMAN	3107	HLA-C	11.165	2502	3	0	1.477	0.0	7.559
HCK_HUMAN	3055	HCK	11.161	239	2	0	1.301	0.0	8.579
TGFB1_HUMAN	7040	TGFB1	11.159	24445	5	1	1.699	0.0	6.568
CYTL1_HUMAN	54360	CYTL1	11.156	241	2	0	1.301	0.0	8.575
E2F4_HUMAN	1874	E2F4	11.149	244	2	0	1.301	0.0	8.57
ID3_HUMAN	3399	ID3	11.149	244	2	0	1.301	0.0	8.57
EF1A1_HUMAN	1915	EEF1A1	11.147	245	2	0	1.301	0.0	8.568
HXA10_HUMAN	3206	HOXA10	11.145	246	2	3	1.301	0.0	8.566
CAH1_HUMAN	759	CA1	11.131	2638	3	0	1.477	0.0	7.536
CCL3_HUMAN	6348	CCL3	11.124	2667	3	6	1.477	0.0	7.531
TWSG1_HUMAN	57045	TWSG1	11.12	257	2	0	1.301	0.0	8.547
MTX1_HUMAN	4580	MTX1	11.107	263	2	0	1.301	0.0	8.537
ARID2_HUMAN	196528	ARID2	11.105	264	2	0	1.301	0.0	8.535
HPT_HUMAN	3240	HP	11.1	2768	3	0	1.477	0.0	7.515
ADA1D_HUMAN	146	ADRA1D	11.098	2777	3	0	1.477	0.0	7.513
FCAR_HUMAN	2204	FCAR	11.086	273	2	2	1.301	0.0	8.521
FIP1_HUMAN	81608	FIP1L1	11.078	277	2	0	1.301	0.0	8.515
LAT_HUMAN	27040	LAT	11.07	281	2	2	1.301	0.0	8.508
BRD4_HUMAN	23476	BRD4	11.066	283	2	5	1.301	0.0	8.505
NDUB3_HUMAN	4709	NDUFB3	11.064	2927	3	0	1.477	0.0	7.491
RHG26_HUMAN	23092	ARHGAP26	11.056	288	2	1	1.301	0.0	8.498
VAV_HUMAN	7409	VAV1	11.031	301	2	0	1.301	0.0	8.478
ABCB7_HUMAN	22	ABCB7	11.029	302	2	7	1.301	0.0	8.477
IKBA_HUMAN	4792	NFKBIA	11.025	3112	3	9	1.477	0.0	7.464
SERPH_HUMAN	871	SERPINH1	11.02	307	2	0	1.301	0.0	8.47
HXD13_HUMAN	3239	HOXD13	11.012	311	2	0	1.301	0.0	8.464
IL8_HUMAN	3576	CXCL8	11.009	25628	4	11	1.602	0.079	6.548
TRFE_HUMAN	7018	TF	11.005	12237	4	1	1.602	0.0	6.869
DQB1_HUMAN	3119	HLA-DQB1	11.002	3227	3	0	1.477	0.0	7.448
MDM4_HUMAN	4194	MDM4	10.996	320	2	1	1.301	0.0	8.452
CEAM6_HUMAN	4680	CEACAM6	10.996	320	2	0	1.301	0.0	8.452
PEBP1_HUMAN	5037	PEBP1	10.996	320	2	2	1.301	0.0	8.452
BUB1B_HUMAN	701	BUB1B	10.991	323	2	0	1.301	0.0	8.448
MSH3_HUMAN	4437	MSH3	10.986	326	2	1	1.301	0.0	8.444
IFI27_HUMAN	3429	IFI27	10.984	3320	3	2	1.477	0.0	7.436
CEBPD_HUMAN	1052	CEBPD	10.974	333	2	0	1.301	0.0	8.435
GLI1_HUMAN	2735	GLI1	10.968	1025	2	11	1.301	0.079	7.946
ATRX_HUMAN	546	ATRX	10.962	340	2	1	1.301	0.0	8.426
UNG_HUMAN	7374	UNG	10.962	340	2	2	1.301	0.0	8.426
FXDC2_HUMAN	10826	FAXDC2	10.957	1	1	0	1.0	0.0	10.957
ANGE1_HUMAN	23357	ANGEL1	10.957	1	1	0	1.0	0.0	10.957
TEX33_HUMAN	339669	TEX33	10.957	1	1	0	1.0	0.0	10.957
ID2_HUMAN	3398	ID2	10.944	351	2	1	1.301	0.0	8.412
FOXP1_HUMAN	27086	FOXP1	10.944	351	2	0	1.301	0.0	8.412
CAR16_HUMAN	114769	CARD16	10.942	352	2	0	1.301	0.0	8.41
X5DP00_HUMAN	6638	SNRPN	10.93	360	2	0	1.301	0.0	8.401
MBP_HUMAN	4155	MBP	10.929	3613	3	1	1.477	0.0	7.399
NFE2_HUMAN	4778	NFE2	10.928	361	2	0	1.301	0.0	8.4
ASM_HUMAN	6609	SMPD1	10.91	373	2	0	1.301	0.0	8.385
ROA1_HUMAN	3178	HNRNPA1	10.907	375	2	2	1.301	0.0	8.383
TYK2_HUMAN	7297	TYK2	10.895	383	2	0	1.301	0.0	8.374
STA5B_HUMAN	6777	STAT5B	10.876	396	2	9	1.301	0.0	8.359
ATG7_HUMAN	10533	ATG7	10.874	397	2	9	1.301	0.0	8.358
ENOG_HUMAN	2026	ENO2	10.87	3962	3	0	1.477	0.0	7.359
RL5_HUMAN	6125	RPL5	10.867	402	2	5	1.301	0.0	8.353
RAG1_HUMAN	5896	RAG1	10.853	412	2	4	1.301	0.0	8.342
FIBB_HUMAN	2244	FGB	10.847	15352	4	1	1.602	0.0	6.771
ACES_HUMAN	43	ACHE	10.843	4133	3	0	1.477	0.0	7.341
ANPRB_HUMAN	4882	NPR2	10.841	421	2	4	1.301	0.0	8.333
YBOX1_HUMAN	4904	YBX1	10.84	422	2	0	1.301	0.0	8.332
RET_HUMAN	5979	RET	10.825	4253	3	0	1.477	0.0	7.328
ERCC5_HUMAN	2073	ERCC5	10.82	437	2	0	1.301	0.0	8.317
TF65_HUMAN	5970	RELA	10.812	4340	3	1	1.477	0.0	7.319
TLR6_HUMAN	10333	TLR6	10.802	451	2	3	1.301	0.0	8.303
FGF3_HUMAN	2248	FGF3	10.801	452	2	0	1.301	0.0	8.302
LDLR_HUMAN	3949	LDLR	10.801	4411	3	7	1.477	0.0	7.312
TCO2_HUMAN	6948	TCN2	10.79	461	2	0	1.301	0.0	8.293
IL4_HUMAN	3565	IL4	10.741	17876	4	3	1.602	0.0	6.705
CRF_HUMAN	1392	CRH	10.726	4959	3	3	1.477	0.0	7.262
NFKB2_HUMAN	4791	NFKB2	10.723	519	2	0	1.301	0.0	8.242
CASP2_HUMAN	835	CASP2	10.722	520	2	0	1.301	0.0	8.241
CD68_HUMAN	968	CD68	10.709	5091	3	0	1.477	0.0	7.25
HMGA2_HUMAN	8091	HMGA2	10.704	537	2	0	1.301	0.0	8.227
SFRP1_HUMAN	6422	SFRP1	10.702	539	2	2	1.301	0.0	8.225
IL27A_HUMAN	246778	IL27	10.692	548	2	5	1.301	0.0	8.218
ANXA1_HUMAN	301	ANXA1	10.679	561	2	0	1.301	0.0	8.208
PPARG_HUMAN	5468	PPARG	10.676	5362	3	5	1.477	0.0	7.228
ID1_HUMAN	3397	ID1	10.665	575	2	2	1.301	0.0	8.197
MRE11_HUMAN	4361	MRE11	10.664	576	2	2	1.301	0.0	8.197
GTR6_HUMAN	11182	SLC2A6	10.656	2	1	0	1.0	0.0	10.656
LMBL4_HUMAN	91133	L3MBTL4	10.656	2	1	0	1.0	0.0	10.656
SLX4I_HUMAN	128710	SLX4IP	10.656	2	1	0	1.0	0.0	10.656
PRRC1_HUMAN	133619	PRRC1	10.656	2	1	0	1.0	0.0	10.656
DYH2_HUMAN	146754	DNAH2	10.656	2	1	4	1.0	0.0	10.656
ZN296_HUMAN	162979	ZNF296	10.656	2	1	0	1.0	0.0	10.656
TAP1_HUMAN	6890	TAP1	10.654	586	2	0	1.301	0.0	8.189
AIRE_HUMAN	326	AIRE	10.629	613	2	0	1.301	0.0	8.17
PCNA_HUMAN	5111	PCNA	10.624	5813	3	0	1.477	0.0	7.192
PLEK_HUMAN	5341	PLEK	10.606	638	2	0	1.301	0.0	8.152
RED2_HUMAN	105	ADARB2	10.593	28	1	12	1.0	0.114	9.51
NKX25_HUMAN	1482	NKX2-5	10.575	674	2	0	1.301	0.0	8.128
IL10_HUMAN	3586	IL10	10.569	22907	4	0	1.602	0.0	6.597
CMA1_HUMAN	1215	CMA1	10.567	684	2	0	1.301	0.0	8.122
FLT3L_HUMAN	2323	FLT3LG	10.539	719	2	0	1.301	0.0	8.1
MLC1_HUMAN	23209	MLC1	10.515	750	2	1	1.301	0.0	8.082
BIRC3_HUMAN	330	BIRC3	10.504	764	2	2	1.301	0.0	8.074
DOCK8_HUMAN	81704	DOCK8	10.5	107	1	14	1.0	0.176	8.928
SPRC_HUMAN	6678	SPARC	10.499	772	2	2	1.301	0.0	8.069
GLCM_HUMAN	2629	GBA	10.488	787	2	1	1.301	0.0	8.061
ANT3_HUMAN	462	SERPINC1	10.484	7231	3	0	1.477	0.0	7.098
RGPS1_HUMAN	9649	RALGPS1	10.48	3	1	0	1.0	0.0	10.48
BORC5_HUMAN	118426	BORCS5	10.48	3	1	0	1.0	0.0	10.48
C170B_HUMAN	283638	CEP170B	10.48	3	1	0	1.0	0.0	10.48
SOCS1_HUMAN	8651	SOCS1	10.458	829	2	2	1.301	0.0	8.038
MX1_HUMAN	4599	MX1	10.445	848	2	0	1.301	0.0	8.029
RHD_HUMAN	6007	RHD	10.441	854	2	0	1.301	0.0	8.026
CDD_HUMAN	978	CDA	10.428	874	2	0	1.301	0.0	8.015
LAMP1_HUMAN	3916	LAMP1	10.412	900	2	3	1.301	0.0	8.003
SERC3_HUMAN	10955	SERINC3	10.398	21	1	11	1.0	0.079	9.635
ATR_HUMAN	545	ATR	10.387	941	2	0	1.301	0.0	7.983
L1CAM_HUMAN	3897	L1CAM	10.378	955	2	0	1.301	0.0	7.977
DKK1_HUMAN	22943	DKK1	10.366	976	2	2	1.301	0.0	7.968
TNR16_HUMAN	4804	NGFR	10.359	988	2	0	1.301	0.0	7.962
MT2_HUMAN	4502	MT2A	10.357	991	2	0	1.301	0.0	7.961
ZN282_HUMAN	8427	ZNF282	10.355	4	1	0	1.0	0.0	10.355
ZC3HD_HUMAN	23091	ZC3H13	10.355	4	1	0	1.0	0.0	10.355
MYNN_HUMAN	55892	MYNN	10.355	4	1	3	1.0	0.0	10.355
UBP42_HUMAN	84132	USP42	10.355	4	1	0	1.0	0.0	10.355
ZCH18_HUMAN	124245	ZC3H18	10.355	4	1	5	1.0	0.0	10.355
NOL4L_HUMAN	140688	NOL4L	10.355	4	1	2	1.0	0.0	10.355
FXL13_HUMAN	222235	FBXL13	10.355	4	1	0	1.0	0.0	10.355
HBA_HUMAN	3040	HBA2	10.354	997	2	0	1.301	0.0	7.958
STS_HUMAN	412	STS	10.326	1048	2	1	1.301	0.0	7.937
TIE2_HUMAN	7010	TEK	10.318	1063	2	0	1.301	0.0	7.93
COIA1_HUMAN	80781	COL18A1	10.307	1083	2	1	1.301	0.0	7.922
MICA_HUMAN	100507436	MICA	10.279	1138	2	0	1.301	0.0	7.901
FOXO1_HUMAN	2308	FOXO1	10.267	1163	2	1	1.301	0.0	7.891
RUSC2_HUMAN	9853	RUSC2	10.258	5	1	0	1.0	0.0	10.258
HMGX4_HUMAN	10042	HMGXB4	10.258	5	1	0	1.0	0.0	10.258
K154L_HUMAN	25758	KIAA1549L	10.258	5	1	0	1.0	0.0	10.258
ZN639_HUMAN	51193	ZNF639	10.258	5	1	0	1.0	0.0	10.258
SPRY7_HUMAN	57213	SPRYD7	10.258	5	1	0	1.0	0.0	10.258
DPH7_HUMAN	92715	DPH7	10.258	5	1	1	1.0	0.0	10.258
CE85L_HUMAN	387119	CEP85L	10.258	5	1	1	1.0	0.0	10.258
IGLL5_HUMAN	100423062	IGLL5	10.258	5	1	2	1.0	0.0	10.258
IL11_HUMAN	3589	IL11	10.255	1187	2	2	1.301	0.0	7.883
CRP_HUMAN	1401	CRP	10.238	36788	4	2	1.602	0.0	6.39
NKG2D_HUMAN	22914	KLRK1	10.228	1245	2	2	1.301	0.0	7.862
SON_HUMAN	6651	SON	10.221	1262	2	0	1.301	0.0	7.856
FGFR2_HUMAN	2263	FGFR2	10.206	1295	2	0	1.301	0.0	7.845
ANGP1_HUMAN	284	ANGPT1	10.182	1351	2	1	1.301	0.0	7.826
ZNF23_HUMAN	7571	ZNF23	10.179	6	1	0	1.0	0.0	10.179
R3HD2_HUMAN	22864	R3HDM2	10.179	6	1	3	1.0	0.0	10.179
PDPR_HUMAN	55066	PDPR	10.179	6	1	0	1.0	0.0	10.179
DDRGK_HUMAN	65992	DDRGK1	10.179	6	1	1	1.0	0.0	10.179
SH319_HUMAN	152503	SH3D19	10.179	6	1	0	1.0	0.0	10.179
MK03_HUMAN	5595	MAPK3	10.173	11751	3	8	1.477	0.0	6.887
SDC1_HUMAN	6382	SDC1	10.172	1376	2	0	1.301	0.0	7.818
TSC1_HUMAN	7248	TSC1	10.17	1381	2	2	1.301	0.0	7.817
MRP2_HUMAN	1244	ABCC2	10.164	1396	2	0	1.301	0.0	7.812
KCNH2_HUMAN	3757	KCNH2	10.164	1396	2	0	1.301	0.0	7.812
FMR1_HUMAN	2332	FMR1	10.153	1423	2	0	1.301	0.0	7.804
SRSF3_HUMAN	6428	SRSF3	10.15	70	1	12	1.0	0.114	9.112
PLF4_HUMAN	5196	PF4	10.135	1469	2	0	1.301	0.0	7.79
TNFB_HUMAN	4049	LTA	10.121	1506	2	0	1.301	0.0	7.779
COPD_HUMAN	372	ARCN1	10.112	7	1	0	1.0	0.0	10.112
FES_HUMAN	2242	FES	10.112	7	1	3	1.0	0.0	10.112
ROA0_HUMAN	10949	HNRNPA0	10.112	7	1	1	1.0	0.0	10.112
ZN277_HUMAN	11179	ZNF277	10.112	7	1	0	1.0	0.0	10.112
NU188_HUMAN	23511	NUP188	10.112	7	1	0	1.0	0.0	10.112
HYLS1_HUMAN	219844	HYLS1	10.112	7	1	0	1.0	0.0	10.112
ERCC1_HUMAN	2067	ERCC1	10.067	1656	2	0	1.301	0.0	7.738
INP4A_HUMAN	3631	INPP4A	10.054	8	1	2	1.0	0.0	10.054
MLF2_HUMAN	8079	MLF2	10.054	8	1	0	1.0	0.0	10.054
RAI2_HUMAN	10742	RAI2	10.054	8	1	0	1.0	0.0	10.054
PTN21_HUMAN	11099	PTPN21	10.054	8	1	2	1.0	0.0	10.054
EKI1_HUMAN	55500	ETNK1	10.054	8	1	1	1.0	0.0	10.054
BRWD3_HUMAN	254065	BRWD3	10.054	8	1	0	1.0	0.0	10.054
BGLR_HUMAN	2990	GUSB	10.05	1709	2	0	1.301	0.0	7.724
ERCC8_HUMAN	1161	ERCC8	10.036	1750	2	0	1.301	0.0	7.714
IL1A_HUMAN	3552	IL1A	10.03	14669	3	0	1.477	0.0	6.791
PTHR_HUMAN	5744	PTHLH	10.009	1835	2	0	1.301	0.0	7.693
EYA3_HUMAN	2140	EYA3	10.003	9	1	1	1.0	0.0	10.003
GGT5_HUMAN	2687	GGT5	10.003	9	1	0	1.0	0.0	10.003
RBG10_HUMAN	9910	RABGAP1L	10.003	9	1	0	1.0	0.0	10.003
ZN443_HUMAN	10224	ZNF443	10.003	9	1	0	1.0	0.0	10.003
PNISR_HUMAN	25957	PNISR	10.003	9	1	0	1.0	0.0	10.003
CDKL3_HUMAN	51265	CDKL3	10.003	9	1	0	1.0	0.0	10.003
CLIC6_HUMAN	54102	CLIC6	10.003	9	1	0	1.0	0.0	10.003
KCNRG_HUMAN	283518	KCNRG	10.003	9	1	0	1.0	0.0	10.003
GRAB_HUMAN	3002	GZMB	9.992	1893	2	0	1.301	0.0	7.68
CP19A_HUMAN	1588	CYP19A1	9.987	1908	2	0	1.301	0.0	7.676
UBP20_HUMAN	10868	USP20	9.957	10	1	1	1.0	0.0	9.957
FGOP2_HUMAN	26127	FGFR1OP2	9.957	10	1	1	1.0	0.0	9.957
WDR82_HUMAN	80335	WDR82	9.957	10	1	4	1.0	0.0	9.957
NUDC1_HUMAN	84955	NUDCD1	9.957	10	1	1	1.0	0.0	9.957
GRP4_HUMAN	115727	RASGRP4	9.957	10	1	0	1.0	0.0	9.957
LEG1_HUMAN	3956	LGALS1	9.952	2031	2	0	1.301	0.0	7.649
PSMD1_HUMAN	5707	PSMD1	9.919	2154	2	0	1.301	0.0	7.624
TYSY_HUMAN	7298	TYMS	9.916	2165	2	0	1.301	0.0	7.622
DMTF1_HUMAN	9988	DMTF1	9.916	11	1	0	1.0	0.0	9.916
IBTK_HUMAN	25998	IBTK	9.916	11	1	3	1.0	0.0	9.916
UBP37_HUMAN	57695	USP37	9.916	11	1	1	1.0	0.0	9.916
ADIP_HUMAN	117178	SSX2IP	9.916	11	1	0	1.0	0.0	9.916
K1C28_HUMAN	162605	KRT28	9.916	11	1	0	1.0	0.0	9.916
SNAI3_HUMAN	333929	SNAI3	9.916	11	1	0	1.0	0.0	9.916
DRB4_HUMAN	3126	HLA-DRB4	9.891	2263	2	0	1.301	0.0	7.602
DUS8_HUMAN	1850	DUSP8	9.878	12	1	0	1.0	0.0	9.878
P5I11_HUMAN	9537	TP53I11	9.878	12	1	0	1.0	0.0	9.878
NKAI2_HUMAN	154215	NKAIN2	9.878	12	1	1	1.0	0.0	9.878
FMC1_HUMAN	154791	FMC1	9.878	12	1	0	1.0	0.0	9.878
RHOA_HUMAN	387	RHOA	9.868	2356	2	4	1.301	0.0	7.585
SODM_HUMAN	6648	SOD2	9.855	2413	2	0	1.301	0.0	7.574
GTR1_HUMAN	6513	SLC2A1	9.849	2436	2	4	1.301	0.0	7.57
DGKG_HUMAN	1608	DGKG	9.843	13	1	0	1.0	0.0	9.843
BCL7B_HUMAN	9275	BCL7B	9.843	13	1	0	1.0	0.0	9.843
WDR76_HUMAN	79968	WDR76	9.843	13	1	0	1.0	0.0	9.843
B3GA1_HUMAN	27087	B3GAT1	9.842	2467	2	0	1.301	0.0	7.565
LPXN_HUMAN	9404	LPXN	9.811	14	1	0	1.0	0.0	9.811
TCL1B_HUMAN	9623	TCL1B	9.811	14	1	0	1.0	0.0	9.811
UBP16_HUMAN	10600	USP16	9.811	14	1	2	1.0	0.0	9.811
RHOV_HUMAN	171177	RHOV	9.811	14	1	0	1.0	0.0	9.811
TF_HUMAN	2152	F3	9.803	2644	2	0	1.301	0.0	7.535
PK3CA_HUMAN	5290	PIK3CA	9.802	2646	2	4	1.301	0.0	7.534
HNRPR_HUMAN	10236	HNRNPR	9.781	15	1	0	1.0	0.0	9.781
MDS2_HUMAN	259283	MDS2	9.781	15	1	0	1.0	0.0	9.781
COX1_HUMAN	4512	MT-CO1	9.779	2758	2	1	1.301	0.0	7.516
ITB2_HUMAN	3689	ITGB2	9.769	2806	2	1	1.301	0.0	7.509
GSK3B_HUMAN	2932	GSK3B	9.763	2838	2	2	1.301	0.0	7.504
STAT1_HUMAN	6772	STAT1	9.761	2847	2	6	1.301	0.0	7.503
LAPM5_HUMAN	7805	LAPTM5	9.753	16	1	0	1.0	0.0	9.753
ZN268_HUMAN	10795	ZNF268	9.753	16	1	1	1.0	0.0	9.753
SNF8_HUMAN	11267	SNF8	9.753	16	1	0	1.0	0.0	9.753
RASA3_HUMAN	22821	RASA3	9.753	16	1	0	1.0	0.0	9.753
ELL2_HUMAN	22936	ELL2	9.753	16	1	1	1.0	0.0	9.753
PKHG2_HUMAN	64857	PLEKHG2	9.753	16	1	1	1.0	0.0	9.753
VINEX_HUMAN	10174	SORBS3	9.727	17	1	1	1.0	0.0	9.727
RGL1_HUMAN	23179	RGL1	9.727	17	1	0	1.0	0.0	9.727
DAZP1_HUMAN	26528	DAZAP1	9.727	17	1	1	1.0	0.0	9.727
HMOX1_HUMAN	3162	HMOX1	9.726	3032	2	0	1.301	0.0	7.475
ZHX1_HUMAN	11244	ZHX1	9.702	18	1	0	1.0	0.0	9.702
MAST2_HUMAN	23139	MAST2	9.702	18	1	0	1.0	0.0	9.702
LTMD1_HUMAN	25875	LETMD1	9.702	18	1	1	1.0	0.0	9.702
THOC2_HUMAN	57187	THOC2	9.702	18	1	0	1.0	0.0	9.702
TSN33_HUMAN	340348	TSPAN33	9.702	18	1	0	1.0	0.0	9.702
RL39_HUMAN	6170	RPL39	9.678	19	1	4	1.0	0.0	9.678
RHXF2_HUMAN	84528	RHOXF2	9.678	19	1	0	1.0	0.0	9.678
DTX2_HUMAN	113878	DTX2	9.678	19	1	0	1.0	0.0	9.678
CMBL_HUMAN	134147	CMBL	9.678	19	1	0	1.0	0.0	9.678
DESM_HUMAN	1674	DES	9.667	3365	2	0	1.301	0.0	7.43
B2CML4_HUMAN	140564	APOBEC3DE	9.66	48	1	10	1.0	0.041	9.276
FNTA_HUMAN	2339	FNTA	9.656	20	1	0	1.0	0.0	9.656
GNAI2_HUMAN	2771	GNAI2	9.656	20	1	3	1.0	0.0	9.656
PTN7_HUMAN	5778	PTPN7	9.656	20	1	0	1.0	0.0	9.656
SH3G1_HUMAN	6455	SH3GL1	9.656	20	1	0	1.0	0.0	9.656
SF3A1_HUMAN	10291	SF3A1	9.656	20	1	2	1.0	0.0	9.656
GGA2_HUMAN	23062	GGA2	9.656	20	1	1	1.0	0.0	9.656
LARP1_HUMAN	23367	LARP1	9.656	20	1	0	1.0	0.0	9.656
RN115_HUMAN	27246	RNF115	9.656	20	1	0	1.0	0.0	9.656
DEP1A_HUMAN	55635	DEPDC1	9.656	20	1	1	1.0	0.0	9.656
BCORL_HUMAN	63035	BCORL1	9.656	20	1	1	1.0	0.0	9.656
CALCA_HUMAN	796	CALCA	9.655	3435	2	0	1.301	0.0	7.421
ELN_HUMAN	2006	ELN	9.638	3538	2	1	1.301	0.0	7.408
SCF_HUMAN	4254	KITLG	9.638	3542	2	0	1.301	0.0	7.408
ABI2_HUMAN	10152	ABI2	9.635	21	1	0	1.0	0.0	9.635
MD13L_HUMAN	23389	MED13L	9.635	21	1	1	1.0	0.0	9.635
VAC14_HUMAN	55697	VAC14	9.635	21	1	1	1.0	0.0	9.635
DUS16_HUMAN	80824	DUSP16	9.635	21	1	0	1.0	0.0	9.635
TM201_HUMAN	199953	TMEM201	9.635	21	1	0	1.0	0.0	9.635
MTX3_HUMAN	345778	MTX3	9.635	21	1	0	1.0	0.0	9.635
EVX1_HUMAN	2128	EVX1	9.615	22	1	0	1.0	0.0	9.615
DAAM2_HUMAN	23500	DAAM2	9.615	22	1	0	1.0	0.0	9.615
SEP10_HUMAN	151011	SEPT10	9.615	22	1	1	1.0	0.0	9.615
HECA2_HUMAN	253012	HEPACAM2	9.615	22	1	2	1.0	0.0	9.615
IL1B_HUMAN	3553	IL1B	9.608	28325	3	2	1.477	0.0	6.505
SMRD1_HUMAN	6602	SMARCD1	9.595	23	1	1	1.0	0.0	9.595
CDC23_HUMAN	8697	CDC23	9.595	23	1	0	1.0	0.0	9.595
SSBP2_HUMAN	23635	SSBP2	9.595	23	1	1	1.0	0.0	9.595
KLHL3_HUMAN	26249	KLHL3	9.595	23	1	0	1.0	0.0	9.595
NSE2_HUMAN	286053	NSMCE2	9.595	23	1	1	1.0	0.0	9.595
CTLA4_HUMAN	1493	CTLA4	9.594	3826	2	1	1.301	0.0	7.374
HPS5_HUMAN	11234	HPS5	9.577	24	1	0	1.0	0.0	9.577
RN139_HUMAN	11236	RNF139	9.577	24	1	0	1.0	0.0	9.577
LMO3_HUMAN	55885	LMO3	9.577	24	1	0	1.0	0.0	9.577
ATLA2_HUMAN	64225	ATL2	9.577	24	1	0	1.0	0.0	9.577
ADSV_HUMAN	85477	SCIN	9.577	24	1	0	1.0	0.0	9.577
CP2D6_HUMAN	1565	CYP2D6	9.565	4031	2	0	1.301	0.0	7.352
DHRS9_HUMAN	10170	DHRS9	9.559	25	1	0	1.0	0.0	9.559
ABCB9_HUMAN	23457	ABCB9	9.559	25	1	0	1.0	0.0	9.559
PDE7B_HUMAN	27115	PDE7B	9.559	25	1	0	1.0	0.0	9.559
CDCA5_HUMAN	113130	CDCA5	9.559	25	1	2	1.0	0.0	9.559
BCL9L_HUMAN	283149	BCL9L	9.559	25	1	0	1.0	0.0	9.559
HSP74_HUMAN	3308	HSPA4	9.556	4092	2	0	1.301	0.0	7.345
VDR_HUMAN	7421	VDR	9.543	4185	2	3	1.301	0.0	7.335
CHD3_HUMAN	1107	CHD3	9.542	26	1	2	1.0	0.0	9.542
IFRD1_HUMAN	3475	IFRD1	9.542	26	1	0	1.0	0.0	9.542
DOK2_HUMAN	9046	DOK2	9.542	26	1	0	1.0	0.0	9.542
LDOC1_HUMAN	23641	LDOC1	9.542	26	1	0	1.0	0.0	9.542
MACD1_HUMAN	28992	MACROD1	9.542	26	1	0	1.0	0.0	9.542
NUBPL_HUMAN	80224	NUBPL	9.542	26	1	0	1.0	0.0	9.542
TISD_HUMAN	678	ZFP36L2	9.526	27	1	0	1.0	0.0	9.526
KCNG1_HUMAN	3755	KCNG1	9.526	27	1	0	1.0	0.0	9.526
2AAB_HUMAN	5519	PPP2R1B	9.526	27	1	0	1.0	0.0	9.526
ZBT24_HUMAN	9841	ZBTB24	9.526	27	1	0	1.0	0.0	9.526
ABHD2_HUMAN	11057	ABHD2	9.526	27	1	2	1.0	0.0	9.526
LMBL1_HUMAN	26013	L3MBTL1	9.526	27	1	0	1.0	0.0	9.526
A0A0A0MQW5_HUMAN	114783	LMTK3	9.526	27	1	4	1.0	0.0	9.526
PACRG_HUMAN	135138	PACRG	9.526	27	1	2	1.0	0.0	9.526
HGF_HUMAN	3082	HGF	9.514	4410	2	0	1.301	0.0	7.313
PYRG1_HUMAN	1503	CTPS1	9.51	28	1	0	1.0	0.0	9.51
TSN31_HUMAN	6302	TSPAN31	9.51	28	1	0	1.0	0.0	9.51
B3GLT_HUMAN	145173	B3GLCT	9.51	28	1	0	1.0	0.0	9.51
RGS14_HUMAN	10636	RGS14	9.495	29	1	0	1.0	0.0	9.495
MP2K7_HUMAN	5609	MAP2K7	9.489	4606	2	7	1.301	0.0	7.294
HXA3_HUMAN	3200	HOXA3	9.48	30	1	3	1.0	0.0	9.48
PDE9A_HUMAN	5152	PDE9A	9.48	30	1	2	1.0	0.0	9.48
SNX2_HUMAN	6643	SNX2	9.48	30	1	0	1.0	0.0	9.48
CPSF6_HUMAN	11052	CPSF6	9.48	30	1	0	1.0	0.0	9.48
SC31A_HUMAN	22872	SEC31A	9.48	30	1	3	1.0	0.0	9.48
RRN3_HUMAN	54700	RRN3	9.48	30	1	1	1.0	0.0	9.48
AVEN_HUMAN	57099	AVEN	9.48	30	1	0	1.0	0.0	9.48
MKL2_HUMAN	57496	MKL2	9.48	30	1	0	1.0	0.0	9.48
A0A024R7K5_HUMAN	100271849	MEF2B	9.48	30	1	7	1.0	0.0	9.48
CATA_HUMAN	847	CAT	9.467	4790	2	0	1.301	0.0	7.277
NF2L1_HUMAN	4779	NFE2L1	9.466	31	1	1	1.0	0.0	9.466
SP16H_HUMAN	11198	SUPT16H	9.466	31	1	2	1.0	0.0	9.466
SMYD2_HUMAN	56950	SMYD2	9.466	31	1	2	1.0	0.0	9.466
EGF_HUMAN	1950	EGF	9.455	4898	2	0	1.301	0.0	7.267
BRD1_HUMAN	23774	BRD1	9.452	32	1	2	1.0	0.0	9.452
BMP10_HUMAN	27302	BMP10	9.452	32	1	0	1.0	0.0	9.452
B2CL1_HUMAN	598	BCL2L1	9.45	4938	2	1	1.301	0.0	7.263
CXXC5_HUMAN	51523	CXXC5	9.439	33	1	1	1.0	0.0	9.439
KCNF1_HUMAN	3754	KCNF1	9.426	34	1	0	1.0	0.0	9.426
C8AP2_HUMAN	9994	CASP8AP2	9.426	34	1	2	1.0	0.0	9.426
NKX23_HUMAN	159296	NKX2-3	9.426	34	1	0	1.0	0.0	9.426
AR13B_HUMAN	200894	ARL13B	9.426	34	1	0	1.0	0.0	9.426
TNR5_HUMAN	958	CD40	9.424	5172	2	1	1.301	0.0	7.243
ABR_HUMAN	29	ABR	9.413	35	1	0	1.0	0.0	9.413
RIN1_HUMAN	9610	RIN1	9.413	35	1	1	1.0	0.0	9.413
SPG20_HUMAN	23111	SPG20	9.413	35	1	0	1.0	0.0	9.413
2B13_HUMAN	3123	HLA-DRB1	9.409	5313	2	0	1.301	0.0	7.232
PECA1_HUMAN	5175	PECAM1	9.406	5336	2	1	1.301	0.0	7.23
LSAMP_HUMAN	4045	LSAMP	9.401	36	1	3	1.0	0.0	9.401
PRS6B_HUMAN	5704	PSMC4	9.401	36	1	0	1.0	0.0	9.401
DDX43_HUMAN	55510	DDX43	9.401	36	1	0	1.0	0.0	9.401
KMT2E_HUMAN	55904	KMT2E	9.401	36	1	2	1.0	0.0	9.401
PYDC2_HUMAN	152138	PYDC2	9.401	36	1	0	1.0	0.0	9.401
RD3_HUMAN	343035	RD3	9.401	36	1	3	1.0	0.0	9.401
NEU2_HUMAN	551	AVP	9.397	5426	2	0	1.301	0.0	7.222
NAT8_HUMAN	9027	NAT8	9.389	37	1	0	1.0	0.0	9.389
NTF2_HUMAN	10204	NUTF2	9.389	37	1	0	1.0	0.0	9.389
CLP1_HUMAN	10978	CLP1	9.389	37	1	0	1.0	0.0	9.389
EPC1_HUMAN	80314	EPC1	9.389	37	1	1	1.0	0.0	9.389
IFNB_HUMAN	3456	IFNB1	9.384	5545	2	0	1.301	0.0	7.213
DGKA_HUMAN	1606	DGKA	9.377	38	1	0	1.0	0.0	9.377
GBP2_HUMAN	2634	GBP2	9.377	38	1	3	1.0	0.0	9.377
SH21B_HUMAN	117157	SH2D1B	9.377	38	1	3	1.0	0.0	9.377
RCAN1_HUMAN	1827	RCAN1	9.375	186	1	11	1.0	0.079	8.688
HXD11_HUMAN	3237	HOXD11	9.366	39	1	0	1.0	0.0	9.366
GRHL1_HUMAN	29841	GRHL1	9.366	39	1	0	1.0	0.0	9.366
LTK_HUMAN	4058	LTK	9.355	40	1	0	1.0	0.0	9.355
SMC4_HUMAN	10051	SMC4	9.355	40	1	1	1.0	0.0	9.355
RRP44_HUMAN	22894	DIS3	9.355	40	1	0	1.0	0.0	9.355
ABC3C_HUMAN	27350	APOBEC3C	9.355	40	1	0	1.0	0.0	9.355
LUZP4_HUMAN	51213	LUZP4	9.355	40	1	0	1.0	0.0	9.355
SAC1_HUMAN	22908	SACM1L	9.344	41	1	0	1.0	0.0	9.344
ARI1_HUMAN	25820	ARIH1	9.344	41	1	0	1.0	0.0	9.344
LPP60_HUMAN	374569	ASPG	9.344	41	1	1	1.0	0.0	9.344
PPIA_HUMAN	5478	PPIA	9.333	379	1	12	1.0	0.114	8.378
ZN363_HUMAN	25898	RCHY1	9.332	99	1	10	1.0	0.041	8.961
LPP_HUMAN	4026	LPP	9.324	43	1	0	1.0	0.0	9.324
PBX3_HUMAN	5090	PBX3	9.324	43	1	1	1.0	0.0	9.324
RASL2_HUMAN	10156	RASA4	9.324	43	1	1	1.0	0.0	9.324
NUDC_HUMAN	10726	NUDC	9.324	43	1	0	1.0	0.0	9.324
ARHGC_HUMAN	23365	ARHGEF12	9.324	43	1	1	1.0	0.0	9.324
BRD7_HUMAN	29117	BRD7	9.324	43	1	0	1.0	0.0	9.324
CD44_HUMAN	960	CD44	9.318	6231	2	0	1.301	0.0	7.162
DHX15_HUMAN	1665	DHX15	9.314	44	1	4	1.0	0.0	9.314
MFAP2_HUMAN	4237	MFAP2	9.314	44	1	3	1.0	0.0	9.314
SET_HUMAN	6418	SET	9.314	44	1	0	1.0	0.0	9.314
GPM6A_HUMAN	2823	GPM6A	9.304	45	1	0	1.0	0.0	9.304
SUN2_HUMAN	25777	SUN2	9.304	45	1	2	1.0	0.0	9.304
RRAS_HUMAN	6237	RRAS	9.294	46	1	5	1.0	0.0	9.294
STAU1_HUMAN	6780	STAU1	9.294	46	1	3	1.0	0.0	9.294
TNAP2_HUMAN	7127	TNFAIP2	9.294	46	1	2	1.0	0.0	9.294
AUTS2_HUMAN	26053	AUTS2	9.294	46	1	0	1.0	0.0	9.294
CLC4A_HUMAN	50856	CLEC4A	9.294	46	1	0	1.0	0.0	9.294
MK08_HUMAN	5599	MAPK8	9.292	6528	2	1	1.301	0.0	7.142
HXD4_HUMAN	3233	HOXD4	9.285	47	1	0	1.0	0.0	9.285
CELF2_HUMAN	10659	CELF2	9.285	47	1	0	1.0	0.0	9.285
ELP4_HUMAN	26610	ELP4	9.285	47	1	0	1.0	0.0	9.285
BLVRB_HUMAN	645	BLVRB	9.276	48	1	0	1.0	0.0	9.276
EMAL1_HUMAN	2009	EML1	9.276	48	1	0	1.0	0.0	9.276
CYC_HUMAN	54205	CYCS	9.274	6736	2	0	1.301	0.0	7.129
UB2R1_HUMAN	997	CDC34	9.267	49	1	0	1.0	0.0	9.267
PIMT_HUMAN	5110	PCMT1	9.267	49	1	0	1.0	0.0	9.267
PLCB4_HUMAN	5332	PLCB4	9.267	49	1	0	1.0	0.0	9.267
SIPA1_HUMAN	6494	SIPA1	9.267	49	1	0	1.0	0.0	9.267
PRAM_HUMAN	84106	PRAM1	9.267	49	1	0	1.0	0.0	9.267
GLYM_HUMAN	6472	SHMT2	9.258	50	1	0	1.0	0.0	9.258
TPM4_HUMAN	7171	TPM4	9.258	50	1	0	1.0	0.0	9.258
DNJB6_HUMAN	10049	DNAJB6	9.258	50	1	0	1.0	0.0	9.258
KLF8_HUMAN	11279	KLF8	9.258	50	1	2	1.0	0.0	9.258
HXB3_HUMAN	3213	HOXB3	9.249	51	1	1	1.0	0.0	9.249
PRRX1_HUMAN	5396	PRRX1	9.249	51	1	0	1.0	0.0	9.249
G0S2_HUMAN	50486	G0S2	9.249	51	1	1	1.0	0.0	9.249
DCR1C_HUMAN	64421	DCLRE1C	9.249	51	1	2	1.0	0.0	9.249
HIF1A_HUMAN	3091	HIF1A	9.242	7140	2	1	1.301	0.0	7.103
CHD2_HUMAN	1106	CHD2	9.241	52	1	1	1.0	0.0	9.241
TRDMT_HUMAN	1787	TRDMT1	9.241	52	1	3	1.0	0.0	9.241
PTPRG_HUMAN	5793	PTPRG	9.241	52	1	1	1.0	0.0	9.241
A4_HUMAN	351	APP	9.236	7204	2	0	1.301	0.0	7.099
HXA4_HUMAN	3201	HOXA4	9.225	54	1	0	1.0	0.0	9.225
HEXI1_HUMAN	10614	HEXIM1	9.225	54	1	1	1.0	0.0	9.225
CIC_HUMAN	23152	CIC	9.225	54	1	0	1.0	0.0	9.225
MDFIC_HUMAN	29969	MDFIC	9.217	55	1	0	1.0	0.0	9.217
PSB5_HUMAN	5693	PSMB5	9.209	56	1	0	1.0	0.0	9.209
SERB_HUMAN	5723	PSPH	9.209	56	1	0	1.0	0.0	9.209
IRPL1_HUMAN	11141	IL1RAPL1	9.209	56	1	1	1.0	0.0	9.209
SAMH1_HUMAN	25939	SAMHD1	9.209	130	1	10	1.0	0.041	8.843
AMER1_HUMAN	139285	AMER1	9.209	56	1	0	1.0	0.0	9.209
CHD1_HUMAN	1105	CHD1	9.201	57	1	0	1.0	0.0	9.201
DLX1_HUMAN	1745	DLX1	9.201	57	1	0	1.0	0.0	9.201
IF6_HUMAN	3692	EIF6	9.201	57	1	5	1.0	0.0	9.201
IKBL1_HUMAN	4795	NFKBIL1	9.201	57	1	0	1.0	0.0	9.201
CD14_HUMAN	929	CD14	9.199	7700	2	0	1.301	0.0	7.07
PHC1_HUMAN	1911	PHC1	9.194	58	1	0	1.0	0.0	9.194
CLM8_HUMAN	11314	CD300A	9.194	58	1	7	1.0	0.0	9.194
DCPS_HUMAN	28960	DCPS	9.194	58	1	0	1.0	0.0	9.194
C1GLC_HUMAN	29071	C1GALT1C1	9.194	58	1	1	1.0	0.0	9.194
LHX2_HUMAN	9355	LHX2	9.186	59	1	0	1.0	0.0	9.186
HERC5_HUMAN	51191	HERC5	9.186	59	1	0	1.0	0.0	9.186
WNT16_HUMAN	51384	WNT16	9.186	59	1	2	1.0	0.0	9.186
ARI3A_HUMAN	1820	ARID3A	9.179	60	1	2	1.0	0.0	9.179
DTX1_HUMAN	1840	DTX1	9.179	60	1	6	1.0	0.0	9.179
JARD2_HUMAN	3720	JARID2	9.179	60	1	3	1.0	0.0	9.179
FZD9_HUMAN	8326	FZD9	9.179	60	1	9	1.0	0.0	9.179
GRP1_HUMAN	10125	RASGRP1	9.179	60	1	2	1.0	0.0	9.179
POMP_HUMAN	51371	POMP	9.179	60	1	0	1.0	0.0	9.179
B2L10_HUMAN	10017	BCL2L10	9.172	61	1	0	1.0	0.0	9.172
ELOV6_HUMAN	79071	ELOVL6	9.172	61	1	0	1.0	0.0	9.172
ALAT1_HUMAN	2875	GPT	9.171	8086	2	0	1.301	0.0	7.049
UBIM_HUMAN	2197	FAU	9.165	62	1	0	1.0	0.0	9.165
RPN1_HUMAN	6184	RPN1	9.165	62	1	0	1.0	0.0	9.165
PRPS1_HUMAN	5631	PRPS1	9.158	63	1	3	1.0	0.0	9.158
IGLL1_HUMAN	3543	IGLL1	9.151	64	1	0	1.0	0.0	9.151
CUL4B_HUMAN	8450	CUL4B	9.151	64	1	2	1.0	0.0	9.151
CYS1_HUMAN	192668	CYS1	9.151	64	1	1	1.0	0.0	9.151
IFNA5_HUMAN	3442	IFNA5	9.144	65	1	0	1.0	0.0	9.144
SAA4_HUMAN	6291	SAA4	9.144	65	1	0	1.0	0.0	9.144
FXYD5_HUMAN	53827	FXYD5	9.137	66	1	0	1.0	0.0	9.137
CCAR2_HUMAN	57805	CCAR2	9.137	66	1	0	1.0	0.0	9.137
EIF3E_HUMAN	3646	EIF3E	9.131	67	1	0	1.0	0.0	9.131
FANCM_HUMAN	57697	FANCM	9.131	67	1	3	1.0	0.0	9.131
DUS5_HUMAN	1847	DUSP5	9.125	68	1	3	1.0	0.0	9.125
DOA_HUMAN	3111	HLA-DOA	9.125	68	1	0	1.0	0.0	9.125
TNIP1_HUMAN	10318	TNIP1	9.125	68	1	0	1.0	0.0	9.125
SYCY2_HUMAN	405754	ERVFRD-1	9.118	69	1	0	1.0	0.0	9.118
QOR_HUMAN	1429	CRYZ	9.112	70	1	1	1.0	0.0	9.112
GALT2_HUMAN	2590	GALNT2	9.112	70	1	0	1.0	0.0	9.112
MYBA_HUMAN	4603	MYBL1	9.112	70	1	0	1.0	0.0	9.112
TFG_HUMAN	10342	TFG	9.112	70	1	1	1.0	0.0	9.112
CEAM3_HUMAN	1084	CEACAM3	9.107	9052	2	0	1.301	0.0	7.0
GNMT_HUMAN	27232	GNMT	9.106	71	1	0	1.0	0.0	9.106
TBB5_HUMAN	203068	TUBB	9.106	71	1	0	1.0	0.0	9.106
METK2_HUMAN	4144	MAT2A	9.1	72	1	0	1.0	0.0	9.1
LC7L3_HUMAN	51747	LUC7L3	9.1	72	1	1	1.0	0.0	9.1
FSTL3_HUMAN	10272	FSTL3	9.094	73	1	0	1.0	0.0	9.094
CNTFR_HUMAN	1271	CNTFR	9.088	74	1	1	1.0	0.0	9.088
CNBP1_HUMAN	56998	CTNNBIP1	9.088	74	1	0	1.0	0.0	9.088
OBF1_HUMAN	5450	POU2AF1	9.082	75	1	0	1.0	0.0	9.082
KDM6A_HUMAN	7403	KDM6A	9.077	174	1	10	1.0	0.041	8.716
VAV3_HUMAN	10451	VAV3	9.076	76	1	0	1.0	0.0	9.076
SIGL7_HUMAN	27036	SIGLEC7	9.076	76	1	3	1.0	0.0	9.076
NSMA2_HUMAN	55512	SMPD3	9.076	76	1	2	1.0	0.0	9.076
NNAT_HUMAN	4826	NNAT	9.071	77	1	0	1.0	0.0	9.071
MICU1_HUMAN	10367	MICU1	9.071	77	1	0	1.0	0.0	9.071
CHPT1_HUMAN	56994	CHPT1	9.071	77	1	0	1.0	0.0	9.071
GAS1_HUMAN	2619	GAS1	9.065	78	1	0	1.0	0.0	9.065
HMGCL_HUMAN	3155	HMGCL	9.065	78	1	4	1.0	0.0	9.065
LAIR1_HUMAN	3903	LAIR1	9.065	78	1	0	1.0	0.0	9.065
MXI1_HUMAN	4601	MXI1	9.065	78	1	0	1.0	0.0	9.065
SSXT_HUMAN	6760	SS18	9.065	78	1	0	1.0	0.0	9.065
VPREB_HUMAN	7441	VPREB1	9.059	79	1	0	1.0	0.0	9.059
COR1A_HUMAN	11151	CORO1A	9.059	79	1	0	1.0	0.0	9.059
HELLS_HUMAN	3070	HELLS	9.054	80	1	1	1.0	0.0	9.054
FERM2_HUMAN	10979	FERMT2	9.054	80	1	0	1.0	0.0	9.054
DAD1_HUMAN	1603	DAD1	9.049	81	1	0	1.0	0.0	9.049
H12_HUMAN	3006	HIST1H1C	9.049	81	1	0	1.0	0.0	9.049
CCDC6_HUMAN	8030	CCDC6	9.049	81	1	0	1.0	0.0	9.049
SETB1_HUMAN	9869	SETDB1	9.043	82	1	0	1.0	0.0	9.043
NPT2B_HUMAN	10568	SLC34A2	9.043	82	1	0	1.0	0.0	9.043
FETA_HUMAN	174	AFP	9.033	10333	2	0	1.301	0.0	6.943
SCRIB_HUMAN	23513	SCRIB	9.033	84	1	4	1.0	0.0	9.033
CK040_HUMAN	143501	C11orf40	9.033	84	1	3	1.0	0.0	9.033
MYOTI_HUMAN	9499	MYOT	9.028	85	1	0	1.0	0.0	9.028
CCNC_HUMAN	892	CCNC	9.023	86	1	0	1.0	0.0	9.023
P2RX5_HUMAN	5026	P2RX5	9.017	87	1	2	1.0	0.0	9.017
HME1_HUMAN	2019	EN1	9.013	88	1	0	1.0	0.0	9.013
IFT43_HUMAN	112752	IFT43	9.013	88	1	1	1.0	0.0	9.013
SEPT2_HUMAN	4735	SEPT2	9.003	90	1	0	1.0	0.0	9.003
NPAS2_HUMAN	4862	NPAS2	9.003	90	1	0	1.0	0.0	9.003
ST7_HUMAN	7982	ST7	9.003	90	1	0	1.0	0.0	9.003
LHX4_HUMAN	89884	LHX4	9.003	90	1	0	1.0	0.0	9.003
IEX1_HUMAN	8870	IER3	8.998	91	1	1	1.0	0.0	8.998
SYVN1_HUMAN	84447	SYVN1	8.998	91	1	0	1.0	0.0	8.998
CDS1_HUMAN	1040	CDS1	8.993	92	1	0	1.0	0.0	8.993
ETV5_HUMAN	2119	ETV5	8.993	92	1	0	1.0	0.0	8.993
ILF3_HUMAN	3609	ILF3	8.984	94	1	0	1.0	0.0	8.984
CE042_HUMAN	65250	C5orf42	8.984	94	1	0	1.0	0.0	8.984
TM245_HUMAN	23731	TMEM245	8.979	95	1	0	1.0	0.0	8.979
KDM6B_HUMAN	23135	KDM6B	8.975	96	1	0	1.0	0.0	8.975
TIRAP_HUMAN	114609	TIRAP	8.975	96	1	1	1.0	0.0	8.975
DAB2P_HUMAN	153090	DAB2IP	8.975	96	1	0	1.0	0.0	8.975
GGN_HUMAN	199720	GGN	8.975	96	1	0	1.0	0.0	8.975
SPTC1_HUMAN	10558	SPTLC1	8.97	97	1	0	1.0	0.0	8.97
ANGT_HUMAN	183	AGT	8.968	11591	2	0	1.301	0.0	6.893
PFD5_HUMAN	5204	PFDN5	8.966	98	1	0	1.0	0.0	8.966
PURA_HUMAN	5813	PURA	8.966	98	1	0	1.0	0.0	8.966
RAP1B_HUMAN	5908	RAP1B	8.966	98	1	0	1.0	0.0	8.966
UBR5_HUMAN	51366	UBR5	8.966	98	1	0	1.0	0.0	8.966
ELL_HUMAN	8178	ELL	8.961	99	1	4	1.0	0.0	8.961
AATC_HUMAN	2805	GOT1	8.957	100	1	0	1.0	0.0	8.957
KKCC2_HUMAN	10645	CAMKK2	8.957	100	1	0	1.0	0.0	8.957
BAALC_HUMAN	79870	BAALC	8.957	100	1	0	1.0	0.0	8.957
TACC3_HUMAN	10460	TACC3	8.953	101	1	2	1.0	0.0	8.953
GP1BB_HUMAN	2812	GP1BB	8.948	102	1	0	1.0	0.0	8.948
TCF19_HUMAN	6941	TCF19	8.944	103	1	0	1.0	0.0	8.944
CAR11_HUMAN	84433	CARD11	8.944	103	1	3	1.0	0.0	8.944
AAAD_HUMAN	13	AADAC	8.94	104	1	0	1.0	0.0	8.94
EPHA1_HUMAN	2041	EPHA1	8.94	104	1	0	1.0	0.0	8.94
RUVB1_HUMAN	8607	RUVBL1	8.94	104	1	1	1.0	0.0	8.94
PTCRA_HUMAN	171558	PTCRA	8.94	104	1	2	1.0	0.0	8.94
AQP7_HUMAN	364	AQP7	8.936	105	1	4	1.0	0.0	8.936
DNJA1_HUMAN	3301	DNAJA1	8.936	105	1	2	1.0	0.0	8.936
NR2C1_HUMAN	7181	NR2C1	8.936	105	1	2	1.0	0.0	8.936
PADI2_HUMAN	11240	PADI2	8.936	105	1	0	1.0	0.0	8.936
S26A8_HUMAN	116369	SLC26A8	8.936	105	1	0	1.0	0.0	8.936
PO3F4_HUMAN	5456	POU3F4	8.932	106	1	1	1.0	0.0	8.932
PP4C_HUMAN	5531	PPP4C	8.932	106	1	1	1.0	0.0	8.932
SIAH1_HUMAN	6477	SIAH1	8.932	106	1	2	1.0	0.0	8.932
POLK_HUMAN	51426	POLK	8.932	106	1	0	1.0	0.0	8.932
ETV3_HUMAN	2117	ETV3	8.928	107	1	0	1.0	0.0	8.928
CDK8_HUMAN	1024	CDK8	8.92	109	1	3	1.0	0.0	8.92
GLRA1_HUMAN	2741	GLRA1	8.92	109	1	0	1.0	0.0	8.92
AT12A_HUMAN	479	ATP12A	8.916	110	1	0	1.0	0.0	8.916
M3K8_HUMAN	1326	MAP3K8	8.916	110	1	0	1.0	0.0	8.916
TOPK_HUMAN	55872	PBK	8.916	110	1	0	1.0	0.0	8.916
ROR1_HUMAN	4919	ROR1	8.912	111	1	2	1.0	0.0	8.912
KMT2B_HUMAN	9757	KMT2B	8.912	111	1	2	1.0	0.0	8.912
SETX_HUMAN	23064	SETX	8.912	111	1	0	1.0	0.0	8.912
ADA2_HUMAN	51816	ADA2	8.912	111	1	0	1.0	0.0	8.912
SEPT1_HUMAN	1731	SEPT1	8.908	112	1	3	1.0	0.0	8.908
EFNA5_HUMAN	1946	EFNA5	8.908	112	1	0	1.0	0.0	8.908
CLC4D_HUMAN	338339	CLEC4D	8.908	112	1	1	1.0	0.0	8.908
GGH_HUMAN	8836	GGH	8.904	113	1	0	1.0	0.0	8.904
LASP1_HUMAN	3927	LASP1	8.9	114	1	0	1.0	0.0	8.9
AIDA_HUMAN	64853	AIDA	8.9	114	1	1	1.0	0.0	8.9
HXB13_HUMAN	10481	HOXB13	8.896	115	1	1	1.0	0.0	8.896
MOGT1_HUMAN	116255	MOGAT1	8.896	115	1	0	1.0	0.0	8.896
FICD_HUMAN	11153	FICD	8.889	117	1	0	1.0	0.0	8.889
E2JJS1_HUMAN	100288687	DUX4	8.889	117	1	2	1.0	0.0	8.889
PIGA_HUMAN	5277	PIGA	8.885	118	1	0	1.0	0.0	8.885
MAFB_HUMAN	9935	MAFB	8.885	118	1	0	1.0	0.0	8.885
CREST_HUMAN	26039	SS18L1	8.885	118	1	0	1.0	0.0	8.885
GATM_HUMAN	2628	GATM	8.881	119	1	0	1.0	0.0	8.881
DPA1_HUMAN	3113	HLA-DPA1	8.881	119	1	0	1.0	0.0	8.881
TOPB1_HUMAN	11073	TOPBP1	8.878	120	1	0	1.0	0.0	8.878
CHM2A_HUMAN	27243	CHMP2A	8.878	120	1	0	1.0	0.0	8.878
PICAL_HUMAN	8301	PICALM	8.874	121	1	3	1.0	0.0	8.874
NR1D1_HUMAN	9572	NR1D1	8.874	121	1	0	1.0	0.0	8.874
AMFR_HUMAN	267	AMFR	8.871	122	1	0	1.0	0.0	8.871
CLIC1_HUMAN	1192	CLIC1	8.864	124	1	0	1.0	0.0	8.864
TRADD_HUMAN	8717	TRADD	8.86	125	1	0	1.0	0.0	8.86
ABC3B_HUMAN	9582	APOBEC3B	8.857	126	1	2	1.0	0.0	8.857
IF2B1_HUMAN	10642	IGF2BP1	8.853	127	1	0	1.0	0.0	8.853
TINF2_HUMAN	26277	TINF2	8.853	127	1	1	1.0	0.0	8.853
DPOLL_HUMAN	27343	POLL	8.853	127	1	0	1.0	0.0	8.853
BTLA_HUMAN	151888	BTLA	8.85	128	1	0	1.0	0.0	8.85
KCNA4_HUMAN	3739	KCNA4	8.846	129	1	0	1.0	0.0	8.846
MYO5A_HUMAN	4644	MYO5A	8.846	129	1	7	1.0	0.0	8.846
MCPH1_HUMAN	79648	MCPH1	8.846	129	1	0	1.0	0.0	8.846
UHRF1_HUMAN	29128	UHRF1	8.843	130	1	0	1.0	0.0	8.843
ECM1_HUMAN	1893	ECM1	8.836	132	1	1	1.0	0.0	8.836
KS6A5_HUMAN	9252	RPS6KA5	8.836	132	1	1	1.0	0.0	8.836
CBX1_HUMAN	10951	CBX1	8.833	133	1	0	1.0	0.0	8.833
CD59_HUMAN	966	CD59	8.831	14755	2	0	1.301	0.0	6.788
S28A3_HUMAN	64078	SLC28A3	8.827	135	1	0	1.0	0.0	8.827
GDIR1_HUMAN	396	ARHGDIA	8.823	136	1	0	1.0	0.0	8.823
H2AZ_HUMAN	3015	H2AFZ	8.823	136	1	1	1.0	0.0	8.823
CTIP_HUMAN	5932	RBBP8	8.823	136	1	0	1.0	0.0	8.823
PABP2_HUMAN	8106	PABPN1	8.823	136	1	0	1.0	0.0	8.823
CENPE_HUMAN	1062	CENPE	8.817	138	1	0	1.0	0.0	8.817
PITX1_HUMAN	5307	PITX1	8.817	138	1	0	1.0	0.0	8.817
SEPT5_HUMAN	5413	SEPT5	8.817	138	1	1	1.0	0.0	8.817
MLXIP_HUMAN	22877	MLXIP	8.817	138	1	3	1.0	0.0	8.817
IL3RB_HUMAN	1439	CSF2RB	8.814	139	1	0	1.0	0.0	8.814
GFI1_HUMAN	2672	GFI1	8.814	139	1	1	1.0	0.0	8.814
MT1A_HUMAN	4489	MT1A	8.814	139	1	0	1.0	0.0	8.814
PAX4_HUMAN	5078	PAX4	8.814	139	1	0	1.0	0.0	8.814
CASP5_HUMAN	838	CASP5	8.811	140	1	0	1.0	0.0	8.811
DFFB_HUMAN	1677	DFFB	8.808	141	1	2	1.0	0.0	8.808
NDUS7_HUMAN	374291	NDUFS7	8.808	141	1	0	1.0	0.0	8.808
XPO2_HUMAN	1434	CSE1L	8.805	142	1	0	1.0	0.0	8.805
SATB1_HUMAN	6304	SATB1	8.805	142	1	0	1.0	0.0	8.805
EGLN3_HUMAN	112399	EGLN3	8.805	142	1	0	1.0	0.0	8.805
CAC1G_HUMAN	8913	CACNA1G	8.802	143	1	1	1.0	0.0	8.802
CRTC2_HUMAN	200186	CRTC2	8.799	144	1	0	1.0	0.0	8.799
PR15A_HUMAN	23645	PPP1R15A	8.796	145	1	2	1.0	0.0	8.796
RENI_HUMAN	5972	REN	8.789	15907	2	0	1.301	0.0	6.755
CP26A_HUMAN	1592	CYP26A1	8.787	148	1	0	1.0	0.0	8.787
PDE4B_HUMAN	5142	PDE4B	8.787	148	1	6	1.0	0.0	8.787
TIAM1_HUMAN	7074	TIAM1	8.787	148	1	0	1.0	0.0	8.787
DDR2_HUMAN	4921	DDR2	8.784	149	1	3	1.0	0.0	8.784
LN28B_HUMAN	389421	LIN28B	8.784	149	1	2	1.0	0.0	8.784
CD3D_HUMAN	915	CD3D	8.781	150	1	0	1.0	0.0	8.781
TRIB3_HUMAN	57761	TRIB3	8.775	152	1	0	1.0	0.0	8.775
ACBG1_HUMAN	23205	ACSBG1	8.772	153	1	0	1.0	0.0	8.772
ACACA_HUMAN	31	ACACA	8.769	154	1	0	1.0	0.0	8.769
FHL2_HUMAN	2274	FHL2	8.769	154	1	1	1.0	0.0	8.769
SOX3_HUMAN	6658	SOX3	8.769	154	1	0	1.0	0.0	8.769
A2IXV5_HUMAN	10288	MIR cl-10	8.769	154	1	2	1.0	0.0	8.769
MX2_HUMAN	4600	MX2	8.767	155	1	0	1.0	0.0	8.767
CIR1_HUMAN	9541	CIR1	8.767	155	1	0	1.0	0.0	8.767
PPR3A_HUMAN	5506	PPP1R3A	8.761	157	1	0	1.0	0.0	8.761
SPTN1_HUMAN	6709	SPTAN1	8.761	157	1	0	1.0	0.0	8.761
EHMT2_HUMAN	10919	EHMT2	8.761	157	1	0	1.0	0.0	8.761
SAMN1_HUMAN	64092	SAMSN1	8.758	158	1	1	1.0	0.0	8.758
GRIK2_HUMAN	2898	GRIK2	8.756	159	1	0	1.0	0.0	8.756
MBB1A_HUMAN	10514	MYBBP1A	8.756	159	1	0	1.0	0.0	8.756
REXO1_HUMAN	57455	REXO1	8.756	159	1	2	1.0	0.0	8.756
DKC1_HUMAN	1736	DKC1	8.753	160	1	2	1.0	0.0	8.753
UDB17_HUMAN	7367	UGT2B17	8.753	160	1	2	1.0	0.0	8.753
BACH_HUMAN	11332	ACOT7	8.753	160	1	3	1.0	0.0	8.753
MDC1_HUMAN	9656	MDC1	8.745	163	1	2	1.0	0.0	8.745
AHI1_HUMAN	54806	AHI1	8.745	163	1	0	1.0	0.0	8.745
CADH3_HUMAN	1001	CDH3	8.74	165	1	0	1.0	0.0	8.74
FMOD_HUMAN	2331	FMOD	8.74	165	1	0	1.0	0.0	8.74
RS19_HUMAN	6223	RPS19	8.74	165	1	0	1.0	0.0	8.74
VPP3_HUMAN	10312	TCIRG1	8.74	165	1	0	1.0	0.0	8.74
SDHL_HUMAN	10993	SDS	8.74	165	1	0	1.0	0.0	8.74
IF5A1_HUMAN	1984	EIF5A	8.737	166	1	3	1.0	0.0	8.737
PRCC_HUMAN	5546	PRCC	8.737	166	1	1	1.0	0.0	8.737
STAT_HUMAN	6779	STATH	8.737	166	1	0	1.0	0.0	8.737
TALDO_HUMAN	6888	TALDO1	8.737	166	1	1	1.0	0.0	8.737
PIM2_HUMAN	11040	PIM2	8.734	167	1	1	1.0	0.0	8.734
APJ_HUMAN	187	APLNR	8.729	169	1	0	1.0	0.0	8.729
PLAL1_HUMAN	5325	PLAGL1	8.729	169	1	0	1.0	0.0	8.729
XIRP1_HUMAN	165904	XIRP1	8.729	169	1	0	1.0	0.0	8.729
NIPBL_HUMAN	25836	NIPBL	8.727	170	1	4	1.0	0.0	8.727
DEFM_HUMAN	64146	PDF	8.727	170	1	0	1.0	0.0	8.727
MED1_HUMAN	5469	MED1	8.721	172	1	0	1.0	0.0	8.721
CERS1_HUMAN	10715	CERS1	8.721	172	1	1	1.0	0.0	8.721
DUS6_HUMAN	1848	DUSP6	8.719	173	1	3	1.0	0.0	8.719
NUCG_HUMAN	2021	ENDOG	8.716	174	1	1	1.0	0.0	8.716
PTN2_HUMAN	5771	PTPN2	8.714	175	1	4	1.0	0.0	8.714
KCNK9_HUMAN	51305	KCNK9	8.714	175	1	0	1.0	0.0	8.714
ROBO1_HUMAN	6091	ROBO1	8.712	176	1	0	1.0	0.0	8.712
MYLIP_HUMAN	29116	MYLIP	8.712	176	1	0	1.0	0.0	8.712
MTM1_HUMAN	4534	MTM1	8.709	177	1	0	1.0	0.0	8.709
BIN1_HUMAN	274	BIN1	8.699	181	1	1	1.0	0.0	8.699
PROF1_HUMAN	5216	PFN1	8.695	183	1	1	1.0	0.0	8.695
BAG3_HUMAN	9531	BAG3	8.692	184	1	0	1.0	0.0	8.692
ESTD_HUMAN	2098	ESD	8.69	185	1	0	1.0	0.0	8.69
CASL_HUMAN	4739	NEDD9	8.69	185	1	0	1.0	0.0	8.69
PCY1B_HUMAN	9468	PCYT1B	8.69	185	1	0	1.0	0.0	8.69
CSN5_HUMAN	10987	COPS5	8.685	187	1	0	1.0	0.0	8.685
CASP3_HUMAN	836	CASP3	8.679	19304	2	1	1.301	0.0	6.671
AGRL1_HUMAN	22859	ADGRL1	8.676	191	1	0	1.0	0.0	8.676
LEG10_HUMAN	1178	CLC	8.674	192	1	1	1.0	0.0	8.674
THA_HUMAN	7067	THRA	8.674	192	1	0	1.0	0.0	8.674
ADDA_HUMAN	118	ADD1	8.671	193	1	0	1.0	0.0	8.671
ADK_HUMAN	132	ADK	8.671	193	1	0	1.0	0.0	8.671
FGR_HUMAN	2268	FGR	8.671	193	1	0	1.0	0.0	8.671
CAR17_HUMAN	440068	CARD17	8.671	193	1	0	1.0	0.0	8.671
NR4A3_HUMAN	8013	NR4A3	8.667	195	1	1	1.0	0.0	8.667
KLF2_HUMAN	10365	KLF2	8.667	195	1	0	1.0	0.0	8.667
MEIS1_HUMAN	4211	MEIS1	8.658	199	1	1	1.0	0.0	8.658
PTK7_HUMAN	5754	PTK7	8.656	200	1	2	1.0	0.0	8.656
KPYR_HUMAN	5313	PKLR	8.652	202	1	0	1.0	0.0	8.652
SEM4D_HUMAN	10507	SEMA4D	8.647	204	1	0	1.0	0.0	8.647
IFIT2_HUMAN	3433	IFIT2	8.645	205	1	0	1.0	0.0	8.645
SDHA_HUMAN	6389	SDHA	8.641	207	1	0	1.0	0.0	8.641
ITB4_HUMAN	3691	ITGB4	8.639	208	1	3	1.0	0.0	8.639
ORN_HUMAN	25996	REXO2	8.639	208	1	0	1.0	0.0	8.639
MTMRB_HUMAN	10903	MTMR11	8.637	209	1	0	1.0	0.0	8.637
CP51A_HUMAN	1595	CYP51A1	8.635	210	1	1	1.0	0.0	8.635
SIA4C_HUMAN	6484	ST3GAL4	8.635	210	1	0	1.0	0.0	8.635
FAT1_HUMAN	2195	FAT1	8.633	211	1	0	1.0	0.0	8.633
GREM1_HUMAN	26585	GREM1	8.633	211	1	0	1.0	0.0	8.633
SPN90_HUMAN	51517	NCKIPSD	8.631	212	1	0	1.0	0.0	8.631
KIF11_HUMAN	3832	KIF11	8.629	213	1	0	1.0	0.0	8.629
TPR_HUMAN	7175	TPR	8.629	213	1	0	1.0	0.0	8.629
MT4_HUMAN	84560	MT4	8.629	213	1	0	1.0	0.0	8.629
IGF1_HUMAN	3479	IGF1	8.627	21183	2	0	1.301	0.0	6.631
TEP1_HUMAN	7011	TEP1	8.627	214	1	0	1.0	0.0	8.627
IFIT3_HUMAN	3437	IFIT3	8.623	216	1	0	1.0	0.0	8.623
GRP75_HUMAN	3313	HSPA9	8.621	217	1	0	1.0	0.0	8.621
TIPRL_HUMAN	261726	TIPRL	8.621	217	1	0	1.0	0.0	8.621
KLF6_HUMAN	1316	KLF6	8.619	218	1	0	1.0	0.0	8.619
HS90B_HUMAN	3326	HSP90AB1	8.615	220	1	3	1.0	0.0	8.615
NU4M_HUMAN	4538	MT-ND4	8.613	221	1	0	1.0	0.0	8.613
TS101_HUMAN	7251	TSG101	8.611	222	1	0	1.0	0.0	8.611
UBE2B_HUMAN	7320	UBE2B	8.609	223	1	0	1.0	0.0	8.609
CFAD_HUMAN	1675	CFD	8.597	229	1	0	1.0	0.0	8.597
PLEC_HUMAN	5339	PLEC	8.597	229	1	1	1.0	0.0	8.597
TFR2_HUMAN	7036	TFR2	8.595	230	1	0	1.0	0.0	8.595
TOP2B_HUMAN	7155	TOP2B	8.593	231	1	0	1.0	0.0	8.593
TTP_HUMAN	7538	ZFP36	8.584	236	1	1	1.0	0.0	8.584
KCMA1_HUMAN	3778	KCNMA1	8.579	239	1	1	1.0	0.0	8.579
WNT4_HUMAN	54361	WNT4	8.579	239	1	0	1.0	0.0	8.579
LAG3_HUMAN	3902	LAG3	8.575	241	1	0	1.0	0.0	8.575
MVD1_HUMAN	4597	MVD	8.575	241	1	0	1.0	0.0	8.575
PRG2_HUMAN	5553	PRG2	8.571	243	1	0	1.0	0.0	8.571
KHDR1_HUMAN	10657	KHDRBS1	8.571	243	1	6	1.0	0.0	8.571
RAD52_HUMAN	5893	RAD52	8.564	247	1	5	1.0	0.0	8.564
CRTC1_HUMAN	23373	CRTC1	8.564	247	1	4	1.0	0.0	8.564
GDIR2_HUMAN	397	ARHGDIB	8.561	249	1	0	1.0	0.0	8.561
MRP5_HUMAN	10057	ABCC5	8.561	249	1	1	1.0	0.0	8.561
CRY1_HUMAN	1407	CRY1	8.559	250	1	0	1.0	0.0	8.559
PTPRU_HUMAN	10076	PTPRU	8.557	251	1	3	1.0	0.0	8.557
CSK22_HUMAN	1459	CSNK2A2	8.556	252	1	0	1.0	0.0	8.556
LBR_HUMAN	3930	LBR	8.554	253	1	0	1.0	0.0	8.554
MEF2C_HUMAN	4208	MEF2C	8.552	254	1	0	1.0	0.0	8.552
DPOD3_HUMAN	10714	POLD3	8.552	254	1	0	1.0	0.0	8.552
RAE1_HUMAN	1121	CHM	8.55	255	1	0	1.0	0.0	8.55
CCGL_HUMAN	140738	TMEM37	8.547	257	1	0	1.0	0.0	8.547
ZN763_HUMAN	284390	ZNF763	8.544	259	1	1	1.0	0.0	8.544
FIBA_HUMAN	2243	FGA	8.542	260	1	0	1.0	0.0	8.542
LAMA2_HUMAN	3908	LAMA2	8.542	260	1	1	1.0	0.0	8.542
TNFL4_HUMAN	7292	TNFSF4	8.542	260	1	0	1.0	0.0	8.542
ARRC_HUMAN	407	ARR3	8.539	262	1	0	1.0	0.0	8.539
RALA_HUMAN	5898	RALA	8.535	264	1	0	1.0	0.0	8.535
AA3R_HUMAN	140	ADORA3	8.534	265	1	5	1.0	0.0	8.534
NUMB_HUMAN	8650	NUMB	8.534	265	1	0	1.0	0.0	8.534
CD79B_HUMAN	974	CD79B	8.527	269	1	0	1.0	0.0	8.527
SFRP2_HUMAN	6423	SFRP2	8.526	270	1	0	1.0	0.0	8.526
FSD1_HUMAN	79187	FSD1	8.524	271	1	7	1.0	0.0	8.524
ABCD1_HUMAN	215	ABCD1	8.521	273	1	0	1.0	0.0	8.521
ING1_HUMAN	3621	ING1	8.521	273	1	0	1.0	0.0	8.521
ACTB_HUMAN	60	ACTB	8.518	275	1	2	1.0	0.0	8.518
MRP6_HUMAN	368	ABCC6	8.511	279	1	0	1.0	0.0	8.511
CAD13_HUMAN	1012	CDH13	8.511	279	1	3	1.0	0.0	8.511
IRF5_HUMAN	3663	IRF5	8.505	283	1	1	1.0	0.0	8.505
ACM1_HUMAN	1128	CHRM1	8.504	284	1	0	1.0	0.0	8.504
STC1_HUMAN	6781	STC1	8.502	285	1	0	1.0	0.0	8.502
PK3CG_HUMAN	5294	PIK3CG	8.501	286	1	0	1.0	0.0	8.501
INGR2_HUMAN	3460	IFNGR2	8.496	289	1	0	1.0	0.0	8.496
ING2_HUMAN	3622	ING2	8.496	289	1	0	1.0	0.0	8.496
AKT3_HUMAN	10000	AKT3	8.496	289	1	1	1.0	0.0	8.496
INSM1_HUMAN	3642	INSM1	8.493	291	1	0	1.0	0.0	8.493
ITAE_HUMAN	3682	ITGAE	8.493	291	1	0	1.0	0.0	8.493
RASA1_HUMAN	5921	RASA1	8.493	291	1	0	1.0	0.0	8.493
AXIN2_HUMAN	8313	AXIN2	8.492	292	1	2	1.0	0.0	8.492
PDCD4_HUMAN	27250	PDCD4	8.492	292	1	0	1.0	0.0	8.492
OX2G_HUMAN	4345	CD200	8.489	294	1	2	1.0	0.0	8.489
TRI27_HUMAN	5987	TRIM27	8.487	295	1	1	1.0	0.0	8.487
IRF9_HUMAN	10379	IRF9	8.478	301	1	1	1.0	0.0	8.478
MYCL_HUMAN	4610	MYCL	8.477	302	1	0	1.0	0.0	8.477
MYH9_HUMAN	4627	MYH9	8.477	302	1	0	1.0	0.0	8.477
GAS6_HUMAN	2621	GAS6	8.471	306	1	0	1.0	0.0	8.471
PRDM1_HUMAN	639	PRDM1	8.468	308	1	1	1.0	0.0	8.468
APOC1_HUMAN	341	APOC1	8.466	310	1	0	1.0	0.0	8.466
NFH_HUMAN	4744	NEFH	8.466	310	1	0	1.0	0.0	8.466
CSPG2_HUMAN	1462	VCAN	8.464	311	1	0	1.0	0.0	8.464
BRD2_HUMAN	6046	BRD2	8.46	314	1	0	1.0	0.0	8.46
TFE3_HUMAN	7030	TFE3	8.457	316	1	1	1.0	0.0	8.457
GNAQ_HUMAN	2776	GNAQ	8.456	317	1	2	1.0	0.0	8.456
ANXA6_HUMAN	309	ANXA6	8.453	319	1	0	1.0	0.0	8.453
HXC13_HUMAN	3229	HOXC13	8.449	322	1	0	1.0	0.0	8.449
AK1C1_HUMAN	1645	AKR1C1	8.448	323	1	0	1.0	0.0	8.448
OR4F3_HUMAN	81399	OR4F29	8.448	323	1	0	1.0	0.0	8.448
HFM1_HUMAN	164045	HFM1	8.445	325	1	2	1.0	0.0	8.445
X6R868_HUMAN	1056	CEL	8.439	330	1	0	1.0	0.0	8.439
SCN4A_HUMAN	6329	SCN4A	8.432	335	1	0	1.0	0.0	8.432
LRP6_HUMAN	4040	LRP6	8.429	337	1	0	1.0	0.0	8.429
KCNA1_HUMAN	3736	KCNA1	8.427	339	1	3	1.0	0.0	8.427
HXC10_HUMAN	3226	HOXC10	8.424	341	1	0	1.0	0.0	8.424
SUH_HUMAN	3516	RBPJ	8.424	341	1	3	1.0	0.0	8.424
IF_HUMAN	2694	GIF	8.42	344	1	0	1.0	0.0	8.42
CDK9_HUMAN	1025	CDK9	8.419	345	1	1	1.0	0.0	8.419
EF2_HUMAN	1938	EEF2	8.417	347	1	1	1.0	0.0	8.417
PLCB1_HUMAN	23236	PLCB1	8.417	347	1	0	1.0	0.0	8.417
FSHB_HUMAN	2488	FSHB	8.414	349	1	0	1.0	0.0	8.414
CSK_HUMAN	1445	CSK	8.413	350	1	0	1.0	0.0	8.413
TCO1_HUMAN	6947	TCN1	8.412	351	1	0	1.0	0.0	8.412
CAF1A_HUMAN	10036	CHAF1A	8.407	355	1	0	1.0	0.0	8.407
MD2L1_HUMAN	4085	MAD2L1	8.404	357	1	0	1.0	0.0	8.404
4F2_HUMAN	6520	SLC3A2	8.402	359	1	0	1.0	0.0	8.402
MSLN_HUMAN	10232	MSLN	8.401	360	1	0	1.0	0.0	8.401
DUS2_HUMAN	1844	DUSP2	8.4	361	1	1	1.0	0.0	8.4
KITH_HUMAN	7083	TK1	8.396	364	1	0	1.0	0.0	8.396
TNAP3_HUMAN	7128	TNFAIP3	8.394	366	1	2	1.0	0.0	8.394
IOD3_HUMAN	1735	DIO3	8.391	368	1	2	1.0	0.0	8.391
MUTA_HUMAN	4594	MUT	8.386	372	1	0	1.0	0.0	8.386
FAAH1_HUMAN	2166	FAAH	8.385	373	1	0	1.0	0.0	8.385
ADRM1_HUMAN	11047	ADRM1	8.384	374	1	0	1.0	0.0	8.384
C2TA_HUMAN	4261	CIITA	8.383	375	1	0	1.0	0.0	8.383
HDAC6_HUMAN	10013	HDAC6	8.38	378	1	0	1.0	0.0	8.38
PTTG1_HUMAN	9232	PTTG1	8.376	381	1	0	1.0	0.0	8.376
HEMH_HUMAN	2235	FECH	8.375	382	1	0	1.0	0.0	8.375
NPDC1_HUMAN	56654	NPDC1	8.373	384	1	3	1.0	0.0	8.373
FOSL1_HUMAN	8061	FOSL1	8.367	389	1	0	1.0	0.0	8.367
SOS1_HUMAN	6654	SOS1	8.365	391	1	1	1.0	0.0	8.365
FEN1_HUMAN	2237	FEN1	8.364	392	1	0	1.0	0.0	8.364
XPF_HUMAN	2072	ERCC4	8.36	395	1	2	1.0	0.0	8.36
CCHL_HUMAN	3052	HCCS	8.352	403	1	0	1.0	0.0	8.352
TPM3_HUMAN	7170	TPM3	8.352	403	1	0	1.0	0.0	8.352
NFAC1_HUMAN	4772	NFATC1	8.346	408	1	1	1.0	0.0	8.346
CTND1_HUMAN	1500	CTNND1	8.338	416	1	6	1.0	0.0	8.338
CENPV_HUMAN	201161	CENPV	8.329	425	1	0	1.0	0.0	8.329
CXCR5_HUMAN	643	CXCR5	8.327	427	1	0	1.0	0.0	8.327
STX1A_HUMAN	6804	STX1A	8.319	435	1	3	1.0	0.0	8.319
TERF2_HUMAN	7014	TERF2	8.316	438	1	2	1.0	0.0	8.316
LDHA_HUMAN	3939	LDHA	8.314	440	1	0	1.0	0.0	8.314
PLCG1_HUMAN	5335	PLCG1	8.308	446	1	0	1.0	0.0	8.308
HYEP_HUMAN	2052	EPHX1	8.303	451	1	0	1.0	0.0	8.303
41_HUMAN	2035	EPB41	8.3	454	1	0	1.0	0.0	8.3
TAP2_HUMAN	6891	TAP2	8.298	456	1	1	1.0	0.0	8.298
SUMO1_HUMAN	7341	SUMO1	8.298	456	1	2	1.0	0.0	8.298
KCC2G_HUMAN	818	CAMK2G	8.296	458	1	1	1.0	0.0	8.296
TGM1_HUMAN	7051	TGM1	8.295	459	1	1	1.0	0.0	8.295
FGF4_HUMAN	2249	FGF4	8.293	461	1	0	1.0	0.0	8.293
VASP_HUMAN	7408	VASP	8.292	462	1	2	1.0	0.0	8.292
AA2AR_HUMAN	135	ADORA2A	8.291	463	1	0	1.0	0.0	8.291
PITX2_HUMAN	5308	PITX2	8.29	464	1	0	1.0	0.0	8.29
SL9A1_HUMAN	6548	SLC9A1	8.288	467	1	0	1.0	0.0	8.288
MRP4_HUMAN	10257	ABCC4	8.287	468	1	2	1.0	0.0	8.287
TPIS_HUMAN	7167	TPI1	8.277	479	1	0	1.0	0.0	8.277
FEZF2_HUMAN	55079	FEZF2	8.277	479	1	0	1.0	0.0	8.277
ADA10_HUMAN	102	ADAM10	8.273	483	1	1	1.0	0.0	8.273
CBPB2_HUMAN	1361	CPB2	8.266	491	1	0	1.0	0.0	8.266
HDAC3_HUMAN	8841	HDAC3	8.266	491	1	2	1.0	0.0	8.266
ALKB1_HUMAN	8846	ALKBH1	8.26	498	1	0	1.0	0.0	8.26
XRCC3_HUMAN	7517	XRCC3	8.257	501	1	0	1.0	0.0	8.257
EIF2A_HUMAN	83939	EIF2A	8.257	501	1	1	1.0	0.0	8.257
SMAD5_HUMAN	4090	SMAD5	8.252	507	1	0	1.0	0.0	8.252
MSMB_HUMAN	4477	MSMB	8.252	507	1	0	1.0	0.0	8.252
TIA1_HUMAN	7072	TIA1	8.25	509	1	0	1.0	0.0	8.25
F13A_HUMAN	2162	F13A1	8.247	513	1	0	1.0	0.0	8.247
ATF2_HUMAN	1386	ATF2	8.246	514	1	0	1.0	0.0	8.246
WRN_HUMAN	7486	WRN	8.246	514	1	3	1.0	0.0	8.246
DUS1_HUMAN	1843	DUSP1	8.236	526	1	0	1.0	0.0	8.236
DLK1_HUMAN	8788	DLK1	8.234	529	1	1	1.0	0.0	8.234
ABCB6_HUMAN	10058	ABCB6	8.234	528	1	0	1.0	0.0	8.234
STAT4_HUMAN	6775	STAT4	8.232	531	1	0	1.0	0.0	8.232
SPHK1_HUMAN	8877	SPHK1	8.231	532	1	0	1.0	0.0	8.231
EST1_HUMAN	1066	CES1	8.216	551	1	0	1.0	0.0	8.216
CXCL2_HUMAN	2920	CXCL2	8.213	555	1	0	1.0	0.0	8.213
CDK5_HUMAN	1020	CDK5	8.21	558	1	0	1.0	0.0	8.21
FOG1_HUMAN	161882	ZFPM1	8.21	559	1	1	1.0	0.0	8.21
C560_HUMAN	6391	SDHC	8.209	560	1	0	1.0	0.0	8.209
WNT1_HUMAN	7471	WNT1	8.209	560	1	0	1.0	0.0	8.209
KPCB_HUMAN	5579	PRKCB	8.202	569	1	1	1.0	0.0	8.202
TF7L2_HUMAN	6934	TCF7L2	8.198	574	1	0	1.0	0.0	8.198
ENTP1_HUMAN	953	ENTPD1	8.197	575	1	0	1.0	0.0	8.197
ARSA_HUMAN	410	ARSA	8.188	588	1	0	1.0	0.0	8.188
ATX1_HUMAN	6310	ATXN1	8.187	589	1	4	1.0	0.0	8.187
BIRC2_HUMAN	329	BIRC2	8.169	614	1	1	1.0	0.0	8.169
RUNX3_HUMAN	864	RUNX3	8.165	620	1	0	1.0	0.0	8.165
CCND3_HUMAN	896	CCND3	8.165	619	1	1	1.0	0.0	8.165
ENOA_HUMAN	2023	ENO1	8.163	622	1	0	1.0	0.0	8.163
CD20_HUMAN	931	MS4A1	8.16	627	1	0	1.0	0.0	8.16
GA45A_HUMAN	1647	GADD45A	8.155	634	1	0	1.0	0.0	8.155
PMP22_HUMAN	5376	PMP22	8.152	638	1	0	1.0	0.0	8.152
CBSL_HUMAN	875	CBSL	8.151	640	1	0	1.0	0.0	8.151
MAGA3_HUMAN	4102	MAGEA3	8.151	640	1	0	1.0	0.0	8.151
HSF1_HUMAN	3297	HSF1	8.143	652	1	2	1.0	0.0	8.143
MYOM2_HUMAN	9172	MYOM2	8.142	653	1	0	1.0	0.0	8.142
P85A_HUMAN	5295	PIK3R1	8.139	658	1	1	1.0	0.0	8.139
TBB3_HUMAN	10381	TUBB3	8.139	657	1	2	1.0	0.0	8.139
ITK_HUMAN	3702	ITK	8.137	661	1	0	1.0	0.0	8.137
CO2A1_HUMAN	1280	COL2A1	8.136	662	1	0	1.0	0.0	8.136
PRDX5_HUMAN	25824	PRDX5	8.135	663	1	2	1.0	0.0	8.135
TBX21_HUMAN	30009	TBX21	8.124	681	1	0	1.0	0.0	8.124
XRCC5_HUMAN	7520	XRCC5	8.123	682	1	1	1.0	0.0	8.123
CCR6_HUMAN	1235	CCR6	8.117	692	1	2	1.0	0.0	8.117
PHLD_HUMAN	2822	GPLD1	8.109	705	1	0	1.0	0.0	8.109
ITF2_HUMAN	6925	TCF4	8.109	705	1	1	1.0	0.0	8.109
CDK20_HUMAN	23552	CDK20	8.109	704	1	0	1.0	0.0	8.109
ASC_HUMAN	29108	PYCARD	8.108	706	1	1	1.0	0.0	8.108
RBBP4_HUMAN	5928	RBBP4	8.105	711	1	1	1.0	0.0	8.105
GELS_HUMAN	2934	GSN	8.098	722	1	0	1.0	0.0	8.098
ONCM_HUMAN	5008	OSM	8.098	723	1	0	1.0	0.0	8.098
GATA4_HUMAN	2626	GATA4	8.094	729	1	0	1.0	0.0	8.094
STAR_HUMAN	6770	STAR	8.094	730	1	0	1.0	0.0	8.094
HDAC9_HUMAN	9734	HDAC9	8.09	737	1	3	1.0	0.0	8.09
INSRR_HUMAN	3645	INSRR	8.074	763	1	0	1.0	0.0	8.074
PRRT2_HUMAN	112476	PRRT2	8.073	765	1	2	1.0	0.0	8.073
NKG2A_HUMAN	3821	KLRC1	8.071	769	1	0	1.0	0.0	8.071
APR_HUMAN	5366	PMAIP1	8.061	787	1	0	1.0	0.0	8.061
BAK_HUMAN	578	BAK1	8.059	790	1	0	1.0	0.0	8.059
CD1D_HUMAN	912	CD1D	8.056	796	1	0	1.0	0.0	8.056
LEUK_HUMAN	6693	SPN	8.053	802	1	0	1.0	0.0	8.053
MYOD1_HUMAN	4654	MYOD1	8.052	804	1	3	1.0	0.0	8.052
CISY_HUMAN	1431	CS	8.049	810	1	0	1.0	0.0	8.049
TOR1A_HUMAN	1861	TOR1A	8.041	824	1	0	1.0	0.0	8.041
JAG1_HUMAN	182	JAG1	8.038	829	1	0	1.0	0.0	8.038
GRN_HUMAN	2896	GRN	8.022	861	1	1	1.0	0.0	8.022
FOXM1_HUMAN	2305	FOXM1	8.016	872	1	1	1.0	0.0	8.016
NUCL_HUMAN	4691	NCL	8.016	872	1	0	1.0	0.0	8.016
YAP1_HUMAN	10413	YAP1	8.014	877	1	3	1.0	0.0	8.014
PMS2_HUMAN	5395	PMS2	8.013	879	1	1	1.0	0.0	8.013
CY24B_HUMAN	1536	CYBB	8.004	898	1	2	1.0	0.0	8.004
TGFR1_HUMAN	7046	TGFBR1	8.004	898	1	1	1.0	0.0	8.004
TBX1_HUMAN	6899	TBX1	7.999	908	1	1	1.0	0.0	7.999
TBP_HUMAN	6908	TBP	7.999	907	1	2	1.0	0.0	7.999
ATX3_HUMAN	4287	ATXN3	7.998	909	1	3	1.0	0.0	7.998
DPYD_HUMAN	1806	DPYD	7.994	919	1	0	1.0	0.0	7.994
FBN1_HUMAN	2200	FBN1	7.992	923	1	0	1.0	0.0	7.992
TR10A_HUMAN	8797	TNFRSF10A	7.979	951	1	0	1.0	0.0	7.979
IL6RB_HUMAN	3572	IL6ST	7.973	964	1	1	1.0	0.0	7.973
PAX6_HUMAN	5080	PAX6	7.973	964	1	0	1.0	0.0	7.973
PH4H_HUMAN	5053	PAH	7.972	965	1	1	1.0	0.0	7.972
PGBM_HUMAN	3339	HSPG2	7.971	969	1	0	1.0	0.0	7.971
DPB1_HUMAN	3115	HLA-DPB1	7.97	970	1	0	1.0	0.0	7.97
OCLN_HUMAN	100506658	OCLN	7.965	981	1	4	1.0	0.0	7.965
K1C10_HUMAN	3858	KRT10	7.964	984	1	1	1.0	0.0	7.964
FGF1_HUMAN	2246	FGF1	7.963	986	1	0	1.0	0.0	7.963
PTC1_HUMAN	5727	PTCH1	7.96	993	1	0	1.0	0.0	7.96
CXCR2_HUMAN	3579	CXCR2	7.959	995	1	1	1.0	0.0	7.959
NKX21_HUMAN	7080	NKX2-1	7.95	1017	1	0	1.0	0.0	7.95
SNAI2_HUMAN	6591	SNAI2	7.946	1025	1	2	1.0	0.0	7.946
ANGI_HUMAN	283	ANG	7.94	1039	1	1	1.0	0.0	7.94
DPOLA_HUMAN	5422	POLA1	7.94	1041	1	0	1.0	0.0	7.94
DAPK3_HUMAN	1613	DAPK3	7.938	1045	1	1	1.0	0.0	7.938
FCG2A_HUMAN	2212	FCGR2A	7.929	1066	1	0	1.0	0.0	7.929
NDKA_HUMAN	4830	NME1	7.924	1079	1	0	1.0	0.0	7.924
MRI_HUMAN	78996	MRI	7.923	1082	1	0	1.0	0.0	7.923
TGFR2_HUMAN	7048	TGFBR2	7.922	1083	1	0	1.0	0.0	7.922
PKD1_HUMAN	5310	PKD1	7.919	1092	1	0	1.0	0.0	7.919
I23O1_HUMAN	3620	IDO1	7.907	1121	1	0	1.0	0.0	7.907
NAMPT_HUMAN	10135	NAMPT	7.899	1143	1	2	1.0	0.0	7.899
ARY2_HUMAN	10	NAT2	7.897	1148	1	0	1.0	0.0	7.897
GATA3_HUMAN	2625	GATA3	7.897	1147	1	1	1.0	0.0	7.897
CO1A1_HUMAN	1277	COL1A1	7.89	1168	1	0	1.0	0.0	7.89
PRKDC_HUMAN	5591	PRKDC	7.876	1205	1	0	1.0	0.0	7.876
DAF_HUMAN	1604	CD55	7.874	1210	1	0	1.0	0.0	7.874
FAK2_HUMAN	2185	PTK2B	7.873	1212	1	4	1.0	0.0	7.873
VGFR3_HUMAN	2324	FLT4	7.872	1215	1	0	1.0	0.0	7.872
XRCC1_HUMAN	7515	XRCC1	7.863	1242	1	1	1.0	0.0	7.863
CD1C_HUMAN	911	CD1C	7.862	1244	1	0	1.0	0.0	7.862
GROA_HUMAN	2919	CXCL1	7.857	1260	1	0	1.0	0.0	7.857
PNMA2_HUMAN	10687	PNMA2	7.855	1264	1	0	1.0	0.0	7.855
PRGC1_HUMAN	10891	PPARGC1A	7.844	1298	1	0	1.0	0.0	7.844
SHH_HUMAN	6469	SHH	7.842	1302	1	0	1.0	0.0	7.842
HD_HUMAN	3064	HTT	7.835	1323	1	3	1.0	0.0	7.835
ABCA1_HUMAN	19	ABCA1	7.832	1333	1	1	1.0	0.0	7.832
G6PI_HUMAN	2821	GPI	7.832	1333	1	0	1.0	0.0	7.832
OPSD_HUMAN	6010	RHO	7.832	1333	1	0	1.0	0.0	7.832
A2AP_HUMAN	5345	SERPINF2	7.829	1344	1	0	1.0	0.0	7.829
POTEF_HUMAN	728378	POTEF	7.804	1421	1	4	1.0	0.0	7.804
HEPC_HUMAN	57817	HAMP	7.796	1449	1	0	1.0	0.0	7.796
MUC5A_HUMAN	4586	MUC5AC	7.789	1472	1	0	1.0	0.0	7.789
BMP4_HUMAN	652	BMP4	7.777	1513	1	0	1.0	0.0	7.777
E2F1_HUMAN	1869	E2F1	7.777	1512	1	0	1.0	0.0	7.777
CD27_HUMAN	939	CD27	7.775	1519	1	0	1.0	0.0	7.775
MERL_HUMAN	4771	NF2	7.775	1519	1	0	1.0	0.0	7.775
CXCL7_HUMAN	5473	PPBP	7.771	1534	1	0	1.0	0.0	7.771
CO1A2_HUMAN	1278	COL1A2	7.77	1539	1	0	1.0	0.0	7.77
CP3A5_HUMAN	1577	CYP3A5	7.768	1545	1	0	1.0	0.0	7.768
CBX8_HUMAN	57332	CBX8	7.768	1545	1	0	1.0	0.0	7.768
ANGP2_HUMAN	285	ANGPT2	7.761	1569	1	0	1.0	0.0	7.761
EDNRA_HUMAN	1909	EDNRA	7.752	1603	1	0	1.0	0.0	7.752
VEGFC_HUMAN	7424	VEGFC	7.75	1609	1	0	1.0	0.0	7.75
TNR1B_HUMAN	7133	TNFRSF1B	7.743	1635	1	0	1.0	0.0	7.743
TRBM_HUMAN	7056	THBD	7.74	1647	1	1	1.0	0.0	7.74
PERT_HUMAN	7173	TPO	7.739	1651	1	0	1.0	0.0	7.739
CNR1_HUMAN	1268	CNR1	7.736	1665	1	0	1.0	0.0	7.736
LYSC_HUMAN	4069	LYZ	7.733	1675	1	0	1.0	0.0	7.733
PSN1_HUMAN	5663	PSEN1	7.732	1680	1	1	1.0	0.0	7.732
TNR25_HUMAN	8718	TNFRSF25	7.727	1700	1	0	1.0	0.0	7.727
SMS_HUMAN	6750	SST	7.723	1712	1	0	1.0	0.0	7.723
5NTD_HUMAN	4907	NT5E	7.716	1741	1	0	1.0	0.0	7.716
KPCA_HUMAN	5578	PRKCA	7.707	1780	1	1	1.0	0.0	7.707
ERBB3_HUMAN	2065	ERBB3	7.706	1783	1	0	1.0	0.0	7.706
CFAH_HUMAN	3075	CFH	7.703	1793	1	0	1.0	0.0	7.703
GRP_HUMAN	2922	GRP	7.692	1841	1	0	1.0	0.0	7.692
AOFA_HUMAN	4128	MAOA	7.689	1853	1	0	1.0	0.0	7.689
RXRA_HUMAN	6256	RXRA	7.689	1854	1	2	1.0	0.0	7.689
CXA1_HUMAN	2697	GJA1	7.686	1865	1	0	1.0	0.0	7.686
GRP78_HUMAN	3309	HSPA5	7.684	1873	1	4	1.0	0.0	7.684
HSPB1_HUMAN	3315	HSPB1	7.683	1880	1	0	1.0	0.0	7.683
SMAD2_HUMAN	4087	SMAD2	7.675	1913	1	0	1.0	0.0	7.675
KPCD_HUMAN	5580	PRKCD	7.675	1915	1	1	1.0	0.0	7.675
RAF1_HUMAN	5894	RAF1	7.67	1938	1	1	1.0	0.0	7.67
JUNB_HUMAN	3726	JUNB	7.669	1939	1	1	1.0	0.0	7.669
CCKN_HUMAN	885	CCK	7.663	1967	1	2	1.0	0.0	7.663
RIR1_HUMAN	6240	RRM1	7.662	1974	1	2	1.0	0.0	7.662
CCNB1_HUMAN	891	CCNB1	7.66	1980	1	1	1.0	0.0	7.66
OGA_HUMAN	10724	MGEA5	7.652	2017	1	8	1.0	0.0	7.652
NGAL_HUMAN	3934	LCN2	7.648	2038	1	0	1.0	0.0	7.648
NLRP3_HUMAN	114548	NLRP3	7.646	2048	1	1	1.0	0.0	7.646
CP2E1_HUMAN	1571	CYP2E1	7.637	2088	1	0	1.0	0.0	7.637
TTHY_HUMAN	7276	TTR	7.635	2098	1	0	1.0	0.0	7.635
KS6B1_HUMAN	6198	RPS6KB1	7.633	2108	1	0	1.0	0.0	7.633
FA9_HUMAN	2158	F9	7.627	2136	1	0	1.0	0.0	7.627
IL23A_HUMAN	51561	IL23A	7.62	2171	1	0	1.0	0.0	7.62
TFR1_HUMAN	7037	TFRC	7.609	2230	1	0	1.0	0.0	7.609
C5AR1_HUMAN	728	C5AR1	7.608	2235	1	0	1.0	0.0	7.608
HMDH_HUMAN	3156	HMGCR	7.607	2238	1	0	1.0	0.0	7.607
BID_HUMAN	637	BID	7.606	2245	1	0	1.0	0.0	7.606
PRTN3_HUMAN	5657	PRTN3	7.59	2326	1	0	1.0	0.0	7.59
GSTP1_HUMAN	2950	GSTP1	7.583	2367	1	0	1.0	0.0	7.583
P63_HUMAN	8626	TP63	7.582	2371	1	0	1.0	0.0	7.582
TNR1A_HUMAN	7132	TNFRSF1A	7.577	2396	1	0	1.0	0.0	7.577
ITIH4_HUMAN	3700	ITIH4	7.57	2437	1	0	1.0	0.0	7.57
BGAL_HUMAN	2720	GLB1	7.567	2455	1	0	1.0	0.0	7.567
MP2K1_HUMAN	5604	MAP2K1	7.556	2516	1	0	1.0	0.0	7.556
IL15_HUMAN	3600	IL15	7.553	2534	1	8	1.0	0.0	7.553
PD1L1_HUMAN	29126	CD274	7.548	2564	1	0	1.0	0.0	7.548
CD1A_HUMAN	909	CD1A	7.547	2569	1	0	1.0	0.0	7.547
SC6A3_HUMAN	6531	SLC6A3	7.539	2619	1	0	1.0	0.0	7.539
SLIB_HUMAN	2691	GHRH	7.536	2635	1	0	1.0	0.0	7.536
PROM1_HUMAN	8842	PROM1	7.525	2703	1	1	1.0	0.0	7.525
NF2L2_HUMAN	4780	NFE2L2	7.519	2742	1	5	1.0	0.0	7.519
FA10_HUMAN	2159	F10	7.514	2775	1	0	1.0	0.0	7.514
C1QA_HUMAN	712	C1QA	7.513	2781	1	0	1.0	0.0	7.513
IL2RB_HUMAN	3560	IL2RB	7.513	2780	1	0	1.0	0.0	7.513
MYH14_HUMAN	79784	MYH14	7.507	2817	1	0	1.0	0.0	7.507
LYAM1_HUMAN	6402	SELL	7.504	2840	1	0	1.0	0.0	7.504
CD40L_HUMAN	959	CD40LG	7.495	2898	1	0	1.0	0.0	7.495
ITB1_HUMAN	3688	ITGB1	7.48	2999	1	0	1.0	0.0	7.48
S100B_HUMAN	6285	S100B	7.472	3058	1	0	1.0	0.0	7.472
GSTK1_HUMAN	373156	GSTK1	7.469	3077	1	0	1.0	0.0	7.469
BGAT_HUMAN	28	ABO	7.434	3333	1	0	1.0	0.0	7.434
CYTC_HUMAN	1471	CST3	7.416	3479	1	0	1.0	0.0	7.416
VIP_HUMAN	7432	VIP	7.402	3591	1	0	1.0	0.0	7.402
NOS3_HUMAN	4846	NOS3	7.394	3658	1	0	1.0	0.0	7.394
OSTP_HUMAN	6696	SPP1	7.386	3725	1	1	1.0	0.0	7.386
APRIO_HUMAN	5621	PRNP	7.377	3805	1	0	1.0	0.0	7.377
CD80_HUMAN	941	CD80	7.371	3851	1	0	1.0	0.0	7.371
IL18_HUMAN	3606	IL18	7.36	3957	1	0	1.0	0.0	7.36
PPB1_HUMAN	250	ALPP	7.356	3991	1	0	1.0	0.0	7.356
TLR2_HUMAN	7097	TLR2	7.337	4167	1	4	1.0	0.0	7.337
CD28_HUMAN	940	CD28	7.307	4465	1	0	1.0	0.0	7.307
CFTR_HUMAN	1080	CFTR	7.299	4546	1	0	1.0	0.0	7.299
MUC16_HUMAN	94025	MUC16	7.293	4611	1	0	1.0	0.0	7.293
CP4F3_HUMAN	4051	CYP4F3	7.292	4628	1	1	1.0	0.0	7.292
S17A5_HUMAN	26503	SLC17A5	7.29	4645	1	0	1.0	0.0	7.29
CHLE_HUMAN	590	BCHE	7.248	5112	1	0	1.0	0.0	7.248
FOXP3_HUMAN	50943	FOXP3	7.239	5222	1	1	1.0	0.0	7.239
TIMP1_HUMAN	7076	TIMP1	7.23	5332	1	0	1.0	0.0	7.23
CASP8_HUMAN	841	CASP8	7.211	5573	1	0	1.0	0.0	7.211
CASP9_HUMAN	842	CASP9	7.177	6027	1	2	1.0	0.0	7.177
A1AT_HUMAN	5265	SERPINA1	7.164	6209	1	0	1.0	0.0	7.164
VGFR2_HUMAN	3791	KDR	7.147	6464	1	1	1.0	0.0	7.147
IL17_HUMAN	3605	IL17A	7.13	6719	1	2	1.0	0.0	7.13
VWF_HUMAN	7450	VWF	7.118	6909	1	0	1.0	0.0	7.118
COX2_HUMAN	4513	MT-CO2	7.106	7092	1	0	1.0	0.0	7.106
CP3A4_HUMAN	1576	CYP3A4	7.09	7364	1	1	1.0	0.0	7.09
CADH1_HUMAN	999	CDH1	6.993	9209	1	1	1.0	0.0	6.993
MMP2_HUMAN	4313	MMP2	6.916	10989	1	1	1.0	0.0	6.916
MMP9_HUMAN	4318	MMP9	6.82	13703	1	3	1.0	0.0	6.82
ESR1_HUMAN	2099	ESR1	6.816	13814	1	1	1.0	0.0	6.816
ACE_HUMAN	1636	ACE	6.787	14773	1	0	1.0	0.0	6.787
INS_HUMAN	3630	INS	6.324	42836	1	0	1.0	0.0	6.324
