Big_T	2003
Big_F	17252753
UniProtKB_ID	GeneID	Gene_Name	PPS	Big_P	T+P	Citation	1+Log(T+P)	log10((Cit/yr+1)/10)	1+log10(F/T)+log10(F/P)
P53_HUMAN	7157	TP53	28.147	46130	102	54	3.009	0.74	7.508
PK3CA_HUMAN	5290	PIK3CA	25.517	2646	15	54	2.176	0.74	8.749
BRAF_HUMAN	673	BRAF	22.857	6965	15	36	2.176	0.568	8.329
ERBB2_HUMAN	2064	ERBB2	22.801	26330	19	45	2.279	0.663	7.751
EGFR_HUMAN	1956	EGFR	22.095	30695	30	24	2.477	0.398	7.685
FHIT_HUMAN	2272	FHIT	20.954	760	18	5	2.255	0.0	9.291
RB_HUMAN	5925	RB1	20.475	4614	15	16	2.176	0.23	8.508
STK11_HUMAN	6794	STK11	19.62	917	9	14	1.954	0.176	9.21
RET_HUMAN	5979	RET	19.468	4253	19	2	2.279	0.0	8.543
ARF_HUMAN	1029	CDKN2A	19.387	9187	23	5	2.362	0.0	8.209
MYC_HUMAN	4609	MYC	18.946	10313	21	5	2.322	0.0	8.158
PLPP_HUMAN	57026	PDXP	18.688	1527	12	0	2.079	0.0	8.988
RASK_HUMAN	3845	KRAS	18.383	10492	18	1	2.255	0.0	8.151
RASH_HUMAN	3265	HRAS	18.333	2263	12	0	2.079	0.0	8.817
ELF3_HUMAN	1999	ELF3	17.118	240	2	27	1.301	0.447	9.792
BRCA1_HUMAN	672	BRCA1	16.705	9743	11	2	2.041	0.0	8.183
PTEN_HUMAN	5728	PTEN	16.368	6259	9	8	1.954	0.0	8.375
AKT1_HUMAN	207	AKT1	16.136	18505	5	21	1.699	0.342	7.905
FGFR3_HUMAN	2261	FGFR3	16.101	1310	6	8	1.778	0.0	9.055
MDM2_HUMAN	4193	MDM2	15.909	3545	7	1	1.845	0.0	8.622
SPB3_HUMAN	6317	SERPINB3	15.086	1962	5	2	1.699	0.0	8.879
CDN1A_HUMAN	1026	CDKN1A	14.944	5857	6	1	1.778	0.0	8.404
CDK2_HUMAN	1017	CDK2	14.74	3134	5	0	1.699	0.0	8.676
MLH1_HUMAN	4292	MLH1	14.718	3231	5	0	1.699	0.0	8.663
MICA_HUMAN	100507436	MICA	14.604	1138	4	7	1.602	0.0	9.116
TERT_HUMAN	7015	TERT	14.517	4242	5	7	1.699	0.0	8.544
MSH6_HUMAN	2956	MSH6	14.408	1307	3	12	1.477	0.114	9.056
TRFM_HUMAN	4241	MELTF	14.299	310	3	1	1.477	0.0	9.681
CTNB1_HUMAN	1499	CTNNB1	13.974	8844	5	4	1.699	0.0	8.225
CTDSL_HUMAN	10217	CTDSPL	13.827	35	2	1	1.301	0.0	10.628
DICER_HUMAN	23405	DICER1	13.785	691	3	8	1.477	0.0	9.333
CCL2_HUMAN	6347	CCL2	13.737	10029	3	15	1.477	0.204	8.171
AURKA_HUMAN	6790	AURKA	13.723	1134	2	15	1.301	0.204	9.117
RASF1_HUMAN	11186	RASSF1	13.541	1012	3	3	1.477	0.0	9.167
TACC3_HUMAN	10460	TACC3	13.228	101	2	3	1.301	0.0	10.168
RASN_HUMAN	4893	NRAS	12.949	2546	3	0	1.477	0.0	8.766
MIB1_HUMAN	57534	MIB1	12.817	3128	3	0	1.477	0.0	8.677
UBE2B_HUMAN	7320	UBE2B	12.781	223	2	0	1.301	0.0	9.824
CDK4_HUMAN	1019	CDK4	12.775	3335	3	2	1.477	0.0	8.649
GLYAT_HUMAN	10249	GLYAT	12.675	269	2	0	1.301	0.0	9.742
INGR2_HUMAN	3460	IFNGR2	12.634	289	2	0	1.301	0.0	9.711
SP1_HUMAN	6667	SP1	12.57	4591	3	2	1.477	0.0	8.51
CADM1_HUMAN	23705	CADM1	12.513	358	2	2	1.301	0.0	9.618
1A01_HUMAN	3105	HLA-A	12.472	5350	3	0	1.477	0.0	8.444
DCC_HUMAN	1630	DCC	12.445	404	2	0	1.301	0.0	9.566
JUN_HUMAN	3725	JUN	12.442	5610	3	0	1.477	0.0	8.423
PARP1_HUMAN	142	PARP1	12.34	6579	3	2	1.477	0.0	8.354
STIL_HUMAN	6491	STIL	12.34	487	2	1	1.301	0.0	9.484
TYY1_HUMAN	7528	YY1	12.259	562	2	1	1.301	0.0	9.422
BIRC2_HUMAN	329	BIRC2	12.209	614	2	2	1.301	0.0	9.384
FILA_HUMAN	2312	FLG	12.187	638	2	0	1.301	0.0	9.367
CCND1_HUMAN	595	CCND1	12.11	9412	3	0	1.477	0.0	8.198
P73_HUMAN	7161	TP73	11.9	1060	2	1	1.301	0.0	9.147
HDAC1_HUMAN	3065	HDAC1	11.838	1183	2	0	1.301	0.0	9.099
XRCC1_HUMAN	7515	XRCC1	11.811	1242	2	0	1.301	0.0	9.078
CHK1_HUMAN	1111	CHEK1	11.802	1262	2	2	1.301	0.0	9.071
CHK2_HUMAN	11200	CHEK2	11.761	1355	2	0	1.301	0.0	9.04
TNFB_HUMAN	4049	LTA	11.702	1506	2	1	1.301	0.0	8.994
SMAD4_HUMAN	4089	SMAD4	11.624	1728	2	1	1.301	0.0	8.934
CDN2B_HUMAN	1030	CDKN2B	11.593	1824	2	0	1.301	0.0	8.911
IL10_HUMAN	3586	IL10	11.539	22907	3	1	1.477	0.0	7.812
BCL2_HUMAN	596	BCL2	11.522	23522	3	0	1.477	0.0	7.8
HPRT_HUMAN	3251	HPRT1	11.481	2227	2	6	1.301	0.0	8.824
HLAG_HUMAN	3135	HLA-G	11.476	2247	2	1	1.301	0.0	8.82
GSTP1_HUMAN	2950	GSTP1	11.446	2367	2	1	1.301	0.0	8.798
P63_HUMAN	8626	TP63	11.445	2371	2	2	1.301	0.0	8.797
MYCN_HUMAN	4613	MYCN	11.442	2383	2	0	1.301	0.0	8.795
NOL7_HUMAN	51406	NOL7	11.394	6	1	0	1.0	0.0	11.394
HID1_HUMAN	283987	HID1	11.394	6	1	0	1.0	0.0	11.394
APRG1_HUMAN	339883	APRG1	11.394	6	1	0	1.0	0.0	11.394
MSH2_HUMAN	4436	MSH2	11.393	2603	2	0	1.301	0.0	8.757
SI1L1_HUMAN	26037	SIPA1L1	11.327	7	1	1	1.0	0.0	11.327
CDN1B_HUMAN	1027	CDKN1B	11.311	3007	2	0	1.301	0.0	8.694
IFNG_HUMAN	3458	IFNG	11.278	34431	3	1	1.477	0.0	7.635
S2543_HUMAN	203427	SLC25A43	11.269	8	1	0	1.0	0.0	11.269
CALCA_HUMAN	796	CALCA	11.236	3435	2	0	1.301	0.0	8.636
CMGA_HUMAN	1113	CHGA	11.232	3455	2	0	1.301	0.0	8.634
CCR5_HUMAN	1234	CCR5	11.183	3774	2	0	1.301	0.0	8.595
PPR1C_HUMAN	151242	PPP1R1C	11.172	10	1	0	1.0	0.0	11.172
HSP74_HUMAN	3308	HSPA4	11.137	4092	2	0	1.301	0.0	8.56
FOS_HUMAN	2353	FOS	11.095	4405	2	4	1.301	0.0	8.528
HGF_HUMAN	3082	HGF	11.095	4410	2	2	1.301	0.0	8.528
CPSF2_HUMAN	53981	CPSF2	11.058	13	1	0	1.0	0.0	11.058
C9JVC3_HUMAN	100131827	ZNF717	11.058	13	1	0	1.0	0.0	11.058
RHOV_HUMAN	171177	RHOV	11.026	14	1	0	1.0	0.0	11.026
2B13_HUMAN	3123	HLA-DRB1	10.989	5313	2	0	1.301	0.0	8.447
PLPL1_HUMAN	285848	PNPLA1	10.968	16	1	0	1.0	0.0	10.968
CASP8_HUMAN	841	CASP8	10.962	5573	2	1	1.301	0.0	8.426
LTMD1_HUMAN	25875	LETMD1	10.917	18	1	1	1.0	0.0	10.917
GNAI2_HUMAN	2771	GNAI2	10.871	20	1	0	1.0	0.0	10.871
ANXA5_HUMAN	308	ANXA5	10.841	6904	2	2	1.301	0.0	8.333
HLPDA_HUMAN	29923	HILPDA	10.83	22	1	1	1.0	0.0	10.83
HIF1A_HUMAN	3091	HIF1A	10.822	7140	2	1	1.301	0.0	8.318
BORG2_HUMAN	10602	CDC42EP3	10.792	24	1	0	1.0	0.0	10.792
DHRS4_HUMAN	10901	DHRS4	10.774	25	1	0	1.0	0.0	10.774
CCNL1_HUMAN	57018	CCNL1	10.774	25	1	0	1.0	0.0	10.774
TNFA_HUMAN	7124	TNF	10.77	75731	3	1	1.477	0.0	7.291
SPF27_HUMAN	10286	BCAS2	10.757	26	1	0	1.0	0.0	10.757
ZN384_HUMAN	171017	ZNF384	10.757	26	1	2	1.0	0.0	10.757
2AAB_HUMAN	5519	PPP2R1B	10.741	27	1	0	1.0	0.0	10.741
DCNL1_HUMAN	54165	DCUN1D1	10.695	30	1	0	1.0	0.0	10.695
FRAT1_HUMAN	10023	FRAT1	10.681	31	1	0	1.0	0.0	10.681
RPRM_HUMAN	56475	RPRM	10.653	33	1	1	1.0	0.0	10.653
ENOX2_HUMAN	10495	ENOX2	10.641	34	1	0	1.0	0.0	10.641
BLCAP_HUMAN	10904	BLCAP	10.641	34	1	0	1.0	0.0	10.641
FETA_HUMAN	174	AFP	10.613	10333	2	0	1.301	0.0	8.158
SEC62_HUMAN	7095	SEC62	10.592	38	1	0	1.0	0.0	10.592
RRAS2_HUMAN	22800	RRAS2	10.57	40	1	0	1.0	0.0	10.57
BAX_HUMAN	581	BAX	10.566	11225	2	0	1.301	0.0	8.122
TSP50_HUMAN	29122	PRSS50	10.559	41	1	0	1.0	0.0	10.559
KIF4A_HUMAN	24137	KIF4A	10.549	42	1	1	1.0	0.0	10.549
PCD10_HUMAN	57575	PCDH10	10.529	44	1	1	1.0	0.0	10.529
ABC3H_HUMAN	164668	APOBEC3H	10.491	48	1	9	1.0	0.0	10.491
S12A4_HUMAN	6560	SLC12A4	10.482	49	1	1	1.0	0.0	10.482
ESR1_HUMAN	2099	ESR1	10.449	13814	2	1	1.301	0.0	8.031
RNF4_HUMAN	6047	RNF4	10.432	55	1	0	1.0	0.0	10.432
IL1A_HUMAN	3552	IL1A	10.415	14669	2	1	1.301	0.0	8.006
PP1RA_HUMAN	5514	PPP1R10	10.409	58	1	0	1.0	0.0	10.409
CSF2_HUMAN	1437	CSF2	10.403	14987	2	0	1.301	0.0	7.996
LRP1B_HUMAN	53353	LRP1B	10.394	60	1	1	1.0	0.0	10.394
NEO1_HUMAN	4756	NEO1	10.387	61	1	1	1.0	0.0	10.387
TMC6_HUMAN	11322	TMC6	10.34	68	1	0	1.0	0.0	10.34
PO4F1_HUMAN	5457	POU4F1	10.327	70	1	0	1.0	0.0	10.327
WAPL_HUMAN	23063	WAPL	10.315	72	1	0	1.0	0.0	10.315
A0A075B762_HUMAN	100132406	NBPF10	10.309	73	1	0	1.0	0.0	10.309
PINX1_HUMAN	54984	PINX1	10.303	74	1	0	1.0	0.0	10.303
PCBP1_HUMAN	5093	PCBP1	10.274	79	1	0	1.0	0.0	10.274
OSMR_HUMAN	9180	OSMR	10.274	79	1	1	1.0	0.0	10.274
ABC3A_HUMAN	200315	APOBEC3A	10.208	92	1	0	1.0	0.0	10.208
CLH1_HUMAN	1213	CLTC	10.199	94	1	0	1.0	0.0	10.199
ECT2_HUMAN	1894	ECT2	10.194	95	1	0	1.0	0.0	10.194
NPAT_HUMAN	4863	NPAT	10.19	96	1	1	1.0	0.0	10.19
IMA1_HUMAN	3838	KPNA2	10.168	101	1	2	1.0	0.0	10.168
UBE2C_HUMAN	11065	UBE2C	10.168	101	1	1	1.0	0.0	10.168
UBP7_HUMAN	7874	USP7	10.143	107	1	0	1.0	0.0	10.143
RAD17_HUMAN	5884	RAD17	10.139	108	1	2	1.0	0.0	10.139
TGFB1_HUMAN	7040	TGFB1	10.126	24445	2	0	1.301	0.0	7.783
UR2R_HUMAN	2837	UTS2R	10.093	120	1	0	1.0	0.0	10.093
TOPB1_HUMAN	11073	TOPBP1	10.093	120	1	4	1.0	0.0	10.093
TCFL5_HUMAN	10732	TCFL5	10.089	121	1	0	1.0	0.0	10.089
CLIC1_HUMAN	1192	CLIC1	10.079	124	1	0	1.0	0.0	10.079
NEK2_HUMAN	4751	NEK2	10.032	138	1	3	1.0	0.0	10.032
DDX3X_HUMAN	1654	DDX3X	9.987	153	1	4	1.0	0.0	9.987
TP4A3_HUMAN	11156	PTP4A3	9.971	159	1	0	1.0	0.0	9.971
KMT2D_HUMAN	8085	KMT2D	9.968	160	1	0	1.0	0.0	9.968
REV1_HUMAN	51455	REV1	9.968	160	1	1	1.0	0.0	9.968
ERAP1_HUMAN	51752	ERAP1	9.965	161	1	1	1.0	0.0	9.965
AK1BA_HUMAN	57016	AKR1B10	9.96	163	1	1	1.0	0.0	9.96
VPP3_HUMAN	10312	TCIRG1	9.955	165	1	8	1.0	0.0	9.955
BARD1_HUMAN	580	BARD1	9.949	167	1	0	1.0	0.0	9.949
FLCN_HUMAN	201163	FLCN	9.949	167	1	0	1.0	0.0	9.949
PUR8_HUMAN	158	ADSL	9.942	170	1	1	1.0	0.0	9.942
SIAT1_HUMAN	6480	ST6GAL1	9.934	173	1	0	1.0	0.0	9.934
CCNA1_HUMAN	8900	CCNA1	9.929	175	1	0	1.0	0.0	9.929
CDT1_HUMAN	81620	CDT1	9.907	184	1	2	1.0	0.0	9.907
DEF5_HUMAN	1670	DEFA5	9.905	185	1	4	1.0	0.0	9.905
KAT5_HUMAN	10524	KAT5	9.902	186	1	0	1.0	0.0	9.902
PEG10_HUMAN	23089	PEG10	9.884	194	1	1	1.0	0.0	9.884
MALT1_HUMAN	10892	MALT1	9.878	197	1	0	1.0	0.0	9.878
CLC4C_HUMAN	170482	CLEC4C	9.878	197	1	0	1.0	0.0	9.878
INVO_HUMAN	3713	IVL	9.871	200	1	0	1.0	0.0	9.871
CHKA_HUMAN	1119	CHKA	9.867	202	1	0	1.0	0.0	9.867
CYLD_HUMAN	1540	CYLD	9.852	209	1	0	1.0	0.0	9.852
ROA2_HUMAN	3181	HNRNPA2B1	9.83	220	1	1	1.0	0.0	9.83
TS101_HUMAN	7251	TSG101	9.826	222	1	0	1.0	0.0	9.826
BCL10_HUMAN	8915	BCL10	9.824	223	1	0	1.0	0.0	9.824
CFAD_HUMAN	1675	CFD	9.812	229	1	0	1.0	0.0	9.812
E2F4_HUMAN	1874	E2F4	9.785	244	1	0	1.0	0.0	9.785
TXNIP_HUMAN	10628	TXNIP	9.765	255	1	1	1.0	0.0	9.765
TWSG1_HUMAN	57045	TWSG1	9.762	257	1	0	1.0	0.0	9.762
FIBA_HUMAN	2243	FGA	9.757	260	1	0	1.0	0.0	9.757
FUMH_HUMAN	2271	FH	9.755	261	1	0	1.0	0.0	9.755
NUMB_HUMAN	8650	NUMB	9.749	265	1	1	1.0	0.0	9.749
BRD4_HUMAN	23476	BRD4	9.72	283	1	1	1.0	0.0	9.72
GPV_HUMAN	2814	GP5	9.713	288	1	0	1.0	0.0	9.713
CDC20_HUMAN	991	CDC20	9.71	290	1	1	1.0	0.0	9.71
EGLN1_HUMAN	54583	EGLN1	9.71	290	1	0	1.0	0.0	9.71
FHR1_HUMAN	3078	CFHR1	9.701	296	1	2	1.0	0.0	9.701
THB_HUMAN	7068	THRB	9.682	309	1	0	1.0	0.0	9.682
TFE3_HUMAN	7030	TFE3	9.672	316	1	0	1.0	0.0	9.672
FOXG1_HUMAN	2290	FOXG1	9.655	329	1	0	1.0	0.0	9.655
RN5A_HUMAN	6041	RNASEL	9.648	334	1	2	1.0	0.0	9.648
IFN17_HUMAN	3451	IFNA17	9.642	339	1	0	1.0	0.0	9.642
FANCA_HUMAN	2175	FANCA	9.639	341	1	0	1.0	0.0	9.639
ASXL1_HUMAN	171023	ASXL1	9.627	351	1	2	1.0	0.0	9.627
3MG_HUMAN	4350	MPG	9.603	371	1	0	1.0	0.0	9.603
HEP2_HUMAN	3053	SERPIND1	9.599	374	1	0	1.0	0.0	9.599
ATF3_HUMAN	467	ATF3	9.585	386	1	3	1.0	0.0	9.585
NKX31_HUMAN	4824	NKX3-1	9.585	386	1	0	1.0	0.0	9.585
UBE3A_HUMAN	7337	UBE3A	9.578	393	1	0	1.0	0.0	9.578
DHSD_HUMAN	6392	SDHD	9.569	401	1	0	1.0	0.0	9.569
STRAP_HUMAN	11171	STRAP	9.558	411	1	0	1.0	0.0	9.558
HGFL_HUMAN	4485	MST1	9.548	421	1	0	1.0	0.0	9.548
SYWC_HUMAN	7453	WARS	9.543	426	1	0	1.0	0.0	9.543
TPPP_HUMAN	11076	TPPP	9.54	429	1	0	1.0	0.0	9.54
FGF3_HUMAN	2248	FGF3	9.517	452	1	0	1.0	0.0	9.517
FBXW7_HUMAN	55294	FBXW7	9.496	474	1	0	1.0	0.0	9.496
FANCC_HUMAN	2176	FANCC	9.479	493	1	1	1.0	0.0	9.479
RPP14_HUMAN	11102	RPP14	9.474	499	1	0	1.0	0.0	9.474
EIF2A_HUMAN	83939	EIF2A	9.472	501	1	1	1.0	0.0	9.472
CTCF_HUMAN	10664	CTCF	9.466	508	1	0	1.0	0.0	9.466
FA11_HUMAN	2160	F11	9.464	511	1	0	1.0	0.0	9.464
FUT2_HUMAN	2524	FUT2	9.463	512	1	3	1.0	0.0	9.463
ATF2_HUMAN	1386	ATF2	9.461	514	1	0	1.0	0.0	9.461
CD82_HUMAN	3732	CD82	9.459	517	1	0	1.0	0.0	9.459
JIP2_HUMAN	23542	MAPK8IP2	9.406	583	1	0	1.0	0.0	9.406
ERN1_HUMAN	2081	ERN1	9.397	595	1	0	1.0	0.0	9.397
SNF5_HUMAN	6598	SMARCB1	9.392	603	1	1	1.0	0.0	9.392
XRCC6_HUMAN	2547	XRCC6	9.389	607	1	1	1.0	0.0	9.389
RUNX3_HUMAN	864	RUNX3	9.38	620	1	3	1.0	0.0	9.38
SMAD7_HUMAN	4092	SMAD7	9.367	638	1	0	1.0	0.0	9.367
IRF3_HUMAN	3661	IRF3	9.364	642	1	1	1.0	0.0	9.364
MITF_HUMAN	4286	MITF	9.36	648	1	1	1.0	0.0	9.36
GPX1_HUMAN	2876	GPX1	9.34	679	1	0	1.0	0.0	9.34
DBLOH_HUMAN	56616	DIABLO	9.336	686	1	0	1.0	0.0	9.336
ASC_HUMAN	29108	PYCARD	9.323	706	1	0	1.0	0.0	9.323
GELS_HUMAN	2934	GSN	9.313	722	1	0	1.0	0.0	9.313
XBP1_HUMAN	7494	XBP1	9.311	726	1	0	1.0	0.0	9.311
DPOLB_HUMAN	5423	POLB	9.302	741	1	0	1.0	0.0	9.302
CHP1_HUMAN	11261	CHP1	9.294	755	1	0	1.0	0.0	9.294
JIP1_HUMAN	9479	MAPK8IP1	9.291	760	1	0	1.0	0.0	9.291
IGF1R_HUMAN	3480	IGF1R	9.285	3702	1	11	1.0	0.079	8.604
CBL_HUMAN	867	CBL	9.283	774	1	1	1.0	0.0	9.283
OAS3_HUMAN	4940	OAS3	9.283	774	1	0	1.0	0.0	9.283
DNM3B_HUMAN	1789	DNMT3B	9.255	826	1	2	1.0	0.0	9.255
EWS_HUMAN	2130	EWSR1	9.236	862	1	1	1.0	0.0	9.236
FOXM1_HUMAN	2305	FOXM1	9.231	872	1	2	1.0	0.0	9.231
YAP1_HUMAN	10413	YAP1	9.229	877	1	2	1.0	0.0	9.229
S10AA_HUMAN	6281	S100A10	9.228	879	1	7	1.0	0.0	9.228
TGFR1_HUMAN	7046	TGFBR1	9.219	898	1	1	1.0	0.0	9.219
PLK1_HUMAN	5347	PLK1	9.217	901	1	1	1.0	0.0	9.217
IFI44_HUMAN	10561	IFI44	9.217	902	1	1	1.0	0.0	9.217
PCSK1_HUMAN	27344	PCSK1N	9.215	906	1	0	1.0	0.0	9.215
K2C1_HUMAN	3848	KRT1	9.211	914	1	0	1.0	0.0	9.211
RAGE_HUMAN	177	AGER	9.206	924	1	0	1.0	0.0	9.206
K1C10_HUMAN	3858	KRT10	9.179	984	1	0	1.0	0.0	9.179
APOC3_HUMAN	345	APOC3	9.165	1016	1	0	1.0	0.0	9.165
GLI1_HUMAN	2735	GLI1	9.161	1025	1	0	1.0	0.0	9.161
KSYK_HUMAN	6850	SYK	9.155	1040	1	0	1.0	0.0	9.155
GDN_HUMAN	5270	SERPINE2	9.154	1043	1	0	1.0	0.0	9.154
CYB_HUMAN	4519	MT-CYB	9.139	1080	1	0	1.0	0.0	9.139
MYB_HUMAN	4602	MYB	9.139	1079	1	0	1.0	0.0	9.139
TGFR2_HUMAN	7048	TGFBR2	9.137	1083	1	0	1.0	0.0	9.137
ARY2_HUMAN	10	NAT2	9.112	1148	1	0	1.0	0.0	9.112
H2AX_HUMAN	3014	H2AFX	9.097	1188	1	0	1.0	0.0	9.097
PRKDC_HUMAN	5591	PRKDC	9.091	1205	1	1	1.0	0.0	9.091
MYD88_HUMAN	4615	MYD88	9.082	1229	1	1	1.0	0.0	9.082
SON_HUMAN	6651	SON	9.071	1262	1	0	1.0	0.0	9.071
ALEX_HUMAN	2778	GNAS	9.064	1281	1	0	1.0	0.0	9.064
BCL6_HUMAN	604	BCL6	9.058	1300	1	0	1.0	0.0	9.058
DQA1_HUMAN	3117	HLA-DQA1	9.057	1302	1	0	1.0	0.0	9.057
NPM_HUMAN	4869	NPM1	9.041	1351	1	0	1.0	0.0	9.041
TSC1_HUMAN	7248	TSC1	9.032	1381	1	0	1.0	0.0	9.032
POTEF_HUMAN	728378	POTEF	9.019	1421	1	0	1.0	0.0	9.019
MP2K2_HUMAN	5605	MAP2K2	8.986	1534	1	0	1.0	0.0	8.986
XIAP_HUMAN	331	XIAP	8.972	1584	1	1	1.0	0.0	8.972
HFE_HUMAN	3077	HFE	8.969	1596	1	0	1.0	0.0	8.969
FGFR1_HUMAN	2260	FGFR1	8.964	1615	1	2	1.0	0.0	8.964
CD83_HUMAN	9308	CD83	8.939	1711	1	1	1.0	0.0	8.939
MEN1_HUMAN	4221	MEN1	8.936	1723	1	0	1.0	0.0	8.936
ERBB3_HUMAN	2065	ERBB3	8.921	1783	1	0	1.0	0.0	8.921
SMAD2_HUMAN	4087	SMAD2	8.89	1913	1	1	1.0	0.0	8.89
GSTT1_HUMAN	2952	GSTT1	8.886	1930	1	0	1.0	0.0	8.886
RAF1_HUMAN	5894	RAF1	8.885	1938	1	0	1.0	0.0	8.885
ZHX2_HUMAN	22882	ZHX2	8.881	1955	1	1	1.0	0.0	8.881
CCNB1_HUMAN	891	CCNB1	8.875	1980	1	0	1.0	0.0	8.875
ZNF77_HUMAN	58492	ZNF77	8.871	2001	1	0	1.0	0.0	8.871
TLR9_HUMAN	54106	TLR9	8.866	2025	1	2	1.0	0.0	8.866
NOTC1_HUMAN	4851	NOTCH1	8.834	2179	1	1	1.0	0.0	8.834
AMPN_HUMAN	290	ANPEP	8.82	2249	1	0	1.0	0.0	8.82
K2C7_HUMAN	3855	KRT7	8.817	2263	1	0	1.0	0.0	8.817
RUNX1_HUMAN	861	RUNX1	8.81	2302	1	0	1.0	0.0	8.81
CREB1_HUMAN	1385	CREB1	8.78	2466	1	0	1.0	0.0	8.78
PD1L1_HUMAN	29126	CD274	8.763	2564	1	0	1.0	0.0	8.763
K1C19_HUMAN	3880	KRT19	8.753	2627	1	0	1.0	0.0	8.753
GSTM1_HUMAN	2944	GSTM1	8.742	2692	1	0	1.0	0.0	8.742
GSK3B_HUMAN	2932	GSK3B	8.719	2838	1	0	1.0	0.0	8.719
EP300_HUMAN	2033	EP300	8.69	3033	1	3	1.0	0.0	8.69
CDK1_HUMAN	983	CDK1	8.667	3198	1	1	1.0	0.0	8.667
IFI27_HUMAN	3429	IFI27	8.651	3320	1	0	1.0	0.0	8.651
DESM_HUMAN	1674	DES	8.645	3365	1	1	1.0	0.0	8.645
CTLA4_HUMAN	1493	CTLA4	8.589	3826	1	1	1.0	0.0	8.589
ENOG_HUMAN	2026	ENO2	8.574	3962	1	0	1.0	0.0	8.574
TLR2_HUMAN	7097	TLR2	8.552	4167	1	1	1.0	0.0	8.552
TNFL6_HUMAN	356	FASLG	8.519	4494	1	0	1.0	0.0	8.519
MTHR_HUMAN	4524	MTHFR	8.517	4515	1	0	1.0	0.0	8.517
NEP_HUMAN	4311	MME	8.516	4534	1	0	1.0	0.0	8.516
S10A1_HUMAN	6271	S100A1	8.501	4688	1	0	1.0	0.0	8.501
FANCB_HUMAN	2187	FANCB	8.492	4785	1	0	1.0	0.0	8.492
TNF10_HUMAN	8743	TNFSF10	8.488	4830	1	0	1.0	0.0	8.488
B2CL1_HUMAN	598	BCL2L1	8.478	4938	1	0	1.0	0.0	8.478
NOS2_HUMAN	4843	NOS2	8.454	5227	1	5	1.0	0.0	8.454
PECA1_HUMAN	5175	PECAM1	8.445	5336	1	0	1.0	0.0	8.445
TIMP1_HUMAN	7076	TIMP1	8.445	5332	1	0	1.0	0.0	8.445
PCNA_HUMAN	5111	PCNA	8.407	5813	1	0	1.0	0.0	8.407
BRCA2_HUMAN	675	BRCA2	8.374	6283	1	0	1.0	0.0	8.374
B2MG_HUMAN	567	B2M	8.362	6463	1	0	1.0	0.0	8.362
KIT_HUMAN	3815	KIT	8.36	6488	1	0	1.0	0.0	8.36
ANDR_HUMAN	367	AR	8.333	6901	1	0	1.0	0.0	8.333
MK14_HUMAN	1432	MAPK14	8.245	8447	1	0	1.0	0.0	8.245
L0N195_HUMAN	3439	IFNA1	8.229	8773	1	0	1.0	0.0	8.229
CEAM3_HUMAN	1084	CEACAM3	8.215	9052	1	0	1.0	0.0	8.215
NFKB1_HUMAN	4790	NFKB1	8.186	9691	1	1	1.0	0.0	8.186
VIME_HUMAN	7431	VIM	8.16	10272	1	1	1.0	0.0	8.16
MTOR_HUMAN	2475	MTOR	8.008	14590	1	0	1.0	0.0	8.008
MK01_HUMAN	5594	MAPK1	7.839	21517	1	0	1.0	0.0	7.839
IL8_HUMAN	3576	CXCL8	7.763	25628	1	0	1.0	0.0	7.763
IL1B_HUMAN	3553	IL1B	7.72	28325	1	0	1.0	0.0	7.72
CD8A_HUMAN	925	CD8A	7.71	28961	1	2	1.0	0.0	7.71
IL2_HUMAN	3558	IL2	7.693	30132	1	0	1.0	0.0	7.693
CRP_HUMAN	1401	CRP	7.605	36788	1	0	1.0	0.0	7.605
IL6_HUMAN	3569	IL6	7.442	53611	1	0	1.0	0.0	7.442
