Big_T	8163
Big_F	17252753
UniProtKB_ID	GeneID	Gene_Name	PPS	Big_P	T+P	Citation	1+Log(T+P)	log10((Cit/yr+1)/10)	1+log10(F/T)+log10(F/P)
BRCA1_HUMAN	672	BRCA1	49.643	9743	1848	1943	4.267	2.289	7.573
PARP1_HUMAN	142	PARP1	33.945	6579	84	287	2.924	1.459	7.744
EGFR_HUMAN	1956	EGFR	32.384	30695	75	503	2.875	1.702	7.075
CHK2_HUMAN	11200	CHEK2	31.775	1355	56	104	2.748	1.021	8.43
MSH6_HUMAN	2956	MSH6	31.053	1307	54	87	2.732	0.944	8.445
P53_HUMAN	7157	TP53	30.682	46130	211	132	3.324	1.124	6.898
BRCA2_HUMAN	675	BRCA2	30.241	6283	81	96	2.908	0.987	7.763
ERBB2_HUMAN	2064	ERBB2	29.485	26330	117	114	3.068	1.061	7.141
CTNB1_HUMAN	1499	CTNNB1	29.435	8844	45	162	2.653	1.212	7.615
DICER_HUMAN	23405	DICER1	28.821	691	31	64	2.491	0.813	8.722
MLH1_HUMAN	4292	MLH1	28.116	3231	66	46	2.82	0.672	8.052
RASK_HUMAN	3845	KRAS	28.027	10492	84	61	2.924	0.792	7.541
PK3CA_HUMAN	5290	PIK3CA	27.672	2646	27	92	2.431	0.968	8.139
AKT1_HUMAN	207	AKT1	27.256	18505	41	132	2.613	1.124	7.294
RA51C_HUMAN	5889	RAD51C	25.967	164	24	24	2.38	0.398	9.347
BRAF_HUMAN	673	BRAF	25.542	6965	21	96	2.322	0.987	7.719
FOXL2_HUMAN	668	FOXL2	25.155	301	21	27	2.322	0.447	9.083
BARD1_HUMAN	580	BARD1	25.04	167	15	31	2.176	0.505	9.339
PTEN_HUMAN	5728	PTEN	24.872	6259	42	37	2.623	0.58	7.765
COBA2_HUMAN	1302	COL11A2	24.87	1728	27	35	2.431	0.556	8.324
RAD51_HUMAN	5888	RAD51	24.416	1631	15	55	2.176	0.748	8.349
RAD50_HUMAN	10111	RAD50	23.549	464	12	36	2.079	0.568	8.895
SMCA4_HUMAN	6597	SMARCA4	23.472	714	16	30	2.204	0.491	8.708
ARI1A_HUMAN	8289	ARID1A	23.174	326	7	51	1.845	0.716	9.049
FOXM1_HUMAN	2305	FOXM1	23.005	872	2	232	1.301	1.367	8.621
ARF_HUMAN	1029	CDKN2A	22.877	9187	41	24	2.613	0.398	7.598
2AAA_HUMAN	5518	PPP2R1A	21.683	53	4	39	1.602	0.602	9.837
NF1_HUMAN	4763	NF1	21.336	5140	6	86	1.778	0.94	7.851
ESR1_HUMAN	2099	ESR1	21.24	13814	28	25	2.447	0.415	7.421
CDN1A_HUMAN	1026	CDKN1A	20.429	5857	22	18	2.342	0.279	7.794
PALB2_HUMAN	79728	PALB2	20.398	261	10	16	2.0	0.23	9.145
INSC_HUMAN	387755	INSC	20.177	72	12	6	2.079	0.0	9.704
WFDC2_HUMAN	10406	WFDC2	19.427	467	9	16	1.954	0.23	8.892
FSHR_HUMAN	2492	FSHR	18.651	743	14	7	2.146	0.0	8.691
MSH2_HUMAN	4436	MSH2	18.372	2603	18	7	2.255	0.0	8.146
RASH_HUMAN	3265	HRAS	18.089	2263	16	2	2.204	0.0	8.207
AKT2_HUMAN	208	AKT2	18.015	636	6	18	1.778	0.279	8.758
SMAD4_HUMAN	4089	SMAD4	17.76	1728	8	16	1.903	0.23	8.324
MUC16_HUMAN	94025	MUC16	17.616	4611	17	3	2.23	0.0	7.898
ANDR_HUMAN	367	AR	17.417	6901	15	11	2.176	0.079	7.723
NBN_HUMAN	4683	NBN	17.326	1099	9	11	1.954	0.079	8.521
TERT_HUMAN	7015	TERT	17.028	4242	4	34	1.602	0.544	7.934
FHIT_HUMAN	2272	FHIT	16.965	760	9	3	1.954	0.0	8.681
GALT_HUMAN	2592	GALT	16.921	468	8	0	1.903	0.0	8.892
SRY_HUMAN	6736	SRY	16.86	1355	10	0	2.0	0.0	8.43
FGFR2_HUMAN	2263	FGFR2	16.825	1295	7	13	1.845	0.146	8.449
AURKA_HUMAN	6790	AURKA	16.825	1134	5	18	1.699	0.279	8.507
STK11_HUMAN	6794	STK11	16.805	917	9	2	1.954	0.0	8.599
YAP1_HUMAN	10413	YAP1	16.585	877	4	20	1.602	0.322	8.619
ZN217_HUMAN	7764	ZNF217	16.41	80	5	4	1.699	0.0	9.659
MDM2_HUMAN	4193	MDM2	16.356	3545	11	6	2.041	0.0	8.012
RASF1_HUMAN	11186	RASSF1	16.284	1012	8	8	1.903	0.0	8.557
PRIMA_HUMAN	145270	PRIMA1	16.209	195	4	13	1.602	0.146	9.272
BECN1_HUMAN	8678	BECN1	16.207	1527	2	42	1.301	0.633	8.378
KIT_HUMAN	3815	KIT	16.113	6488	12	4	2.079	0.0	7.75
ALEX_HUMAN	2778	GNAS	16.089	1281	8	1	1.903	0.0	8.454
RA51D_HUMAN	5892	RAD51D	16.029	134	5	5	1.699	0.0	9.435
WT1_HUMAN	7490	WT1	16.027	2295	9	3	1.954	0.0	8.201
CTIP_HUMAN	5932	RBBP8	16.018	136	5	5	1.699	0.0	9.428
FMR1_HUMAN	2332	FMR1	16.002	1423	8	5	1.903	0.0	8.409
RSF1_HUMAN	51773	RSF1	15.89	44	4	8	1.602	0.0	9.918
ERCC1_HUMAN	2067	ERCC1	15.877	1656	8	5	1.903	0.0	8.343
CDK2_HUMAN	1017	CDK2	15.762	3134	9	3	1.954	0.0	8.066
CHK1_HUMAN	1111	CHEK1	15.611	1262	7	8	1.845	0.0	8.461
CDK12_HUMAN	51755	CDK12	15.578	59	3	12	1.477	0.114	9.791
MYC_HUMAN	4609	MYC	15.409	10313	11	9	2.041	0.0	7.548
MDR1_HUMAN	5243	ABCB1	15.385	10598	11	5	2.041	0.0	7.536
PTC1_HUMAN	5727	PTCH1	15.23	993	6	0	1.778	0.0	8.565
DCC_HUMAN	1630	DCC	15.215	404	5	1	1.699	0.0	8.955
PARP2_HUMAN	10038	PARP2	15.169	124	4	5	1.602	0.0	9.468
NDKA_HUMAN	4830	NME1	15.165	1079	6	2	1.778	0.0	8.529
APJ_HUMAN	187	APLNR	15.151	169	1	41	1.0	0.623	9.334
HOP2_HUMAN	29893	PSMC3IP	15.013	25	3	1	1.477	0.0	10.164
PRGR_HUMAN	5241	PGR	14.907	8583	9	8	1.954	0.0	7.628
DPOLQ_HUMAN	10721	POLQ	14.745	38	3	5	1.477	0.0	9.982
SRA1_HUMAN	10011	SRA1	14.715	238	2	19	1.301	0.301	9.185
RRAS2_HUMAN	22800	RRAS2	14.712	40	3	0	1.477	0.0	9.96
MIS_HUMAN	268	AMH	14.706	1957	6	4	1.778	0.0	8.27
HPRT_HUMAN	3251	HPRT1	14.606	2227	6	4	1.778	0.0	8.214
MTHR_HUMAN	4524	MTHFR	14.589	4515	7	1	1.845	0.0	7.907
RB_HUMAN	5925	RB1	14.572	4614	7	3	1.845	0.0	7.898
INP4B_HUMAN	8821	INPP4B	14.496	56	2	14	1.301	0.176	9.814
IF5A2_HUMAN	56648	EIF5A2	14.371	68	3	5	1.477	0.0	9.729
MIB1_HUMAN	57534	MIB1	14.343	3128	6	6	1.778	0.0	8.066
BAX_HUMAN	581	BAX	14.295	11225	8	3	1.903	0.0	7.511
CDK4_HUMAN	1019	CDK4	14.294	3335	6	2	1.778	0.0	8.039
FGF3_HUMAN	2248	FGF3	14.269	452	4	2	1.602	0.0	8.907
FBXW7_HUMAN	55294	FBXW7	14.236	474	4	2	1.602	0.0	8.886
MPRI_HUMAN	3482	IGF2R	14.173	519	4	1	1.602	0.0	8.847
RA51B_HUMAN	5890	RAD51B	14.086	106	3	2	1.477	0.0	9.536
RBBP4_HUMAN	5928	RBBP4	13.954	711	4	0	1.602	0.0	8.71
DPOLB_HUMAN	5423	POLB	13.925	741	4	0	1.602	0.0	8.692
ATM_HUMAN	472	ATM	13.919	2339	5	2	1.699	0.0	8.193
CREB1_HUMAN	1385	CREB1	13.88	2466	5	2	1.699	0.0	8.17
S14L2_HUMAN	23541	SEC14L2	13.86	151	3	0	1.477	0.0	9.383
SEPT9_HUMAN	10801	SEPT9	13.843	155	3	5	1.477	0.0	9.371
PPM1D_HUMAN	8493	PPM1D	13.83	158	3	3	1.477	0.0	9.363
FANCJ_HUMAN	83990	BRIP1	13.818	161	3	2	1.477	0.0	9.355
GDF9_HUMAN	2661	GDF9	13.663	205	3	0	1.477	0.0	9.25
WWOX_HUMAN	51741	WWOX	13.657	207	3	6	1.477	0.0	9.246
CCNE1_HUMAN	898	CCNE1	13.631	385	3	10	1.477	0.041	8.976
BABA1_HUMAN	29086	BABAM1	13.593	13	2	1	1.301	0.0	10.448
ARL11_HUMAN	115761	ARL11	13.551	14	2	0	1.301	0.0	10.416
FOLR1_HUMAN	2348	FOLR1	13.528	253	3	4	1.477	0.0	9.159
TWSG1_HUMAN	57045	TWSG1	13.518	257	3	1	1.477	0.0	9.152
PHB_HUMAN	5245	PHB	13.491	268	3	0	1.477	0.0	9.134
RET_HUMAN	5979	RET	13.478	4253	5	0	1.699	0.0	7.933
MEN1_HUMAN	4221	MEN1	13.338	1723	4	0	1.602	0.0	8.325
ZHX2_HUMAN	22882	ZHX2	13.25	1955	4	6	1.602	0.0	8.271
DHB1_HUMAN	3292	HSD17B1	13.202	421	3	0	1.477	0.0	8.937
CHSTF_HUMAN	51363	CHST15	13.201	26	2	0	1.301	0.0	10.147
TGIF2_HUMAN	60436	TGIF2	13.201	26	2	2	1.301	0.0	10.147
FANCC_HUMAN	2176	FANCC	13.1	493	3	0	1.477	0.0	8.869
HCFC1_HUMAN	3054	HCFC1	13.1	2426	4	1	1.602	0.0	8.177
SIR1_HUMAN	23411	SIRT1	13.09	2460	4	4	1.602	0.0	8.171
IGF1R_HUMAN	3480	IGF1R	12.975	3702	3	13	1.477	0.146	7.993
EMSY_HUMAN	56946	EMSY	12.958	40	2	2	1.301	0.0	9.96
CP1A1_HUMAN	1543	CYP1A1	12.945	3030	4	0	1.602	0.0	8.08
CAVN3_HUMAN	112464	CAVIN3	12.93	42	2	1	1.301	0.0	9.939
TBB3_HUMAN	10381	TUBB3	12.916	657	3	9	1.477	0.0	8.744
P85A_HUMAN	5295	PIK3R1	12.915	658	2	14	1.301	0.176	8.744
TES_HUMAN	26136	TES	12.904	44	2	1	1.301	0.0	9.918
BCL2_HUMAN	596	BCL2	12.785	23522	6	1	1.778	0.0	7.19
EWS_HUMAN	2130	EWSR1	12.742	862	3	0	1.477	0.0	8.626
S10AA_HUMAN	6281	S100A10	12.729	879	3	0	1.477	0.0	8.618
FANCM_HUMAN	57697	FANCM	12.666	67	2	7	1.301	0.0	9.736
NACC1_HUMAN	112939	NACC1	12.512	88	2	2	1.301	0.0	9.617
PP1A_HUMAN	5499	PPP1CA	12.475	94	2	0	1.301	0.0	9.589
EZH2_HUMAN	2146	EZH2	12.474	1309	3	1	1.477	0.0	8.445
PEO1_HUMAN	56652	TWNK	12.446	99	2	0	1.301	0.0	9.566
PAK4_HUMAN	10298	PAK4	12.407	106	2	1	1.301	0.0	9.536
E2F1_HUMAN	1869	E2F1	12.382	1512	3	2	1.477	0.0	8.382
CHD4_HUMAN	1108	CHD4	12.38	50	1	17	1.0	0.255	9.863
HFE_HUMAN	3077	HFE	12.347	1596	3	1	1.477	0.0	8.359
TOPB1_HUMAN	11073	TOPBP1	12.337	120	2	0	1.301	0.0	9.483
DAB2_HUMAN	1601	DAB2	12.305	127	2	4	1.301	0.0	9.458
BACH1_HUMAN	571	BACH1	12.207	151	2	3	1.301	0.0	9.383
ZNF77_HUMAN	58492	ZNF77	12.202	2001	3	0	1.477	0.0	8.261
PPR3A_HUMAN	5506	PPP1R3A	12.185	157	2	0	1.301	0.0	9.366
PAXI1_HUMAN	22976	PAXIP1	12.161	29	1	15	1.0	0.204	10.099
MTOR_HUMAN	2475	MTOR	12.157	14590	4	10	1.602	0.041	7.398
NOTC1_HUMAN	4851	NOTCH1	12.147	2179	3	7	1.477	0.0	8.223
PLAL1_HUMAN	5325	PLAGL1	12.144	169	2	0	1.301	0.0	9.334
SMCA2_HUMAN	6595	SMARCA2	12.14	170	2	4	1.301	0.0	9.331
NFKB1_HUMAN	4790	NFKB1	12.136	9691	4	3	1.602	0.0	7.575
DMRT1_HUMAN	1761	DMRT1	12.111	179	2	4	1.301	0.0	9.309
ERR1_HUMAN	2101	ESRRA	12.048	200	2	4	1.301	0.0	9.261
SEM4D_HUMAN	10507	SEMA4D	12.037	204	2	3	1.301	0.0	9.252
A4FUW6_HUMAN	7258	LOC728395	12.021	210	2	1	1.301	0.0	9.24
MCL1_HUMAN	4170	MCL1	12.017	2669	1	29	1.0	0.477	8.135
GSTM1_HUMAN	2944	GSTM1	12.011	2692	3	1	1.477	0.0	8.132
INHA_HUMAN	3623	INHA	12.008	215	2	0	1.301	0.0	9.229
KLF6_HUMAN	1316	KLF6	12.0	218	2	2	1.301	0.0	9.223
KLK6_HUMAN	5653	KLK6	11.997	219	2	1	1.301	0.0	9.221
TS101_HUMAN	7251	TSG101	11.99	222	2	0	1.301	0.0	9.215
ALK_HUMAN	238	ALK	11.988	2791	3	1	1.477	0.0	8.116
E2F3_HUMAN	1871	E2F3	11.979	226	2	1	1.301	0.0	9.208
FUMH_HUMAN	2271	FH	11.898	261	2	1	1.301	0.0	9.145
GCR_HUMAN	2908	NR3C1	11.89	3252	3	0	1.477	0.0	8.05
NDRG1_HUMAN	10397	NDRG1	11.816	302	2	1	1.301	0.0	9.082
GNAQ_HUMAN	2776	GNAQ	11.788	317	2	2	1.301	0.0	9.061
NDC80_HUMAN	10403	NDC80	11.779	322	2	1	1.301	0.0	9.054
BUB1B_HUMAN	701	BUB1B	11.778	323	2	1	1.301	0.0	9.053
HFM1_HUMAN	164045	HFM1	11.774	325	2	6	1.301	0.0	9.05
RN5A_HUMAN	6041	RNASEL	11.759	334	2	0	1.301	0.0	9.038
RBL2_HUMAN	5934	RBL2	11.757	335	2	0	1.301	0.0	9.037
KLK3_HUMAN	354	KLK3	11.755	16765	4	6	1.602	0.0	7.337
CXAR_HUMAN	1525	CXADR	11.754	337	2	1	1.301	0.0	9.034
EVI1_HUMAN	2122	MECOM	11.721	357	2	0	1.301	0.0	9.009
MUC1_HUMAN	4582	MUC1	11.721	4231	3	0	1.477	0.0	7.935
MP2K4_HUMAN	6416	MAP2K4	11.661	397	2	2	1.301	0.0	8.963
EGF_HUMAN	1950	EGF	11.627	4898	3	8	1.477	0.0	7.872
TPPP_HUMAN	11076	TPPP	11.617	429	2	0	1.301	0.0	8.929
SPB5_HUMAN	5268	SERPINB5	11.615	431	2	0	1.301	0.0	8.927
ERCC5_HUMAN	2073	ERCC5	11.607	437	2	4	1.301	0.0	8.921
MROH8_HUMAN	140699	MROH8	11.562	1	1	1	1.0	0.0	11.562
PCNA_HUMAN	5111	PCNA	11.517	5813	3	1	1.477	0.0	7.797
CD82_HUMAN	3732	CD82	11.512	517	2	0	1.301	0.0	8.848
DAPK1_HUMAN	1612	DAPK1	11.506	522	2	3	1.301	0.0	8.844
MUTYH_HUMAN	4595	MUTYH	11.491	536	2	0	1.301	0.0	8.833
ACTN4_HUMAN	81	ACTN4	11.48	547	2	3	1.301	0.0	8.824
XPO1_HUMAN	7514	XPO1	11.439	588	2	4	1.301	0.0	8.792
APC_HUMAN	324	APC	11.41	619	2	0	1.301	0.0	8.77
GA45A_HUMAN	1647	GADD45A	11.397	634	2	1	1.301	0.0	8.76
PSIP1_HUMAN	11168	PSIP1	11.397	634	2	4	1.301	0.0	8.76
HIF1A_HUMAN	3091	HIF1A	11.386	7140	3	4	1.477	0.0	7.708
HBEGF_HUMAN	1839	HBEGF	11.322	724	2	1	1.301	0.0	8.702
GON1_HUMAN	2796	GNRH1	11.311	8020	3	0	1.477	0.0	7.658
MK14_HUMAN	1432	MAPK14	11.278	8447	3	0	1.477	0.0	7.635
OTU6B_HUMAN	51633	OTUD6B	11.261	2	1	0	1.0	0.0	11.261
CEAM3_HUMAN	1084	CEACAM3	11.233	9052	3	0	1.477	0.0	7.605
CCND1_HUMAN	595	CCND1	11.208	9412	3	0	1.477	0.0	7.588
TR10A_HUMAN	8797	TNFRSF10A	11.167	951	2	1	1.301	0.0	8.584
L1CAM_HUMAN	3897	L1CAM	11.165	955	2	4	1.301	0.0	8.582
TWST1_HUMAN	7291	TWIST1	11.161	962	2	3	1.301	0.0	8.579
DKK1_HUMAN	22943	DKK1	11.153	976	2	4	1.301	0.0	8.572
FETA_HUMAN	174	AFP	11.148	10333	3	0	1.477	0.0	7.547
CDX2_HUMAN	1045	CDX2	11.146	987	2	0	1.301	0.0	8.567
ERCC2_HUMAN	2068	ERCC2	11.11	1053	2	0	1.301	0.0	8.539
FOXO3_HUMAN	2309	FOXO3	11.106	1061	2	2	1.301	0.0	8.536
OGG1_HUMAN	4968	OGG1	11.105	1062	2	0	1.301	0.0	8.536
CYB_HUMAN	4519	MT-CYB	11.096	1080	2	3	1.301	0.0	8.528
CSTF1_HUMAN	1477	CSTF1	11.085	3	1	0	1.0	0.0	11.085
UN93A_HUMAN	54346	UNC93A	11.085	3	1	0	1.0	0.0	11.085
I27L1_HUMAN	122509	IFI27L1	11.085	3	1	0	1.0	0.0	11.085
MASTR_HUMAN	284358	MAMSTR	11.085	3	1	1	1.0	0.0	11.085
FBX47_HUMAN	494188	FBXO47	11.085	3	1	0	1.0	0.0	11.085
FOXO1_HUMAN	2308	FOXO1	11.054	1163	2	5	1.301	0.0	8.496
H2AX_HUMAN	3014	H2AFX	11.042	1188	2	2	1.301	0.0	8.487
LMNA_HUMAN	4000	LMNA	10.988	1307	2	2	1.301	0.0	8.445
GOT1B_HUMAN	51026	GOLT1B	10.96	4	1	0	1.0	0.0	10.96
MYNN_HUMAN	55892	MYNN	10.96	4	1	3	1.0	0.0	10.96
HSDL1_HUMAN	83693	HSDL1	10.96	4	1	4	1.0	0.0	10.96
AHSA2_HUMAN	130872	AHSA2	10.96	4	1	0	1.0	0.0	10.96
FBW12_HUMAN	285231	FBXW12	10.96	4	1	0	1.0	0.0	10.96
SBK1_HUMAN	388228	SBK1	10.96	4	1	0	1.0	0.0	10.96
TSC1_HUMAN	7248	TSC1	10.957	1381	2	0	1.301	0.0	8.422
CP17A_HUMAN	1586	CYP17A1	10.945	1409	2	0	1.301	0.0	8.413
IL6_HUMAN	3569	IL6	10.944	53611	4	3	1.602	0.0	6.831
CP1B1_HUMAN	1545	CYP1B1	10.934	1437	2	0	1.301	0.0	8.404
SOX9_HUMAN	6662	SOX9	10.926	1457	2	0	1.301	0.0	8.398
ITB3_HUMAN	3690	ITGB3	10.922	1468	2	0	1.301	0.0	8.395
CBP_HUMAN	1387	CREBBP	10.873	1601	2	0	1.301	0.0	8.357
LEG3_HUMAN	3958	LGALS3	10.861	1637	2	0	1.301	0.0	8.348
IDHC_HUMAN	3417	IDH1	10.845	1683	2	1	1.301	0.0	8.336
MMP14_HUMAN	4323	MMP14	10.813	1781	2	1	1.301	0.0	8.311
CP19A_HUMAN	1588	CYP19A1	10.774	1908	2	3	1.301	0.0	8.281
SMAD2_HUMAN	4087	SMAD2	10.773	1913	2	3	1.301	0.0	8.28
RIR1_HUMAN	6240	RRM1	10.755	1974	2	2	1.301	0.0	8.266
KDSR_HUMAN	2531	KDSR	10.717	7	1	0	1.0	0.0	10.717
ECHD1_HUMAN	55862	ECHDC1	10.717	7	1	0	1.0	0.0	10.717
IGF1_HUMAN	3479	IGF1	10.688	21183	3	2	1.477	0.0	7.236
FLNB_HUMAN	2317	FLNB	10.678	176	1	13	1.0	0.146	9.316
SMAD3_HUMAN	4088	SMAD3	10.677	2266	2	4	1.301	0.0	8.206
VHL_HUMAN	7428	VHL	10.673	2280	2	0	1.301	0.0	8.204
INT12_HUMAN	57117	INTS12	10.659	8	1	0	1.0	0.0	10.659
RHOA_HUMAN	387	RHOA	10.655	2356	2	0	1.301	0.0	8.19
MET_HUMAN	4233	MET	10.622	2497	2	4	1.301	0.0	8.164
CLGN_HUMAN	1047	CLGN	10.608	9	1	3	1.0	0.0	10.608
FLT3_HUMAN	2322	FLT3	10.601	2594	2	2	1.301	0.0	8.148
CSF1_HUMAN	1435	CSF1	10.596	2616	2	0	1.301	0.0	8.144
TGFB1_HUMAN	7040	TGFB1	10.596	24445	3	1	1.477	0.0	7.173
NR4A1_HUMAN	3164	NR4A1	10.579	2694	2	3	1.301	0.0	8.131
DPOE1_HUMAN	5426	POLE	10.562	10	1	1	1.0	0.0	10.562
VMA5A_HUMAN	4013	VWA5A	10.52	11	1	0	1.0	0.0	10.52
RPH3L_HUMAN	9501	RPH3AL	10.52	11	1	0	1.0	0.0	10.52
SNAI3_HUMAN	333929	SNAI3	10.52	11	1	0	1.0	0.0	10.52
CDN1B_HUMAN	1027	CDKN1B	10.517	3007	2	0	1.301	0.0	8.084
FA5_HUMAN	2153	F5	10.513	3031	2	0	1.301	0.0	8.08
EP300_HUMAN	2033	EP300	10.512	3033	2	6	1.301	0.0	8.08
MMP3_HUMAN	4314	MMP3	10.46	3326	2	0	1.301	0.0	8.04
DESM_HUMAN	1674	DES	10.453	3365	2	0	1.301	0.0	8.035
CMGA_HUMAN	1113	CHGA	10.439	3455	2	0	1.301	0.0	8.023
ESR2_HUMAN	2100	ESR2	10.423	3549	2	0	1.301	0.0	8.012
QCR1_HUMAN	7384	UQCRC1	10.416	14	1	2	1.0	0.0	10.416
VEGFA_HUMAN	7422	VEGFA	10.409	32733	3	0	1.477	0.0	7.047
AICDA_HUMAN	57379	AICDA	10.4	3697	2	1	1.301	0.0	7.994
TEN1_HUMAN	10178	TENM1	10.394	3736	2	2	1.301	0.0	7.989
GAS8_HUMAN	2622	GAS8	10.386	15	1	0	1.0	0.0	10.386
FIL1L_HUMAN	11259	FILIP1L	10.386	15	1	0	1.0	0.0	10.386
ERAL1_HUMAN	26284	ERAL1	10.358	3986	2	0	1.301	0.0	7.961
HELQ_HUMAN	113510	HELQ	10.331	17	1	0	1.0	0.0	10.331
NELFB_HUMAN	25920	NELFB	10.306	18	1	2	1.0	0.0	10.306
OLA1_HUMAN	29789	OLA1	10.306	18	1	0	1.0	0.0	10.306
CSMD3_HUMAN	114788	CSMD3	10.306	18	1	0	1.0	0.0	10.306
CFTR_HUMAN	1080	CFTR	10.283	4546	2	5	1.301	0.0	7.904
TLK2_HUMAN	11011	TLK2	10.283	19	1	1	1.0	0.0	10.283
RAB31_HUMAN	11031	RAB31	10.283	19	1	0	1.0	0.0	10.283
RAB21_HUMAN	23011	RAB21	10.283	19	1	2	1.0	0.0	10.283
BCORL_HUMAN	63035	BCORL1	10.261	20	1	0	1.0	0.0	10.261
DPH1_HUMAN	1801	DPH1	10.24	21	1	0	1.0	0.0	10.24
ERLN2_HUMAN	11160	ERLIN2	10.24	21	1	4	1.0	0.0	10.24
ATAD5_HUMAN	79915	ATAD5	10.24	21	1	0	1.0	0.0	10.24
COR2A_HUMAN	7464	CORO2A	10.219	22	1	1	1.0	0.0	10.219
HECA2_HUMAN	253012	HEPACAM2	10.219	22	1	1	1.0	0.0	10.219
CDC23_HUMAN	8697	CDC23	10.2	23	1	1	1.0	0.0	10.2
RN139_HUMAN	11236	RNF139	10.182	24	1	0	1.0	0.0	10.182
DHDH_HUMAN	27294	DHDH	10.182	24	1	0	1.0	0.0	10.182
JUN_HUMAN	3725	JUN	10.165	5610	2	0	1.301	0.0	7.813
BCCIP_HUMAN	56647	BCCIP	10.164	25	1	0	1.0	0.0	10.164
TNR27_HUMAN	60401	EDA2R	10.164	25	1	2	1.0	0.0	10.164
TRIM1_HUMAN	11043	MID2	10.147	26	1	2	1.0	0.0	10.147
STAG3_HUMAN	10734	STAG3	10.13	27	1	7	1.0	0.0	10.13
FOXL1_HUMAN	2300	FOXL1	10.115	28	1	1	1.0	0.0	10.115
SG1D1_HUMAN	10648	SCGB1D1	10.115	28	1	0	1.0	0.0	10.115
CABL1_HUMAN	91768	CABLES1	10.115	28	1	0	1.0	0.0	10.115
ESCO1_HUMAN	114799	ESCO1	10.115	28	1	0	1.0	0.0	10.115
ADIRF_HUMAN	10974	ADIRF	10.099	29	1	1	1.0	0.0	10.099
INT6_HUMAN	26512	INTS6	10.099	29	1	0	1.0	0.0	10.099
TSH3_HUMAN	57616	TSHZ3	10.099	29	1	4	1.0	0.0	10.099
PAR12_HUMAN	64761	PARP12	10.099	29	1	1	1.0	0.0	10.099
DCNL1_HUMAN	54165	DCUN1D1	10.085	30	1	0	1.0	0.0	10.085
FRAT1_HUMAN	10023	FRAT1	10.07	31	1	2	1.0	0.0	10.07
TSN1_HUMAN	10103	TSPAN1	10.07	31	1	0	1.0	0.0	10.07
VAT1_HUMAN	10493	VAT1	10.07	31	1	2	1.0	0.0	10.07
FBX5_HUMAN	26271	FBXO5	10.07	31	1	2	1.0	0.0	10.07
APBP2_HUMAN	10513	APPBP2	10.057	32	1	2	1.0	0.0	10.057
E2F7_HUMAN	144455	E2F7	10.057	32	1	3	1.0	0.0	10.057
RPRM_HUMAN	56475	RPRM	10.043	33	1	1	1.0	0.0	10.043
PK3CD_HUMAN	5293	PIK3CD	10.04	6997	2	1	1.301	0.0	7.717
GPR4_HUMAN	2828	GPR4	10.018	35	1	8	1.0	0.0	10.018
TM115_HUMAN	11070	TMEM115	10.018	35	1	1	1.0	0.0	10.018
GPR1_HUMAN	2825	GPR1	9.994	37	1	0	1.0	0.0	9.994
PMEPA_HUMAN	56937	PMEPA1	9.994	37	1	1	1.0	0.0	9.994
LOXL4_HUMAN	84171	LOXL4	9.982	38	1	1	1.0	0.0	9.982
OPCM_HUMAN	4978	OPCML	9.971	39	1	0	1.0	0.0	9.971
AIMP2_HUMAN	7965	AIMP2	9.971	39	1	0	1.0	0.0	9.971
MO4L1_HUMAN	10933	MORF4L1	9.96	40	1	0	1.0	0.0	9.96
TRI37_HUMAN	4591	TRIM37	9.949	41	1	0	1.0	0.0	9.949
PGH2_HUMAN	5743	PTGS2	9.942	8324	2	0	1.301	0.0	7.641
RNT2_HUMAN	8635	RNASET2	9.939	42	1	1	1.0	0.0	9.939
RASF2_HUMAN	9770	RASSF2	9.928	43	1	2	1.0	0.0	9.928
DNMBP_HUMAN	23268	DNMBP	9.928	43	1	0	1.0	0.0	9.928
FKB10_HUMAN	60681	FKBP10	9.928	43	1	0	1.0	0.0	9.928
PLAC1_HUMAN	10761	PLAC1	9.909	45	1	0	1.0	0.0	9.909
HES6_HUMAN	55502	HES6	9.909	45	1	0	1.0	0.0	9.909
CP2D7_HUMAN	1564	CYP2D7	9.881	48	1	0	1.0	0.0	9.881
DLEC1_HUMAN	9940	DLEC1	9.872	49	1	2	1.0	0.0	9.872
H33_HUMAN	3021	H3F3B	9.854	51	1	0	1.0	0.0	9.854
JTB_HUMAN	10899	JTB	9.837	53	1	0	1.0	0.0	9.837
CHD5_HUMAN	26038	CHD5	9.821	55	1	2	1.0	0.0	9.821
IRPL1_HUMAN	11141	IL1RAPL1	9.814	56	1	3	1.0	0.0	9.814
AMER1_HUMAN	139285	AMER1	9.814	56	1	0	1.0	0.0	9.814
KPCI_HUMAN	5584	PRKCI	9.806	57	1	3	1.0	0.0	9.806
BAP31_HUMAN	10134	BCAP31	9.784	60	1	2	1.0	0.0	9.784
LRP1B_HUMAN	53353	LRP1B	9.784	60	1	2	1.0	0.0	9.784
DIAC_HUMAN	1486	CTBS	9.776	61	1	0	1.0	0.0	9.776
SMRC1_HUMAN	6599	SMARCC1	9.762	63	1	2	1.0	0.0	9.762
RTN3_HUMAN	10313	RTN3	9.762	63	1	1	1.0	0.0	9.762
RNF43_HUMAN	54894	RNF43	9.762	63	1	0	1.0	0.0	9.762
FEZ1_HUMAN	9638	FEZ1	9.756	64	1	1	1.0	0.0	9.756
GEN_HUMAN	348654	GEN1	9.756	64	1	2	1.0	0.0	9.756
CLSPN_HUMAN	63967	CLSPN	9.742	66	1	0	1.0	0.0	9.742
DACH1_HUMAN	1602	DACH1	9.729	68	1	3	1.0	0.0	9.729
LPAR6_HUMAN	10161	LPAR6	9.729	68	1	0	1.0	0.0	9.729
FOG2_HUMAN	23414	ZFPM2	9.717	70	1	0	1.0	0.0	9.717
TBB5_HUMAN	203068	TUBB	9.71	71	1	0	1.0	0.0	9.71
IL34_HUMAN	146433	IL34	9.698	73	1	0	1.0	0.0	9.698
A0A075B762_HUMAN	100132406	NBPF10	9.698	73	1	0	1.0	0.0	9.698
KBP_HUMAN	26128	KIF1BP	9.693	74	1	0	1.0	0.0	9.693
PINX1_HUMAN	54984	PINX1	9.693	74	1	0	1.0	0.0	9.693
CUL5_HUMAN	8065	CUL5	9.675	77	1	0	1.0	0.0	9.675
HUWE1_HUMAN	10075	HUWE1	9.675	77	1	1	1.0	0.0	9.675
PTTG_HUMAN	754	PTTG1IP	9.67	78	1	1	1.0	0.0	9.67
GAS1_HUMAN	2619	GAS1	9.67	78	1	0	1.0	0.0	9.67
AAKG2_HUMAN	51422	PRKAG2	9.67	78	1	0	1.0	0.0	9.67
SEM3F_HUMAN	6405	SEMA3F	9.659	80	1	1	1.0	0.0	9.659
IASPP_HUMAN	10848	PPP1R13L	9.659	80	1	2	1.0	0.0	9.659
BLM_HUMAN	641	BLM	9.648	82	1	0	1.0	0.0	9.648
TYB10_HUMAN	9168	TMSB10	9.648	82	1	0	1.0	0.0	9.648
ANGL2_HUMAN	23452	ANGPTL2	9.648	82	1	1	1.0	0.0	9.648
CADH6_HUMAN	1004	CDH6	9.643	83	1	0	1.0	0.0	9.643
MD1L1_HUMAN	8379	MAD1L1	9.643	83	1	0	1.0	0.0	9.643
DMC1_HUMAN	11144	DMC1	9.637	84	1	0	1.0	0.0	9.637
LGR6_HUMAN	59352	LGR6	9.632	85	1	0	1.0	0.0	9.632
APCL_HUMAN	10297	APC2	9.627	86	1	0	1.0	0.0	9.627
ZN382_HUMAN	84911	ZNF382	9.627	86	1	0	1.0	0.0	9.627
SKIL_HUMAN	6498	SKIL	9.622	87	1	2	1.0	0.0	9.622
PAWR_HUMAN	5074	PAWR	9.617	88	1	3	1.0	0.0	9.617
ST7_HUMAN	7982	ST7	9.608	90	1	0	1.0	0.0	9.608
ABC3A_HUMAN	200315	APOBEC3A	9.598	92	1	6	1.0	0.0	9.598
DIRA3_HUMAN	9077	DIRAS3	9.593	93	1	3	1.0	0.0	9.593
ECT2_HUMAN	1894	ECT2	9.584	95	1	0	1.0	0.0	9.584
CNGA3_HUMAN	1261	CNGA3	9.571	98	1	0	1.0	0.0	9.571
CTNA1_HUMAN	1495	CTNNA1	9.571	98	1	0	1.0	0.0	9.571
XPR1_HUMAN	9213	XPR1	9.571	98	1	8	1.0	0.0	9.571
UBR5_HUMAN	51366	UBR5	9.571	98	1	1	1.0	0.0	9.571
GATA5_HUMAN	140628	GATA5	9.571	98	1	0	1.0	0.0	9.571
BAALC_HUMAN	79870	BAALC	9.562	100	1	0	1.0	0.0	9.562
IMA1_HUMAN	3838	KPNA2	9.557	101	1	2	1.0	0.0	9.557
UBE2C_HUMAN	11065	UBE2C	9.557	101	1	1	1.0	0.0	9.557
PDCD5_HUMAN	9141	PDCD5	9.553	102	1	0	1.0	0.0	9.553
CDC7_HUMAN	8317	CDC7	9.549	103	1	1	1.0	0.0	9.549
EPHA3_HUMAN	2042	EPHA3	9.524	109	1	1	1.0	0.0	9.524
HMN2_HUMAN	100462981	MTRNR2L2	9.524	109	1	0	1.0	0.0	9.524
M3K8_HUMAN	1326	MAP3K8	9.52	110	1	1	1.0	0.0	9.52
LMX1B_HUMAN	4010	LMX1B	9.513	112	1	0	1.0	0.0	9.513
INHBA_HUMAN	3624	INHBA	9.509	113	1	0	1.0	0.0	9.509
FRS2_HUMAN	10818	FRS2	9.509	113	1	1	1.0	0.0	9.509
HXB13_HUMAN	10481	HOXB13	9.501	115	1	0	1.0	0.0	9.501
TETN_HUMAN	7123	CLEC3B	9.494	117	1	0	1.0	0.0	9.494
HAX1_HUMAN	10456	HAX1	9.494	117	1	0	1.0	0.0	9.494
ZN645_HUMAN	158506	ZNF645	9.494	117	1	0	1.0	0.0	9.494
NECD_HUMAN	4692	NDN	9.49	118	1	2	1.0	0.0	9.49
NCHL1_HUMAN	10752	CHL1	9.49	118	1	0	1.0	0.0	9.49
ABCA7_HUMAN	10347	ABCA7	9.486	119	1	1	1.0	0.0	9.486
CDN2D_HUMAN	1032	CDKN2D	9.483	120	1	1	1.0	0.0	9.483
UPK2_HUMAN	7379	UPK2	9.483	120	1	0	1.0	0.0	9.483
TEFF2_HUMAN	23671	TMEFF2	9.475	122	1	2	1.0	0.0	9.475
CO5A2_HUMAN	1290	COL5A2	9.472	123	1	1	1.0	0.0	9.472
TRAP1_HUMAN	10131	TRAP1	9.472	123	1	1	1.0	0.0	9.472
TPX2_HUMAN	22974	TPX2	9.472	123	1	2	1.0	0.0	9.472
HCN1_HUMAN	348980	HCN1	9.472	123	1	0	1.0	0.0	9.472
CLIC1_HUMAN	1192	CLIC1	9.468	124	1	0	1.0	0.0	9.468
ARAF_HUMAN	369	ARAF	9.465	125	1	0	1.0	0.0	9.465
NEUL1_HUMAN	9148	NEURL1	9.461	126	1	0	1.0	0.0	9.461
AFAD_HUMAN	4301	AFDN	9.458	127	1	0	1.0	0.0	9.458
DPOLL_HUMAN	27343	POLL	9.458	127	1	8	1.0	0.0	9.458
SYUG_HUMAN	6623	SNCG	9.455	128	1	0	1.0	0.0	9.455
EDAR_HUMAN	10913	EDAR	9.455	128	1	0	1.0	0.0	9.455
GRB7_HUMAN	2886	GRB7	9.448	130	1	0	1.0	0.0	9.448
DNLI3_HUMAN	3980	LIG3	9.444	131	1	3	1.0	0.0	9.444
VSIG2_HUMAN	23584	VSIG2	9.444	131	1	0	1.0	0.0	9.444
HRSL4_HUMAN	5920	RARRES3	9.441	132	1	0	1.0	0.0	9.441
AIP_HUMAN	9049	AIP	9.441	132	1	0	1.0	0.0	9.441
NISCH_HUMAN	11188	NISCH	9.435	134	1	0	1.0	0.0	9.435
LYST_HUMAN	1130	LYST	9.431	135	1	0	1.0	0.0	9.431
CACL1_HUMAN	143384	CACUL1	9.431	135	1	0	1.0	0.0	9.431
NEK2_HUMAN	4751	NEK2	9.422	138	1	3	1.0	0.0	9.422
ATOX1_HUMAN	475	ATOX1	9.409	142	1	4	1.0	0.0	9.409
XPO2_HUMAN	1434	CSE1L	9.409	142	1	1	1.0	0.0	9.409
HYAL1_HUMAN	3373	HYAL1	9.409	142	1	1	1.0	0.0	9.409
LN28B_HUMAN	389421	LIN28B	9.389	149	1	6	1.0	0.0	9.389
SFRP5_HUMAN	6425	SFRP5	9.377	153	1	4	1.0	0.0	9.377
ACBG1_HUMAN	23205	ACSBG1	9.377	153	1	0	1.0	0.0	9.377
FHL2_HUMAN	2274	FHL2	9.374	154	1	1	1.0	0.0	9.374
HDAC5_HUMAN	10014	HDAC5	9.374	154	1	3	1.0	0.0	9.374
CAC1E_HUMAN	777	CACNA1E	9.371	155	1	0	1.0	0.0	9.371
SMAD6_HUMAN	4091	SMAD6	9.369	156	1	0	1.0	0.0	9.369
SIN3A_HUMAN	25942	SIN3A	9.366	157	1	0	1.0	0.0	9.366
PEG3_HUMAN	5178	PEG3	9.36	159	1	6	1.0	0.0	9.36
TP4A3_HUMAN	11156	PTP4A3	9.36	159	1	0	1.0	0.0	9.36
RIPK3_HUMAN	11035	RIPK3	9.358	160	1	1	1.0	0.0	9.358
REV1_HUMAN	51455	REV1	9.358	160	1	1	1.0	0.0	9.358
IMP3_HUMAN	55272	IMP3	9.355	161	1	0	1.0	0.0	9.355
IF5A1_HUMAN	1984	EIF5A	9.342	166	1	0	1.0	0.0	9.342
XRCC2_HUMAN	7516	XRCC2	9.336	168	1	0	1.0	0.0	9.336
MED1_HUMAN	5469	MED1	9.326	172	1	1	1.0	0.0	9.326
CSK2B_HUMAN	1460	CSNK2B	9.306	180	1	0	1.0	0.0	9.306
LPAR2_HUMAN	9170	LPAR2	9.302	182	1	0	1.0	0.0	9.302
FST_HUMAN	10468	FST	9.297	184	1	0	1.0	0.0	9.297
SOX4_HUMAN	6659	SOX4	9.283	190	1	9	1.0	0.0	9.283
S45A2_HUMAN	51151	SLC45A2	9.278	192	1	1	1.0	0.0	9.278
CAR17_HUMAN	440068	CARD17	9.276	193	1	2	1.0	0.0	9.276
8ODP_HUMAN	4521	NUDT1	9.274	194	1	0	1.0	0.0	9.274
MALT1_HUMAN	10892	MALT1	9.267	197	1	0	1.0	0.0	9.267
FCN2_HUMAN	2220	FCN2	9.263	199	1	1	1.0	0.0	9.263
PMS1_HUMAN	5378	PMS1	9.263	199	1	0	1.0	0.0	9.263
KPCG_HUMAN	5582	PRKCG	9.259	201	1	3	1.0	0.0	9.259
CHKA_HUMAN	1119	CHKA	9.256	202	1	0	1.0	0.0	9.256
EPHB4_HUMAN	2050	EPHB4	9.256	202	1	0	1.0	0.0	9.256
CYLD_HUMAN	1540	CYLD	9.242	209	1	0	1.0	0.0	9.242
SEM1_HUMAN	7979	SEM1	9.24	210	1	0	1.0	0.0	9.24
1433S_HUMAN	2810	SFN	9.237	211	1	1	1.0	0.0	9.237
GREM1_HUMAN	26585	GREM1	9.237	211	1	0	1.0	0.0	9.237
RABP1_HUMAN	1381	CRABP1	9.235	212	1	3	1.0	0.0	9.235
NR5A2_HUMAN	2494	NR5A2	9.233	213	1	0	1.0	0.0	9.233
PAGR1_HUMAN	79447	PAGR1	9.223	218	1	0	1.0	0.0	9.223
IL2_HUMAN	3558	IL2	9.214	30132	2	0	1.301	0.0	7.082
BCL10_HUMAN	8915	BCL10	9.213	223	1	0	1.0	0.0	9.213
TACD2_HUMAN	4070	TACSTD2	9.2	230	1	0	1.0	0.0	9.2
PROP1_HUMAN	5626	PROP1	9.2	230	1	0	1.0	0.0	9.2
BUB1_HUMAN	699	BUB1	9.194	233	1	0	1.0	0.0	9.194
FOXC1_HUMAN	2296	FOXC1	9.194	233	1	1	1.0	0.0	9.194
NSF_HUMAN	4905	NSF	9.194	233	1	0	1.0	0.0	9.194
PPR1A_HUMAN	5502	PPP1R1A	9.191	235	1	0	1.0	0.0	9.191
KCMA1_HUMAN	3778	KCNMA1	9.183	239	1	3	1.0	0.0	9.183
ID3_HUMAN	3399	ID3	9.174	244	1	0	1.0	0.0	9.174
ENAH_HUMAN	55740	ENAH	9.169	247	1	1	1.0	0.0	9.169
JAG2_HUMAN	3714	JAG2	9.166	249	1	3	1.0	0.0	9.166
MRP5_HUMAN	10057	ABCC5	9.166	249	1	0	1.0	0.0	9.166
TRFL_HUMAN	4057	LTF	9.162	251	1	1	1.0	0.0	9.162
CSK22_HUMAN	1459	CSNK2A2	9.16	252	1	1	1.0	0.0	9.16
NCOA2_HUMAN	10499	NCOA2	9.16	252	1	2	1.0	0.0	9.16
ATP6_HUMAN	4508	MT-ATP6	9.152	257	1	0	1.0	0.0	9.152
ZN763_HUMAN	284390	ZNF763	9.148	259	1	0	1.0	0.0	9.148
ARID2_HUMAN	196528	ARID2	9.14	264	1	0	1.0	0.0	9.14
SUCO_HUMAN	51430	SUCO	9.137	266	1	0	1.0	0.0	9.137
LPAR1_HUMAN	1902	LPAR1	9.129	271	1	2	1.0	0.0	9.129
NCOA3_HUMAN	8202	NCOA3	9.124	274	1	7	1.0	0.0	9.124
CAD13_HUMAN	1012	CDH13	9.116	279	1	0	1.0	0.0	9.116
RON_HUMAN	4486	MST1R	9.116	279	1	2	1.0	0.0	9.116
BRD4_HUMAN	23476	BRD4	9.11	283	1	1	1.0	0.0	9.11
GATA6_HUMAN	2627	GATA6	9.107	285	1	1	1.0	0.0	9.107
K2C3_HUMAN	3850	KRT3	9.107	285	1	1	1.0	0.0	9.107
SDCB1_HUMAN	6386	SDCBP	9.102	288	1	0	1.0	0.0	9.102
ING2_HUMAN	3622	ING2	9.101	289	1	0	1.0	0.0	9.101
AKT3_HUMAN	10000	AKT3	9.101	289	1	9	1.0	0.0	9.101
SKP1_HUMAN	6500	SKP1	9.099	290	1	1	1.0	0.0	9.099
KLK1_HUMAN	3816	KLK1	9.09	296	1	0	1.0	0.0	9.09
MYCL_HUMAN	4610	MYCL	9.082	302	1	0	1.0	0.0	9.082
MCM2_HUMAN	4171	MCM2	9.068	312	1	0	1.0	0.0	9.068
MSRE_HUMAN	4481	MSR1	9.065	314	1	1	1.0	0.0	9.065
TFE3_HUMAN	7030	TFE3	9.062	316	1	0	1.0	0.0	9.062
RL4_HUMAN	6124	RPL4	9.061	317	1	0	1.0	0.0	9.061
HPTR_HUMAN	3250	HPR	9.059	318	1	1	1.0	0.0	9.059
PROM1_HUMAN	8842	PROM1	9.056	2703	1	12	1.0	0.114	8.13
AXIN1_HUMAN	8312	AXIN1	9.049	326	1	3	1.0	0.0	9.049
5NT3A_HUMAN	51251	NT5C3A	9.047	327	1	0	1.0	0.0	9.047
FANCA_HUMAN	2175	FANCA	9.029	341	1	0	1.0	0.0	9.029
CDK9_HUMAN	1025	CDK9	9.024	345	1	0	1.0	0.0	9.024
MVP_HUMAN	9961	MVP	9.021	347	1	0	1.0	0.0	9.021
FSHB_HUMAN	2488	FSHB	9.019	349	1	0	1.0	0.0	9.019
CSK_HUMAN	1445	CSK	9.018	350	1	3	1.0	0.0	9.018
ID2_HUMAN	3398	ID2	9.016	351	1	0	1.0	0.0	9.016
ASXL1_HUMAN	171023	ASXL1	9.016	351	1	2	1.0	0.0	9.016
CAF1A_HUMAN	10036	CHAF1A	9.012	355	1	0	1.0	0.0	9.012
CADM1_HUMAN	23705	CADM1	9.008	358	1	1	1.0	0.0	9.008
MSLN_HUMAN	10232	MSLN	9.005	360	1	0	1.0	0.0	9.005
PRAP1_HUMAN	118471	PRAP1	9.005	360	1	1	1.0	0.0	9.005
LIRB1_HUMAN	10859	LILRB1	8.996	368	1	0	1.0	0.0	8.996
MUTA_HUMAN	4594	MUT	8.991	372	1	2	1.0	0.0	8.991
T53I2_HUMAN	58476	TP53INP2	8.991	372	1	1	1.0	0.0	8.991
ADRM1_HUMAN	11047	ADRM1	8.989	374	1	0	1.0	0.0	8.989
ROA1_HUMAN	3178	HNRNPA1	8.988	375	1	1	1.0	0.0	8.988
HDAC6_HUMAN	10013	HDAC6	8.984	378	1	0	1.0	0.0	8.984
DSRAD_HUMAN	103	ADAR	8.97	391	1	0	1.0	0.0	8.97
XPF_HUMAN	2072	ERCC4	8.965	395	1	1	1.0	0.0	8.965
DPOD1_HUMAN	5424	POLD1	8.964	396	1	1	1.0	0.0	8.964
MARCS_HUMAN	4082	MARCKS	8.963	397	1	0	1.0	0.0	8.963
EPHA2_HUMAN	1969	EPHA2	8.961	399	1	0	1.0	0.0	8.961
HMGA1_HUMAN	3159	HMGA1	8.96	400	1	0	1.0	0.0	8.96
PRKN_HUMAN	5071	PRKN	8.959	401	1	0	1.0	0.0	8.959
MSX2_HUMAN	4488	MSX2	8.958	402	1	1	1.0	0.0	8.958
CXCR6_HUMAN	10663	CXCR6	8.953	406	1	1	1.0	0.0	8.953
ANAG_HUMAN	4669	NAGLU	8.952	407	1	0	1.0	0.0	8.952
DLG4_HUMAN	1742	DLG4	8.951	408	1	1	1.0	0.0	8.951
FGFR4_HUMAN	2264	FGFR4	8.949	410	1	1	1.0	0.0	8.949
FABPL_HUMAN	2168	FABP1	8.946	413	1	1	1.0	0.0	8.946
NR0B1_HUMAN	190	NR0B1	8.945	414	1	0	1.0	0.0	8.945
PAX2_HUMAN	5076	PAX2	8.944	415	1	3	1.0	0.0	8.944
MAF_HUMAN	4094	MAF	8.942	417	1	0	1.0	0.0	8.942
DPOE4_HUMAN	56655	POLE4	8.941	418	1	0	1.0	0.0	8.941
ROS1_HUMAN	6098	ROS1	8.933	425	1	8	1.0	0.0	8.933
SPIN1_HUMAN	10927	SPIN1	8.929	429	1	0	1.0	0.0	8.929
STMN1_HUMAN	3925	STMN1	8.927	431	1	1	1.0	0.0	8.927
ILK_HUMAN	3611	ILK	8.924	434	1	0	1.0	0.0	8.924
IF4E_HUMAN	1977	EIF4E	8.917	997	1	10	1.0	0.041	8.563
ELAF_HUMAN	5266	PI3	8.914	444	1	1	1.0	0.0	8.914
CLD4_HUMAN	1364	CLDN4	8.91	449	1	1	1.0	0.0	8.91
CISH_HUMAN	1154	CISH	8.885	475	1	3	1.0	0.0	8.885
FEZF2_HUMAN	55079	FEZF2	8.881	479	1	0	1.0	0.0	8.881
IBP7_HUMAN	3490	IGFBP7	8.875	486	1	0	1.0	0.0	8.875
LYOX_HUMAN	4015	LOX	8.875	486	1	2	1.0	0.0	8.875
ARSH_HUMAN	347527	ARSH	8.873	488	1	0	1.0	0.0	8.873
CEAM5_HUMAN	1048	CEACAM5	8.872	490	1	1	1.0	0.0	8.872
M3K7_HUMAN	6885	MAP3K7	8.872	490	1	2	1.0	0.0	8.872
ENDOU_HUMAN	8909	ENDOU	8.867	495	1	0	1.0	0.0	8.867
RPP14_HUMAN	11102	RPP14	8.864	499	1	0	1.0	0.0	8.864
CTCF_HUMAN	10664	CTCF	8.856	508	1	0	1.0	0.0	8.856
CASP2_HUMAN	835	CASP2	8.846	520	1	0	1.0	0.0	8.846
GPC3_HUMAN	2719	GPC3	8.842	524	1	0	1.0	0.0	8.842
PAX8_HUMAN	7849	PAX8	8.842	524	1	1	1.0	0.0	8.842
DUS1_HUMAN	1843	DUSP1	8.841	526	1	0	1.0	0.0	8.841
SAGE1_HUMAN	55511	SAGE1	8.84	527	1	0	1.0	0.0	8.84
LYVE1_HUMAN	10894	LYVE1	8.833	535	1	0	1.0	0.0	8.833
NTCP4_HUMAN	201780	SLC10A4	8.833	535	1	0	1.0	0.0	8.833
SFRP1_HUMAN	6422	SFRP1	8.83	539	1	6	1.0	0.0	8.83
DDX58_HUMAN	23586	DDX58	8.814	560	1	0	1.0	0.0	8.814
HRH1_HUMAN	3269	HRH1	8.805	571	1	1	1.0	0.0	8.805
MRE11_HUMAN	4361	MRE11	8.801	576	1	0	1.0	0.0	8.801
C4BPA_HUMAN	722	C4BPA	8.794	586	1	0	1.0	0.0	8.794
IKKA_HUMAN	1147	CHUK	8.791	590	1	0	1.0	0.0	8.791
CREM_HUMAN	1390	CREM	8.778	608	1	0	1.0	0.0	8.778
CASP_HUMAN	1523	CUX1	8.773	615	1	0	1.0	0.0	8.773
HPSE_HUMAN	10855	HPSE	8.77	619	1	0	1.0	0.0	8.77
ENOA_HUMAN	2023	ENO1	8.768	622	1	0	1.0	0.0	8.768
SSR2_HUMAN	6752	SSTR2	8.767	624	1	1	1.0	0.0	8.767
ATP7B_HUMAN	540	ATP7B	8.752	645	1	1	1.0	0.0	8.752
XPA_HUMAN	7507	XPA	8.752	646	1	0	1.0	0.0	8.752
MITF_HUMAN	4286	MITF	8.75	648	1	0	1.0	0.0	8.75
AURKB_HUMAN	9212	AURKB	8.74	663	1	0	1.0	0.0	8.74
OTC_HUMAN	5009	OTC	8.738	666	1	0	1.0	0.0	8.738
COF1_HUMAN	1072	CFL1	8.737	668	1	0	1.0	0.0	8.737
DHI2_HUMAN	3291	HSD11B2	8.731	677	1	0	1.0	0.0	8.731
GPX1_HUMAN	2876	GPX1	8.73	679	1	0	1.0	0.0	8.73
IBP4_HUMAN	3487	IGFBP4	8.712	707	1	0	1.0	0.0	8.712
CATK_HUMAN	1513	CTSK	8.706	717	1	0	1.0	0.0	8.706
GELS_HUMAN	2934	GSN	8.703	722	1	1	1.0	0.0	8.703
GATA4_HUMAN	2626	GATA4	8.699	729	1	2	1.0	0.0	8.699
FGF7_HUMAN	2252	FGF7	8.686	751	1	0	1.0	0.0	8.686
AMPE_HUMAN	2028	ENPEP	8.684	754	1	0	1.0	0.0	8.684
OXLA_HUMAN	259307	IL4I1	8.681	759	1	0	1.0	0.0	8.681
CBL_HUMAN	867	CBL	8.673	774	1	0	1.0	0.0	8.673
ETS1_HUMAN	2113	ETS1	8.662	793	1	2	1.0	0.0	8.662
SSA27_HUMAN	10534	SSSCA1	8.662	794	1	1	1.0	0.0	8.662
EDA_HUMAN	1896	EDA	8.658	801	1	0	1.0	0.0	8.658
NOTC3_HUMAN	4854	NOTCH3	8.654	809	1	6	1.0	0.0	8.654
DCTN6_HUMAN	10671	DCTN6	8.635	844	1	0	1.0	0.0	8.635
TTF2_HUMAN	8458	TTF2	8.633	849	1	0	1.0	0.0	8.633
CSF1R_HUMAN	1436	CSF1R	8.625	865	1	0	1.0	0.0	8.625
LRRK2_HUMAN	120892	LRRK2	8.619	876	1	0	1.0	0.0	8.619
CH3L1_HUMAN	1116	CHI3L1	8.615	884	1	0	1.0	0.0	8.615
CTLA4_HUMAN	1493	CTLA4	8.611	3826	1	11	1.0	0.079	7.979
TGFR1_HUMAN	7046	TGFBR1	8.608	898	1	1	1.0	0.0	8.608
IFI44_HUMAN	10561	IFI44	8.607	902	1	1	1.0	0.0	8.607
RIR2_HUMAN	6241	RRM2	8.603	910	1	5	1.0	0.0	8.603
SDHB_HUMAN	6390	SDHB	8.603	910	1	1	1.0	0.0	8.603
BMI1_HUMAN	648	BMI1	8.591	935	1	1	1.0	0.0	8.591
ATR_HUMAN	545	ATR	8.588	941	1	0	1.0	0.0	8.588
EPAS1_HUMAN	2034	EPAS1	8.581	957	1	2	1.0	0.0	8.581
CP21A_HUMAN	1589	CYP21A2	8.575	970	1	0	1.0	0.0	8.575
K1C10_HUMAN	3858	KRT10	8.569	984	1	1	1.0	0.0	8.569
FGF1_HUMAN	2246	FGF1	8.568	986	1	3	1.0	0.0	8.568
HNF1A_HUMAN	6927	HNF1A	8.555	1016	1	1	1.0	0.0	8.555
SNAI2_HUMAN	6591	SNAI2	8.551	1025	1	6	1.0	0.0	8.551
LSHR_HUMAN	3973	LHCGR	8.539	1054	1	0	1.0	0.0	8.539
APEX1_HUMAN	328	APEX1	8.534	1067	1	0	1.0	0.0	8.534
ERBB4_HUMAN	2066	ERBB4	8.532	1071	1	1	1.0	0.0	8.532
TGFR2_HUMAN	7048	TGFBR2	8.527	1083	1	0	1.0	0.0	8.527
COIA1_HUMAN	80781	COL18A1	8.527	1083	1	1	1.0	0.0	8.527
GLPA_HUMAN	2993	GYPA	8.506	1138	1	0	1.0	0.0	8.506
MICA_HUMAN	100507436	MICA	8.506	1138	1	0	1.0	0.0	8.506
NAMPT_HUMAN	10135	NAMPT	8.504	1143	1	1	1.0	0.0	8.504
APOA2_HUMAN	336	APOA2	8.495	1166	1	0	1.0	0.0	8.495
PDGFB_HUMAN	5155	PDGFB	8.493	1172	1	0	1.0	0.0	8.493
PRKDC_HUMAN	5591	PRKDC	8.481	1205	1	0	1.0	0.0	8.481
VGFR3_HUMAN	2324	FLT4	8.477	1215	1	3	1.0	0.0	8.477
MYD88_HUMAN	4615	MYD88	8.472	1229	1	0	1.0	0.0	8.472
XRCC1_HUMAN	7515	XRCC1	8.468	1242	1	0	1.0	0.0	8.468
GROA_HUMAN	2919	CXCL1	8.461	1260	1	1	1.0	0.0	8.461
PRGC1_HUMAN	10891	PPARGC1A	8.448	1298	1	0	1.0	0.0	8.448
FGFR3_HUMAN	2261	FGFR3	8.444	1310	1	1	1.0	0.0	8.444
CD24_HUMAN	100133941	CD24	8.433	1346	1	1	1.0	0.0	8.433
ANGP1_HUMAN	284	ANGPT1	8.431	1351	1	1	1.0	0.0	8.431
MRP2_HUMAN	1244	ABCC2	8.417	1396	1	0	1.0	0.0	8.417
NQO1_HUMAN	1728	NQO1	8.402	1445	1	3	1.0	0.0	8.402
TGM2_HUMAN	7052	TGM2	8.401	1447	1	3	1.0	0.0	8.401
NOD2_HUMAN	64127	NOD2	8.388	1493	1	0	1.0	0.0	8.388
EPCAM_HUMAN	4072	EPCAM	8.383	1509	1	1	1.0	0.0	8.383
MERL_HUMAN	4771	NF2	8.38	1519	1	0	1.0	0.0	8.38
PLPP_HUMAN	57026	PDXP	8.378	1527	1	0	1.0	0.0	8.378
CDK6_HUMAN	1021	CDK6	8.376	1532	1	0	1.0	0.0	8.376
IRS1_HUMAN	3667	IRS1	8.373	1544	1	1	1.0	0.0	8.373
CBX8_HUMAN	57332	CBX8	8.373	1545	1	0	1.0	0.0	8.373
DNMT1_HUMAN	1786	DNMT1	8.364	1576	1	0	1.0	0.0	8.364
ACTS_HUMAN	58	ACTA1	8.361	1589	1	0	1.0	0.0	8.361
UD11_HUMAN	54658	UGT1A1	8.36	1592	1	0	1.0	0.0	8.36
FGFR1_HUMAN	2260	FGFR1	8.354	1615	1	9	1.0	0.0	8.354
PER1_HUMAN	5187	PER1	8.352	1621	1	3	1.0	0.0	8.352
PGP_HUMAN	283871	PGP	8.34	1668	1	0	1.0	0.0	8.34
CAV1_HUMAN	857	CAV1	8.338	1675	1	2	1.0	0.0	8.338
CEBPA_HUMAN	1050	CEBPA	8.324	1727	1	1	1.0	0.0	8.324
VTNC_HUMAN	7448	VTN	8.314	1771	1	0	1.0	0.0	8.314
TDT_HUMAN	1791	DNTT	8.31	1787	1	1	1.0	0.0	8.31
CR2_HUMAN	1380	CR2	8.303	1815	1	0	1.0	0.0	8.303
CDN2B_HUMAN	1030	CDKN2B	8.301	1824	1	0	1.0	0.0	8.301
GRP78_HUMAN	3309	HSPA5	8.289	1873	1	0	1.0	0.0	8.289
TR10B_HUMAN	8795	TNFRSF10B	8.289	1873	1	1	1.0	0.0	8.289
PAX5_HUMAN	5079	PAX5	8.269	1964	1	0	1.0	0.0	8.269
CATD_HUMAN	1509	CTSD	8.245	2076	1	0	1.0	0.0	8.245
CP2E1_HUMAN	1571	CYP2E1	8.242	2088	1	0	1.0	0.0	8.242
CATB_HUMAN	1508	CTSB	8.24	2098	1	0	1.0	0.0	8.24
PDCD1_HUMAN	5133	PDCD1	8.232	2138	1	3	1.0	0.0	8.232
TYSY_HUMAN	7298	TYMS	8.226	2165	1	0	1.0	0.0	8.226
K2C7_HUMAN	3855	KRT7	8.207	2263	1	0	1.0	0.0	8.207
RUNX1_HUMAN	861	RUNX1	8.2	2302	1	0	1.0	0.0	8.2
ADA_HUMAN	100	ADA	8.199	2306	1	0	1.0	0.0	8.199
P63_HUMAN	8626	TP63	8.187	2371	1	1	1.0	0.0	8.187
IBP1_HUMAN	3484	IGFBP1	8.178	2421	1	0	1.0	0.0	8.178
BGAL_HUMAN	2720	GLB1	8.172	2455	1	0	1.0	0.0	8.172
MP2K1_HUMAN	5604	MAP2K1	8.161	2516	1	2	1.0	0.0	8.161
SOX2_HUMAN	6657	SOX2	8.158	2534	1	1	1.0	0.0	8.158
PD1L1_HUMAN	29126	CD274	8.153	2564	1	1	1.0	0.0	8.153
MGMT_HUMAN	4255	MGMT	8.147	2601	1	0	1.0	0.0	8.147
TR11B_HUMAN	4982	TNFRSF11B	8.12	2767	1	2	1.0	0.0	8.12
VGFR1_HUMAN	2321	FLT1	8.109	2839	1	0	1.0	0.0	8.109
TNR6_HUMAN	355	FAS	8.104	2871	1	0	1.0	0.0	8.104
AGTR1_HUMAN	185	AGTR1	8.081	3025	1	1	1.0	0.0	8.081
INSR_HUMAN	3643	INSR	8.079	3040	1	0	1.0	0.0	8.079
GSTK1_HUMAN	373156	GSTK1	8.074	3077	1	0	1.0	0.0	8.074
IFI27_HUMAN	3429	IFI27	8.041	3320	1	0	1.0	0.0	8.041
PO5F1_HUMAN	5460	POU5F1	8.014	3526	1	0	1.0	0.0	8.014
SCF_HUMAN	4254	KITLG	8.012	3542	1	0	1.0	0.0	8.012
MBP_HUMAN	4155	MBP	8.004	3613	1	0	1.0	0.0	8.004
IFNA2_HUMAN	3440	IFNA2	7.996	3683	1	0	1.0	0.0	7.996
OSTP_HUMAN	6696	SPP1	7.991	3725	1	1	1.0	0.0	7.991
ENOG_HUMAN	2026	ENO2	7.964	3962	1	0	1.0	0.0	7.964
BMP2_HUMAN	650	BMP2	7.958	4018	1	0	1.0	0.0	7.958
CP2D6_HUMAN	1565	CYP2D6	7.956	4031	1	0	1.0	0.0	7.956
ACES_HUMAN	43	ACHE	7.945	4133	1	0	1.0	0.0	7.945
JAK2_HUMAN	3717	JAK2	7.936	4222	1	0	1.0	0.0	7.936
HGF_HUMAN	3082	HGF	7.917	4410	1	0	1.0	0.0	7.917
NEP_HUMAN	4311	MME	7.905	4534	1	0	1.0	0.0	7.905
SHBG_HUMAN	6462	SHBG	7.892	4679	1	0	1.0	0.0	7.892
FANCB_HUMAN	2187	FANCB	7.882	4785	1	3	1.0	0.0	7.882
MMP1_HUMAN	4312	MMP1	7.857	5066	1	1	1.0	0.0	7.857
NOS2_HUMAN	4843	NOS2	7.843	5227	1	0	1.0	0.0	7.843
2B13_HUMAN	3123	HLA-DRB1	7.836	5313	1	0	1.0	0.0	7.836
PECA1_HUMAN	5175	PECAM1	7.835	5336	1	1	1.0	0.0	7.835
TIMP1_HUMAN	7076	TIMP1	7.835	5332	1	0	1.0	0.0	7.835
1A01_HUMAN	3105	HLA-A	7.833	5350	1	0	1.0	0.0	7.833
CD44_HUMAN	960	CD44	7.767	6231	1	2	1.0	0.0	7.767
ABL1_HUMAN	25	ABL1	7.762	6311	1	0	1.0	0.0	7.762
FGF2_HUMAN	2247	FGF2	7.743	6580	1	2	1.0	0.0	7.743
ANXA5_HUMAN	308	ANXA5	7.722	6904	1	0	1.0	0.0	7.722
OSTCN_HUMAN	632	BGLAP	7.72	6938	1	0	1.0	0.0	7.72
PAI1_HUMAN	5054	SERPINE1	7.673	7746	1	0	1.0	0.0	7.673
KCMB2_HUMAN	10242	KCNMB2	7.653	8108	1	0	1.0	0.0	7.653
COLI_HUMAN	5443	POMC	7.62	8744	1	0	1.0	0.0	7.62
L0N195_HUMAN	3439	IFNA1	7.618	8773	1	0	1.0	0.0	7.618
IL2RA_HUMAN	3559	IL2RA	7.618	8791	1	0	1.0	0.0	7.618
CADH1_HUMAN	999	CDH1	7.597	9209	1	1	1.0	0.0	7.597
CCL2_HUMAN	6347	CCL2	7.56	10029	1	0	1.0	0.0	7.56
K1C20_HUMAN	54474	KRT20	7.557	10103	1	0	1.0	0.0	7.557
APOE_HUMAN	348	APOE	7.525	10879	1	2	1.0	0.0	7.525
ICAM1_HUMAN	3383	ICAM1	7.495	11659	1	0	1.0	0.0	7.495
TRFE_HUMAN	7018	TF	7.474	12237	1	1	1.0	0.0	7.474
PTHY_HUMAN	5741	PTH	7.425	13691	1	0	1.0	0.0	7.425
CO2_HUMAN	717	C2	7.381	15163	1	0	1.0	0.0	7.381
EPO_HUMAN	2056	EPO	7.369	15574	1	0	1.0	0.0	7.369
IL4_HUMAN	3565	IL4	7.309	17876	1	1	1.0	0.0	7.309
CASP3_HUMAN	836	CASP3	7.276	19304	1	3	1.0	0.0	7.276
SOMA_HUMAN	2688	GH1	7.247	20651	1	0	1.0	0.0	7.247
MK01_HUMAN	5594	MAPK1	7.229	21517	1	0	1.0	0.0	7.229
IL1B_HUMAN	3553	IL1B	7.11	28325	1	3	1.0	0.0	7.11
IFNG_HUMAN	3458	IFNG	7.025	34431	1	0	1.0	0.0	7.025
TNFA_HUMAN	7124	TNF	6.681	75731	1	0	1.0	0.0	6.681
