Big_T	6756
Big_F	17252753
UniProtKB_ID	GeneID	Gene_Name	PPS	Big_P	T+P	Citation	1+Log(T+P)	log10((Cit/yr+1)/10)	1+log10(F/T)+log10(F/P)
CTNB1_HUMAN	1499	CTNNB1	34.57	8844	139	222	3.143	1.348	7.697
RASK_HUMAN	3845	KRAS	34.504	10492	168	199	3.225	1.301	7.623
EGFR_HUMAN	1956	EGFR	33.683	30695	147	345	3.167	1.539	7.157
P53_HUMAN	7157	TP53	32.468	46130	293	152	3.467	1.185	6.98
ARF_HUMAN	1029	CDKN2A	30.287	9187	77	113	2.886	1.057	7.681
FETA_HUMAN	174	AFP	26.3	10333	80	34	2.903	0.544	7.63
BRAF_HUMAN	673	BRAF	26.219	6965	28	81	2.447	0.914	7.801
RHG07_HUMAN	10395	DLC1	25.218	167	19	24	2.279	0.398	9.421
TERT_HUMAN	7015	TERT	24.052	4242	13	76	2.114	0.886	8.016
YAP1_HUMAN	10413	YAP1	23.602	877	6	85	1.778	0.934	8.701
ERBB2_HUMAN	2064	ERBB2	23.362	26330	49	34	2.69	0.544	7.223
PK3CA_HUMAN	5290	PIK3CA	22.98	2646	16	38	2.204	0.591	8.221
ALK_HUMAN	238	ALK	21.891	2791	9	51	1.954	0.716	8.198
HFE_HUMAN	3077	HFE	21.823	1596	35	10	2.544	0.041	8.441
KIT_HUMAN	3815	KIT	21.323	6488	33	15	2.519	0.204	7.832
CCHL_HUMAN	3052	HCCS	20.798	403	20	8	2.301	0.0	9.039
IDHC_HUMAN	3417	IDH1	20.6	1683	8	34	1.903	0.544	8.418
AKT1_HUMAN	207	AKT1	20.434	18505	19	30	2.279	0.491	7.376
KLF6_HUMAN	1316	KLF6	20.25	218	10	14	2.0	0.176	9.305
CDN1A_HUMAN	1026	CDKN1A	19.988	5857	23	14	2.362	0.176	7.876
RASF1_HUMAN	11186	RASSF1	19.725	1012	8	23	1.903	0.38	8.639
FAAA_HUMAN	2184	FAH	19.642	196	6	20	1.778	0.322	9.352
HNF1A_HUMAN	6927	HNF1A	19.622	1016	17	10	2.23	0.041	8.637
ALEX_HUMAN	2778	GNAS	19.147	1281	5	34	1.699	0.544	8.536
PTEN_HUMAN	5728	PTEN	18.885	6259	17	14	2.23	0.176	7.847
MYC_HUMAN	4609	MYC	18.613	10313	25	10	2.398	0.041	7.63
MSH6_HUMAN	2956	MSH6	18.557	1307	15	5	2.176	0.0	8.528
DCC_HUMAN	1630	DCC	18.449	404	11	1	2.041	0.0	9.038
APC_HUMAN	324	APC	18.405	619	12	2	2.079	0.0	8.852
JAK2_HUMAN	3717	JAK2	18.362	4222	15	12	2.176	0.114	8.018
MEN1_HUMAN	4221	MEN1	18.044	1723	14	0	2.146	0.0	8.408
PGBM_HUMAN	3339	HSPG2	18.001	969	12	0	2.079	0.0	8.658
ESR1_HUMAN	2099	ESR1	17.749	13814	8	28	1.903	0.462	7.503
MDM2_HUMAN	4193	MDM2	17.706	3545	14	10	2.146	0.041	8.094
MLH1_HUMAN	4292	MLH1	17.701	3231	15	3	2.176	0.0	8.135
CEAM3_HUMAN	1084	CEACAM3	17.552	9052	16	11	2.204	0.079	7.687
NF2L2_HUMAN	4780	NFE2L2	17.507	2742	4	33	1.602	0.531	8.206
CEBPA_HUMAN	1050	CEBPA	17.479	1727	10	11	2.0	0.079	8.407
A1AT_HUMAN	5265	SERPINA1	17.47	6209	14	11	2.146	0.079	7.851
IGF2_HUMAN	3481	IGF2	17.278	5059	15	4	2.176	0.0	7.94
SDHB_HUMAN	6390	SDHB	16.972	910	9	9	1.954	0.0	8.685
RET_HUMAN	5979	RET	16.944	4253	13	4	2.114	0.0	8.015
RB_HUMAN	5925	RB1	16.869	4614	13	4	2.114	0.0	7.98
CEBPB_HUMAN	1051	CEBPB	16.814	1097	9	2	1.954	0.0	8.604
MTOR_HUMAN	2475	MTOR	16.777	14590	7	24	1.845	0.398	7.48
RASH_HUMAN	3265	HRAS	16.578	2263	10	1	2.0	0.0	8.289
MUTYH_HUMAN	4595	MUTYH	16.558	536	6	11	1.778	0.079	8.915
DPYD_HUMAN	1806	DPYD	16.52	919	8	0	1.903	0.0	8.681
MPRI_HUMAN	3482	IGF2R	16.474	519	7	3	1.845	0.0	8.929
AXIN1_HUMAN	8312	AXIN1	15.962	326	4	13	1.602	0.146	9.131
NDKA_HUMAN	4830	NME1	15.888	1079	7	0	1.845	0.0	8.611
CDK4_HUMAN	1019	CDK4	15.87	3335	9	8	1.954	0.0	8.121
HPRT_HUMAN	3251	HPRT1	15.788	2227	8	0	1.903	0.0	8.296
RASN_HUMAN	4893	NRAS	15.678	2546	8	6	1.903	0.0	8.238
BRCA1_HUMAN	672	BRCA1	15.627	9743	11	7	2.041	0.0	7.655
G6PC_HUMAN	2538	G6PC	15.626	718	6	0	1.778	0.0	8.788
MET_HUMAN	4233	MET	15.603	2497	6	12	1.778	0.114	8.246
FHIT_HUMAN	2272	FHIT	15.582	760	6	0	1.778	0.0	8.763
SMAD4_HUMAN	4089	SMAD4	15.511	1728	7	4	1.845	0.0	8.406
CDK2_HUMAN	1017	CDK2	15.506	3134	8	3	1.903	0.0	8.148
PLPL3_HUMAN	80339	PNPLA3	15.465	348	5	7	1.699	0.0	9.102
ALDH2_HUMAN	217	ALDH2	15.455	896	4	14	1.602	0.176	8.692
STK11_HUMAN	6794	STK11	15.437	917	6	2	1.778	0.0	8.682
HGF_HUMAN	3082	HGF	15.434	4410	5	16	1.699	0.23	7.999
CP2E1_HUMAN	1571	CYP2E1	15.359	2088	7	1	1.845	0.0	8.324
DNJB1_HUMAN	3337	DNAJB1	15.312	122	4	8	1.602	0.0	9.558
CP2D6_HUMAN	1565	CYP2D6	15.298	4031	8	1	1.903	0.0	8.038
MYCN_HUMAN	4613	MYCN	15.253	2383	7	1	1.845	0.0	8.267
MGMT_HUMAN	4255	MGMT	15.183	2601	7	1	1.845	0.0	8.229
FGF19_HUMAN	9965	FGF19	15.181	289	3	14	1.477	0.176	9.183
TP4A3_HUMAN	11156	PTP4A3	15.127	159	4	2	1.602	0.0	9.443
AK1BA_HUMAN	57016	AKR1B10	15.11	163	4	6	1.602	0.0	9.432
GNA11_HUMAN	2767	GNA11	15.106	164	4	1	1.602	0.0	9.429
NF1_HUMAN	4763	NF1	15.097	5140	8	2	1.903	0.0	7.933
PTN3_HUMAN	5774	PTPN3	15.062	28	3	4	1.477	0.0	10.197
CP1A1_HUMAN	1543	CYP1A1	15.06	3030	7	2	1.845	0.0	8.162
ATP7B_HUMAN	540	ATP7B	15.009	645	5	5	1.699	0.0	8.834
HNF4A_HUMAN	3172	HNF4A	14.951	1721	6	7	1.778	0.0	8.408
WWOX_HUMAN	51741	WWOX	14.944	207	4	4	1.602	0.0	9.328
ABCBB_HUMAN	8647	ABCB11	14.898	606	4	11	1.602	0.079	8.861
JUN_HUMAN	3725	JUN	14.894	5610	7	10	1.845	0.041	7.895
ANGT_HUMAN	183	AGT	14.812	11591	9	8	1.954	0.0	7.58
FOXM1_HUMAN	2305	FOXM1	14.787	872	5	6	1.699	0.0	8.703
BAP1_HUMAN	8314	BAP1	14.756	271	4	8	1.602	0.0	9.211
ALAT1_HUMAN	2875	GPT	14.722	8086	8	6	1.903	0.0	7.736
JTB_HUMAN	10899	JTB	14.652	53	3	2	1.477	0.0	9.92
PCNA_HUMAN	5111	PCNA	14.538	5813	7	0	1.845	0.0	7.879
FA5_HUMAN	2153	F5	14.514	3031	6	1	1.778	0.0	8.162
INSR_HUMAN	3643	INSR	14.512	3040	6	1	1.778	0.0	8.161
PINX1_HUMAN	54984	PINX1	14.438	74	3	0	1.477	0.0	9.775
DESM_HUMAN	1674	DES	14.433	3365	6	5	1.778	0.0	8.117
SIR1_HUMAN	23411	SIRT1	14.428	2460	4	13	1.602	0.146	8.253
CMGA_HUMAN	1113	CHGA	14.413	3455	6	2	1.778	0.0	8.105
GPC3_HUMAN	2719	GPC3	14.298	524	4	9	1.602	0.0	8.925
SRC_HUMAN	6714	SRC	14.23	4377	6	7	1.778	0.0	8.003
SMAD2_HUMAN	4087	SMAD2	14.207	1913	5	5	1.699	0.0	8.362
TTHY_HUMAN	7276	TTR	14.139	2098	5	2	1.699	0.0	8.322
APOB_HUMAN	338	APOB	14.127	9710	7	2	1.845	0.0	7.656
STAT3_HUMAN	6774	STAT3	14.116	7199	5	12	1.699	0.114	7.787
MDR3_HUMAN	5244	ABCB4	14.09	706	4	5	1.602	0.0	8.795
RBBP4_HUMAN	5928	RBBP4	14.085	711	4	7	1.602	0.0	8.792
VHL_HUMAN	7428	VHL	14.078	2280	5	0	1.699	0.0	8.286
GLOD4_HUMAN	51031	GLOD4	14.05	7	2	0	1.301	0.0	10.799
GSTM1_HUMAN	2944	GSTM1	13.955	2692	5	0	1.699	0.0	8.214
BRCA2_HUMAN	675	BRCA2	13.951	6283	6	2	1.778	0.0	7.846
ABL1_HUMAN	25	ABL1	13.947	6311	6	3	1.778	0.0	7.844
TRFE_HUMAN	7018	TF	13.941	12237	7	2	1.845	0.0	7.556
RGMC_HUMAN	148738	HFE2	13.89	174	3	2	1.477	0.0	9.403
CDN1B_HUMAN	1027	CDKN1B	13.873	3007	5	2	1.699	0.0	8.166
GSTK1_HUMAN	373156	GSTK1	13.856	3077	5	1	1.699	0.0	8.156
CSN5_HUMAN	10987	COPS5	13.844	187	3	2	1.477	0.0	9.372
CMC2_HUMAN	10165	SLC25A13	13.83	191	3	0	1.477	0.0	9.363
CP3A4_HUMAN	1576	CYP3A4	13.828	7364	6	1	1.778	0.0	7.777
OGG1_HUMAN	4968	OGG1	13.806	1062	4	1	1.602	0.0	8.618
CHKA_HUMAN	1119	CHKA	13.794	202	3	0	1.477	0.0	9.339
CCL13_HUMAN	6357	CCL13	13.766	211	3	1	1.477	0.0	9.32
IFNL3_HUMAN	282617	IFNL3	13.737	1173	4	0	1.602	0.0	8.575
L0N195_HUMAN	3439	IFNA1	13.693	8773	6	3	1.778	0.0	7.701
EZH2_HUMAN	2146	EZH2	13.661	1309	4	1	1.602	0.0	8.527
CD24_HUMAN	100133941	CD24	13.641	1346	4	5	1.602	0.0	8.515
TWSG1_HUMAN	57045	TWSG1	13.64	257	3	7	1.477	0.0	9.234
NQO1_HUMAN	1728	NQO1	13.592	1445	4	3	1.602	0.0	8.484
GUC2C_HUMAN	2984	GUCY2C	13.592	277	3	0	1.477	0.0	9.201
MTHR_HUMAN	4524	MTHFR	13.573	4515	5	1	1.699	0.0	7.989
E2F1_HUMAN	1869	E2F1	13.56	1512	4	5	1.602	0.0	8.464
MBL2_HUMAN	4153	MBL2	13.558	1517	4	1	1.602	0.0	8.463
OSGI1_HUMAN	29948	OSGIN1	13.548	17	2	1	1.301	0.0	10.413
UD11_HUMAN	54658	UGT1A1	13.525	1592	4	0	1.602	0.0	8.442
THOC2_HUMAN	57187	THOC2	13.516	18	2	0	1.301	0.0	10.389
GNAQ_HUMAN	2776	GNAQ	13.505	317	3	1	1.477	0.0	9.143
CRP_HUMAN	1401	CRP	13.469	36788	8	6	1.903	0.0	7.077
EVI1_HUMAN	2122	MECOM	13.429	357	3	1	1.477	0.0	9.091
CADM1_HUMAN	23705	CADM1	13.427	358	3	6	1.477	0.0	9.09
MUTA_HUMAN	4594	MUT	13.402	372	3	0	1.477	0.0	9.073
ZHX2_HUMAN	22882	ZHX2	13.382	1955	4	9	1.602	0.0	8.353
PGFRA_HUMAN	5156	PDGFRA	13.359	2020	4	5	1.602	0.0	8.339
HYEP_HUMAN	2052	EPHX1	13.279	451	3	1	1.477	0.0	8.99
FGF3_HUMAN	2248	FGF3	13.277	452	3	7	1.477	0.0	8.989
GSTP1_HUMAN	2950	GSTP1	13.248	2367	4	0	1.602	0.0	8.27
MSH2_HUMAN	4436	MSH2	13.182	2603	4	0	1.602	0.0	8.228
SFRP1_HUMAN	6422	SFRP1	13.165	539	3	2	1.477	0.0	8.912
EST1_HUMAN	1066	CES1	13.15	551	3	3	1.477	0.0	8.903
MK14_HUMAN	1432	MAPK14	13.111	8447	5	7	1.699	0.0	7.717
CP2CJ_HUMAN	1557	CYP2C19	13.097	2941	4	0	1.602	0.0	8.175
RUNX3_HUMAN	864	RUNX3	13.075	620	3	5	1.477	0.0	8.852
CP1A2_HUMAN	1544	CYP1A2	13.059	3110	4	0	1.602	0.0	8.151
SMAD7_HUMAN	4092	SMAD7	13.056	638	3	5	1.477	0.0	8.839
SPY2_HUMAN	10253	SPRY2	13.052	154	2	11	1.301	0.079	9.456
CADH1_HUMAN	999	CDH1	13.047	9209	5	3	1.699	0.0	7.68
RIT1_HUMAN	6016	RIT1	13.037	42	2	0	1.301	0.0	10.021
CCND1_HUMAN	595	CCND1	13.031	9412	5	2	1.699	0.0	7.67
CHP1_HUMAN	11261	CHP1	12.948	755	3	0	1.477	0.0	8.766
HTAI2_HUMAN	10553	HTATIP2	12.917	52	2	1	1.301	0.0	9.928
TGFB1_HUMAN	7040	TGFB1	12.901	24445	6	2	1.778	0.0	7.255
DNM3B_HUMAN	1789	DNMT3B	12.891	826	3	4	1.477	0.0	8.727
CD81_HUMAN	975	CD81	12.886	549	2	13	1.301	0.146	8.904
RBY1A_HUMAN	5940	RBMY1A1	12.865	57	2	0	1.301	0.0	9.888
FRK_HUMAN	2444	FRK	12.817	62	2	7	1.301	0.0	9.852
FGFR1_HUMAN	2260	FGFR1	12.81	1615	3	10	1.477	0.041	8.436
TNFL6_HUMAN	356	FASLG	12.802	4494	4	2	1.602	0.0	7.991
CDX2_HUMAN	1045	CDX2	12.776	987	3	0	1.477	0.0	8.65
IL2_HUMAN	3558	IL2	12.739	30132	6	2	1.778	0.0	7.164
JAK1_HUMAN	3716	JAK1	12.739	1047	3	7	1.477	0.0	8.624
ERCC2_HUMAN	2068	ERCC2	12.735	1053	3	0	1.477	0.0	8.621
P73_HUMAN	7161	TP73	12.731	1060	3	4	1.477	0.0	8.619
TGFR2_HUMAN	7048	TGFBR2	12.717	1083	3	1	1.477	0.0	8.609
THRB_HUMAN	2147	F2	12.703	14673	5	1	1.699	0.0	7.477
NOS2_HUMAN	4843	NOS2	12.697	5227	4	5	1.602	0.0	7.926
ARY2_HUMAN	10	NAT2	12.68	1148	3	0	1.477	0.0	8.584
APOA2_HUMAN	336	APOA2	12.67	1166	3	0	1.477	0.0	8.577
RUVB2_HUMAN	10856	RUVBL2	12.666	81	2	3	1.301	0.0	9.735
DCOR_HUMAN	4953	ODC1	12.615	1269	3	0	1.477	0.0	8.54
SULF1_HUMAN	23213	SULF1	12.613	89	2	7	1.301	0.0	9.695
ABC3A_HUMAN	200315	APOBEC3A	12.594	92	2	6	1.301	0.0	9.68
CAD17_HUMAN	1015	CDH17	12.588	93	2	0	1.301	0.0	9.675
MRP2_HUMAN	1244	ABCC2	12.554	1396	3	1	1.477	0.0	8.499
BMI1_HUMAN	648	BMI1	12.551	935	1	27	1.0	0.447	8.673
VGFR2_HUMAN	3791	KDR	12.55	6464	4	2	1.602	0.0	7.833
PARP1_HUMAN	142	PARP1	12.537	6579	4	0	1.602	0.0	7.826
SIAH1_HUMAN	6477	SIAH1	12.514	106	2	0	1.301	0.0	9.619
ANDR_HUMAN	367	AR	12.504	6901	4	2	1.602	0.0	7.805
VKGC_HUMAN	2677	GGCX	12.488	111	2	3	1.301	0.0	9.599
DNMT1_HUMAN	1786	DNMT1	12.476	1576	3	8	1.477	0.0	8.446
GOLM1_HUMAN	51280	GOLM1	12.458	117	2	0	1.301	0.0	9.576
CR2_HUMAN	1380	CR2	12.386	1815	3	5	1.477	0.0	8.385
CDN2B_HUMAN	1030	CDKN2B	12.382	1824	3	3	1.477	0.0	8.383
NISCH_HUMAN	11188	NISCH	12.382	134	2	6	1.301	0.0	9.517
PGH2_HUMAN	5743	PTGS2	12.373	8324	4	9	1.602	0.0	7.723
PRDM2_HUMAN	7799	PRDM2	12.365	138	2	1	1.301	0.0	9.504
BCL2_HUMAN	596	BCL2	12.355	23522	5	0	1.699	0.0	7.272
CP19A_HUMAN	1588	CYP19A1	12.354	1908	3	4	1.477	0.0	8.363
DFFB_HUMAN	1677	DFFB	12.353	141	2	0	1.301	0.0	9.495
SPB3_HUMAN	6317	SERPINB3	12.336	1962	3	0	1.477	0.0	8.351
FHL2_HUMAN	2274	FHL2	12.303	154	2	0	1.301	0.0	9.456
UDB17_HUMAN	7367	UGT2B17	12.281	160	2	4	1.301	0.0	9.44
NOTC1_HUMAN	4851	NOTCH1	12.268	2179	3	3	1.477	0.0	8.306
LATS2_HUMAN	26524	LATS2	12.244	171	2	3	1.301	0.0	9.411
GAB1_HUMAN	2549	GAB1	12.221	178	2	1	1.301	0.0	9.393
G3P_HUMAN	2597	GAPDH	12.22	2349	3	1	1.477	0.0	8.273
METK1_HUMAN	4143	MAT1A	12.206	183	2	2	1.301	0.0	9.381
DDB1_HUMAN	1642	DDB1	12.199	185	2	2	1.301	0.0	9.377
CP2B6_HUMAN	1555	CYP2B6	12.196	2440	3	3	1.477	0.0	8.256
KRIT1_HUMAN	889	KRIT1	12.193	187	2	1	1.301	0.0	9.372
BGAL_HUMAN	2720	GLB1	12.192	2455	3	0	1.477	0.0	8.254
CDN2C_HUMAN	1031	CDKN2C	12.187	189	2	0	1.301	0.0	9.367
TNF6B_HUMAN	8771	TNFRSF6B	12.184	190	2	0	1.301	0.0	9.365
PEG10_HUMAN	23089	PEG10	12.173	194	2	1	1.301	0.0	9.356
MALT1_HUMAN	10892	MALT1	12.164	197	2	4	1.301	0.0	9.349
PD1L1_HUMAN	29126	CD274	12.164	2564	3	0	1.477	0.0	8.235
SDHA_HUMAN	6389	SDHA	12.136	207	2	5	1.301	0.0	9.328
MGT5A_HUMAN	4249	MGAT5	12.133	208	2	0	1.301	0.0	9.326
NR5A2_HUMAN	2494	NR5A2	12.12	213	2	4	1.301	0.0	9.316
ADA1D_HUMAN	146	ADRA1D	12.113	2777	3	0	1.477	0.0	8.2
VEGFA_HUMAN	7422	VEGFA	12.112	32733	5	7	1.699	0.0	7.129
UBE2B_HUMAN	7320	UBE2B	12.094	223	2	0	1.301	0.0	9.296
CPSM_HUMAN	1373	CPS1	12.057	238	2	1	1.301	0.0	9.267
HMOX1_HUMAN	3162	HMOX1	12.057	3032	3	1	1.477	0.0	8.162
EP300_HUMAN	2033	EP300	12.056	3033	3	3	1.477	0.0	8.162
PPOX_HUMAN	5498	PPOX	12.038	246	2	0	1.301	0.0	9.253
LYRIC_HUMAN	92140	MTDH	12.014	257	2	2	1.301	0.0	9.234
TCPD_HUMAN	10575	CCT4	12.011	258	2	0	1.301	0.0	9.232
ARID2_HUMAN	196528	ARID2	11.998	264	2	1	1.301	0.0	9.222
ING1_HUMAN	3621	ING1	11.98	273	2	0	1.301	0.0	9.208
CAD13_HUMAN	1012	CDH13	11.967	279	2	4	1.301	0.0	9.198
AKT3_HUMAN	10000	AKT3	11.947	289	2	1	1.301	0.0	9.183
FA7_HUMAN	2155	F7	11.94	293	2	0	1.301	0.0	9.177
KAP0_HUMAN	5573	PRKAR1A	11.934	296	2	1	1.301	0.0	9.173
UD14_HUMAN	54657	UGT1A4	11.91	309	2	2	1.301	0.0	9.154
TFE3_HUMAN	7030	TFE3	11.897	316	2	0	1.301	0.0	9.144
ATS5_HUMAN	11096	ADAMTS5	11.888	321	2	0	1.301	0.0	9.137
ENOG_HUMAN	2026	ENO2	11.885	3962	3	0	1.477	0.0	8.046
HLF_HUMAN	3131	HLF	11.879	326	2	1	1.301	0.0	9.131
LGR5_HUMAN	8549	LGR5	11.879	326	2	3	1.301	0.0	9.131
CEBPD_HUMAN	1052	CEBPD	11.867	333	2	0	1.301	0.0	9.121
SETD2_HUMAN	29072	SETD2	11.852	342	2	1	1.301	0.0	9.11
DNAS1_HUMAN	1773	DNASE1	11.83	356	2	0	1.301	0.0	9.092
MD2L1_HUMAN	4085	MAD2L1	11.828	357	2	0	1.301	0.0	9.091
PRAP1_HUMAN	118471	PRAP1	11.823	360	2	3	1.301	0.0	9.088
LDLR_HUMAN	3949	LDLR	11.816	4411	3	1	1.477	0.0	7.999
TAZ_HUMAN	6901	TAZ	11.755	406	2	3	1.301	0.0	9.035
TRY1_HUMAN	5644	PRSS1	11.742	416	2	0	1.301	0.0	9.025
HEM3_HUMAN	3145	HMBS	11.705	444	2	0	1.301	0.0	8.997
HNF1B_HUMAN	6928	HNF1B	11.702	446	2	1	1.301	0.0	8.995
FBXW7_HUMAN	55294	FBXW7	11.668	474	2	3	1.301	0.0	8.968
CISH_HUMAN	1154	CISH	11.667	475	2	1	1.301	0.0	8.967
IBP7_HUMAN	3490	IGFBP7	11.654	486	2	5	1.301	0.0	8.957
FANCC_HUMAN	2176	FANCC	11.646	493	2	0	1.301	0.0	8.951
LIPR3_HUMAN	119548	PNLIPRP3	11.644	1	1	0	1.0	0.0	11.644
APOC2_HUMAN	344	APOC2	11.618	518	2	0	1.301	0.0	8.93
ANXA5_HUMAN	308	ANXA5	11.528	6904	3	0	1.477	0.0	7.805
HPSE_HUMAN	10855	HPSE	11.517	619	2	0	1.301	0.0	8.852
HIF1A_HUMAN	3091	HIF1A	11.507	7140	3	6	1.477	0.0	7.79
CD52_HUMAN	1043	CD52	11.499	639	2	1	1.301	0.0	8.838
WNT5A_HUMAN	7474	WNT5A	11.477	664	2	5	1.301	0.0	8.822
OTC_HUMAN	5009	OTC	11.476	666	2	0	1.301	0.0	8.82
FYN_HUMAN	2534	FYN	11.45	697	2	4	1.301	0.0	8.801
E2AK2_HUMAN	5610	EIF2AK2	11.389	777	2	0	1.301	0.0	8.753
IL2RA_HUMAN	3559	IL2RA	11.373	8791	3	0	1.477	0.0	7.7
FAS_HUMAN	2194	FASN	11.35	832	2	2	1.301	0.0	8.724
ARK74_HUMAN	246181	AKR7L	11.343	2	1	0	1.0	0.0	11.343
CP27A_HUMAN	1593	CYP27A1	11.322	874	2	0	1.301	0.0	8.702
RTN4_HUMAN	57142	RTN4	11.317	882	2	0	1.301	0.0	8.698
EF1A2_HUMAN	1917	EEF1A2	11.298	912	2	4	1.301	0.0	8.684
K1C20_HUMAN	54474	KRT20	11.284	10103	3	0	1.477	0.0	7.639
L1CAM_HUMAN	3897	L1CAM	11.272	955	2	0	1.301	0.0	8.664
PH4H_HUMAN	5053	PAH	11.266	965	2	0	1.301	0.0	8.659
MDR1_HUMAN	5243	ABCB1	11.253	10598	3	2	1.477	0.0	7.618
CP2A6_HUMAN	1548	CYP2A6	11.228	1032	2	5	1.301	0.0	8.63
APEX1_HUMAN	328	APEX1	11.209	1067	2	1	1.301	0.0	8.616
NBN_HUMAN	4683	NBN	11.193	1099	2	1	1.301	0.0	8.603
CADH5_HUMAN	1003	CDH5	11.176	1131	2	1	1.301	0.0	8.59
AURKA_HUMAN	6790	AURKA	11.175	1134	2	0	1.301	0.0	8.589
SLIK4_HUMAN	139065	SLITRK4	11.167	3	1	0	1.0	0.0	11.167
FBX47_HUMAN	494188	FBXO47	11.167	3	1	0	1.0	0.0	11.167
FGFR3_HUMAN	2261	FGFR3	11.093	1310	2	0	1.301	0.0	8.527
ATS13_HUMAN	11093	ADAMTS13	11.089	1320	2	0	1.301	0.0	8.523
ANGP1_HUMAN	284	ANGPT1	11.076	1351	2	3	1.301	0.0	8.513
IL6_HUMAN	3569	IL6	11.076	53611	4	3	1.602	0.0	6.914
CHK2_HUMAN	11200	CHEK2	11.074	1355	2	0	1.301	0.0	8.512
TSC1_HUMAN	7248	TSC1	11.064	1381	2	2	1.301	0.0	8.504
METL6_HUMAN	131965	METTL6	11.042	4	1	0	1.0	0.0	11.042
CETP_HUMAN	1071	CETP	11.024	1482	2	0	1.301	0.0	8.473
RET4_HUMAN	5950	RBP4	11.02	1491	2	1	1.301	0.0	8.47
CADH2_HUMAN	1000	CDH2	10.951	1685	2	1	1.301	0.0	8.417
UHRF1_HUMAN	29128	UHRF1	10.923	130	1	13	1.0	0.146	9.53
TDT_HUMAN	1791	DNTT	10.918	1787	2	0	1.301	0.0	8.392
CXA1_HUMAN	2697	GJA1	10.894	1865	2	2	1.301	0.0	8.373
GALT5_HUMAN	11227	GALNT5	10.866	6	1	0	1.0	0.0	10.866
RBM27_HUMAN	54439	RBM27	10.866	6	1	0	1.0	0.0	10.866
DDRGK_HUMAN	65992	DDRGK1	10.866	6	1	1	1.0	0.0	10.866
RTP3_HUMAN	83597	RTP3	10.866	6	1	0	1.0	0.0	10.866
CCNA2_HUMAN	890	CCNA2	10.85	2014	2	0	1.301	0.0	8.34
ZN267_HUMAN	10308	ZNF267	10.799	7	1	0	1.0	0.0	10.799
SYT13_HUMAN	57586	SYT13	10.799	7	1	0	1.0	0.0	10.799
AHR_HUMAN	196	AHR	10.798	2209	2	0	1.301	0.0	8.3
HMDH_HUMAN	3156	HMGCR	10.791	2238	2	7	1.301	0.0	8.294
HLAG_HUMAN	3135	HLA-G	10.789	2247	2	0	1.301	0.0	8.292
K2C7_HUMAN	3855	KRT7	10.784	2263	2	0	1.301	0.0	8.289
SMAD3_HUMAN	4088	SMAD3	10.784	2266	2	5	1.301	0.0	8.289
TSP1_HUMAN	7057	THBS1	10.783	2268	2	2	1.301	0.0	8.288
WT1_HUMAN	7490	WT1	10.777	2295	2	0	1.301	0.0	8.283
RUNX1_HUMAN	861	RUNX1	10.775	2302	2	4	1.301	0.0	8.282
ADA_HUMAN	100	ADA	10.774	2306	2	0	1.301	0.0	8.281
RHOA_HUMAN	387	RHOA	10.762	2356	2	1	1.301	0.0	8.272
ABCG2_HUMAN	9429	ABCG2	10.747	2419	2	2	1.301	0.0	8.26
IBP1_HUMAN	3484	IGFBP1	10.746	2421	2	0	1.301	0.0	8.26
ARHGQ_HUMAN	26084	ARHGEF26	10.741	8	1	3	1.0	0.0	10.741
CNNM3_HUMAN	26505	CNNM3	10.741	8	1	1	1.0	0.0	10.741
APMAP_HUMAN	57136	APMAP	10.741	8	1	0	1.0	0.0	10.741
MP2K1_HUMAN	5604	MAP2K1	10.725	2516	2	2	1.301	0.0	8.243
FLT3_HUMAN	2322	FLT3	10.707	2594	2	0	1.301	0.0	8.23
K1C19_HUMAN	3880	KRT19	10.7	2627	2	9	1.301	0.0	8.224
DC1I1_HUMAN	1780	DYNC1I1	10.69	9	1	0	1.0	0.0	10.69
LMCD1_HUMAN	29995	LMCD1	10.69	9	1	1	1.0	0.0	10.69
COMT_HUMAN	1312	COMT	10.648	2880	2	4	1.301	0.0	8.184
PGFRL_HUMAN	5157	PDGFRL	10.644	10	1	0	1.0	0.0	10.644
PDS5A_HUMAN	23244	PDS5A	10.644	10	1	0	1.0	0.0	10.644
CP2C9_HUMAN	1559	CYP2C9	10.608	3093	2	0	1.301	0.0	8.153
PLK4_HUMAN	10733	PLK4	10.608	132	1	12	1.0	0.114	9.523
STAR8_HUMAN	9754	STARD8	10.603	11	1	4	1.0	0.0	10.603
O51E1_HUMAN	143503	OR51E1	10.603	11	1	1	1.0	0.0	10.603
MIB1_HUMAN	57534	MIB1	10.602	3128	2	0	1.301	0.0	8.149
GCR_HUMAN	2908	NR3C1	10.58	3252	2	0	1.301	0.0	8.132
ACTT1_HUMAN	139741	ACTRT1	10.565	12	1	4	1.0	0.0	10.565
SAM9L_HUMAN	219285	SAMD9L	10.565	12	1	0	1.0	0.0	10.565
A0A0G2JMG3_HUMAN	105369239	ABCC6	10.565	12	1	1	1.0	0.0	10.565
PPARA_HUMAN	5465	PPARA	10.548	3441	2	7	1.301	0.0	8.107
R51A1_HUMAN	10635	RAD51AP1	10.53	13	1	1	1.0	0.0	10.53
IER5_HUMAN	51278	IER5	10.53	13	1	0	1.0	0.0	10.53
C9JVC3_HUMAN	100131827	ZNF717	10.53	13	1	0	1.0	0.0	10.53
AICDA_HUMAN	57379	AICDA	10.507	3697	2	4	1.301	0.0	8.076
TEN1_HUMAN	10178	TENM1	10.501	3736	2	0	1.301	0.0	8.071
IFNG_HUMAN	3458	IFNG	10.498	34431	3	0	1.477	0.0	7.107
NEK3_HUMAN	4752	NEK3	10.498	14	1	0	1.0	0.0	10.498
UBE3C_HUMAN	9690	UBE3C	10.498	14	1	1	1.0	0.0	10.498
GPI8_HUMAN	10026	PIGK	10.498	14	1	0	1.0	0.0	10.498
RB6I2_HUMAN	23085	ERC1	10.498	14	1	0	1.0	0.0	10.498
EGFL6_HUMAN	25975	EGFL6	10.498	14	1	0	1.0	0.0	10.498
DPP4_HUMAN	1803	DPP4	10.495	3775	2	0	1.301	0.0	8.067
CTLA4_HUMAN	1493	CTLA4	10.488	3826	1	19	1.0	0.301	8.061
HNRPR_HUMAN	10236	HNRNPR	10.468	15	1	0	1.0	0.0	10.468
CR3L4_HUMAN	148327	CREB3L4	10.468	15	1	0	1.0	0.0	10.468
G6PD_HUMAN	2539	G6PD	10.465	3985	2	0	1.301	0.0	8.043
MAST1_HUMAN	22983	MAST1	10.44	16	1	2	1.0	0.0	10.44
FGL1_HUMAN	2267	FGL1	10.413	17	1	0	1.0	0.0	10.413
PSMD3_HUMAN	5709	PSMD3	10.413	17	1	0	1.0	0.0	10.413
VINEX_HUMAN	10174	SORBS3	10.413	17	1	8	1.0	0.0	10.413
FOS_HUMAN	2353	FOS	10.408	4405	2	1	1.301	0.0	8.0
NEP_HUMAN	4311	MME	10.392	4534	2	0	1.301	0.0	7.987
CFTR_HUMAN	1080	CFTR	10.39	4546	2	2	1.301	0.0	7.986
IL3_HUMAN	3562	IL3	10.38	4630	2	0	1.301	0.0	7.978
S17A5_HUMAN	26503	SLC17A5	10.378	4645	2	1	1.301	0.0	7.977
CTRB1_HUMAN	1504	CTRB1	10.365	19	1	1	1.0	0.0	10.365
RAB21_HUMAN	23011	RAB21	10.365	19	1	3	1.0	0.0	10.365
SF3B3_HUMAN	23450	SF3B3	10.365	19	1	0	1.0	0.0	10.365
SPRTN_HUMAN	83932	SPRTN	10.365	19	1	6	1.0	0.0	10.365
FAT3_HUMAN	120114	FAT3	10.365	19	1	2	1.0	0.0	10.365
DDIT3_HUMAN	1649	DDIT3	10.362	4779	2	1	1.301	0.0	7.965
TNF10_HUMAN	8743	TNFSF10	10.356	4830	2	3	1.301	0.0	7.96
EGF_HUMAN	1950	EGF	10.348	4898	2	1	1.301	0.0	7.954
SCAR5_HUMAN	286133	SCARA5	10.343	20	1	3	1.0	0.0	10.343
IBP3_HUMAN	3486	IGFBP3	10.337	4998	2	3	1.301	0.0	7.945
CD68_HUMAN	968	CD68	10.326	5091	2	0	1.301	0.0	7.937
FAT2_HUMAN	2196	FAT2	10.322	21	1	3	1.0	0.0	10.322
PCDH9_HUMAN	5101	PCDH9	10.322	21	1	1	1.0	0.0	10.322
ANX10_HUMAN	11199	ANXA10	10.322	21	1	0	1.0	0.0	10.322
TRI67_HUMAN	440730	TRIM67	10.322	21	1	0	1.0	0.0	10.322
TNR5_HUMAN	958	CD40	10.317	5172	2	0	1.301	0.0	7.93
ZDHC2_HUMAN	51201	ZDHHC2	10.301	22	1	1	1.0	0.0	10.301
FCG3A_HUMAN	2214	FCGR3A	10.282	5507	2	1	1.301	0.0	7.903
CDC23_HUMAN	8697	CDC23	10.282	23	1	1	1.0	0.0	10.282
PPR3B_HUMAN	79660	PPP1R3B	10.282	23	1	6	1.0	0.0	10.282
ORAV1_HUMAN	220064	ORAOV1	10.282	23	1	2	1.0	0.0	10.282
BORG2_HUMAN	10602	CDC42EP3	10.264	24	1	0	1.0	0.0	10.264
IPMK_HUMAN	253430	IPMK	10.264	24	1	0	1.0	0.0	10.264
DHRS4_HUMAN	10901	DHRS4	10.246	25	1	3	1.0	0.0	10.246
SOAT2_HUMAN	8435	SOAT2	10.229	26	1	0	1.0	0.0	10.229
DOK2_HUMAN	9046	DOK2	10.229	26	1	0	1.0	0.0	10.229
B3GA3_HUMAN	26229	B3GAT3	10.229	26	1	0	1.0	0.0	10.229
RNZ1_HUMAN	55520	ELAC1	10.213	27	1	3	1.0	0.0	10.213
GGNB2_HUMAN	79893	GGNBP2	10.213	27	1	0	1.0	0.0	10.213
STA13_HUMAN	90627	STARD13	10.213	27	1	2	1.0	0.0	10.213
A0A0A0MQW5_HUMAN	114783	LMTK3	10.213	27	1	0	1.0	0.0	10.213
CD44_HUMAN	960	CD44	10.212	6231	2	1	1.301	0.0	7.849
FOG2_HUMAN	23414	ZFPM2	10.204	70	1	10	1.0	0.041	9.799
INT6_HUMAN	26512	INTS6	10.182	29	1	0	1.0	0.0	10.182
BNC2_HUMAN	54796	BNC2	10.182	29	1	0	1.0	0.0	10.182
ANLN_HUMAN	54443	ANLN	10.167	30	1	1	1.0	0.0	10.167
IF1AX_HUMAN	1964	EIF1AX	10.153	31	1	0	1.0	0.0	10.153
RB22A_HUMAN	57403	RAB22A	10.139	32	1	0	1.0	0.0	10.139
ST20_HUMAN	400410	ST20	10.139	32	1	0	1.0	0.0	10.139
K1C23_HUMAN	25984	KRT23	10.125	33	1	9	1.0	0.0	10.125
SMRCD_HUMAN	56916	SMARCAD1	10.125	33	1	0	1.0	0.0	10.125
ARFRP_HUMAN	10139	ARFRP1	10.1	35	1	3	1.0	0.0	10.1
MTCH2_HUMAN	23788	MTCH2	10.1	35	1	0	1.0	0.0	10.1
NOP53_HUMAN	29997	NOP53	10.1	35	1	0	1.0	0.0	10.1
APOA1_HUMAN	335	APOA1	10.095	7665	2	0	1.301	0.0	7.759
RAB23_HUMAN	51715	RAB23	10.088	36	1	0	1.0	0.0	10.088
NAT8_HUMAN	9027	NAT8	10.076	37	1	0	1.0	0.0	10.076
ALBU_HUMAN	213	ALB	10.066	8072	2	1	1.301	0.0	7.737
ZBT22_HUMAN	9278	ZBTB22	10.053	39	1	0	1.0	0.0	10.053
BATF2_HUMAN	116071	BATF2	10.031	41	1	0	1.0	0.0	10.031
ITA7_HUMAN	3679	ITGA7	10.021	42	1	2	1.0	0.0	10.021
CUL7_HUMAN	9820	CUL7	10.021	42	1	1	1.0	0.0	10.021
KIF4A_HUMAN	24137	KIF4A	10.021	42	1	1	1.0	0.0	10.021
FBX7_HUMAN	25793	FBXO7	10.021	42	1	2	1.0	0.0	10.021
LIN9_HUMAN	286826	LIN9	10.021	42	1	2	1.0	0.0	10.021
KPCL_HUMAN	5583	PRKCH	10.01	43	1	0	1.0	0.0	10.01
GPC4_HUMAN	2239	GPC4	10.0	44	1	0	1.0	0.0	10.0
RSF1_HUMAN	51773	RSF1	10.0	44	1	0	1.0	0.0	10.0
PCD10_HUMAN	57575	PCDH10	10.0	44	1	2	1.0	0.0	10.0
FAT4_HUMAN	79633	FAT4	10.0	44	1	2	1.0	0.0	10.0
UDB10_HUMAN	7365	UGT2B10	9.991	45	1	1	1.0	0.0	9.991
CMTA1_HUMAN	23261	CAMTA1	9.991	45	1	5	1.0	0.0	9.991
FTM_HUMAN	23322	RPGRIP1L	9.991	45	1	0	1.0	0.0	9.991
SEP11_HUMAN	55752	SEPT11	9.991	45	1	0	1.0	0.0	9.991
GLPK_HUMAN	2710	GK	9.981	46	1	0	1.0	0.0	9.981
MT1H_HUMAN	4496	MT1H	9.981	46	1	0	1.0	0.0	9.981
PUR1_HUMAN	5471	PPAT	9.981	46	1	0	1.0	0.0	9.981
S22AI_HUMAN	5002	SLC22A18	9.963	48	1	0	1.0	0.0	9.963
DTL_HUMAN	51514	DTL	9.963	48	1	2	1.0	0.0	9.963
WFDC1_HUMAN	58189	WFDC1	9.963	48	1	0	1.0	0.0	9.963
SEC63_HUMAN	11231	SEC63	9.954	49	1	0	1.0	0.0	9.954
PUR6_HUMAN	10606	PAICS	9.945	50	1	0	1.0	0.0	9.945
NKD1_HUMAN	85407	NKD1	9.945	50	1	2	1.0	0.0	9.945
SAV1_HUMAN	60485	SAV1	9.936	51	1	0	1.0	0.0	9.936
GRHL2_HUMAN	79977	GRHL2	9.936	51	1	1	1.0	0.0	9.936
KRT81_HUMAN	3887	KRT81	9.928	52	1	1	1.0	0.0	9.928
CLD18_HUMAN	51208	CLDN18	9.928	52	1	0	1.0	0.0	9.928
SCTR_HUMAN	6344	SCTR	9.92	53	1	0	1.0	0.0	9.92
SLIT3_HUMAN	6586	SLIT3	9.912	54	1	0	1.0	0.0	9.912
TLL1_HUMAN	7092	TLL1	9.904	55	1	0	1.0	0.0	9.904
CKS1_HUMAN	1163	CKS1B	9.896	56	1	0	1.0	0.0	9.896
AMER1_HUMAN	139285	AMER1	9.896	56	1	0	1.0	0.0	9.896
CAP2_HUMAN	10486	CAP2	9.888	57	1	1	1.0	0.0	9.888
NBPF3_HUMAN	84224	NBPF3	9.888	57	1	0	1.0	0.0	9.888
UBP14_HUMAN	9097	USP14	9.88	58	1	0	1.0	0.0	9.88
BAX_HUMAN	581	BAX	9.879	11225	2	0	1.301	0.0	7.593
TIGAR_HUMAN	57103	TIGAR	9.873	59	1	0	1.0	0.0	9.873
CLCB_HUMAN	1212	CLTB	9.866	60	1	0	1.0	0.0	9.866
IFT88_HUMAN	8100	IFT88	9.859	61	1	0	1.0	0.0	9.859
GRHPR_HUMAN	9380	GRHPR	9.852	62	1	1	1.0	0.0	9.852
SLU7_HUMAN	10569	SLU7	9.852	62	1	1	1.0	0.0	9.852
PRPS1_HUMAN	5631	PRPS1	9.845	63	1	0	1.0	0.0	9.845
RNF43_HUMAN	54894	RNF43	9.845	63	1	0	1.0	0.0	9.845
MT1F_HUMAN	4494	MT1F	9.831	65	1	0	1.0	0.0	9.831
PHF6_HUMAN	84295	PHF6	9.824	66	1	1	1.0	0.0	9.824
SCOT1_HUMAN	5019	OXCT1	9.811	68	1	0	1.0	0.0	9.811
NEIL2_HUMAN	252969	NEIL2	9.811	68	1	3	1.0	0.0	9.811
HHIP_HUMAN	64399	HHIP	9.799	70	1	2	1.0	0.0	9.799
HNF6_HUMAN	3175	ONECUT1	9.793	71	1	1	1.0	0.0	9.793
GNMT_HUMAN	27232	GNMT	9.793	71	1	1	1.0	0.0	9.793
METK2_HUMAN	4144	MAT2A	9.787	72	1	0	1.0	0.0	9.787
ANXA7_HUMAN	310	ANXA7	9.781	73	1	0	1.0	0.0	9.781
TUSC3_HUMAN	7991	TUSC3	9.781	73	1	0	1.0	0.0	9.781
RASF7_HUMAN	8045	RASSF7	9.775	74	1	0	1.0	0.0	9.775
ADH4_HUMAN	127	ADH4	9.769	75	1	0	1.0	0.0	9.769
YBOX3_HUMAN	8531	YBX3	9.769	75	1	0	1.0	0.0	9.769
SIGL7_HUMAN	27036	SIGLEC7	9.763	76	1	0	1.0	0.0	9.763
HUWE1_HUMAN	10075	HUWE1	9.757	77	1	0	1.0	0.0	9.757
MICU1_HUMAN	10367	MICU1	9.757	77	1	0	1.0	0.0	9.757
CLIC4_HUMAN	25932	CLIC4	9.757	77	1	0	1.0	0.0	9.757
DKK2_HUMAN	27123	DKK2	9.752	78	1	0	1.0	0.0	9.752
RFWD2_HUMAN	64326	RFWD2	9.752	78	1	2	1.0	0.0	9.752
ACY1_HUMAN	95	ACY1	9.746	79	1	0	1.0	0.0	9.746
PTPRA_HUMAN	5786	PTPRA	9.741	80	1	1	1.0	0.0	9.741
SEM3F_HUMAN	6405	SEMA3F	9.741	80	1	1	1.0	0.0	9.741
DAD1_HUMAN	1603	DAD1	9.735	81	1	1	1.0	0.0	9.735
M3K4_HUMAN	4216	MAP3K4	9.73	82	1	1	1.0	0.0	9.73
IL1A_HUMAN	3552	IL1A	9.728	14669	2	4	1.301	0.0	7.477
MD1L1_HUMAN	8379	MAD1L1	9.725	83	1	0	1.0	0.0	9.725
NINL_HUMAN	22981	NINL	9.725	83	1	0	1.0	0.0	9.725
ACE_HUMAN	1636	ACE	9.724	14773	2	0	1.301	0.0	7.474
ARK72_HUMAN	8574	AKR7A2	9.72	84	1	0	1.0	0.0	9.72
THOC1_HUMAN	9984	THOC1	9.72	84	1	1	1.0	0.0	9.72
CARM1_HUMAN	10498	CARM1	9.72	84	1	1	1.0	0.0	9.72
CSF2_HUMAN	1437	CSF2	9.716	14987	2	0	1.301	0.0	7.468
ASIP_HUMAN	434	ASIP	9.714	85	1	0	1.0	0.0	9.714
RASF5_HUMAN	83593	RASSF5	9.714	85	1	1	1.0	0.0	9.714
HYOU1_HUMAN	10525	HYOU1	9.709	86	1	1	1.0	0.0	9.709
ALAT2_HUMAN	84706	GPT2	9.709	86	1	0	1.0	0.0	9.709
FIBB_HUMAN	2244	FGB	9.702	15352	2	0	1.301	0.0	7.457
FUT6_HUMAN	2528	FUT6	9.699	88	1	0	1.0	0.0	9.699
EPO_HUMAN	2056	EPO	9.694	15574	2	0	1.301	0.0	7.451
ST7_HUMAN	7982	ST7	9.69	90	1	0	1.0	0.0	9.69
CASPE_HUMAN	23581	CASP14	9.69	90	1	0	1.0	0.0	9.69
S23IP_HUMAN	11196	SEC23IP	9.68	92	1	0	1.0	0.0	9.68
DIRA3_HUMAN	9077	DIRAS3	9.675	93	1	1	1.0	0.0	9.675
XAF1_HUMAN	54739	XAF1	9.675	93	1	1	1.0	0.0	9.675
L2GL1_HUMAN	3996	LLGL1	9.666	95	1	2	1.0	0.0	9.666
DUS4_HUMAN	1846	DUSP4	9.662	96	1	1	1.0	0.0	9.662
HDAC3_HUMAN	8841	HDAC3	9.662	491	1	11	1.0	0.079	8.953
DAB2P_HUMAN	153090	DAB2IP	9.662	96	1	4	1.0	0.0	9.662
GDE_HUMAN	178	AGL	9.657	97	1	0	1.0	0.0	9.657
TE2IP_HUMAN	54386	TERF2IP	9.657	97	1	0	1.0	0.0	9.657
PLAG1_HUMAN	5324	PLAG1	9.653	98	1	2	1.0	0.0	9.653
UBR5_HUMAN	51366	UBR5	9.653	98	1	0	1.0	0.0	9.653
CHD1L_HUMAN	9557	CHD1L	9.648	99	1	3	1.0	0.0	9.648
HYALP_HUMAN	6677	SPAM1	9.64	101	1	6	1.0	0.0	9.64
UBE2C_HUMAN	11065	UBE2C	9.64	101	1	0	1.0	0.0	9.64
BNI3L_HUMAN	665	BNIP3L	9.627	104	1	0	1.0	0.0	9.627
S19A2_HUMAN	10560	SLC19A2	9.623	105	1	0	1.0	0.0	9.623
ST14_HUMAN	6768	ST14	9.615	107	1	0	1.0	0.0	9.615
MGAT3_HUMAN	4248	MGAT3	9.61	108	1	0	1.0	0.0	9.61
BHMT1_HUMAN	635	BHMT	9.599	111	1	0	1.0	0.0	9.599
KMT2B_HUMAN	9757	KMT2B	9.599	111	1	2	1.0	0.0	9.599
STAG2_HUMAN	10735	STAG2	9.599	111	1	1	1.0	0.0	9.599
ACOX1_HUMAN	51	ACOX1	9.595	112	1	1	1.0	0.0	9.595
NQO2_HUMAN	4835	NQO2	9.591	113	1	0	1.0	0.0	9.591
PTPRD_HUMAN	5789	PTPRD	9.591	113	1	0	1.0	0.0	9.591
KC1AL_HUMAN	122011	CSNK1A1L	9.591	113	1	0	1.0	0.0	9.591
CELF1_HUMAN	10658	CELF1	9.583	115	1	0	1.0	0.0	9.583
CDX1_HUMAN	1044	CDX1	9.579	116	1	0	1.0	0.0	9.579
NNMT_HUMAN	4837	NNMT	9.576	117	1	1	1.0	0.0	9.576
CASP3_HUMAN	836	CASP3	9.573	19304	2	1	1.301	0.0	7.358
IF2B2_HUMAN	10644	IGF2BP2	9.568	119	1	0	1.0	0.0	9.568
CHM2A_HUMAN	27243	CHMP2A	9.565	120	1	0	1.0	0.0	9.565
TCFL5_HUMAN	10732	TCFL5	9.561	121	1	0	1.0	0.0	9.561
TEFF2_HUMAN	23671	TMEFF2	9.558	122	1	0	1.0	0.0	9.558
TPX2_HUMAN	22974	TPX2	9.554	123	1	2	1.0	0.0	9.554
RFX1_HUMAN	5989	RFX1	9.55	124	1	0	1.0	0.0	9.55
S13A5_HUMAN	284111	SLC13A5	9.55	124	1	1	1.0	0.0	9.55
ASPM_HUMAN	259266	ASPM	9.547	125	1	2	1.0	0.0	9.547
ABC3B_HUMAN	9582	APOBEC3B	9.544	126	1	4	1.0	0.0	9.544
LOXL2_HUMAN	4017	LOXL2	9.54	127	1	1	1.0	0.0	9.54
SOMA_HUMAN	2688	GH1	9.535	20651	2	0	1.301	0.0	7.329
PDC6I_HUMAN	10015	PDCD6IP	9.533	129	1	0	1.0	0.0	9.533
SEPT6_HUMAN	23157	SEPT6	9.533	129	1	0	1.0	0.0	9.533
MACC1_HUMAN	346389	MACC1	9.533	129	1	1	1.0	0.0	9.533
DNLI3_HUMAN	3980	LIG3	9.527	131	1	2	1.0	0.0	9.527
NDRG2_HUMAN	57447	NDRG2	9.527	131	1	1	1.0	0.0	9.527
HABP2_HUMAN	3026	HABP2	9.523	132	1	3	1.0	0.0	9.523
DEGS1_HUMAN	8560	DEGS1	9.523	132	1	2	1.0	0.0	9.523
IGF1_HUMAN	3479	IGF1	9.521	21183	2	1	1.301	0.0	7.318
S23A2_HUMAN	9962	SLC23A2	9.51	136	1	0	1.0	0.0	9.51
HS71A_HUMAN	3304	HSPA1A	9.507	137	1	0	1.0	0.0	9.507
S100P_HUMAN	6286	S100P	9.507	137	1	1	1.0	0.0	9.507
CENPE_HUMAN	1062	CENPE	9.504	138	1	0	1.0	0.0	9.504
CXA4_HUMAN	2701	GJA4	9.504	138	1	0	1.0	0.0	9.504
APBA1_HUMAN	320	APBA1	9.501	139	1	0	1.0	0.0	9.501
COBA1_HUMAN	1301	COL11A1	9.495	141	1	0	1.0	0.0	9.495
GA45B_HUMAN	4616	GADD45B	9.492	142	1	1	1.0	0.0	9.492
EGLN3_HUMAN	112399	EGLN3	9.492	142	1	0	1.0	0.0	9.492
HEM0_HUMAN	212	ALAS2	9.489	143	1	0	1.0	0.0	9.489
SPG7_HUMAN	6687	SPG7	9.474	148	1	0	1.0	0.0	9.474
CD3G_HUMAN	917	CD3G	9.471	149	1	0	1.0	0.0	9.471
SAHH_HUMAN	191	AHCY	9.468	150	1	1	1.0	0.0	9.468
S29A2_HUMAN	3177	SLC29A2	9.468	150	1	1	1.0	0.0	9.468
MYPT1_HUMAN	4659	PPP1R12A	9.468	150	1	1	1.0	0.0	9.468
PTN13_HUMAN	5783	PTPN13	9.468	150	1	1	1.0	0.0	9.468
NDUB6_HUMAN	4712	NDUFB6	9.465	151	1	0	1.0	0.0	9.465
S14L2_HUMAN	23541	SEC14L2	9.465	151	1	5	1.0	0.0	9.465
PPIF_HUMAN	10105	PPIF	9.459	153	1	1	1.0	0.0	9.459
ANM5_HUMAN	10419	PRMT5	9.459	153	1	2	1.0	0.0	9.459
SMAD6_HUMAN	4091	SMAD6	9.451	156	1	0	1.0	0.0	9.451
PPR3A_HUMAN	5506	PPP1R3A	9.448	157	1	0	1.0	0.0	9.448
SDHF2_HUMAN	54949	SDHAF2	9.445	158	1	0	1.0	0.0	9.445
UD110_HUMAN	54575	UGT1A10	9.44	160	1	0	1.0	0.0	9.44
CBPE_HUMAN	1363	CPE	9.429	164	1	0	1.0	0.0	9.429
B3A2_HUMAN	6522	SLC4A2	9.426	165	1	0	1.0	0.0	9.426
GLCNE_HUMAN	10020	GNE	9.426	165	1	0	1.0	0.0	9.426
SDHL_HUMAN	10993	SDS	9.426	165	1	0	1.0	0.0	9.426
IF5A1_HUMAN	1984	EIF5A	9.424	166	1	3	1.0	0.0	9.424
PLAL1_HUMAN	5325	PLAGL1	9.416	169	1	1	1.0	0.0	9.416
PUR8_HUMAN	158	ADSL	9.413	170	1	1	1.0	0.0	9.413
SMCA2_HUMAN	6595	SMARCA2	9.413	170	1	2	1.0	0.0	9.413
RTEL1_HUMAN	51750	RTEL1	9.413	170	1	0	1.0	0.0	9.413
DAG1_HUMAN	1605	DAG1	9.406	173	1	0	1.0	0.0	9.406
EFNA1_HUMAN	1942	EFNA1	9.406	173	1	2	1.0	0.0	9.406
ERCC3_HUMAN	2071	ERCC3	9.406	173	1	1	1.0	0.0	9.406
SIAT1_HUMAN	6480	ST6GAL1	9.406	173	1	0	1.0	0.0	9.406
UD18_HUMAN	54576	UGT1A8	9.406	173	1	0	1.0	0.0	9.406
CCNA1_HUMAN	8900	CCNA1	9.401	175	1	2	1.0	0.0	9.401
GLR_HUMAN	2642	GCGR	9.398	176	1	1	1.0	0.0	9.398
MYLIP_HUMAN	29116	MYLIP	9.398	176	1	1	1.0	0.0	9.398
NU5M_HUMAN	4540	MT-ND5	9.391	179	1	1	1.0	0.0	9.391
BIN1_HUMAN	274	BIN1	9.386	181	1	0	1.0	0.0	9.386
DMBT1_HUMAN	1755	DMBT1	9.386	181	1	0	1.0	0.0	9.386
AL3A1_HUMAN	218	ALDH3A1	9.379	184	1	0	1.0	0.0	9.379
EXO1_HUMAN	9156	EXO1	9.377	185	1	0	1.0	0.0	9.377
PCY1B_HUMAN	9468	PCYT1B	9.377	185	1	0	1.0	0.0	9.377
ASGR1_HUMAN	432	ASGR1	9.372	187	1	0	1.0	0.0	9.372
THA_HUMAN	7067	THRA	9.361	192	1	0	1.0	0.0	9.361
IL1B_HUMAN	3553	IL1B	9.357	28325	2	1	1.301	0.0	7.192
IL6RB_HUMAN	3572	IL6ST	9.346	964	1	11	1.0	0.079	8.66
ABCG5_HUMAN	64240	ABCG5	9.345	199	1	1	1.0	0.0	9.345
MRGRF_HUMAN	116535	MRGPRF	9.343	200	1	0	1.0	0.0	9.343
PCNT_HUMAN	5116	PCNT	9.339	202	1	0	1.0	0.0	9.339
FBW1A_HUMAN	8945	BTRC	9.339	202	1	2	1.0	0.0	9.339
EMB_HUMAN	133418	EMB	9.339	202	1	0	1.0	0.0	9.339
CDKN3_HUMAN	1033	CDKN3	9.332	205	1	0	1.0	0.0	9.332
CSK21_HUMAN	1457	CSNK2A1	9.322	210	1	0	1.0	0.0	9.322
A4FUW6_HUMAN	7258	LOC728395	9.322	210	1	0	1.0	0.0	9.322
SPN90_HUMAN	51517	NCKIPSD	9.318	212	1	0	1.0	0.0	9.318
MT4_HUMAN	84560	MT4	9.316	213	1	0	1.0	0.0	9.316
AGRP_HUMAN	181	AGRP	9.307	217	1	3	1.0	0.0	9.307
GRP75_HUMAN	3313	HSPA9	9.307	217	1	2	1.0	0.0	9.307
BLNK_HUMAN	29760	BLNK	9.303	219	1	0	1.0	0.0	9.303
HS90B_HUMAN	3326	HSP90AB1	9.301	220	1	0	1.0	0.0	9.301
INAR2_HUMAN	3455	IFNAR2	9.301	220	1	0	1.0	0.0	9.301
S22A4_HUMAN	6583	SLC22A4	9.3	221	1	0	1.0	0.0	9.3
GSHB_HUMAN	2937	GSS	9.298	222	1	0	1.0	0.0	9.298
TS101_HUMAN	7251	TSG101	9.298	222	1	1	1.0	0.0	9.298
PPA5_HUMAN	54	ACP5	9.296	223	1	0	1.0	0.0	9.296
DAXX_HUMAN	1616	DAXX	9.296	223	1	0	1.0	0.0	9.296
MTAP_HUMAN	4507	MTAP	9.294	224	1	1	1.0	0.0	9.294
SFRP3_HUMAN	2487	FRZB	9.284	229	1	2	1.0	0.0	9.284
TFR2_HUMAN	7036	TFR2	9.282	230	1	0	1.0	0.0	9.282
DLDH_HUMAN	1738	DLD	9.278	232	1	2	1.0	0.0	9.278
BUB1_HUMAN	699	BUB1	9.277	233	1	2	1.0	0.0	9.277
HCK_HUMAN	3055	HCK	9.266	239	1	0	1.0	0.0	9.266
NRAM2_HUMAN	4891	SLC11A2	9.262	241	1	0	1.0	0.0	9.262
RAB7B_HUMAN	338382	RAB7B	9.262	241	1	1	1.0	0.0	9.262
EXT1_HUMAN	2131	EXT1	9.251	247	1	0	1.0	0.0	9.251
FKBP5_HUMAN	2289	FKBP5	9.249	248	1	3	1.0	0.0	9.249
NUTM1_HUMAN	256646	NUTM1	9.249	248	1	1	1.0	0.0	9.249
CSK22_HUMAN	1459	CSNK2A2	9.243	252	1	0	1.0	0.0	9.243
TXNIP_HUMAN	10628	TXNIP	9.237	255	1	0	1.0	0.0	9.237
ATP6_HUMAN	4508	MT-ATP6	9.234	257	1	0	1.0	0.0	9.234
ZN763_HUMAN	284390	ZNF763	9.231	259	1	3	1.0	0.0	9.231
CP3A7_HUMAN	1551	CYP3A7	9.226	262	1	8	1.0	0.0	9.226
TR13B_HUMAN	23495	TNFRSF13B	9.226	262	1	0	1.0	0.0	9.226
RALA_HUMAN	5898	RALA	9.222	264	1	3	1.0	0.0	9.222
ADH1G_HUMAN	126	ADH1C	9.219	266	1	1	1.0	0.0	9.219
SEPP1_HUMAN	6414	SELENOP	9.219	266	1	0	1.0	0.0	9.219
PHB_HUMAN	5245	PHB	9.216	268	1	0	1.0	0.0	9.216
LPAR1_HUMAN	1902	LPAR1	9.211	271	1	1	1.0	0.0	9.211
RON_HUMAN	4486	MST1R	9.198	279	1	1	1.0	0.0	9.198
RHOC_HUMAN	389	RHOC	9.195	281	1	0	1.0	0.0	9.195
BRD4_HUMAN	23476	BRD4	9.192	283	1	0	1.0	0.0	9.192
AT2C1_HUMAN	27032	ATP2C1	9.183	289	1	0	1.0	0.0	9.183
SF3B1_HUMAN	23451	SF3B1	9.18	291	1	0	1.0	0.0	9.18
CLD3_HUMAN	1365	CLDN3	9.179	292	1	0	1.0	0.0	9.179
AXIN2_HUMAN	8313	AXIN2	9.179	292	1	2	1.0	0.0	9.179
PB1_HUMAN	55193	PBRM1	9.179	292	1	0	1.0	0.0	9.179
AQP5_HUMAN	362	AQP5	9.171	297	1	2	1.0	0.0	9.171
MAOX_HUMAN	4199	ME1	9.165	301	1	0	1.0	0.0	9.165
MYCL_HUMAN	4610	MYCL	9.164	302	1	0	1.0	0.0	9.164
THB_HUMAN	7068	THRB	9.154	309	1	0	1.0	0.0	9.154
HXD13_HUMAN	3239	HOXD13	9.151	311	1	0	1.0	0.0	9.151
MCM2_HUMAN	4171	MCM2	9.15	312	1	0	1.0	0.0	9.15
TAL1_HUMAN	6886	TAL1	9.146	315	1	0	1.0	0.0	9.146
SERA_HUMAN	26227	PHGDH	9.136	322	1	0	1.0	0.0	9.136
ARI1A_HUMAN	8289	ARID1A	9.131	326	1	0	1.0	0.0	9.131
FOXG1_HUMAN	2290	FOXG1	9.127	329	1	0	1.0	0.0	9.127
RTL1_HUMAN	388015	RTL1	9.121	333	1	4	1.0	0.0	9.121
CXAR_HUMAN	1525	CXADR	9.116	337	1	1	1.0	0.0	9.116
NCOR1_HUMAN	9611	NCOR1	9.109	343	1	0	1.0	0.0	9.109
CENPA_HUMAN	1058	CENPA	9.107	344	1	1	1.0	0.0	9.107
MFN2_HUMAN	9927	MFN2	9.104	347	1	0	1.0	0.0	9.104
DKK3_HUMAN	27122	DKK3	9.104	347	1	3	1.0	0.0	9.104
CSK_HUMAN	1445	CSK	9.1	350	1	0	1.0	0.0	9.1
ASXL1_HUMAN	171023	ASXL1	9.099	351	1	1	1.0	0.0	9.099
NR0B2_HUMAN	8431	NR0B2	9.086	361	1	0	1.0	0.0	9.086
SRC8_HUMAN	2017	CTTN	9.083	364	1	1	1.0	0.0	9.083
3MG_HUMAN	4350	MPG	9.075	371	1	0	1.0	0.0	9.075
LICH_HUMAN	3988	LIPA	9.073	372	1	0	1.0	0.0	9.073
ADRM1_HUMAN	11047	ADRM1	9.071	374	1	0	1.0	0.0	9.071
HEMO_HUMAN	3263	HPX	9.07	375	1	0	1.0	0.0	9.07
ARBK1_HUMAN	156	GRK2	9.068	377	1	0	1.0	0.0	9.068
NR1H3_HUMAN	10062	NR1H3	9.064	380	1	1	1.0	0.0	9.064
HEMH_HUMAN	2235	FECH	9.062	382	1	0	1.0	0.0	9.062
MAGA1_HUMAN	4100	MAGEA1	9.062	382	1	0	1.0	0.0	9.062
MARCS_HUMAN	4082	MARCKS	9.045	397	1	2	1.0	0.0	9.045
CP7A1_HUMAN	1581	CYP7A1	9.043	399	1	0	1.0	0.0	9.043
EPHA2_HUMAN	1969	EPHA2	9.043	399	1	1	1.0	0.0	9.043
MSX2_HUMAN	4488	MSX2	9.04	402	1	1	1.0	0.0	9.04
EZRI_HUMAN	7430	EZR	9.034	407	1	1	1.0	0.0	9.034
ATF6A_HUMAN	22926	ATF6	9.033	408	1	1	1.0	0.0	9.033
USF1_HUMAN	7391	USF1	9.032	409	1	0	1.0	0.0	9.032
FGFR4_HUMAN	2264	FGFR4	9.031	410	1	2	1.0	0.0	9.031
FABPL_HUMAN	2168	FABP1	9.028	413	1	2	1.0	0.0	9.028
ARGI1_HUMAN	383	ARG1	9.024	417	1	0	1.0	0.0	9.024
SO1B3_HUMAN	28234	SLCO1B3	9.023	418	1	0	1.0	0.0	9.023
DHB1_HUMAN	3292	HSD17B1	9.02	421	1	0	1.0	0.0	9.02
GUAD_HUMAN	9615	GDA	9.019	422	1	0	1.0	0.0	9.019
FOXA2_HUMAN	3170	FOXA2	9.013	427	1	1	1.0	0.0	9.013
PIN1_HUMAN	5300	PIN1	9.011	429	1	0	1.0	0.0	9.011
C11B1_HUMAN	1584	CYP11B1	9.009	431	1	0	1.0	0.0	9.009
STMN1_HUMAN	3925	STMN1	9.009	431	1	3	1.0	0.0	9.009
APOA5_HUMAN	116519	APOA5	9.007	433	1	1	1.0	0.0	9.007
LYPD4_HUMAN	147719	LYPD4	9.001	439	1	1	1.0	0.0	9.001
GSTA1_HUMAN	2938	GSTA1	8.998	442	1	0	1.0	0.0	8.998
CBX5_HUMAN	23468	CBX5	8.994	447	1	0	1.0	0.0	8.994
SAA1_HUMAN	6288	SAA1	8.989	452	1	0	1.0	0.0	8.989
41_HUMAN	2035	EPB41	8.987	454	1	0	1.0	0.0	8.987
SMO_HUMAN	6608	SMO	8.987	454	1	5	1.0	0.0	8.987
CD4_HUMAN	920	CD4	8.984	54739	2	0	1.301	0.0	6.905
NEUM_HUMAN	2596	GAP43	8.976	465	1	0	1.0	0.0	8.976
SRF_HUMAN	6722	SRF	8.975	467	1	0	1.0	0.0	8.975
GALT_HUMAN	2592	GALT	8.974	468	1	0	1.0	0.0	8.974
MMP10_HUMAN	4319	MMP10	8.966	476	1	0	1.0	0.0	8.966
SKI_HUMAN	6497	SKI	8.964	479	1	2	1.0	0.0	8.964
FGF21_HUMAN	26291	FGF21	8.959	484	1	5	1.0	0.0	8.959
CEAM5_HUMAN	1048	CEACAM5	8.954	490	1	0	1.0	0.0	8.954
ZEB2_HUMAN	9839	ZEB2	8.952	492	1	0	1.0	0.0	8.952
NOTC2_HUMAN	4853	NOTCH2	8.947	498	1	5	1.0	0.0	8.947
ALKB1_HUMAN	8846	ALKBH1	8.947	498	1	2	1.0	0.0	8.947
BGH3_HUMAN	7045	TGFBI	8.946	499	1	0	1.0	0.0	8.946
SMAD5_HUMAN	4090	SMAD5	8.939	507	1	0	1.0	0.0	8.939
TIA1_HUMAN	7072	TIA1	8.937	509	1	0	1.0	0.0	8.937
NR1I3_HUMAN	9970	NR1I3	8.937	509	1	0	1.0	0.0	8.937
KEAP1_HUMAN	9817	KEAP1	8.936	510	1	5	1.0	0.0	8.936
CD82_HUMAN	3732	CD82	8.93	517	1	0	1.0	0.0	8.93
DUS1_HUMAN	1843	DUSP1	8.923	526	1	2	1.0	0.0	8.923
GSH1_HUMAN	2729	GCLC	8.92	529	1	3	1.0	0.0	8.92
CD166_HUMAN	214	ALCAM	8.911	541	1	0	1.0	0.0	8.911
ARY1_HUMAN	9	NAT1	8.91	542	1	0	1.0	0.0	8.91
TET2_HUMAN	54790	TET2	8.904	550	1	3	1.0	0.0	8.904
TYPH_HUMAN	1890	TYMP	8.896	560	1	0	1.0	0.0	8.896
DDX58_HUMAN	23586	DDX58	8.896	560	1	2	1.0	0.0	8.896
CTG1B_HUMAN	246100	CTAG1B	8.896	560	1	0	1.0	0.0	8.896
ITA2_HUMAN	3673	ITGA2	8.893	564	1	0	1.0	0.0	8.893
NFL_HUMAN	4747	NEFL	8.893	564	1	0	1.0	0.0	8.893
PDPN_HUMAN	10630	PDPN	8.893	563	1	0	1.0	0.0	8.893
HRH1_HUMAN	3269	HRH1	8.887	571	1	1	1.0	0.0	8.887
TFF1_HUMAN	7031	TFF1	8.875	587	1	0	1.0	0.0	8.875
XPO1_HUMAN	7514	XPO1	8.875	588	1	2	1.0	0.0	8.875
AREG_HUMAN	374	AREG	8.841	635	1	1	1.0	0.0	8.841
CBSL_HUMAN	875	CBSL	8.838	640	1	1	1.0	0.0	8.838
TBB3_HUMAN	10381	TUBB3	8.826	657	1	0	1.0	0.0	8.826
ITK_HUMAN	3702	ITK	8.824	661	1	3	1.0	0.0	8.824
AURKB_HUMAN	9212	AURKB	8.822	663	1	2	1.0	0.0	8.822
RAN_HUMAN	5901	RAN	8.818	670	1	0	1.0	0.0	8.818
HXK2_HUMAN	3099	HK2	8.816	673	1	1	1.0	0.0	8.816
ATG5_HUMAN	9474	ATG5	8.805	690	1	2	1.0	0.0	8.805
TNFA_HUMAN	7124	TNF	8.799	75731	2	0	1.301	0.0	6.763
CDN1C_HUMAN	1028	CDKN1C	8.798	702	1	0	1.0	0.0	8.798
ASC_HUMAN	29108	PYCARD	8.795	706	1	6	1.0	0.0	8.795
PMEL_HUMAN	6490	PMEL	8.793	710	1	0	1.0	0.0	8.793
NEMO_HUMAN	8517	IKBKG	8.792	711	1	0	1.0	0.0	8.792
PE2R4_HUMAN	5734	PTGER4	8.79	715	1	1	1.0	0.0	8.79
PDE4A_HUMAN	5141	PDE4A	8.781	730	1	0	1.0	0.0	8.781
ABCC8_HUMAN	6833	ABCC8	8.776	738	1	0	1.0	0.0	8.776
FLI1_HUMAN	2313	FLI1	8.774	741	1	0	1.0	0.0	8.774
DPOLB_HUMAN	5423	POLB	8.774	741	1	0	1.0	0.0	8.774
FGF7_HUMAN	2252	FGF7	8.768	751	1	0	1.0	0.0	8.768
AK1A1_HUMAN	10327	AKR1A1	8.768	752	1	0	1.0	0.0	8.768
SO1B1_HUMAN	10599	SLCO1B1	8.765	756	1	1	1.0	0.0	8.765
NC2B_HUMAN	1810	DR1	8.764	759	1	0	1.0	0.0	8.764
SRBP1_HUMAN	6720	SREBF1	8.756	772	1	0	1.0	0.0	8.756
CBL_HUMAN	867	CBL	8.755	774	1	0	1.0	0.0	8.755
GLNA_HUMAN	2752	GLUL	8.75	783	1	0	1.0	0.0	8.75
PSG2_HUMAN	5670	PSG2	8.749	785	1	0	1.0	0.0	8.749
GLCM_HUMAN	2629	GBA	8.748	787	1	0	1.0	0.0	8.748
APR_HUMAN	5366	PMAIP1	8.748	787	1	0	1.0	0.0	8.748
MC4R_HUMAN	4160	MC4R	8.741	800	1	0	1.0	0.0	8.741
GDF15_HUMAN	9518	GDF15	8.732	816	1	1	1.0	0.0	8.732
FRDA_HUMAN	2395	FXN	8.731	818	1	1	1.0	0.0	8.731
JAG1_HUMAN	182	JAG1	8.725	829	1	0	1.0	0.0	8.725
SOCS1_HUMAN	8651	SOCS1	8.725	829	1	0	1.0	0.0	8.725
ANXA2_HUMAN	302	ANXA2	8.724	832	1	0	1.0	0.0	8.724
CATL1_HUMAN	1514	CTSL	8.72	839	1	0	1.0	0.0	8.72
MX1_HUMAN	4599	MX1	8.716	848	1	1	1.0	0.0	8.716
IRF1_HUMAN	3659	IRF1	8.711	857	1	0	1.0	0.0	8.711
BTK_HUMAN	695	BTK	8.71	859	1	0	1.0	0.0	8.71
CLUS_HUMAN	1191	CLU	8.709	861	1	0	1.0	0.0	8.709
EWS_HUMAN	2130	EWSR1	8.708	862	1	1	1.0	0.0	8.708
CSF1R_HUMAN	1436	CSF1R	8.707	865	1	0	1.0	0.0	8.707
CDD_HUMAN	978	CDA	8.702	874	1	0	1.0	0.0	8.702
PTN22_HUMAN	26191	PTPN22	8.692	896	1	0	1.0	0.0	8.692
CY24B_HUMAN	1536	CYBB	8.691	898	1	0	1.0	0.0	8.691
PLK1_HUMAN	5347	PLK1	8.689	901	1	1	1.0	0.0	8.689
TBX1_HUMAN	6899	TBX1	8.686	908	1	0	1.0	0.0	8.686
RIR2_HUMAN	6241	RRM2	8.685	910	1	0	1.0	0.0	8.685
FBN1_HUMAN	2200	FBN1	8.679	923	1	0	1.0	0.0	8.679
RARB_HUMAN	5915	RARB	8.677	927	1	0	1.0	0.0	8.677
THBG_HUMAN	6906	SERPINA7	8.674	934	1	0	1.0	0.0	8.674
MRP3_HUMAN	8714	ABCC3	8.668	945	1	1	1.0	0.0	8.668
GATA1_HUMAN	2623	GATA1	8.665	953	1	0	1.0	0.0	8.665
NUP62_HUMAN	23636	NUP62	8.653	979	1	0	1.0	0.0	8.653
OCLN_HUMAN	100506658	OCLN	8.652	981	1	0	1.0	0.0	8.652
LBP_HUMAN	3929	LBP	8.65	987	1	0	1.0	0.0	8.65
PTC1_HUMAN	5727	PTCH1	8.647	993	1	0	1.0	0.0	8.647
NOS1_HUMAN	4842	NOS1	8.646	995	1	1	1.0	0.0	8.646
LMOD1_HUMAN	25802	LMOD1	8.641	1006	1	0	1.0	0.0	8.641
APOC3_HUMAN	345	APOC3	8.637	1016	1	0	1.0	0.0	8.637
NCPR_HUMAN	5447	POR	8.636	1019	1	1	1.0	0.0	8.636
4EBP1_HUMAN	1978	EIF4EBP1	8.632	1027	1	4	1.0	0.0	8.632
DPOLA_HUMAN	5422	POLA1	8.626	1041	1	0	1.0	0.0	8.626
CSH2_HUMAN	1443	CSH2	8.623	1050	1	0	1.0	0.0	8.623
A0A0G2JNB4_HUMAN	5544	PRB3	8.619	1059	1	0	1.0	0.0	8.619
AACT_HUMAN	12	SERPINA3	8.61	1082	1	0	1.0	0.0	8.61
COIA1_HUMAN	80781	COL18A1	8.609	1083	1	0	1.0	0.0	8.609
FA12_HUMAN	2161	F12	8.606	1090	1	0	1.0	0.0	8.606
K2C8_HUMAN	3856	KRT8	8.602	1102	1	0	1.0	0.0	8.602
PA2GA_HUMAN	5320	PLA2G2A	8.601	1104	1	0	1.0	0.0	8.601
GLPA_HUMAN	2993	GYPA	8.588	1138	1	0	1.0	0.0	8.588
MICA_HUMAN	100507436	MICA	8.588	1138	1	2	1.0	0.0	8.588
ISK1_HUMAN	6690	SPINK1	8.584	1148	1	0	1.0	0.0	8.584
TPOR_HUMAN	4352	MPL	8.582	1153	1	2	1.0	0.0	8.582
FOXO1_HUMAN	2308	FOXO1	8.578	1163	1	1	1.0	0.0	8.578
MARH8_HUMAN	220972	MARCH8	8.569	1189	1	4	1.0	0.0	8.569
PRKDC_HUMAN	5591	PRKDC	8.563	1205	1	2	1.0	0.0	8.563
DAF_HUMAN	1604	CD55	8.561	1210	1	2	1.0	0.0	8.561
ADRB1_HUMAN	153	ADRB1	8.558	1218	1	1	1.0	0.0	8.558
NR1I2_HUMAN	8856	NR1I2	8.554	1229	1	1	1.0	0.0	8.554
EGLN_HUMAN	2022	ENG	8.543	1261	1	0	1.0	0.0	8.543
PTPA_HUMAN	5524	PTPA	8.539	1274	1	1	1.0	0.0	8.539
FGFR2_HUMAN	2263	FGFR2	8.532	1295	1	7	1.0	0.0	8.532
BCL6_HUMAN	604	BCL6	8.53	1300	1	0	1.0	0.0	8.53
DYR_HUMAN	1719	DHFR	8.528	1305	1	0	1.0	0.0	8.528
PCSK9_HUMAN	255738	PCSK9	8.523	1321	1	1	1.0	0.0	8.523
NPM_HUMAN	4869	NPM1	8.513	1351	1	5	1.0	0.0	8.513
TSC2_HUMAN	7249	TSC2	8.513	1353	1	0	1.0	0.0	8.513
CP17A_HUMAN	1586	CYP17A1	8.495	1409	1	1	1.0	0.0	8.495
POTEF_HUMAN	728378	POTEF	8.491	1421	1	0	1.0	0.0	8.491
IC1_HUMAN	710	SERPING1	8.465	1510	1	0	1.0	0.0	8.465
EPCAM_HUMAN	4072	EPCAM	8.465	1509	1	0	1.0	0.0	8.465
PML_HUMAN	5371	PML	8.463	1516	1	1	1.0	0.0	8.463
MERL_HUMAN	4771	NF2	8.462	1519	1	0	1.0	0.0	8.462
BECN1_HUMAN	8678	BECN1	8.46	1527	1	0	1.0	0.0	8.46
CO1A2_HUMAN	1278	COL1A2	8.457	1539	1	1	1.0	0.0	8.457
MMP7_HUMAN	4316	MMP7	8.449	1567	1	1	1.0	0.0	8.449
XIAP_HUMAN	331	XIAP	8.444	1584	1	8	1.0	0.0	8.444
RAD51_HUMAN	5888	RAD51	8.431	1631	1	0	1.0	0.0	8.431
TNR1B_HUMAN	7133	TNFRSF1B	8.43	1635	1	1	1.0	0.0	8.43
ERCC1_HUMAN	2067	ERCC1	8.425	1656	1	0	1.0	0.0	8.425
PTHB1_HUMAN	27241	BBS9	8.414	1696	1	0	1.0	0.0	8.414
AOFB_HUMAN	4129	MAOB	8.41	1715	1	1	1.0	0.0	8.41
S10A8_HUMAN	6279	S100A8	8.406	1730	1	0	1.0	0.0	8.406
RXRA_HUMAN	6256	RXRA	8.376	1854	1	1	1.0	0.0	8.376
HSPB1_HUMAN	3315	HSPB1	8.37	1880	1	1	1.0	0.0	8.37
GRAB_HUMAN	3002	GZMB	8.367	1893	1	0	1.0	0.0	8.367
CH60_HUMAN	3329	HSPD1	8.366	1898	1	1	1.0	0.0	8.366
GSTT1_HUMAN	2952	GSTT1	8.358	1930	1	0	1.0	0.0	8.358
PGFRB_HUMAN	5159	PDGFRB	8.339	2018	1	0	1.0	0.0	8.339
LEG1_HUMAN	3956	LGALS1	8.336	2031	1	0	1.0	0.0	8.336
CATD_HUMAN	1509	CTSD	8.327	2076	1	1	1.0	0.0	8.327
KMT2A_HUMAN	4297	KMT2A	8.323	2095	1	0	1.0	0.0	8.323
BID_HUMAN	637	BID	8.293	2245	1	0	1.0	0.0	8.293
DRB4_HUMAN	3126	HLA-DRB4	8.289	2263	1	0	1.0	0.0	8.289
TGFA_HUMAN	7039	TGFA	8.285	2286	1	0	1.0	0.0	8.285
DRD2_HUMAN	1813	DRD2	8.28	2309	1	0	1.0	0.0	8.28
BAD_HUMAN	572	BAD	8.275	2337	1	0	1.0	0.0	8.275
RUNX2_HUMAN	860	RUNX2	8.274	2344	1	0	1.0	0.0	8.274
TNR1A_HUMAN	7132	TNFRSF1A	8.264	2396	1	0	1.0	0.0	8.264
SODM_HUMAN	6648	SOD2	8.261	2413	1	2	1.0	0.0	8.261
HCFC1_HUMAN	3054	HCFC1	8.259	2426	1	0	1.0	0.0	8.259
GTR1_HUMAN	6513	SLC2A1	8.257	2436	1	1	1.0	0.0	8.257
ELNE_HUMAN	1991	ELANE	8.254	2453	1	0	1.0	0.0	8.254
CREB1_HUMAN	1385	CREB1	8.252	2466	1	2	1.0	0.0	8.252
B3GA1_HUMAN	27087	B3GAT1	8.252	2467	1	1	1.0	0.0	8.252
NR4A1_HUMAN	3164	NR4A1	8.214	2694	1	0	1.0	0.0	8.214
COX1_HUMAN	4512	MT-CO1	8.203	2758	1	1	1.0	0.0	8.203
VGFR1_HUMAN	2321	FLT1	8.191	2839	1	1	1.0	0.0	8.191
PLMN_HUMAN	5340	PLG	8.168	2993	1	0	1.0	0.0	8.168
IKBA_HUMAN	4792	NFKBIA	8.151	3112	1	0	1.0	0.0	8.151
SDF1_HUMAN	6387	CXCL12	8.135	3227	1	0	1.0	0.0	8.135
IFI27_HUMAN	3429	IFI27	8.123	3320	1	0	1.0	0.0	8.123
PO5F1_HUMAN	5460	POU5F1	8.097	3526	1	2	1.0	0.0	8.097
FA8_HUMAN	2157	F8	8.09	3577	1	0	1.0	0.0	8.09
MBP_HUMAN	4155	MBP	8.086	3613	1	0	1.0	0.0	8.086
IGF1R_HUMAN	3480	IGF1R	8.075	3702	1	1	1.0	0.0	8.075
OSTP_HUMAN	6696	SPP1	8.073	3725	1	1	1.0	0.0	8.073
CCR5_HUMAN	1234	CCR5	8.067	3774	1	0	1.0	0.0	8.067
KNG1_HUMAN	3827	KNG1	8.039	4025	1	0	1.0	0.0	8.039
HSP74_HUMAN	3308	HSPA4	8.032	4092	1	0	1.0	0.0	8.032
VDR_HUMAN	7421	VDR	8.022	4185	1	0	1.0	0.0	8.022
CCL5_HUMAN	6352	CCL5	8.008	4323	1	0	1.0	0.0	8.008
IL1RA_HUMAN	3557	IL1RN	7.995	4455	1	2	1.0	0.0	7.995
SP1_HUMAN	6667	SP1	7.982	4591	1	0	1.0	0.0	7.982
MP2K7_HUMAN	5609	MAP2K7	7.981	4606	1	8	1.0	0.0	7.981
CP4F3_HUMAN	4051	CYP4F3	7.978	4628	1	0	1.0	0.0	7.978
ITAM_HUMAN	3684	ITGAM	7.944	5008	1	0	1.0	0.0	7.944
GAST_HUMAN	2520	GAST	7.933	5136	1	2	1.0	0.0	7.933
TPA_HUMAN	5327	PLAT	7.933	5139	1	0	1.0	0.0	7.933
1A01_HUMAN	3105	HLA-A	7.915	5350	1	0	1.0	0.0	7.915
PPARG_HUMAN	5468	PPARG	7.915	5362	1	0	1.0	0.0	7.915
CASP8_HUMAN	841	CASP8	7.898	5573	1	1	1.0	0.0	7.898
PTPRC_HUMAN	5788	PTPRC	7.855	6151	1	1	1.0	0.0	7.855
NCAM1_HUMAN	4684	NCAM1	7.842	6337	1	0	1.0	0.0	7.842
PERM_HUMAN	4353	MPO	7.841	6357	1	0	1.0	0.0	7.841
CYC_HUMAN	54205	CYCS	7.815	6736	1	0	1.0	0.0	7.815
OSTCN_HUMAN	632	BGLAP	7.803	6938	1	0	1.0	0.0	7.803
LEP_HUMAN	3952	LEP	7.799	7002	1	0	1.0	0.0	7.799
PK3CD_HUMAN	5293	PIK3CD	7.799	6997	1	5	1.0	0.0	7.799
PAI1_HUMAN	5054	SERPINE1	7.755	7746	1	2	1.0	0.0	7.755
COX8A_HUMAN	1351	COX8A	7.741	7998	1	0	1.0	0.0	7.741
COLI_HUMAN	5443	POMC	7.702	8744	1	0	1.0	0.0	7.702
NFKB1_HUMAN	4790	NFKB1	7.657	9691	1	2	1.0	0.0	7.657
NELFD_HUMAN	51497	NELFCD	7.653	9794	1	0	1.0	0.0	7.653
MMP2_HUMAN	4313	MMP2	7.603	10989	1	1	1.0	0.0	7.603
ICAM1_HUMAN	3383	ICAM1	7.577	11659	1	0	1.0	0.0	7.577
MK03_HUMAN	5595	MAPK3	7.574	11751	1	0	1.0	0.0	7.574
CSF3_HUMAN	1440	CSF3	7.563	12033	1	0	1.0	0.0	7.563
MMP9_HUMAN	4318	MMP9	7.507	13703	1	2	1.0	0.0	7.507
CO2_HUMAN	717	C2	7.463	15163	1	0	1.0	0.0	7.463
RENI_HUMAN	5972	REN	7.442	15907	1	0	1.0	0.0	7.442
CD34_HUMAN	947	CD34	7.323	20916	1	0	1.0	0.0	7.323
MK01_HUMAN	5594	MAPK1	7.311	21517	1	1	1.0	0.0	7.311
IL8_HUMAN	3576	CXCL8	7.235	25628	1	1	1.0	0.0	7.235
CD8A_HUMAN	925	CD8A	7.182	28961	1	0	1.0	0.0	7.182
INS_HUMAN	3630	INS	7.011	42836	1	0	1.0	0.0	7.011
