Big_T	3833
Big_F	17252753
UniProtKB_ID	GeneID	Gene_Name	PPS	Big_P	T+P	Citation	1+Log(T+P)	log10((Cit/yr+1)/10)	1+log10(F/T)+log10(F/P)
CADH1_HUMAN	999	CDH1	33.221	9209	140	110	3.146	1.045	7.926
ERBB2_HUMAN	2064	ERBB2	32.234	26330	136	151	3.134	1.182	7.47
KIT_HUMAN	3815	KIT	31.71	6488	78	107	2.892	1.033	8.078
EGFR_HUMAN	1956	EGFR	30.222	30695	78	154	2.892	1.19	7.403
P53_HUMAN	7157	TP53	28.315	46130	148	55	3.17	0.748	7.226
MLH1_HUMAN	4292	MLH1	27.028	3231	73	22	2.863	0.362	8.381
RASK_HUMAN	3845	KRAS	25.319	10492	50	32	2.699	0.519	7.869
PK3CA_HUMAN	5290	PIK3CA	25.159	2646	12	77	2.079	0.892	8.468
ARF_HUMAN	1029	CDKN2A	24.772	9187	46	28	2.663	0.462	7.927
MSH6_HUMAN	2956	MSH6	24.22	1307	24	23	2.38	0.38	8.774
CTNB1_HUMAN	1499	CTNNB1	23.949	8844	45	22	2.653	0.362	7.943
PGFRA_HUMAN	5156	PDGFRA	21.956	2020	19	18	2.279	0.279	8.585
MALT1_HUMAN	10892	MALT1	21.403	197	17	6	2.23	0.0	9.596
RBBP4_HUMAN	5928	RBBP4	20.596	711	19	7	2.279	0.0	9.038
BRCA1_HUMAN	672	BRCA1	20.551	9743	19	20	2.279	0.322	7.901
FGFR2_HUMAN	2263	FGFR2	20.198	1295	10	19	2.0	0.301	8.778
DESM_HUMAN	1674	DES	20.197	3365	13	19	2.114	0.301	8.363
FHIT_HUMAN	2272	FHIT	19.708	760	11	13	2.041	0.146	9.009
AKT1_HUMAN	207	AKT1	19.523	18505	13	27	2.114	0.447	7.623
SMAD4_HUMAN	4089	SMAD4	19.071	1728	16	6	2.204	0.0	8.653
MET_HUMAN	4233	MET	18.765	2497	9	17	1.954	0.255	8.493
MSH2_HUMAN	4436	MSH2	18.679	2603	16	7	2.204	0.0	8.475
CDN1A_HUMAN	1026	CDKN1A	18.509	5857	19	8	2.279	0.0	8.122
CTNA1_HUMAN	1495	CTNNA1	18.265	98	7	9	1.845	0.0	9.899
E2F4_HUMAN	1874	E2F4	18.085	244	8	2	1.903	0.0	9.503
PTEN_HUMAN	5728	PTEN	17.947	6259	15	10	2.176	0.041	8.094
STK11_HUMAN	6794	STK11	17.856	917	10	2	2.0	0.0	8.928
APC_HUMAN	324	APC	17.781	619	9	2	1.954	0.0	9.098
GAST_HUMAN	2520	GAST	17.554	5136	14	3	2.146	0.0	8.18
CDX2_HUMAN	1045	CDX2	16.93	987	8	8	1.903	0.0	8.896
RASH_HUMAN	3265	HRAS	16.68	2263	9	3	1.954	0.0	8.535
MYC_HUMAN	4609	MYC	16.651	10313	13	1	2.114	0.0	7.877
PRDM2_HUMAN	7799	PRDM2	16.565	138	5	0	1.699	0.0	9.75
ERBB3_HUMAN	2065	ERBB3	16.441	1783	4	19	1.602	0.301	8.639
TGFR2_HUMAN	7048	TGFBR2	16.339	1083	7	0	1.845	0.0	8.856
MUTYH_HUMAN	4595	MUTYH	16.29	536	6	3	1.778	0.0	9.161
TEN1_HUMAN	10178	TENM1	16.255	3736	9	1	1.954	0.0	8.318
BAX_HUMAN	581	BAX	16.004	11225	11	2	2.041	0.0	7.84
DCC_HUMAN	1630	DCC	15.773	404	5	0	1.699	0.0	9.284
TCFL5_HUMAN	10732	TCFL5	15.712	121	4	0	1.602	0.0	9.807
FBXW7_HUMAN	55294	FBXW7	15.492	474	3	15	1.477	0.204	9.214
RUNX3_HUMAN	864	RUNX3	15.457	620	5	5	1.699	0.0	9.098
MEN1_HUMAN	4221	MEN1	15.388	1723	6	0	1.778	0.0	8.654
WWOX_HUMAN	51741	WWOX	15.338	207	4	4	1.602	0.0	9.574
BUB1_HUMAN	699	BUB1	15.256	233	4	0	1.602	0.0	9.523
MTHR_HUMAN	4524	MTHFR	15.195	4515	7	2	1.845	0.0	8.235
DPYD_HUMAN	1806	DPYD	15.166	919	5	4	1.699	0.0	8.927
NDKA_HUMAN	4830	NME1	15.048	1079	5	0	1.699	0.0	8.857
GSTM1_HUMAN	2944	GSTM1	15.043	2692	6	1	1.778	0.0	8.46
CHK2_HUMAN	11200	CHEK2	14.88	1355	5	6	1.699	0.0	8.758
MDM2_HUMAN	4193	MDM2	14.831	3545	6	8	1.778	0.0	8.34
S10A8_HUMAN	6279	S100A8	14.7	1730	5	3	1.699	0.0	8.652
TGFB1_HUMAN	7040	TGFB1	14.66	24445	9	3	1.954	0.0	7.501
MLH3_HUMAN	27030	MLH3	14.629	97	3	1	1.477	0.0	9.903
NF1_HUMAN	4763	NF1	14.544	5140	6	0	1.778	0.0	8.179
ATM_HUMAN	472	ATM	14.477	2339	5	7	1.699	0.0	8.521
MGMT_HUMAN	4255	MGMT	14.399	2601	5	3	1.699	0.0	8.475
BRCA2_HUMAN	675	BRCA2	14.389	6283	4	14	1.602	0.176	8.092
BCL2_HUMAN	596	BCL2	14.308	23522	8	1	1.903	0.0	7.518
CDK2_HUMAN	1017	CDK2	14.261	3134	5	0	1.699	0.0	8.394
DSG2_HUMAN	1829	DSG2	14.243	177	3	3	1.477	0.0	9.642
8ODP_HUMAN	4521	NUDT1	14.184	194	3	0	1.477	0.0	9.602
CEAM3_HUMAN	1084	CEACAM3	14.106	9052	6	0	1.778	0.0	7.933
CHK1_HUMAN	1111	CHEK1	14.081	1262	4	0	1.602	0.0	8.789
NOD2_HUMAN	64127	NOD2	13.964	1493	4	1	1.602	0.0	8.716
E2F1_HUMAN	1869	E2F1	13.955	1512	4	1	1.602	0.0	8.711
EGF_HUMAN	1950	EGF	13.932	4898	5	0	1.699	0.0	8.2
PD1L1_HUMAN	29126	CD274	13.587	2564	4	2	1.602	0.0	8.481
MPRI_HUMAN	3482	IGF2R	13.553	519	3	0	1.477	0.0	9.175
CDN1B_HUMAN	1027	CDKN1B	13.477	3007	4	5	1.602	0.0	8.412
CMGA_HUMAN	1113	CHGA	13.38	3455	4	0	1.602	0.0	8.352
DPOLB_HUMAN	5423	POLB	13.324	741	3	4	1.477	0.0	9.02
IL8_HUMAN	3576	CXCL8	13.303	25628	5	11	1.699	0.079	7.481
FOS_HUMAN	2353	FOS	13.211	4405	4	1	1.602	0.0	8.246
OLFM4_HUMAN	10562	OLFM4	13.2	114	2	10	1.301	0.041	9.833
MICA_HUMAN	100507436	MICA	13.049	1138	3	0	1.477	0.0	8.834
PINX1_HUMAN	54984	PINX1	13.038	74	2	1	1.301	0.0	10.021
ZN217_HUMAN	7764	ZNF217	12.993	80	2	1	1.301	0.0	9.987
PDLI7_HUMAN	9260	PDLIM7	12.991	1246	3	1	1.477	0.0	8.795
ALEX_HUMAN	2778	GNAS	12.973	1281	3	4	1.477	0.0	8.783
BCL6_HUMAN	604	BCL6	12.964	1300	3	0	1.477	0.0	8.776
FGFR3_HUMAN	2261	FGFR3	12.959	1310	3	7	1.477	0.0	8.773
XAF1_HUMAN	54739	XAF1	12.908	93	2	2	1.301	0.0	9.922
FGFR1_HUMAN	2260	FGFR1	12.824	1615	3	3	1.477	0.0	8.682
TEFF2_HUMAN	23671	TMEFF2	12.755	122	2	1	1.301	0.0	9.804
XPO2_HUMAN	1434	CSE1L	12.669	142	2	0	1.301	0.0	9.738
NFKB1_HUMAN	4790	NFKB1	12.662	9691	4	1	1.602	0.0	7.904
JAK2_HUMAN	3717	JAK2	12.55	4222	3	10	1.477	0.041	8.265
RASN_HUMAN	4893	NRAS	12.532	2546	3	0	1.477	0.0	8.484
CHKA_HUMAN	1119	CHKA	12.47	202	2	0	1.301	0.0	9.585
SDHA_HUMAN	6389	SDHA	12.456	207	2	1	1.301	0.0	9.574
TNR6_HUMAN	355	FAS	12.455	2871	3	0	1.477	0.0	8.432
KLF6_HUMAN	1316	KLF6	12.427	218	2	2	1.301	0.0	9.552
CDK4_HUMAN	1019	CDK4	12.359	3335	3	1	1.477	0.0	8.367
AICDA_HUMAN	57379	AICDA	12.293	3697	3	0	1.477	0.0	8.322
APRIO_HUMAN	5621	PRNP	12.275	3805	3	2	1.477	0.0	8.31
CTLA4_HUMAN	1493	CTLA4	12.271	3826	3	3	1.477	0.0	8.307
HSP74_HUMAN	3308	HSPA4	12.228	4092	3	0	1.477	0.0	8.278
AXIN1_HUMAN	8312	AXIN1	12.2	326	2	1	1.301	0.0	9.377
HGF_HUMAN	3082	HGF	12.18	4410	3	0	1.477	0.0	8.246
NEP_HUMAN	4311	MME	12.162	4534	3	1	1.477	0.0	8.234
MD2L1_HUMAN	4085	MAD2L1	12.148	357	2	0	1.301	0.0	9.337
DDIT3_HUMAN	1649	DDIT3	12.128	4779	3	0	1.477	0.0	8.211
ADRM1_HUMAN	11047	ADRM1	12.122	374	2	3	1.301	0.0	9.317
XPF_HUMAN	2072	ERCC4	12.091	395	2	0	1.301	0.0	9.294
PCNA_HUMAN	5111	PCNA	12.003	5813	3	0	1.477	0.0	8.126
GRPR_HUMAN	2925	GRPR	11.988	474	2	0	1.301	0.0	9.214
ABL1_HUMAN	25	ABL1	11.95	6311	3	7	1.477	0.0	8.09
BRAF_HUMAN	673	BRAF	11.887	6965	3	1	1.477	0.0	8.047
EPHB2_HUMAN	2048	EPHB2	11.877	577	2	0	1.301	0.0	9.129
COX2_HUMAN	4513	MT-CO2	11.875	7092	3	0	1.477	0.0	8.039
TFF1_HUMAN	7031	TFF1	11.867	587	2	2	1.301	0.0	9.122
AKT2_HUMAN	208	AKT2	11.822	636	2	2	1.301	0.0	9.087
FGF7_HUMAN	2252	FGF7	11.728	751	2	0	1.301	0.0	9.015
IRF1_HUMAN	3659	IRF1	11.654	857	2	0	1.301	0.0	8.957
SDHB_HUMAN	6390	SDHB	11.62	910	2	5	1.301	0.0	8.931
MDR1_HUMAN	5243	ABCB1	11.617	10598	3	0	1.477	0.0	7.865
NT5D3_HUMAN	51559	NT5DC3	11.589	2	1	0	1.0	0.0	11.589
RASF1_HUMAN	11186	RASSF1	11.56	1012	2	2	1.301	0.0	8.885
OGG1_HUMAN	4968	OGG1	11.532	1062	2	0	1.301	0.0	8.864
ERBB4_HUMAN	2066	ERBB4	11.528	1071	2	8	1.301	0.0	8.86
NBN_HUMAN	4683	NBN	11.513	1099	2	1	1.301	0.0	8.849
K2C8_HUMAN	3856	KRT8	11.511	1102	2	1	1.301	0.0	8.848
COMD6_HUMAN	170622	COMMD6	11.413	3	1	0	1.0	0.0	11.413
FBX47_HUMAN	494188	FBXO47	11.413	3	1	0	1.0	0.0	11.413
MTOR_HUMAN	2475	MTOR	11.412	14590	3	3	1.477	0.0	7.726
POTEF_HUMAN	728378	POTEF	11.368	1421	2	0	1.301	0.0	8.738
MUC5A_HUMAN	4586	MUC5AC	11.348	1472	2	3	1.301	0.0	8.722
BECN1_HUMAN	8678	BECN1	11.327	1527	2	4	1.301	0.0	8.706
DNMT1_HUMAN	1786	DNMT1	11.309	1576	2	1	1.301	0.0	8.693
DB118_HUMAN	117285	DEFB118	11.288	4	1	0	1.0	0.0	11.288
SBK1_HUMAN	388228	SBK1	11.288	4	1	0	1.0	0.0	11.288
SMAD2_HUMAN	4087	SMAD2	11.2	1913	2	2	1.301	0.0	8.608
FCER2_HUMAN	2208	FCER2	11.179	1985	2	0	1.301	0.0	8.592
TYSY_HUMAN	7298	TYMS	11.13	2165	2	0	1.301	0.0	8.555
MYCN_HUMAN	4613	MYCN	11.076	2383	2	0	1.301	0.0	8.513
SODM_HUMAN	6648	SOD2	11.069	2413	2	0	1.301	0.0	8.508
AGRF5_HUMAN	221395	ADGRF5	11.045	7	1	0	1.0	0.0	11.045
IL1B_HUMAN	3553	IL1B	10.987	28325	3	3	1.477	0.0	7.438
CU062_HUMAN	56245	C21orf62	10.987	8	1	0	1.0	0.0	10.987
E9PPJ3_HUMAN	219537	SMTNL1	10.987	8	1	1	1.0	0.0	10.987
ATG9B_HUMAN	285973	ATG9B	10.987	8	1	5	1.0	0.0	10.987
CP1A1_HUMAN	1543	CYP1A1	10.94	3030	2	2	1.301	0.0	8.409
PDS5A_HUMAN	23244	PDS5A	10.89	10	1	0	1.0	0.0	10.89
CLD23_HUMAN	137075	CLDN23	10.89	10	1	2	1.0	0.0	10.89
ACL6B_HUMAN	51412	ACTL6B	10.849	11	1	1	1.0	0.0	10.849
MIB2_HUMAN	142678	MIB2	10.849	11	1	0	1.0	0.0	10.849
P5I11_HUMAN	9537	TP53I11	10.811	12	1	0	1.0	0.0	10.811
XIRP2_HUMAN	129446	XIRP2	10.811	12	1	5	1.0	0.0	10.811
AMGO2_HUMAN	347902	AMIGO2	10.811	12	1	0	1.0	0.0	10.811
C9JVC3_HUMAN	100131827	ZNF717	10.776	13	1	2	1.0	0.0	10.776
EGFL6_HUMAN	25975	EGFL6	10.744	14	1	0	1.0	0.0	10.744
RB_HUMAN	5925	RB1	10.702	4614	2	0	1.301	0.0	8.226
HSP13_HUMAN	6782	HSPA13	10.686	16	1	0	1.0	0.0	10.686
IRX1_HUMAN	79192	IRX1	10.686	16	1	2	1.0	0.0	10.686
IGF2_HUMAN	3481	IGF2	10.65	5059	2	0	1.301	0.0	8.186
RAB32_HUMAN	10981	RAB32	10.635	18	1	0	1.0	0.0	10.635
LTMD1_HUMAN	25875	LETMD1	10.635	18	1	1	1.0	0.0	10.635
B3GT5_HUMAN	10317	B3GALT5	10.611	19	1	0	1.0	0.0	10.611
RHXF2_HUMAN	84528	RHOXF2	10.611	19	1	0	1.0	0.0	10.611
GLPK2_HUMAN	2712	GK2	10.589	20	1	0	1.0	0.0	10.589
SF3A1_HUMAN	10291	SF3A1	10.589	20	1	0	1.0	0.0	10.589
PCDH9_HUMAN	5101	PCDH9	10.568	21	1	1	1.0	0.0	10.568
PAQR3_HUMAN	152559	PAQR3	10.548	22	1	0	1.0	0.0	10.548
CD44_HUMAN	960	CD44	10.532	6231	2	0	1.301	0.0	8.095
ARHG6_HUMAN	9459	ARHGEF6	10.528	23	1	0	1.0	0.0	10.528
STXB5_HUMAN	134957	STXBP5	10.528	23	1	1	1.0	0.0	10.528
TLR4_HUMAN	7099	TLR4	10.514	6440	2	0	1.301	0.0	8.081
STX7_HUMAN	8417	STX7	10.51	24	1	0	1.0	0.0	10.51
BT3A2_HUMAN	11118	BTN3A2	10.51	24	1	0	1.0	0.0	10.51
HACL1_HUMAN	26061	HACL1	10.51	24	1	0	1.0	0.0	10.51
CYBP_HUMAN	27101	CACYBP	10.51	24	1	1	1.0	0.0	10.51
KLK12_HUMAN	43849	KLK12	10.51	24	1	0	1.0	0.0	10.51
PARP1_HUMAN	142	PARP1	10.502	6579	2	3	1.301	0.0	8.072
WNT8B_HUMAN	7479	WNT8B	10.492	25	1	0	1.0	0.0	10.492
ANDR_HUMAN	367	AR	10.475	6901	2	1	1.301	0.0	8.051
DOK2_HUMAN	9046	DOK2	10.475	26	1	0	1.0	0.0	10.475
SPF27_HUMAN	10286	BCAS2	10.475	26	1	0	1.0	0.0	10.475
KLF12_HUMAN	11278	KLF12	10.475	26	1	2	1.0	0.0	10.475
PK3CD_HUMAN	5293	PIK3CD	10.467	6997	2	0	1.301	0.0	8.045
ZBT24_HUMAN	9841	ZBTB24	10.459	27	1	0	1.0	0.0	10.459
HIF1A_HUMAN	3091	HIF1A	10.456	7140	2	6	1.301	0.0	8.036
DNJB4_HUMAN	11080	DNAJB4	10.443	28	1	1	1.0	0.0	10.443
PDCD6_HUMAN	10016	PDCD6	10.428	29	1	0	1.0	0.0	10.428
MUC15_HUMAN	143662	MUC15	10.413	30	1	0	1.0	0.0	10.413
SSRB_HUMAN	6746	SSR2	10.399	31	1	0	1.0	0.0	10.399
SMYD2_HUMAN	56950	SMYD2	10.399	31	1	3	1.0	0.0	10.399
ZN331_HUMAN	55422	ZNF331	10.385	32	1	2	1.0	0.0	10.385
CHC10_HUMAN	400916	CHCHD10	10.385	32	1	2	1.0	0.0	10.385
KCMB2_HUMAN	10242	KCNMB2	10.384	8108	2	0	1.301	0.0	7.981
PGH2_HUMAN	5743	PTGS2	10.369	8324	2	3	1.301	0.0	7.97
MACD2_HUMAN	140733	MACROD2	10.359	34	1	0	1.0	0.0	10.359
ERF3A_HUMAN	2935	GSPT1	10.346	35	1	0	1.0	0.0	10.346
NOP53_HUMAN	29997	NOP53	10.346	35	1	0	1.0	0.0	10.346
TPIP1_HUMAN	63970	TP53AIP1	10.346	35	1	0	1.0	0.0	10.346
RAB23_HUMAN	51715	RAB23	10.334	36	1	3	1.0	0.0	10.334
CCND1_HUMAN	595	CCND1	10.3	9412	2	0	1.301	0.0	7.916
ELF5_HUMAN	2001	ELF5	10.299	39	1	1	1.0	0.0	10.299
ARHG7_HUMAN	8874	ARHGEF7	10.277	41	1	0	1.0	0.0	10.277
RABE2_HUMAN	79874	RABEP2	10.277	41	1	0	1.0	0.0	10.277
TET1_HUMAN	80312	TET1	10.271	236	1	11	1.0	0.079	9.517
CTR3_HUMAN	84889	SLC7A3	10.267	42	1	0	1.0	0.0	10.267
CAVN3_HUMAN	112464	CAVIN3	10.267	42	1	1	1.0	0.0	10.267
K1C20_HUMAN	54474	KRT20	10.259	10103	2	0	1.301	0.0	7.886
API5_HUMAN	8539	API5	10.257	43	1	1	1.0	0.0	10.257
LZTS1_HUMAN	11178	LZTS1	10.257	43	1	0	1.0	0.0	10.257
RHBT2_HUMAN	23221	RHOBTB2	10.257	43	1	0	1.0	0.0	10.257
UNC5B_HUMAN	219699	UNC5B	10.257	43	1	2	1.0	0.0	10.257
TES_HUMAN	26136	TES	10.247	44	1	1	1.0	0.0	10.247
MNT_HUMAN	4335	MNT	10.227	46	1	0	1.0	0.0	10.227
SAV1_HUMAN	60485	SAV1	10.183	51	1	0	1.0	0.0	10.183
SUN1_HUMAN	23353	SUN1	10.174	52	1	0	1.0	0.0	10.174
CLD18_HUMAN	51208	CLDN18	10.174	52	1	0	1.0	0.0	10.174
INSM2_HUMAN	84684	INSM2	10.174	52	1	0	1.0	0.0	10.174
CO4A6_HUMAN	1288	COL4A6	10.142	56	1	2	1.0	0.0	10.142
AMER1_HUMAN	139285	AMER1	10.142	56	1	0	1.0	0.0	10.142
RBY1A_HUMAN	5940	RBMY1A1	10.134	57	1	0	1.0	0.0	10.134
AP4B1_HUMAN	10717	AP4B1	10.134	57	1	0	1.0	0.0	10.134
CPLX2_HUMAN	10814	CPLX2	10.134	57	1	0	1.0	0.0	10.134
UVRAG_HUMAN	7405	UVRAG	10.127	58	1	5	1.0	0.0	10.127
SIA7A_HUMAN	55808	ST6GALNAC1	10.112	60	1	0	1.0	0.0	10.112
STAR3_HUMAN	10948	STARD3	10.105	61	1	0	1.0	0.0	10.105
CTC1_HUMAN	80169	CTC1	10.105	61	1	0	1.0	0.0	10.105
PRPS1_HUMAN	5631	PRPS1	10.091	63	1	0	1.0	0.0	10.091
RNF43_HUMAN	54894	RNF43	10.091	63	1	0	1.0	0.0	10.091
AFAP1_HUMAN	60312	AFAP1	10.091	63	1	0	1.0	0.0	10.091
SOX18_HUMAN	54345	SOX18	10.077	65	1	0	1.0	0.0	10.077
ZFHX3_HUMAN	463	ZFHX3	10.064	67	1	1	1.0	0.0	10.064
CNTN1_HUMAN	1272	CNTN1	10.051	69	1	0	1.0	0.0	10.051
TKTL1_HUMAN	8277	TKTL1	10.015	75	1	1	1.0	0.0	10.015
HELLS_HUMAN	3070	HELLS	9.987	80	1	0	1.0	0.0	9.987
ATP8_HUMAN	4509	MT-ATP8	9.987	80	1	0	1.0	0.0	9.987
ZN382_HUMAN	84911	ZNF382	9.956	86	1	0	1.0	0.0	9.956
DCLK1_HUMAN	9201	DCLK1	9.951	87	1	0	1.0	0.0	9.951
ST7_HUMAN	7982	ST7	9.936	90	1	0	1.0	0.0	9.936
CASPE_HUMAN	23581	CASP14	9.936	90	1	0	1.0	0.0	9.936
BTG1_HUMAN	694	BTG1	9.931	91	1	2	1.0	0.0	9.931
CAD17_HUMAN	1015	CDH17	9.922	93	1	1	1.0	0.0	9.922
LAP2A_HUMAN	7112	TMPO	9.908	96	1	0	1.0	0.0	9.908
REV3L_HUMAN	5980	REV3L	9.903	97	1	0	1.0	0.0	9.903
SPIT2_HUMAN	10653	SPINT2	9.903	97	1	1	1.0	0.0	9.903
ACK1_HUMAN	10188	TNK2	9.899	98	1	1	1.0	0.0	9.899
UBR5_HUMAN	51366	UBR5	9.899	98	1	0	1.0	0.0	9.899
CASP3_HUMAN	836	CASP3	9.893	19304	2	1	1.301	0.0	7.604
M3K20_HUMAN	51776	MAP3K20	9.877	103	1	5	1.0	0.0	9.877
RA51B_HUMAN	5890	RAD51B	9.865	106	1	0	1.0	0.0	9.865
SIAH1_HUMAN	6477	SIAH1	9.865	106	1	0	1.0	0.0	9.865
KMT2C_HUMAN	58508	KMT2C	9.861	107	1	0	1.0	0.0	9.861
BMP3_HUMAN	651	BMP3	9.837	113	1	0	1.0	0.0	9.837
HXA5_HUMAN	3202	HOXA5	9.822	117	1	1	1.0	0.0	9.822
NFYA_HUMAN	4800	NFYA	9.797	124	1	1	1.0	0.0	9.797
TIG1_HUMAN	5918	RARRES1	9.797	124	1	0	1.0	0.0	9.797
FACE1_HUMAN	10269	ZMPSTE24	9.786	127	1	0	1.0	0.0	9.786
TDG_HUMAN	6996	TDG	9.773	131	1	0	1.0	0.0	9.773
CHFR_HUMAN	55743	CHFR	9.773	131	1	0	1.0	0.0	9.773
PLK4_HUMAN	10733	PLK4	9.77	132	1	0	1.0	0.0	9.77
HVCN1_HUMAN	84329	HVCN1	9.763	134	1	1	1.0	0.0	9.763
PITX1_HUMAN	5307	PITX1	9.75	138	1	1	1.0	0.0	9.75
APBA1_HUMAN	320	APBA1	9.747	139	1	0	1.0	0.0	9.747
CLCA1_HUMAN	1179	CLCA1	9.741	141	1	0	1.0	0.0	9.741
PR15A_HUMAN	23645	PPP1R15A	9.729	145	1	1	1.0	0.0	9.729
NEIL1_HUMAN	79661	NEIL1	9.705	153	1	2	1.0	0.0	9.705
TP4A3_HUMAN	11156	PTP4A3	9.689	159	1	1	1.0	0.0	9.689
SART3_HUMAN	9733	SART3	9.686	160	1	0	1.0	0.0	9.686
CCL27_HUMAN	10850	CCL27	9.683	161	1	0	1.0	0.0	9.683
RA51C_HUMAN	5889	RAD51C	9.675	164	1	0	1.0	0.0	9.675
RENT1_HUMAN	5976	UPF1	9.675	164	1	1	1.0	0.0	9.675
HIC1_HUMAN	3090	HIC1	9.667	167	1	0	1.0	0.0	9.667
RHG07_HUMAN	10395	DLC1	9.667	167	1	2	1.0	0.0	9.667
FLCN_HUMAN	201163	FLCN	9.667	167	1	0	1.0	0.0	9.667
PLAL1_HUMAN	5325	PLAGL1	9.662	169	1	0	1.0	0.0	9.662
DAG1_HUMAN	1605	DAG1	9.652	173	1	0	1.0	0.0	9.652
EFNA1_HUMAN	1942	EFNA1	9.652	173	1	1	1.0	0.0	9.652
IL2_HUMAN	3558	IL2	9.642	30132	2	0	1.301	0.0	7.411
MTM1_HUMAN	4534	MTM1	9.642	177	1	0	1.0	0.0	9.642
AL3A1_HUMAN	218	ALDH3A1	9.625	184	1	0	1.0	0.0	9.625
AR2BP_HUMAN	23568	ARL2BP	9.623	185	1	0	1.0	0.0	9.623
FHL1_HUMAN	2273	FHL1	9.614	189	1	2	1.0	0.0	9.614
TNF6B_HUMAN	8771	TNFRSF6B	9.611	190	1	2	1.0	0.0	9.611
UD17_HUMAN	54577	UGT1A7	9.609	191	1	0	1.0	0.0	9.609
THA_HUMAN	7067	THRA	9.607	192	1	0	1.0	0.0	9.607
ADDA_HUMAN	118	ADD1	9.605	193	1	0	1.0	0.0	9.605
FBN2_HUMAN	2201	FBN2	9.594	198	1	0	1.0	0.0	9.594
PMS1_HUMAN	5378	PMS1	9.591	199	1	0	1.0	0.0	9.591
MGT5A_HUMAN	4249	MGAT5	9.572	208	1	5	1.0	0.0	9.572
SIA4C_HUMAN	6484	ST3GAL4	9.568	210	1	0	1.0	0.0	9.568
DFFA_HUMAN	1676	DFFA	9.566	211	1	0	1.0	0.0	9.566
MCM7_HUMAN	4176	MCM7	9.566	211	1	1	1.0	0.0	9.566
SPN90_HUMAN	51517	NCKIPSD	9.564	212	1	0	1.0	0.0	9.564
TPR_HUMAN	7175	TPR	9.562	213	1	0	1.0	0.0	9.562
CRKL_HUMAN	1399	CRKL	9.554	217	1	1	1.0	0.0	9.554
TRAF1_HUMAN	7185	TRAF1	9.55	219	1	0	1.0	0.0	9.55
HS90B_HUMAN	3326	HSP90AB1	9.548	220	1	0	1.0	0.0	9.548
TS101_HUMAN	7251	TSG101	9.544	222	1	0	1.0	0.0	9.544
DAXX_HUMAN	1616	DAXX	9.542	223	1	0	1.0	0.0	9.542
BCL10_HUMAN	8915	BCL10	9.542	223	1	0	1.0	0.0	9.542
MTAP_HUMAN	4507	MTAP	9.54	224	1	0	1.0	0.0	9.54
NUP98_HUMAN	4928	NUP98	9.536	226	1	0	1.0	0.0	9.536
MARE1_HUMAN	22919	MAPRE1	9.523	233	1	0	1.0	0.0	9.523
ELF3_HUMAN	1999	ELF3	9.51	240	1	0	1.0	0.0	9.51
MK_HUMAN	4192	MDK	9.492	250	1	0	1.0	0.0	9.492
CSK22_HUMAN	1459	CSNK2A2	9.489	252	1	3	1.0	0.0	9.489
SEPR_HUMAN	2191	FAP	9.477	259	1	0	1.0	0.0	9.477
ARID2_HUMAN	196528	ARID2	9.469	264	1	0	1.0	0.0	9.469
ANGL4_HUMAN	51129	ANGPTL4	9.462	268	1	2	1.0	0.0	9.462
ANO1_HUMAN	55107	ANO1	9.462	268	1	5	1.0	0.0	9.462
I12R1_HUMAN	3594	IL12RB1	9.46	269	1	0	1.0	0.0	9.46
GLYAT_HUMAN	10249	GLYAT	9.46	269	1	0	1.0	0.0	9.46
CASPA_HUMAN	843	CASP10	9.457	271	1	0	1.0	0.0	9.457
MICB_HUMAN	4277	MICB	9.452	274	1	0	1.0	0.0	9.452
SDCB1_HUMAN	6386	SDCBP	9.431	288	1	1	1.0	0.0	9.431
AKT3_HUMAN	10000	AKT3	9.429	289	1	1	1.0	0.0	9.429
BNIP3_HUMAN	664	BNIP3	9.419	296	1	0	1.0	0.0	9.419
PPCE_HUMAN	5550	PREP	9.412	301	1	0	1.0	0.0	9.412
AMD_HUMAN	5066	PAM	9.41	302	1	0	1.0	0.0	9.41
NU1M_HUMAN	4535	MT-ND1	9.395	313	1	1	1.0	0.0	9.395
XRCC4_HUMAN	7518	XRCC4	9.384	321	1	0	1.0	0.0	9.384
NDC80_HUMAN	10403	NDC80	9.382	322	1	1	1.0	0.0	9.382
BUB1B_HUMAN	701	BUB1B	9.381	323	1	0	1.0	0.0	9.381
NOD1_HUMAN	10392	NOD1	9.351	346	1	5	1.0	0.0	9.351
CSK_HUMAN	1445	CSK	9.346	350	1	1	1.0	0.0	9.346
ID2_HUMAN	3398	ID2	9.345	351	1	0	1.0	0.0	9.345
CADM1_HUMAN	23705	CADM1	9.336	358	1	0	1.0	0.0	9.336
IL6_HUMAN	3569	IL6	9.315	53611	2	6	1.301	0.0	7.16
GGT1_HUMAN	2678	GGT1	9.312	379	1	0	1.0	0.0	9.312
CCNE1_HUMAN	898	CCNE1	9.305	385	1	0	1.0	0.0	9.305
VITRN_HUMAN	5212	VIT	9.305	385	1	0	1.0	0.0	9.305
GPER1_HUMAN	2852	GPER1	9.296	393	1	0	1.0	0.0	9.296
MP2K4_HUMAN	6416	MAP2K4	9.291	397	1	0	1.0	0.0	9.291
DHSD_HUMAN	6392	SDHD	9.287	401	1	0	1.0	0.0	9.287
MSX2_HUMAN	4488	MSX2	9.286	402	1	0	1.0	0.0	9.286
PEPC_HUMAN	5225	PGC	9.278	409	1	0	1.0	0.0	9.278
FGFR4_HUMAN	2264	FGFR4	9.277	410	1	2	1.0	0.0	9.277
CEAM1_HUMAN	634	CEACAM1	9.274	413	1	0	1.0	0.0	9.274
CASP6_HUMAN	839	CASP6	9.263	424	1	0	1.0	0.0	9.263
ROS1_HUMAN	6098	ROS1	9.262	425	1	5	1.0	0.0	9.262
PIN1_HUMAN	5300	PIN1	9.258	429	1	0	1.0	0.0	9.258
TPPP_HUMAN	11076	TPPP	9.258	429	1	0	1.0	0.0	9.258
MUC6_HUMAN	4588	MUC6	9.246	441	1	0	1.0	0.0	9.246
TERF1_HUMAN	7013	TERF1	9.24	447	1	0	1.0	0.0	9.24
CLD4_HUMAN	1364	CLDN4	9.238	449	1	0	1.0	0.0	9.238
LYOX_HUMAN	4015	LOX	9.204	486	1	2	1.0	0.0	9.204
CTCF_HUMAN	10664	CTCF	9.184	508	1	0	1.0	0.0	9.184
KEAP1_HUMAN	9817	KEAP1	9.183	510	1	5	1.0	0.0	9.183
CASP2_HUMAN	835	CASP2	9.174	520	1	0	1.0	0.0	9.174
DUS1_HUMAN	1843	DUSP1	9.169	526	1	0	1.0	0.0	9.169
SFRP1_HUMAN	6422	SFRP1	9.159	539	1	4	1.0	0.0	9.159
AGO2_HUMAN	27161	AGO2	9.157	541	1	2	1.0	0.0	9.157
PACA_HUMAN	116	ADCYAP1	9.144	557	1	0	1.0	0.0	9.144
CDK5_HUMAN	1020	CDK5	9.144	558	1	0	1.0	0.0	9.144
CXB1_HUMAN	2705	GJB1	9.144	558	1	0	1.0	0.0	9.144
GASR_HUMAN	887	CCKBR	9.141	561	1	0	1.0	0.0	9.141
TF7L2_HUMAN	6934	TCF7L2	9.131	574	1	1	1.0	0.0	9.131
IKKA_HUMAN	1147	CHUK	9.119	590	1	1	1.0	0.0	9.119
TNFA_HUMAN	7124	TNF	9.119	75731	2	0	1.301	0.0	7.009
SNF5_HUMAN	6598	SMARCB1	9.11	603	1	0	1.0	0.0	9.11
ATP4A_HUMAN	495	ATP4A	9.107	607	1	0	1.0	0.0	9.107
XRCC6_HUMAN	2547	XRCC6	9.107	607	1	0	1.0	0.0	9.107
FADD_HUMAN	8772	FADD	9.102	614	1	0	1.0	0.0	9.102
CD52_HUMAN	1043	CD52	9.085	639	1	0	1.0	0.0	9.085
CBSL_HUMAN	875	CBSL	9.084	640	1	0	1.0	0.0	9.084
ATP7B_HUMAN	540	ATP7B	9.081	645	1	0	1.0	0.0	9.081
P85A_HUMAN	5295	PIK3R1	9.072	658	1	0	1.0	0.0	9.072
RAN_HUMAN	5901	RAN	9.064	670	1	0	1.0	0.0	9.064
REL_HUMAN	5966	REL	9.058	679	1	0	1.0	0.0	9.058
TBX21_HUMAN	30009	TBX21	9.057	681	1	1	1.0	0.0	9.057
ATG5_HUMAN	9474	ATG5	9.051	690	1	2	1.0	0.0	9.051
PHLD_HUMAN	2822	GPLD1	9.042	705	1	0	1.0	0.0	9.042
SMCA4_HUMAN	6597	SMARCA4	9.036	714	1	1	1.0	0.0	9.036
HBEGF_HUMAN	1839	HBEGF	9.03	724	1	1	1.0	0.0	9.03
APR_HUMAN	5366	PMAIP1	8.994	787	1	0	1.0	0.0	8.994
BAK_HUMAN	578	BAK1	8.993	790	1	0	1.0	0.0	8.993
ETS1_HUMAN	2113	ETS1	8.991	793	1	0	1.0	0.0	8.991
ANXA2_HUMAN	302	ANXA2	8.97	832	1	0	1.0	0.0	8.97
EWS_HUMAN	2130	EWSR1	8.955	862	1	0	1.0	0.0	8.955
GRN_HUMAN	2896	GRN	8.955	861	1	0	1.0	0.0	8.955
YAP1_HUMAN	10413	YAP1	8.947	877	1	0	1.0	0.0	8.947
CY24B_HUMAN	1536	CYBB	8.937	898	1	0	1.0	0.0	8.937
PLK1_HUMAN	5347	PLK1	8.935	901	1	1	1.0	0.0	8.935
RIR2_HUMAN	6241	RRM2	8.931	910	1	5	1.0	0.0	8.931
SC5A2_HUMAN	6524	SLC5A2	8.914	947	1	0	1.0	0.0	8.914
TR10A_HUMAN	8797	TNFRSF10A	8.912	951	1	0	1.0	0.0	8.912
FGF1_HUMAN	2246	FGF1	8.896	986	1	0	1.0	0.0	8.896
PTC1_HUMAN	5727	PTCH1	8.893	993	1	1	1.0	0.0	8.893
GLI1_HUMAN	2735	GLI1	8.879	1025	1	0	1.0	0.0	8.879
CP2A6_HUMAN	1548	CYP2A6	8.876	1032	1	0	1.0	0.0	8.876
JAK1_HUMAN	3716	JAK1	8.87	1047	1	5	1.0	0.0	8.87
ERCC2_HUMAN	2068	ERCC2	8.868	1053	1	0	1.0	0.0	8.868
APEX1_HUMAN	328	APEX1	8.862	1067	1	0	1.0	0.0	8.862
KLF4_HUMAN	9314	KLF4	8.861	1069	1	0	1.0	0.0	8.861
PKD1_HUMAN	5310	PKD1	8.852	1092	1	0	1.0	0.0	8.852
AURKA_HUMAN	6790	AURKA	8.836	1134	1	3	1.0	0.0	8.836
ARY2_HUMAN	10	NAT2	8.83	1148	1	1	1.0	0.0	8.83
CO1A1_HUMAN	1277	COL1A1	8.823	1168	1	0	1.0	0.0	8.823
CDR1_HUMAN	1038	CDR1	8.821	1172	1	0	1.0	0.0	8.821
MARH8_HUMAN	220972	MARCH8	8.815	1189	1	3	1.0	0.0	8.815
GIP_HUMAN	2695	GIP	8.812	1197	1	0	1.0	0.0	8.812
PRKDC_HUMAN	5591	PRKDC	8.809	1205	1	1	1.0	0.0	8.809
NF2L2_HUMAN	4780	NFE2L2	8.802	2742	1	10	1.0	0.041	8.452
MYD88_HUMAN	4615	MYD88	8.801	1229	1	0	1.0	0.0	8.801
XRCC1_HUMAN	7515	XRCC1	8.796	1242	1	0	1.0	0.0	8.796
CD99_HUMAN	4267	CD99	8.79	1258	1	0	1.0	0.0	8.79
CASP7_HUMAN	840	CASP7	8.774	1307	1	0	1.0	0.0	8.774
EZH2_HUMAN	2146	EZH2	8.773	1309	1	2	1.0	0.0	8.773
NPM_HUMAN	4869	NPM1	8.759	1351	1	0	1.0	0.0	8.759
B3A3_HUMAN	6508	SLC4A3	8.742	1406	1	0	1.0	0.0	8.742
CP1B1_HUMAN	1545	CYP1B1	8.733	1437	1	4	1.0	0.0	8.733
NQO1_HUMAN	1728	NQO1	8.73	1445	1	0	1.0	0.0	8.73
ITB3_HUMAN	3690	ITGB3	8.723	1468	1	0	1.0	0.0	8.723
EPCAM_HUMAN	4072	EPCAM	8.711	1509	1	0	1.0	0.0	8.711
MERL_HUMAN	4771	NF2	8.709	1519	1	0	1.0	0.0	8.709
MMP7_HUMAN	4316	MMP7	8.695	1567	1	0	1.0	0.0	8.695
ACTS_HUMAN	58	ACTA1	8.689	1589	1	5	1.0	0.0	8.689
EDNRA_HUMAN	1909	EDNRA	8.685	1603	1	1	1.0	0.0	8.685
VEGFC_HUMAN	7424	VEGFC	8.684	1609	1	2	1.0	0.0	8.684
RAD51_HUMAN	5888	RAD51	8.678	1631	1	0	1.0	0.0	8.678
LEG3_HUMAN	3958	LGALS3	8.676	1637	1	1	1.0	0.0	8.676
ERCC1_HUMAN	2067	ERCC1	8.671	1656	1	2	1.0	0.0	8.671
K1C18_HUMAN	3875	KRT18	8.666	1674	1	0	1.0	0.0	8.666
CADH2_HUMAN	1000	CDH2	8.664	1685	1	8	1.0	0.0	8.664
IDHC_HUMAN	3417	IDH1	8.664	1683	1	8	1.0	0.0	8.664
ETV6_HUMAN	2120	ETV6	8.654	1723	1	0	1.0	0.0	8.654
MMP14_HUMAN	4323	MMP14	8.639	1781	1	0	1.0	0.0	8.639
TDT_HUMAN	1791	DNTT	8.638	1787	1	0	1.0	0.0	8.638
MIF_HUMAN	4282	MIF	8.635	1798	1	0	1.0	0.0	8.635
CXA1_HUMAN	2697	GJA1	8.619	1865	1	2	1.0	0.0	8.619
KPCD_HUMAN	5580	PRKCD	8.608	1915	1	0	1.0	0.0	8.608
RAF1_HUMAN	5894	RAF1	8.603	1938	1	0	1.0	0.0	8.603
ZHX2_HUMAN	22882	ZHX2	8.599	1955	1	1	1.0	0.0	8.599
B3AT_HUMAN	6521	SLC4A1	8.595	1974	1	2	1.0	0.0	8.595
KMT2A_HUMAN	4297	KMT2A	8.569	2095	1	0	1.0	0.0	8.569
TTHY_HUMAN	7276	TTR	8.568	2098	1	0	1.0	0.0	8.568
KS6B1_HUMAN	6198	RPS6KB1	8.566	2108	1	0	1.0	0.0	8.566
RAC1_HUMAN	5879	RAC1	8.563	2122	1	2	1.0	0.0	8.563
HPRT_HUMAN	3251	HPRT1	8.542	2227	1	0	1.0	0.0	8.542
BID_HUMAN	637	BID	8.539	2245	1	0	1.0	0.0	8.539
K2C7_HUMAN	3855	KRT7	8.535	2263	1	0	1.0	0.0	8.535
SMAD3_HUMAN	4088	SMAD3	8.535	2266	1	2	1.0	0.0	8.535
TSP1_HUMAN	7057	THBS1	8.535	2268	1	1	1.0	0.0	8.535
RUNX1_HUMAN	861	RUNX1	8.528	2302	1	0	1.0	0.0	8.528
BAD_HUMAN	572	BAD	8.521	2337	1	0	1.0	0.0	8.521
G3P_HUMAN	2597	GAPDH	8.519	2349	1	0	1.0	0.0	8.519
RHOA_HUMAN	387	RHOA	8.518	2356	1	1	1.0	0.0	8.518
GSTP1_HUMAN	2950	GSTP1	8.516	2367	1	0	1.0	0.0	8.516
CREB1_HUMAN	1385	CREB1	8.498	2466	1	2	1.0	0.0	8.498
BMP1_HUMAN	649	BMP1	8.491	2505	1	0	1.0	0.0	8.491
LIPL_HUMAN	4023	LPL	8.491	2508	1	0	1.0	0.0	8.491
MP2K1_HUMAN	5604	MAP2K1	8.489	2516	1	1	1.0	0.0	8.489
SOX2_HUMAN	6657	SOX2	8.486	2534	1	2	1.0	0.0	8.486
FLT3_HUMAN	2322	FLT3	8.476	2594	1	0	1.0	0.0	8.476
PROM1_HUMAN	8842	PROM1	8.458	2703	1	1	1.0	0.0	8.458
ADA1D_HUMAN	146	ADRA1D	8.447	2777	1	0	1.0	0.0	8.447
CP2CJ_HUMAN	1557	CYP2C19	8.422	2941	1	0	1.0	0.0	8.422
HS90A_HUMAN	3320	HSP90AA1	8.415	2989	1	1	1.0	0.0	8.415
FA5_HUMAN	2153	F5	8.409	3031	1	0	1.0	0.0	8.409
EP300_HUMAN	2033	EP300	8.408	3033	1	0	1.0	0.0	8.408
MIB1_HUMAN	57534	MIB1	8.395	3128	1	0	1.0	0.0	8.395
MMP3_HUMAN	4314	MMP3	8.368	3326	1	0	1.0	0.0	8.368
UROK_HUMAN	5328	PLAU	8.368	3329	1	0	1.0	0.0	8.368
BGAT_HUMAN	28	ABO	8.367	3333	1	0	1.0	0.0	8.367
CYTC_HUMAN	1471	CST3	8.349	3479	1	2	1.0	0.0	8.349
PO5F1_HUMAN	5460	POU5F1	8.343	3526	1	5	1.0	0.0	8.343
IGF1R_HUMAN	3480	IGF1R	8.322	3702	1	0	1.0	0.0	8.322
DPP4_HUMAN	1803	DPP4	8.313	3775	1	2	1.0	0.0	8.313
ENOG_HUMAN	2026	ENO2	8.292	3962	1	0	1.0	0.0	8.292
TLR2_HUMAN	7097	TLR2	8.27	4167	1	2	1.0	0.0	8.27
RET_HUMAN	5979	RET	8.261	4253	1	4	1.0	0.0	8.261
SRC_HUMAN	6714	SRC	8.249	4377	1	0	1.0	0.0	8.249
TNFL6_HUMAN	356	FASLG	8.238	4494	1	1	1.0	0.0	8.238
TNF10_HUMAN	8743	TNFSF10	8.206	4830	1	0	1.0	0.0	8.206
MMP1_HUMAN	4312	MMP1	8.185	5066	1	1	1.0	0.0	8.185
PPARG_HUMAN	5468	PPARG	8.161	5362	1	0	1.0	0.0	8.161
CASP9_HUMAN	842	CASP9	8.11	6027	1	0	1.0	0.0	8.11
NCAM1_HUMAN	4684	NCAM1	8.088	6337	1	0	1.0	0.0	8.088
FGF2_HUMAN	2247	FGF2	8.072	6580	1	0	1.0	0.0	8.072
LEP_HUMAN	3952	LEP	8.045	7002	1	0	1.0	0.0	8.045
STAT3_HUMAN	6774	STAT3	8.033	7199	1	1	1.0	0.0	8.033
CD14_HUMAN	929	CD14	8.004	7700	1	0	1.0	0.0	8.004
PAI1_HUMAN	5054	SERPINE1	8.001	7746	1	0	1.0	0.0	8.001
COX8A_HUMAN	1351	COX8A	7.987	7998	1	0	1.0	0.0	7.987
ICAM1_HUMAN	3383	ICAM1	7.823	11659	1	0	1.0	0.0	7.823
CSF3_HUMAN	1440	CSF3	7.81	12033	1	0	1.0	0.0	7.81
MMP9_HUMAN	4318	MMP9	7.753	13703	1	0	1.0	0.0	7.753
IL1A_HUMAN	3552	IL1A	7.724	14669	1	0	1.0	0.0	7.724
IGF1_HUMAN	3479	IGF1	7.564	21183	1	3	1.0	0.0	7.564
IL10_HUMAN	3586	IL10	7.53	22907	1	0	1.0	0.0	7.53
IFNG_HUMAN	3458	IFNG	7.353	34431	1	3	1.0	0.0	7.353
CRP_HUMAN	1401	CRP	7.324	36788	1	0	1.0	0.0	7.324
