Big_T	2519
Big_F	17252753
UniProtKB_ID	GeneID	Gene_Name	PPS	Big_P	T+P	Citation	1+Log(T+P)	log10((Cit/yr+1)/10)	1+log10(F/T)+log10(F/P)
FGFR3_HUMAN	2261	FGFR3	36.939	1310	101	131	3.004	1.121	8.955
P53_HUMAN	7157	TP53	30.411	46130	190	66	3.279	0.826	7.408
ARF_HUMAN	1029	CDKN2A	29.195	9187	83	47	2.919	0.681	8.109
TERT_HUMAN	7015	TERT	28.845	4242	21	123	2.322	1.093	8.445
ERBB2_HUMAN	2064	ERBB2	27.285	26330	46	79	2.663	0.903	7.652
RASH_HUMAN	3265	HRAS	25.493	2263	42	19	2.623	0.301	8.718
EGFR_HUMAN	1956	EGFR	23.703	30695	43	30	2.633	0.491	7.585
MSH6_HUMAN	2956	MSH6	22.626	1307	14	23	2.146	0.38	8.956
ZNF77_HUMAN	58492	ZNF77	21.852	2001	31	5	2.491	0.0	8.771
RASK_HUMAN	3845	KRAS	21.409	10492	19	23	2.279	0.38	8.052
TACC3_HUMAN	10460	TACC3	21.35	101	4	32	1.602	0.519	10.068
CHK2_HUMAN	11200	CHEK2	20.227	1355	3	60	1.477	0.785	8.941
TSC1_HUMAN	7248	TSC1	19.877	1381	6	27	1.778	0.447	8.932
ARY2_HUMAN	10	NAT2	19.342	1148	14	2	2.146	0.0	9.013
RB_HUMAN	5925	RB1	19.199	4614	16	11	2.204	0.079	8.408
FGFR1_HUMAN	2260	FGFR1	19.132	1615	8	17	1.903	0.255	8.864
MLH1_HUMAN	4292	MLH1	18.102	3231	13	5	2.114	0.0	8.563
AKT1_HUMAN	207	AKT1	17.96	18505	8	24	1.903	0.398	7.805
RASF1_HUMAN	11186	RASSF1	17.72	1012	6	14	1.778	0.176	9.067
BRNP1_HUMAN	1620	BRINP1	17.159	23	4	2	1.602	0.0	10.711
MSH2_HUMAN	4436	MSH2	16.918	2603	9	0	1.954	0.0	8.657
GSTM1_HUMAN	2944	GSTM1	16.889	2692	9	1	1.954	0.0	8.642
CDN1A_HUMAN	1026	CDKN1A	16.609	5857	10	2	2.0	0.0	8.305
STAG2_HUMAN	10735	STAG2	16.577	111	3	14	1.477	0.176	10.027
CTNB1_HUMAN	1499	CTNNB1	16.39	8844	8	12	1.903	0.114	8.126
MDM2_HUMAN	4193	MDM2	16.22	3545	8	2	1.903	0.0	8.523
HPRT_HUMAN	3251	HPRT1	16.098	2227	7	6	1.845	0.0	8.725
TCFL5_HUMAN	10732	TCFL5	16.004	121	4	0	1.602	0.0	9.99
MYC_HUMAN	4609	MYC	15.749	10313	9	0	1.954	0.0	8.059
AURKA_HUMAN	6790	AURKA	15.694	1134	5	10	1.699	0.041	9.018
ERCC2_HUMAN	2068	ERCC2	15.376	1053	5	5	1.699	0.0	9.05
CDN1B_HUMAN	1027	CDKN1B	15.282	3007	6	4	1.778	0.0	8.594
SFRP1_HUMAN	6422	SFRP1	14.862	539	3	12	1.477	0.114	9.341
CDN1C_HUMAN	1028	CDKN1C	14.781	702	4	1	1.602	0.0	9.226
ABC3B_HUMAN	9582	APOBEC3B	14.73	126	1	29	1.0	0.477	9.972
FHIT_HUMAN	2272	FHIT	14.726	760	4	0	1.602	0.0	9.192
TGFR1_HUMAN	7046	TGFBR1	14.61	898	4	2	1.602	0.0	9.119
SDHB_HUMAN	6390	SDHB	14.6	910	4	1	1.602	0.0	9.113
CDK4_HUMAN	1019	CDK4	14.525	3335	5	5	1.699	0.0	8.549
E2F3_HUMAN	1871	E2F3	14.355	226	3	3	1.477	0.0	9.718
MSH3_HUMAN	4437	MSH3	14.12	326	3	0	1.477	0.0	9.559
CTLA4_HUMAN	1493	CTLA4	14.035	3826	3	14	1.477	0.176	8.49
NUMA1_HUMAN	4926	NUMA1	13.956	421	3	0	1.477	0.0	9.448
BORG2_HUMAN	10602	CDC42EP3	13.911	24	2	0	1.301	0.0	10.692
RUNX3_HUMAN	864	RUNX3	13.708	620	3	3	1.477	0.0	9.28
UBIA1_HUMAN	29914	UBIAD1	13.682	36	2	3	1.301	0.0	10.516
AP4B1_HUMAN	10717	AP4B1	13.422	57	2	1	1.301	0.0	10.317
NDKA_HUMAN	4830	NME1	13.352	1079	3	0	1.477	0.0	9.039
S26A8_HUMAN	116369	SLC26A8	13.077	105	2	0	1.301	0.0	10.051
FRS2_HUMAN	10818	FRS2	13.036	113	2	2	1.301	0.0	10.019
CADH1_HUMAN	999	CDH1	12.99	9209	4	0	1.602	0.0	8.108
DEK_HUMAN	7913	DEK	12.872	151	2	4	1.301	0.0	9.894
RASN_HUMAN	4893	NRAS	12.802	2546	3	0	1.477	0.0	8.667
PK3CA_HUMAN	5290	PIK3CA	12.777	2646	3	7	1.477	0.0	8.65
ALK_HUMAN	238	ALK	12.743	2791	2	14	1.301	0.176	8.627
SDHA_HUMAN	6389	SDHA	12.694	207	2	0	1.301	0.0	9.757
CDK2_HUMAN	1017	CDK2	12.668	3134	3	1	1.477	0.0	8.576
BGAT_HUMAN	28	ABO	12.629	3333	3	0	1.477	0.0	8.55
GDIR2_HUMAN	397	ARHGDIB	12.589	249	2	1	1.301	0.0	9.676
FUMH_HUMAN	2271	FH	12.563	261	2	2	1.301	0.0	9.656
RALA_HUMAN	5898	RALA	12.556	264	2	5	1.301	0.0	9.651
CD226_HUMAN	10666	CD226	12.535	274	2	0	1.301	0.0	9.635
K2C6A_HUMAN	3853	KRT6A	12.395	351	2	0	1.301	0.0	9.527
NF1_HUMAN	4763	NF1	12.351	5140	3	0	1.477	0.0	8.361
FGFR4_HUMAN	2264	FGFR4	12.307	410	2	1	1.301	0.0	9.46
HGFL_HUMAN	4485	MST1	12.292	421	2	0	1.301	0.0	9.448
FGF3_HUMAN	2248	FGF3	12.252	452	2	1	1.301	0.0	9.417
PTEN_HUMAN	5728	PTEN	12.225	6259	3	4	1.477	0.0	8.276
FANCC_HUMAN	2176	FANCC	12.203	493	2	0	1.301	0.0	9.38
KIT_HUMAN	3815	KIT	12.202	6488	3	0	1.477	0.0	8.26
ANDR_HUMAN	367	AR	12.162	6901	3	1	1.477	0.0	8.234
XPC_HUMAN	7508	XPC	12.134	557	2	1	1.301	0.0	9.327
NFL_HUMAN	4747	NEFL	12.127	564	2	1	1.301	0.0	9.321
MRE11_HUMAN	4361	MRE11	12.115	576	2	4	1.301	0.0	9.312
L0N195_HUMAN	3439	IFNA1	12.008	8773	3	0	1.477	0.0	8.129
GELS_HUMAN	2934	GSN	11.988	722	2	0	1.301	0.0	9.214
DPOLB_HUMAN	5423	POLB	11.973	741	2	0	1.301	0.0	9.203
CCND1_HUMAN	595	CCND1	11.963	9412	3	2	1.477	0.0	8.099
NFKB1_HUMAN	4790	NFKB1	11.944	9691	3	2	1.477	0.0	8.086
BRCA1_HUMAN	672	BRCA1	11.94	9743	3	5	1.477	0.0	8.084
ETS1_HUMAN	2113	ETS1	11.935	793	2	2	1.301	0.0	9.173
PLK1_HUMAN	5347	PLK1	11.862	901	2	3	1.301	0.0	9.118
BAX_HUMAN	581	BAX	11.849	11225	3	0	1.477	0.0	8.022
TR10A_HUMAN	8797	TNFRSF10A	11.832	951	2	0	1.301	0.0	9.094
PTC1_HUMAN	5727	PTCH1	11.808	993	2	2	1.301	0.0	9.076
CYB_HUMAN	4519	MT-CYB	11.76	1080	2	3	1.301	0.0	9.039
GATA3_HUMAN	2625	GATA3	11.726	1147	2	0	1.301	0.0	9.013
FOXO1_HUMAN	2308	FOXO1	11.718	1163	2	0	1.301	0.0	9.007
FGFR2_HUMAN	2263	FGFR2	11.657	1295	2	4	1.301	0.0	8.96
POTEF_HUMAN	728378	POTEF	11.605	1421	2	0	1.301	0.0	8.92
PIGU_HUMAN	128869	PIGU	11.595	3	1	1	1.0	0.0	11.595
TAF1L_HUMAN	138474	TAF1L	11.374	5	1	0	1.0	0.0	11.374
HLAG_HUMAN	3135	HLA-G	11.346	2247	2	1	1.301	0.0	8.721
K2C7_HUMAN	3855	KRT7	11.342	2263	2	0	1.301	0.0	8.718
ATM_HUMAN	472	ATM	11.323	2339	2	1	1.301	0.0	8.703
TNR6_HUMAN	355	FAS	11.208	2871	2	1	1.301	0.0	8.614
CP1A1_HUMAN	1543	CYP1A1	11.177	3030	2	2	1.301	0.0	8.591
MIB1_HUMAN	57534	MIB1	11.159	3128	2	0	1.301	0.0	8.577
DESM_HUMAN	1674	DES	11.118	3365	2	0	1.301	0.0	8.545
UNC5D_HUMAN	137970	UNC5D	11.118	9	1	1	1.0	0.0	11.118
ABL1_HUMAN	25	ABL1	11.105	6311	2	10	1.301	0.041	8.272
PO5F1_HUMAN	5460	POU5F1	11.092	3526	2	2	1.301	0.0	8.525
MOT11_HUMAN	162515	SLC16A11	11.072	10	1	0	1.0	0.0	11.072
BRAF_HUMAN	673	BRAF	11.048	6965	2	10	1.301	0.041	8.23
CP2D6_HUMAN	1565	CYP2D6	11.016	4031	2	0	1.301	0.0	8.467
SAM9L_HUMAN	219285	SAMD9L	10.993	12	1	0	1.0	0.0	10.993
RTKN_HUMAN	6242	RTKN	10.896	15	1	0	1.0	0.0	10.896
ICE1_HUMAN	23379	ICE1	10.896	15	1	0	1.0	0.0	10.896
PCNA_HUMAN	5111	PCNA	10.809	5813	2	0	1.301	0.0	8.308
CD44_HUMAN	960	CD44	10.77	6231	2	0	1.301	0.0	8.278
PARP1_HUMAN	142	PARP1	10.739	6579	2	0	1.301	0.0	8.254
ORAV1_HUMAN	220064	ORAOV1	10.711	23	1	2	1.0	0.0	10.711
RSU1_HUMAN	6251	RSU1	10.692	24	1	0	1.0	0.0	10.692
BAI1_HUMAN	575	BAI1	10.567	32	1	0	1.0	0.0	10.567
ANO2_HUMAN	57101	ANO2	10.567	32	1	2	1.0	0.0	10.567
RPRM_HUMAN	56475	RPRM	10.554	33	1	1	1.0	0.0	10.554
BLCAP_HUMAN	10904	BLCAP	10.541	34	1	0	1.0	0.0	10.541
UPK1B_HUMAN	7348	UPK1B	10.504	37	1	0	1.0	0.0	10.504
FGRL1_HUMAN	53834	FGFRL1	10.493	38	1	0	1.0	0.0	10.493
LIN9_HUMAN	286826	LIN9	10.449	42	1	2	1.0	0.0	10.449
LZTS1_HUMAN	11178	LZTS1	10.439	43	1	1	1.0	0.0	10.439
RHBT2_HUMAN	23221	RHOBTB2	10.439	43	1	0	1.0	0.0	10.439
TES_HUMAN	26136	TES	10.429	44	1	1	1.0	0.0	10.429
RSF1_HUMAN	51773	RSF1	10.429	44	1	0	1.0	0.0	10.429
UPK1A_HUMAN	11045	UPK1A	10.41	46	1	0	1.0	0.0	10.41
TPC_HUMAN	60386	SLC25A19	10.356	52	1	0	1.0	0.0	10.356
MOT10_HUMAN	117247	SLC16A10	10.332	55	1	0	1.0	0.0	10.332
ESR1_HUMAN	2099	ESR1	10.32	13814	2	8	1.301	0.0	7.932
HPPD_HUMAN	3242	HPD	10.287	61	1	0	1.0	0.0	10.287
CSF2_HUMAN	1437	CSF2	10.274	14987	2	0	1.301	0.0	7.897
CCAR2_HUMAN	57805	CCAR2	10.253	66	1	0	1.0	0.0	10.253
DUS5_HUMAN	1847	DUSP5	10.24	68	1	0	1.0	0.0	10.24
LPAR6_HUMAN	10161	LPAR6	10.24	68	1	1	1.0	0.0	10.24
RALB_HUMAN	5899	RALB	10.203	74	1	2	1.0	0.0	10.203
GAS1_HUMAN	2619	GAS1	10.18	78	1	0	1.0	0.0	10.18
3BP2_HUMAN	6452	SH3BP2	10.18	78	1	0	1.0	0.0	10.18
ATP8_HUMAN	4509	MT-ATP8	10.169	80	1	0	1.0	0.0	10.169
KC1A_HUMAN	1452	CSNK1A1	10.159	82	1	0	1.0	0.0	10.159
CADH6_HUMAN	1004	CDH6	10.153	83	1	0	1.0	0.0	10.153
I36RA_HUMAN	26525	IL36RN	10.148	84	1	0	1.0	0.0	10.148
GNL3_HUMAN	26354	GNL3	10.138	86	1	1	1.0	0.0	10.138
GBRA1_HUMAN	2554	GABRA1	10.109	92	1	0	1.0	0.0	10.109
DNA2_HUMAN	1763	DNA2	10.077	99	1	0	1.0	0.0	10.077
UBE2C_HUMAN	11065	UBE2C	10.068	101	1	2	1.0	0.0	10.068
M3K20_HUMAN	51776	MAP3K20	10.06	103	1	5	1.0	0.0	10.06
HMN2_HUMAN	100462981	MTRNR2L2	10.035	109	1	0	1.0	0.0	10.035
BCL2_HUMAN	596	BCL2	10.019	23522	2	1	1.301	0.0	7.701
HXB13_HUMAN	10481	HOXB13	10.012	115	1	1	1.0	0.0	10.012
UPK2_HUMAN	7379	UPK2	9.993	120	1	0	1.0	0.0	9.993
UT1_HUMAN	6563	SLC14A1	9.986	122	1	0	1.0	0.0	9.986
RIR2B_HUMAN	50484	RRM2B	9.936	137	1	0	1.0	0.0	9.936
KLF5_HUMAN	688	KLF5	9.902	148	1	4	1.0	0.0	9.902
SFRP5_HUMAN	6425	SFRP5	9.888	153	1	0	1.0	0.0	9.888
RAD1_HUMAN	5810	RAD1	9.868	160	1	0	1.0	0.0	9.868
TAAR1_HUMAN	134864	TAAR1	9.863	162	1	0	1.0	0.0	9.863
D3DWI6_HUMAN	8000	PSCA	9.839	171	1	2	1.0	0.0	9.839
VEGFA_HUMAN	7422	VEGFA	9.832	32733	2	0	1.301	0.0	7.557
LOXL1_HUMAN	4016	LOXL1	9.815	181	1	1	1.0	0.0	9.815
CO4A1_HUMAN	1282	COL4A1	9.796	189	1	0	1.0	0.0	9.796
SOX4_HUMAN	6659	SOX4	9.794	190	1	3	1.0	0.0	9.794
PRIMA_HUMAN	145270	PRIMA1	9.782	195	1	1	1.0	0.0	9.782
CHKA_HUMAN	1119	CHKA	9.767	202	1	0	1.0	0.0	9.767
ANK1_HUMAN	286	ANK1	9.752	209	1	0	1.0	0.0	9.752
1433S_HUMAN	2810	SFN	9.748	211	1	2	1.0	0.0	9.748
TCL1A_HUMAN	8115	TCL1A	9.746	212	1	2	1.0	0.0	9.746
SPN90_HUMAN	51517	NCKIPSD	9.746	212	1	0	1.0	0.0	9.746
MTOR_HUMAN	2475	MTOR	9.731	14590	1	16	1.0	0.23	7.908
WIF1_HUMAN	11197	WIF1	9.728	221	1	0	1.0	0.0	9.728
NEDD4_HUMAN	4734	NEDD4	9.726	222	1	1	1.0	0.0	9.726
TS101_HUMAN	7251	TSG101	9.726	222	1	0	1.0	0.0	9.726
MTAP_HUMAN	4507	MTAP	9.722	224	1	0	1.0	0.0	9.722
ERCC6_HUMAN	2074	ERCC6	9.72	225	1	1	1.0	0.0	9.72
BUB1_HUMAN	699	BUB1	9.705	233	1	0	1.0	0.0	9.705
ATP6_HUMAN	4508	MT-ATP6	9.663	257	1	0	1.0	0.0	9.663
KI3L1_HUMAN	3811	KIR3DL1	9.661	258	1	0	1.0	0.0	9.661
EFNB2_HUMAN	1948	EFNB2	9.641	270	1	0	1.0	0.0	9.641
AKT3_HUMAN	10000	AKT3	9.612	289	1	3	1.0	0.0	9.612
PB1_HUMAN	55193	PBRM1	9.607	292	1	0	1.0	0.0	9.607
ETS2_HUMAN	2114	ETS2	9.591	303	1	4	1.0	0.0	9.591
GNAQ_HUMAN	2776	GNAQ	9.571	317	1	2	1.0	0.0	9.571
HXC13_HUMAN	3229	HOXC13	9.565	322	1	0	1.0	0.0	9.565
BUB1B_HUMAN	701	BUB1B	9.563	323	1	1	1.0	0.0	9.563
IL6_HUMAN	3569	IL6	9.552	53611	2	0	1.301	0.0	7.342
CEBPD_HUMAN	1052	CEBPD	9.55	333	1	3	1.0	0.0	9.55
RN5A_HUMAN	6041	RNASEL	9.549	334	1	0	1.0	0.0	9.549
SIR3_HUMAN	23410	SIRT3	9.549	334	1	5	1.0	0.0	9.549
TEBP_HUMAN	10728	PTGES3	9.544	338	1	0	1.0	0.0	9.544
DKK3_HUMAN	27122	DKK3	9.532	347	1	3	1.0	0.0	9.532
FSHB_HUMAN	2488	FSHB	9.53	349	1	0	1.0	0.0	9.53
SP7_HUMAN	121340	SP7	9.522	355	1	0	1.0	0.0	9.522
MD2L1_HUMAN	4085	MAD2L1	9.52	357	1	0	1.0	0.0	9.52
SRC8_HUMAN	2017	CTTN	9.511	364	1	0	1.0	0.0	9.511
LICH_HUMAN	3988	LIPA	9.502	372	1	0	1.0	0.0	9.502
ROA1_HUMAN	3178	HNRNPA1	9.498	375	1	0	1.0	0.0	9.498
DCC_HUMAN	1630	DCC	9.466	404	1	0	1.0	0.0	9.466
LGUL_HUMAN	2739	GLO1	9.461	409	1	1	1.0	0.0	9.461
RNAS1_HUMAN	6035	RNASE1	9.458	412	1	0	1.0	0.0	9.458
PAX2_HUMAN	5076	PAX2	9.454	415	1	0	1.0	0.0	9.454
TPPP_HUMAN	11076	TPPP	9.44	429	1	0	1.0	0.0	9.44
MUC6_HUMAN	4588	MUC6	9.428	441	1	0	1.0	0.0	9.428
FLNA_HUMAN	2316	FLNA	9.423	446	1	0	1.0	0.0	9.423
SMO_HUMAN	6608	SMO	9.415	454	1	0	1.0	0.0	9.415
FBXW7_HUMAN	55294	FBXW7	9.397	474	1	0	1.0	0.0	9.397
CISH_HUMAN	1154	CISH	9.396	475	1	1	1.0	0.0	9.396
RPP14_HUMAN	11102	RPP14	9.374	499	1	0	1.0	0.0	9.374
KEAP1_HUMAN	9817	KEAP1	9.365	510	1	5	1.0	0.0	9.365
WRN_HUMAN	7486	WRN	9.362	514	1	1	1.0	0.0	9.362
DUS1_HUMAN	1843	DUSP1	9.351	526	1	0	1.0	0.0	9.351
MUTYH_HUMAN	4595	MUTYH	9.343	536	1	0	1.0	0.0	9.343
ARY1_HUMAN	9	NAT1	9.338	542	1	0	1.0	0.0	9.338
CXL13_HUMAN	10563	CXCL13	9.317	570	1	0	1.0	0.0	9.317
HRH1_HUMAN	3269	HRH1	9.316	571	1	1	1.0	0.0	9.316
SYCY1_HUMAN	30816	ERVW-1	9.308	581	1	2	1.0	0.0	9.308
SNF5_HUMAN	6598	SMARCB1	9.292	603	1	0	1.0	0.0	9.292
XRCC6_HUMAN	2547	XRCC6	9.289	607	1	1	1.0	0.0	9.289
SRSF1_HUMAN	6426	SRSF1	9.285	613	1	0	1.0	0.0	9.285
ATP7B_HUMAN	540	ATP7B	9.263	645	1	0	1.0	0.0	9.263
LEG4_HUMAN	3960	LGALS4	9.261	648	1	0	1.0	0.0	9.261
TBB3_HUMAN	10381	TUBB3	9.255	657	1	0	1.0	0.0	9.255
WNT5A_HUMAN	7474	WNT5A	9.25	664	1	2	1.0	0.0	9.25
RBBP4_HUMAN	5928	RBBP4	9.221	711	1	0	1.0	0.0	9.221
SMCA4_HUMAN	6597	SMARCA4	9.219	714	1	4	1.0	0.0	9.219
CHP1_HUMAN	11261	CHP1	9.195	755	1	0	1.0	0.0	9.195
APR_HUMAN	5366	PMAIP1	9.177	787	1	0	1.0	0.0	9.177
SSA27_HUMAN	10534	SSSCA1	9.173	794	1	1	1.0	0.0	9.173
DCTN6_HUMAN	10671	DCTN6	9.146	844	1	0	1.0	0.0	9.146
IRF1_HUMAN	3659	IRF1	9.139	857	1	0	1.0	0.0	9.139
FOXM1_HUMAN	2305	FOXM1	9.132	872	1	3	1.0	0.0	9.132
PMS2_HUMAN	5395	PMS2	9.128	879	1	0	1.0	0.0	9.128
CY24B_HUMAN	1536	CYBB	9.119	898	1	0	1.0	0.0	9.119
STK11_HUMAN	6794	STK11	9.11	917	1	0	1.0	0.0	9.11
DPYD_HUMAN	1806	DPYD	9.109	919	1	0	1.0	0.0	9.109
LRP1_HUMAN	4035	LRP1	9.096	948	1	0	1.0	0.0	9.096
L1CAM_HUMAN	3897	L1CAM	9.092	955	1	0	1.0	0.0	9.092
TWST1_HUMAN	7291	TWIST1	9.089	962	1	3	1.0	0.0	9.089
FGF1_HUMAN	2246	FGF1	9.079	986	1	2	1.0	0.0	9.079
4EBP1_HUMAN	1978	EIF4EBP1	9.061	1027	1	3	1.0	0.0	9.061
DOPO_HUMAN	1621	DBH	9.06	1028	1	0	1.0	0.0	9.06
STS_HUMAN	412	STS	9.052	1048	1	0	1.0	0.0	9.052
P73_HUMAN	7161	TP73	9.047	1060	1	1	1.0	0.0	9.047
OGG1_HUMAN	4968	OGG1	9.046	1062	1	0	1.0	0.0	9.046
APEX1_HUMAN	328	APEX1	9.044	1067	1	0	1.0	0.0	9.044
TGFR2_HUMAN	7048	TGFBR2	9.038	1083	1	0	1.0	0.0	9.038
MICA_HUMAN	100507436	MICA	9.016	1138	1	0	1.0	0.0	9.016
PTN11_HUMAN	5781	PTPN11	9.012	1150	1	1	1.0	0.0	9.012
H2AX_HUMAN	3014	H2AFX	8.998	1188	1	0	1.0	0.0	8.998
NF2L2_HUMAN	4780	NFE2L2	8.992	2742	1	10	1.0	0.041	8.634
XRCC1_HUMAN	7515	XRCC1	8.978	1242	1	0	1.0	0.0	8.978
MECP2_HUMAN	4204	MECP2	8.971	1263	1	1	1.0	0.0	8.971
DYR_HUMAN	1719	DHFR	8.957	1305	1	0	1.0	0.0	8.957
CASP7_HUMAN	840	CASP7	8.956	1307	1	0	1.0	0.0	8.956
ANGP1_HUMAN	284	ANGPT1	8.942	1351	1	0	1.0	0.0	8.942
NPM_HUMAN	4869	NPM1	8.942	1351	1	0	1.0	0.0	8.942
TSC2_HUMAN	7249	TSC2	8.941	1353	1	0	1.0	0.0	8.941
NQO1_HUMAN	1728	NQO1	8.913	1445	1	0	1.0	0.0	8.913
ITB3_HUMAN	3690	ITGB3	8.906	1468	1	0	1.0	0.0	8.906
E2F1_HUMAN	1869	E2F1	8.893	1512	1	0	1.0	0.0	8.893
DNMT1_HUMAN	1786	DNMT1	8.875	1576	1	1	1.0	0.0	8.875
CBP_HUMAN	1387	CREBBP	8.868	1601	1	4	1.0	0.0	8.868
VEGFC_HUMAN	7424	VEGFC	8.866	1609	1	4	1.0	0.0	8.866
PER1_HUMAN	5187	PER1	8.863	1621	1	3	1.0	0.0	8.863
RAD51_HUMAN	5888	RAD51	8.86	1631	1	0	1.0	0.0	8.86
CADH2_HUMAN	1000	CDH2	8.846	1685	1	0	1.0	0.0	8.846
IDHC_HUMAN	3417	IDH1	8.846	1683	1	8	1.0	0.0	8.846
KPCA_HUMAN	5578	PRKCA	8.822	1780	1	0	1.0	0.0	8.822
TDT_HUMAN	1791	DNTT	8.82	1787	1	0	1.0	0.0	8.82
CDN2B_HUMAN	1030	CDKN2B	8.811	1824	1	2	1.0	0.0	8.811
FUT4_HUMAN	2526	FUT4	8.803	1860	1	0	1.0	0.0	8.803
SMAD2_HUMAN	4087	SMAD2	8.791	1913	1	0	1.0	0.0	8.791
KPCD_HUMAN	5580	PRKCD	8.79	1915	1	0	1.0	0.0	8.79
GSTT1_HUMAN	2952	GSTT1	8.787	1930	1	0	1.0	0.0	8.787
SPB3_HUMAN	6317	SERPINB3	8.78	1962	1	0	1.0	0.0	8.78
PAX5_HUMAN	5079	PAX5	8.779	1964	1	0	1.0	0.0	8.779
CATD_HUMAN	1509	CTSD	8.755	2076	1	0	1.0	0.0	8.755
CP2E1_HUMAN	1571	CYP2E1	8.753	2088	1	0	1.0	0.0	8.753
TSP1_HUMAN	7057	THBS1	8.717	2268	1	0	1.0	0.0	8.717
VHL_HUMAN	7428	VHL	8.714	2280	1	1	1.0	0.0	8.714
WT1_HUMAN	7490	WT1	8.712	2295	1	0	1.0	0.0	8.712
BAD_HUMAN	572	BAD	8.704	2337	1	0	1.0	0.0	8.704
RHOA_HUMAN	387	RHOA	8.7	2356	1	6	1.0	0.0	8.7
GSTP1_HUMAN	2950	GSTP1	8.698	2367	1	0	1.0	0.0	8.698
CP2B6_HUMAN	1555	CYP2B6	8.685	2440	1	0	1.0	0.0	8.685
ELNE_HUMAN	1991	ELANE	8.683	2453	1	0	1.0	0.0	8.683
BGAL_HUMAN	2720	GLB1	8.682	2455	1	0	1.0	0.0	8.682
SIR1_HUMAN	23411	SIRT1	8.682	2460	1	1	1.0	0.0	8.682
CREB1_HUMAN	1385	CREB1	8.68	2466	1	0	1.0	0.0	8.68
B3GA1_HUMAN	27087	B3GAT1	8.68	2467	1	0	1.0	0.0	8.68
MET_HUMAN	4233	MET	8.675	2497	1	2	1.0	0.0	8.675
CSF1_HUMAN	1435	CSF1	8.655	2616	1	0	1.0	0.0	8.655
CAH1_HUMAN	759	CA1	8.651	2638	1	0	1.0	0.0	8.651
PROM1_HUMAN	8842	PROM1	8.641	2703	1	5	1.0	0.0	8.641
HPT_HUMAN	3240	HP	8.63	2768	1	1	1.0	0.0	8.63
VGFR1_HUMAN	2321	FLT1	8.619	2839	1	1	1.0	0.0	8.619
S100B_HUMAN	6285	S100B	8.587	3058	1	0	1.0	0.0	8.587
GCR_HUMAN	2908	NR3C1	8.56	3252	1	0	1.0	0.0	8.56
IFI27_HUMAN	3429	IFI27	8.551	3320	1	0	1.0	0.0	8.551
CMGA_HUMAN	1113	CHGA	8.534	3455	1	0	1.0	0.0	8.534
MBP_HUMAN	4155	MBP	8.515	3613	1	0	1.0	0.0	8.515
IFNA2_HUMAN	3440	IFNA2	8.506	3683	1	0	1.0	0.0	8.506
TEN1_HUMAN	10178	TENM1	8.5	3736	1	0	1.0	0.0	8.5
CCR5_HUMAN	1234	CCR5	8.496	3774	1	0	1.0	0.0	8.496
CD80_HUMAN	941	CD80	8.487	3851	1	0	1.0	0.0	8.487
IL18_HUMAN	3606	IL18	8.475	3957	1	2	1.0	0.0	8.475
RET_HUMAN	5979	RET	8.444	4253	1	4	1.0	0.0	8.444
HGF_HUMAN	3082	HGF	8.428	4410	1	0	1.0	0.0	8.428
TNFL6_HUMAN	356	FASLG	8.42	4494	1	1	1.0	0.0	8.42
SHBG_HUMAN	6462	SHBG	8.402	4679	1	0	1.0	0.0	8.402
TNF10_HUMAN	8743	TNFSF10	8.388	4830	1	0	1.0	0.0	8.388
EGF_HUMAN	1950	EGF	8.382	4898	1	0	1.0	0.0	8.382
IGF2_HUMAN	3481	IGF2	8.368	5059	1	0	1.0	0.0	8.368
CHLE_HUMAN	590	BCHE	8.364	5112	1	0	1.0	0.0	8.364
NOS2_HUMAN	4843	NOS2	8.354	5227	1	5	1.0	0.0	8.354
CASP8_HUMAN	841	CASP8	8.326	5573	1	1	1.0	0.0	8.326
JUN_HUMAN	3725	JUN	8.323	5610	1	1	1.0	0.0	8.323
A1AT_HUMAN	5265	SERPINA1	8.279	6209	1	0	1.0	0.0	8.279
BRCA2_HUMAN	675	BRCA2	8.274	6283	1	0	1.0	0.0	8.274
B2MG_HUMAN	567	B2M	8.262	6463	1	0	1.0	0.0	8.262
VGFR2_HUMAN	3791	KDR	8.262	6464	1	0	1.0	0.0	8.262
CYC_HUMAN	54205	CYCS	8.244	6736	1	0	1.0	0.0	8.244
ANXA5_HUMAN	308	ANXA5	8.233	6904	1	0	1.0	0.0	8.233
EDN1_HUMAN	1906	EDN1	8.219	7138	1	0	1.0	0.0	8.219
HIF1A_HUMAN	3091	HIF1A	8.219	7140	1	0	1.0	0.0	8.219
COX8A_HUMAN	1351	COX8A	8.169	7998	1	0	1.0	0.0	8.169
ALAT1_HUMAN	2875	GPT	8.165	8086	1	0	1.0	0.0	8.165
VIME_HUMAN	7431	VIM	8.061	10272	1	0	1.0	0.0	8.061
ANGT_HUMAN	183	AGT	8.008	11591	1	0	1.0	0.0	8.008
MK03_HUMAN	5595	MAPK3	8.002	11751	1	0	1.0	0.0	8.002
CSF3_HUMAN	1440	CSF3	7.992	12033	1	0	1.0	0.0	7.992
TRFE_HUMAN	7018	TF	7.985	12237	1	0	1.0	0.0	7.985
THRB_HUMAN	2147	F2	7.906	14673	1	0	1.0	0.0	7.906
CD59_HUMAN	966	CD59	7.903	14755	1	1	1.0	0.0	7.903
ACE_HUMAN	1636	ACE	7.903	14773	1	0	1.0	0.0	7.903
IL4_HUMAN	3565	IL4	7.82	17876	1	1	1.0	0.0	7.82
CASP3_HUMAN	836	CASP3	7.786	19304	1	1	1.0	0.0	7.786
IL8_HUMAN	3576	CXCL8	7.664	25628	1	1	1.0	0.0	7.664
IFNG_HUMAN	3458	IFNG	7.535	34431	1	0	1.0	0.0	7.535
TNFA_HUMAN	7124	TNF	7.192	75731	1	0	1.0	0.0	7.192
