Big_T	54020
Big_F	17581914
UniProtKB_ID	GeneID	Gene_Name	PPS	Big_P	T+P	Citation	1+Log(T+P)	log10((Cit/yr+1)/10)	1+log10(F/T)+log10(F/P)
SYUA_HUMAN	6622	SNCA	38.06	2782	256	625	3.408	1.797	7.313
TADBP_HUMAN	23435	TARDBP	35.656	1158	112	384	3.049	1.585	7.693
IAPP_HUMAN	3375	IAPP	34.818	1452	182	210	3.26	1.324	7.595
HD_HUMAN	3064	HTT	34.372	1323	124	255	3.093	1.408	7.635
A4_HUMAN	351	APP	32.365	7204	198	247	3.297	1.394	6.899
APRIO_HUMAN	5621	PRNP	31.789	3805	167	160	3.223	1.207	7.177
SODC_HUMAN	6647	SOD1	30.561	5101	117	184	3.068	1.267	7.049
TAU_HUMAN	4137	MAPT	30.387	1125	66	132	2.82	1.124	7.706
TTHY_HUMAN	7276	TTR	27.919	2098	79	71	2.898	0.857	7.435
CI072_HUMAN	203228	C9orf72	26.758	564	22	99	2.342	1.0	8.006
SYNEM_HUMAN	23336	SYNM	25.663	568	23	69	2.362	0.845	8.003
HSP74_HUMAN	3308	HSPA4	25.181	4092	44	75	2.643	0.881	7.145
APOE_HUMAN	348	APOE	24.778	10879	64	75	2.806	0.881	6.72
FIBB_HUMAN	2244	FGB	24.61	15352	265	20	3.423	0.322	6.571
LYSC_HUMAN	4069	LYZ	24.456	1675	36	48	2.556	0.69	7.533
CLUS_HUMAN	1191	CLU	23.932	861	31	36	2.491	0.568	7.822
ICAM1_HUMAN	3383	ICAM1	23.864	11659	82	44	2.914	0.653	6.69
PARK7_HUMAN	11315	PARK7	23.617	579	18	49	2.255	0.699	7.994
FCERA_HUMAN	2205	FCER1A	23.512	805	38	25	2.58	0.415	7.851
FINC_HUMAN	2335	FN1	23.415	12999	93	35	2.968	0.556	6.643
ATX3_HUMAN	4287	ATXN3	22.993	909	24	36	2.38	0.568	7.798
HSF1_HUMAN	3297	HSF1	22.695	652	16	44	2.204	0.653	7.943
PSN1_HUMAN	5663	PSEN1	22.611	1680	15	66	2.176	0.826	7.532
CRYAB_HUMAN	1410	CRYAB	22.607	190	16	28	2.204	0.462	8.478
FUS_HUMAN	2521	FUS	22.417	708	12	56	2.079	0.756	7.907
BACE1_HUMAN	23621	BACE1	21.897	729	18	32	2.255	0.519	7.894
LRRK2_HUMAN	120892	LRRK2	21.875	876	21	29	2.322	0.477	7.814
FANCB_HUMAN	2187	FANCB	21.872	4785	56	21	2.748	0.342	7.077
NUP62_HUMAN	23636	NUP62	21.686	979	20	30	2.301	0.491	7.766
APOB_HUMAN	338	APOB	21.593	9710	36	42	2.556	0.633	6.77
CFTR_HUMAN	1080	CFTR	21.592	4546	20	54	2.301	0.74	7.099
HSPB1_HUMAN	3315	HSPB1	21.421	1880	27	26	2.431	0.431	7.483
CADH2_HUMAN	1000	CDH2	21.187	1685	31	20	2.491	0.322	7.53
INS_HUMAN	3630	INS	21.178	42836	70	40	2.845	0.613	6.125
HLAG_HUMAN	3135	HLA-G	21.128	2247	31	22	2.491	0.362	7.405
DNJB6_HUMAN	10049	DNAJB6	21.035	50	10	20	2.0	0.322	9.058
FGF2_HUMAN	2247	FGF2	20.721	6580	19	50	2.279	0.708	6.939
B2MG_HUMAN	567	B2M	20.601	6463	33	27	2.519	0.447	6.946
DESM_HUMAN	1674	DES	20.57	3365	28	24	2.447	0.398	7.23
CSF2_HUMAN	1437	CSF2	20.498	14987	42	30	2.623	0.491	6.581
A1AT_HUMAN	5265	SERPINA1	20.262	6209	28	28	2.447	0.462	6.964
CTNB1_HUMAN	1499	CTNNB1	20.109	8844	39	22	2.591	0.362	6.81
SYUB_HUMAN	6620	SNCB	19.86	68	7	23	1.845	0.38	8.924
CDK5_HUMAN	1020	CDK5	19.514	558	13	20	2.114	0.322	8.01
FPR1_HUMAN	2357	FPR1	19.453	3542	50	4	2.699	0.0	7.208
CRP_HUMAN	1401	CRP	19.451	36788	73	18	2.863	0.279	6.19
ACES_HUMAN	43	ACHE	19.21	4133	49	6	2.69	0.0	7.141
CADH1_HUMAN	999	CDH1	19.205	9209	32	20	2.505	0.322	6.793
MTOR_HUMAN	2475	MTOR	19.067	14590	20	38	2.301	0.591	6.593
THRB_HUMAN	2147	F2	18.948	14673	75	8	2.875	0.0	6.59
SFTPD_HUMAN	6441	SFTPD	18.907	795	15	16	2.176	0.23	7.857
EGFR_HUMAN	1956	EGFR	18.904	30695	37	27	2.568	0.447	6.269
HSPB8_HUMAN	26353	HSPB8	18.855	105	8	17	1.903	0.255	8.736
HS105_HUMAN	10808	HSPH1	18.776	75	10	12	2.0	0.114	8.882
MYOC_HUMAN	4653	MYOC	18.652	480	12	16	2.079	0.23	8.076
LDLR_HUMAN	3949	LDLR	18.628	4411	16	25	2.204	0.415	7.112
KCMB2_HUMAN	10242	KCNMB2	18.599	8108	40	12	2.602	0.114	6.848
CRYAA_HUMAN	1409	CRYAA	18.444	69	9	12	1.954	0.114	8.918
ALBU_HUMAN	213	ALB	18.428	8072	49	7	2.69	0.0	6.85
P53_HUMAN	7157	TP53	18.341	46130	32	31	2.505	0.505	6.093
HSPB6_HUMAN	126393	HSPB6	18.337	121	13	7	2.114	0.0	8.674
DMBT1_HUMAN	1755	DMBT1	18.319	181	13	10	2.114	0.041	8.499
FCGR1_HUMAN	2209	FCGR1A	18.281	1935	28	5	2.447	0.0	7.47
EPCAM_HUMAN	4072	EPCAM	18.276	1509	6	42	1.778	0.633	7.578
CISY_HUMAN	1431	CS	18.21	810	19	10	2.279	0.041	7.848
AKT1_HUMAN	207	AKT1	18.103	18505	22	27	2.342	0.447	6.49
VIME_HUMAN	7431	VIM	18.085	10272	20	23	2.301	0.38	6.745
APOA1_HUMAN	335	APOA1	18.028	7665	30	13	2.477	0.146	6.872
OPTN_HUMAN	10133	OPTN	17.996	356	6	25	1.778	0.415	8.205
CYC_HUMAN	54205	CYCS	17.874	6736	20	18	2.301	0.279	6.929
HDAC6_HUMAN	10013	HDAC6	17.554	378	7	19	1.845	0.301	8.179
CYTB_HUMAN	1476	CSTB	17.533	346	8	16	1.903	0.23	8.218
SOMA_HUMAN	2688	GH1	17.386	20651	50	7	2.699	0.0	6.442
ELN_HUMAN	2006	ELN	17.322	3538	23	10	2.362	0.041	7.208
RMD1_HUMAN	51115	RMDN1	17.284	278	10	11	2.0	0.079	8.313
PABP2_HUMAN	8106	PABPN1	17.247	136	10	7	2.0	0.0	8.623
C5AR1_HUMAN	728	C5AR1	17.202	2235	21	2	2.322	0.0	7.408
IFNG_HUMAN	3458	IFNG	16.994	34431	36	14	2.556	0.176	6.219
CYTC_HUMAN	1471	CST3	16.902	3479	22	8	2.342	0.0	7.215
EPO_HUMAN	2056	EPO	16.889	15574	34	10	2.531	0.041	6.564
NEUR1_HUMAN	4758	NEU1	16.886	4047	23	4	2.362	0.0	7.15
A2MG_HUMAN	2	A2M	16.839	2748	20	1	2.301	0.0	7.318
GSK3B_HUMAN	2932	GSK3B	16.726	2838	13	14	2.114	0.176	7.304
APOC2_HUMAN	344	APOC2	16.722	518	12	3	2.079	0.0	8.043
LEG9_HUMAN	3965	LGALS9	16.658	268	10	9	2.0	0.0	8.329
CSF3_HUMAN	1440	CSF3	16.634	12033	31	3	2.491	0.0	6.677
GLPA_HUMAN	2993	GYPA	16.527	1138	14	2	2.146	0.0	7.701
MTAP2_HUMAN	4133	MAP2	16.447	948	13	4	2.114	0.0	7.78
HS90A_HUMAN	3320	HSP90AA1	16.422	2989	15	11	2.176	0.079	7.281
CATD_HUMAN	1509	CTSD	16.398	2076	8	19	1.903	0.301	7.44
IL6_HUMAN	3569	IL6	16.393	53611	25	20	2.398	0.322	6.026
CHIP_HUMAN	10273	STUB1	16.36	36	4	14	1.602	0.176	9.201
DNJB1_HUMAN	3337	DNAJB1	16.308	122	4	18	1.602	0.279	8.671
FCAR_HUMAN	2204	FCAR	16.261	273	9	2	1.954	0.0	8.321
MBP_HUMAN	4155	MBP	16.236	3613	18	9	2.255	0.0	7.199
ITAL_HUMAN	3683	ITGAL	16.235	3006	17	1	2.23	0.0	7.279
CRGD_HUMAN	1421	CRYGD	16.192	220	7	11	1.845	0.079	8.415
TGFB1_HUMAN	7040	TGFB1	16.186	24445	12	28	2.079	0.462	6.369
CXL13_HUMAN	10563	CXCL13	16.138	570	8	12	1.903	0.114	8.001
SQSTM_HUMAN	8878	SQSTM1	16.137	593	7	14	1.845	0.176	7.984
COCH_HUMAN	1690	COCH	16.134	103	7	5	1.845	0.0	8.744
BGH3_HUMAN	7045	TGFBI	16.118	499	10	2	2.0	0.0	8.059
ITB2_HUMAN	3689	ITGB2	16.109	2806	16	5	2.204	0.0	7.309
CH60_HUMAN	3329	HSPD1	16.05	1898	14	3	2.146	0.0	7.479
IL2_HUMAN	3558	IL2	15.971	30132	35	2	2.544	0.0	6.278
IGF1_HUMAN	3479	IGF1	15.93	21183	20	14	2.301	0.176	6.431
TPPP_HUMAN	11076	TPPP	15.916	429	7	12	1.845	0.114	8.124
PICK1_HUMAN	9463	PICK1	15.818	1091	7	15	1.845	0.204	7.719
BGAL_HUMAN	2720	GLB1	15.81	2455	14	1	2.146	0.0	7.367
LALBA_HUMAN	3906	LALBA	15.768	488	9	1	1.954	0.0	8.069
APLP1_HUMAN	333	APLP1	15.763	78	6	4	1.778	0.0	8.865
CEAM3_HUMAN	1084	CEACAM3	15.647	9052	20	2	2.301	0.0	6.8
GFAP_HUMAN	2670	GFAP	15.638	3173	13	10	2.114	0.041	7.255
CAF1A_HUMAN	10036	CHAF1A	15.618	355	8	1	1.903	0.0	8.207
FBN1_HUMAN	2200	FBN1	15.583	923	10	3	2.0	0.0	7.792
BMP1_HUMAN	649	BMP1	15.555	2505	5	25	1.699	0.415	7.358
PH4H_HUMAN	5053	PAH	15.545	965	10	3	2.0	0.0	7.772
SPYA_HUMAN	189	AGXT	15.388	1156	10	3	2.0	0.0	7.694
CDR1_HUMAN	1038	CDR1	15.376	1172	10	9	2.0	0.0	7.688
MFGM_HUMAN	4240	MFGE8	15.367	481	8	1	1.903	0.0	8.075
UROM_HUMAN	7369	UMOD	15.364	269	7	0	1.845	0.0	8.327
ERN1_HUMAN	2081	ERN1	15.36	595	7	11	1.845	0.079	7.982
CAMP_HUMAN	820	CAMP	15.307	1473	8	12	1.903	0.114	7.589
TRFE_HUMAN	7018	TF	15.272	12237	15	12	2.176	0.114	6.669
CO3_HUMAN	718	C3	15.232	4567	14	2	2.146	0.0	7.097
ATX1_HUMAN	6310	ATXN1	15.2	589	8	4	1.903	0.0	7.987
GLI2_HUMAN	2736	GLI2	15.175	4855	14	4	2.146	0.0	7.071
EGF_HUMAN	1950	EGF	15.166	4898	14	1	2.146	0.0	7.067
TNFA_HUMAN	7124	TNF	15.149	75731	27	13	2.431	0.146	5.877
ITAM_HUMAN	3684	ITGAM	15.146	5008	14	0	2.146	0.0	7.057
GLCM_HUMAN	2629	GBA	15.127	787	6	13	1.778	0.146	7.861
COX8A_HUMAN	1351	COX8A	15.107	7998	16	0	2.204	0.0	6.854
FCG2A_HUMAN	2212	FCGR2A	15.105	1066	9	6	1.954	0.0	7.729
IL1RA_HUMAN	3557	IL1RN	15.026	4455	13	0	2.114	0.0	7.108
CADH6_HUMAN	1004	CDH6	15.015	83	5	2	1.699	0.0	8.838
VAPB_HUMAN	9217	VAPB	14.964	89	5	6	1.699	0.0	8.808
CAH2_HUMAN	760	CA2	14.958	2690	11	0	2.041	0.0	7.327
C1QA_HUMAN	712	C1QA	14.928	2781	11	0	2.041	0.0	7.313
ADA10_HUMAN	102	ADAM10	14.895	483	7	7	1.845	0.0	8.073
IL1B_HUMAN	3553	IL1B	14.889	28325	23	8	2.362	0.0	6.304
ANXA5_HUMAN	308	ANXA5	14.846	6904	14	4	2.146	0.0	6.918
SFTA1_HUMAN	653509	SFTPA1	14.83	1473	9	4	1.954	0.0	7.589
CR1_HUMAN	1378	CR1	14.805	2262	10	9	2.0	0.0	7.402
SAMP_HUMAN	325	APCS	14.794	548	7	0	1.845	0.0	8.018
IFM1_HUMAN	8519	IFITM1	14.707	126	5	2	1.699	0.0	8.657
IDE_HUMAN	3416	IDE	14.7	309	6	4	1.778	0.0	8.267
CEBPA_HUMAN	1050	CEBPA	14.695	1727	5	17	1.699	0.255	7.52
CD24_HUMAN	100133941	CD24	14.678	1346	6	13	1.778	0.146	7.628
PARP1_HUMAN	142	PARP1	14.668	6579	13	9	2.114	0.0	6.939
CADH5_HUMAN	1003	CDH5	14.66	1131	8	5	1.903	0.0	7.703
DNJC5_HUMAN	80331	DNAJC5	14.66	109	3	15	1.477	0.204	8.72
HSP7C_HUMAN	3312	HSPA8	14.656	651	7	7	1.845	0.0	7.943
LRP4_HUMAN	4038	LRP4	14.656	135	5	0	1.699	0.0	8.627
CR2_HUMAN	1380	CR2	14.653	1815	9	2	1.954	0.0	7.498
FLNC_HUMAN	2318	FLNC	14.638	335	6	7	1.778	0.0	8.232
FCGRN_HUMAN	2217	FCGRT	14.63	1173	8	1	1.903	0.0	7.688
ANDR_HUMAN	367	AR	14.624	6901	13	6	2.114	0.0	6.918
CADM1_HUMAN	23705	CADM1	14.586	358	6	6	1.778	0.0	8.203
GELS_HUMAN	2934	GSN	14.573	722	7	5	1.845	0.0	7.898
CD99_HUMAN	4267	CD99	14.572	1258	8	2	1.903	0.0	7.657
DQB1_HUMAN	3119	HLA-DQB1	14.559	3227	6	16	1.778	0.23	7.248
LEG1_HUMAN	3956	LGALS1	14.558	2031	9	6	1.954	0.0	7.449
FRDA_HUMAN	2395	FXN	14.473	818	7	9	1.845	0.0	7.844
PIN1_HUMAN	5300	PIN1	14.447	429	4	14	1.602	0.176	8.124
CMGA_HUMAN	1113	CHGA	14.437	3455	10	1	2.0	0.0	7.218
CERU_HUMAN	1356	CP	14.426	2373	9	0	1.954	0.0	7.382
PHF1_HUMAN	5252	PHF1	14.42	186	5	6	1.699	0.0	8.487
FA8_HUMAN	2157	F8	14.407	3577	10	1	2.0	0.0	7.203
GAN_HUMAN	8139	GAN	14.396	59	4	5	1.602	0.0	8.986
PERF_HUMAN	5551	PRF1	14.363	319	5	10	1.699	0.041	8.253
NFASC_HUMAN	23114	NFASC	14.362	62	4	8	1.602	0.0	8.965
UBQL1_HUMAN	29979	UBQLN1	14.362	62	4	5	1.602	0.0	8.965
LEG3_HUMAN	3958	LGALS3	14.355	1637	8	8	1.903	0.0	7.543
2B13_HUMAN	3123	HLA-DRB1	14.354	5313	11	3	2.041	0.0	7.032
FCG3A_HUMAN	2214	FCGR3A	14.322	5507	11	2	2.041	0.0	7.016
IFNB_HUMAN	3456	IFNB1	14.316	5545	11	5	2.041	0.0	7.013
PSPC_HUMAN	6440	SFTPC	14.315	509	6	2	1.778	0.0	8.05
TNR6_HUMAN	355	FAS	14.264	2871	9	6	1.954	0.0	7.299
ANXA7_HUMAN	310	ANXA7	14.248	73	4	0	1.602	0.0	8.894
ITM2B_HUMAN	9445	ITM2B	14.248	73	4	5	1.602	0.0	8.894
PLMN_HUMAN	5340	PLG	14.228	2993	9	0	1.954	0.0	7.281
PTPRC_HUMAN	5788	PTPRC	14.224	6151	11	2	2.041	0.0	6.968
HBG2_HUMAN	3048	HBG2	14.214	1130	7	0	1.845	0.0	7.704
ARL11_HUMAN	115761	ARL11	14.196	14	3	1	1.477	0.0	9.611
MUSK_HUMAN	4593	MUSK	14.193	253	5	3	1.699	0.0	8.354
CD44_HUMAN	960	CD44	14.157	6231	9	11	1.954	0.079	6.962
CD4_HUMAN	920	CD4	14.156	54739	15	14	2.176	0.176	6.018
CATB_HUMAN	1508	CTSB	14.15	2098	8	5	1.903	0.0	7.435
MYOTI_HUMAN	9499	MYOT	14.142	85	4	1	1.602	0.0	8.828
FILA_HUMAN	2312	FLG	14.14	638	6	6	1.778	0.0	7.952
TBB3_HUMAN	10381	TUBB3	14.117	657	6	1	1.778	0.0	7.939
MCH_HUMAN	5367	PMCH	14.115	659	6	0	1.778	0.0	7.938
VPP2_HUMAN	23545	ATP6V0A2	14.091	680	6	4	1.778	0.0	7.924
RASH_HUMAN	3265	HRAS	14.087	2263	8	0	1.903	0.0	7.402
OPSD_HUMAN	6010	RHO	14.082	1333	7	6	1.845	0.0	7.632
OSTP_HUMAN	6696	SPP1	14.043	3725	9	3	1.954	0.0	7.186
CTLA4_HUMAN	1493	CTLA4	14.02	3826	9	4	1.954	0.0	7.174
CRBB2_HUMAN	1415	CRYBB2	13.989	106	4	5	1.602	0.0	8.732
TEBP_HUMAN	10728	PTGES3	13.979	338	5	2	1.699	0.0	8.228
DNAS1_HUMAN	1773	DNASE1	13.941	356	5	0	1.699	0.0	8.205
CASB_HUMAN	1447	CSN2	13.914	118	4	0	1.602	0.0	8.685
CRBS_HUMAN	1427	CRYGS	13.906	22	3	4	1.477	0.0	9.415
DNJB2_HUMAN	3300	DNAJB2	13.906	22	3	3	1.477	0.0	9.415
MYH14_HUMAN	79784	MYH14	13.906	2817	8	1	1.903	0.0	7.307
K1C18_HUMAN	3875	KRT18	13.899	1674	7	6	1.845	0.0	7.533
LCK_HUMAN	3932	LCK	13.899	872	6	4	1.778	0.0	7.816
FCG2B_HUMAN	2213	FCGR2B	13.889	382	5	5	1.699	0.0	8.175
TNFL6_HUMAN	356	FASLG	13.883	4494	9	3	1.954	0.0	7.104
IL24_HUMAN	11009	IL24	13.853	441	3	16	1.477	0.23	8.113
PLK2_HUMAN	10769	PLK2	13.826	134	4	9	1.602	0.0	8.63
SPESP_HUMAN	246777	SPESP1	13.824	25	3	2	1.477	0.0	9.359
CATG_HUMAN	1511	CTSG	13.82	966	6	1	1.778	0.0	7.772
MLP3A_HUMAN	84557	MAP1LC3A	13.802	988	6	8	1.778	0.0	7.762
MT2_HUMAN	4502	MT2A	13.8	991	6	1	1.778	0.0	7.761
ANT3_HUMAN	462	SERPINC1	13.795	7231	10	0	2.0	0.0	6.898
OGA_HUMAN	10724	MGEA5	13.75	2017	7	9	1.845	0.0	7.452
CALCA_HUMAN	796	CALCA	13.742	3435	8	0	1.903	0.0	7.221
MYC_HUMAN	4609	MYC	13.712	10313	6	17	1.778	0.255	6.743
1B07_HUMAN	3106	HLA-B	13.708	7993	10	6	2.0	0.0	6.854
IFNA2_HUMAN	3440	IFNA2	13.685	3683	8	2	1.903	0.0	7.191
GLCNE_HUMAN	10020	GNE	13.681	165	4	5	1.602	0.0	8.539
NFL_HUMAN	4747	NEFL	13.67	564	3	16	1.477	0.23	8.006
EWS_HUMAN	2130	EWSR1	13.612	862	5	10	1.699	0.041	7.821
PROF1_HUMAN	5216	PFN1	13.609	183	4	4	1.602	0.0	8.494
RIPK3_HUMAN	11035	RIPK3	13.608	160	3	12	1.477	0.114	8.553
AGRIN_HUMAN	375790	AGRN	13.601	185	4	8	1.602	0.0	8.49
PERM_HUMAN	4353	MPO	13.589	6357	9	4	1.954	0.0	6.954
MUC1_HUMAN	4582	MUC1	13.57	4231	8	7	1.903	0.0	7.13
NFM_HUMAN	4741	NEFM	13.557	197	4	0	1.602	0.0	8.462
CBSL_HUMAN	875	CBSL	13.508	640	5	3	1.699	0.0	7.951
E7ETZ0_HUMAN	801	CALM1	13.505	1452	6	4	1.778	0.0	7.595
CBPQ_HUMAN	10404	CPQ	13.499	648	5	0	1.699	0.0	7.945
ADA1D_HUMAN	146	ADRA1D	13.494	2777	7	0	1.845	0.0	7.313
ADRB2_HUMAN	154	ADRB2	13.491	2787	7	5	1.845	0.0	7.312
GRP75_HUMAN	3313	HSPA9	13.49	217	4	2	1.602	0.0	8.42
COPT1_HUMAN	1317	SLC31A1	13.471	223	4	3	1.602	0.0	8.409
CRBB1_HUMAN	1414	CRYBB1	13.462	44	3	3	1.477	0.0	9.113
IL1A_HUMAN	3552	IL1A	13.453	14669	11	8	2.041	0.0	6.59
TACD2_HUMAN	4070	TACSTD2	13.45	230	4	1	1.602	0.0	8.395
IF2A_HUMAN	1965	EIF2S1	13.445	575	3	15	1.477	0.204	7.997
FYN_HUMAN	2534	FYN	13.445	697	5	8	1.699	0.0	7.914
ERBB2_HUMAN	2064	ERBB2	13.436	26330	11	11	2.041	0.079	6.336
DLG2_HUMAN	1740	DLG2	13.433	46	2	14	1.301	0.176	9.094
CBP_HUMAN	1387	CREBBP	13.43	1601	6	8	1.778	0.0	7.553
DYR1A_HUMAN	1859	DYRK1A	13.429	237	4	6	1.602	0.0	8.382
ARX_HUMAN	170302	ARX	13.429	237	4	7	1.602	0.0	8.382
P2Y12_HUMAN	64805	P2RY12	13.418	1626	6	5	1.778	0.0	7.546
CHLE_HUMAN	590	BCHE	13.414	5112	8	7	1.903	0.0	7.048
BAX_HUMAN	581	BAX	13.413	11225	10	4	2.0	0.0	6.707
PA21B_HUMAN	5319	PLA2G1B	13.394	3144	7	3	1.845	0.0	7.259
AK1A1_HUMAN	10327	AKR1A1	13.389	752	5	3	1.699	0.0	7.881
PRRT2_HUMAN	112476	PRRT2	13.376	765	5	1	1.699	0.0	7.873
FIBA_HUMAN	2243	FGA	13.364	260	4	0	1.602	0.0	8.342
MK14_HUMAN	1432	MAPK14	13.348	8447	9	5	1.954	0.0	6.83
GRN_HUMAN	2896	GRN	13.289	861	5	6	1.699	0.0	7.822
GLRX1_HUMAN	2745	GLRX	13.284	292	4	6	1.602	0.0	8.292
ICAM2_HUMAN	3384	ICAM2	13.267	299	4	3	1.602	0.0	8.281
FOXL2_HUMAN	668	FOXL2	13.262	301	4	1	1.602	0.0	8.278
MYH9_HUMAN	4627	MYH9	13.26	302	4	2	1.602	0.0	8.277
CDK2_HUMAN	1017	CDK2	13.211	3134	6	10	1.778	0.041	7.261
G6PD_HUMAN	2539	G6PD	13.204	3985	7	0	1.845	0.0	7.157
BMP2_HUMAN	650	BMP2	13.198	4018	7	2	1.845	0.0	7.153
FGF1_HUMAN	2246	FGF1	13.189	986	5	2	1.699	0.0	7.763
NEUS_HUMAN	5274	SERPINI1	13.173	69	3	2	1.477	0.0	8.918
ATX7_HUMAN	6314	ATXN7	13.17	344	4	4	1.602	0.0	8.22
KSYK_HUMAN	6850	SYK	13.15	1040	5	4	1.699	0.0	7.74
AACT_HUMAN	12	SERPINA3	13.121	1082	5	1	1.699	0.0	7.723
ELNE_HUMAN	1991	ELANE	13.1	2453	6	1	1.778	0.0	7.367
AGAL_HUMAN	2717	GLA	13.06	1174	5	0	1.699	0.0	7.687
CSF1_HUMAN	1435	CSF1	13.05	2616	6	1	1.778	0.0	7.339
CSH1_HUMAN	1442	CSH1	13.032	419	4	3	1.602	0.0	8.135
APH1A_HUMAN	51107	APH1A	13.032	86	3	7	1.477	0.0	8.822
GDNF_HUMAN	2668	GDNF	13.012	1253	5	3	1.699	0.0	7.659
TPA_HUMAN	5327	PLAT	13.001	5139	7	1	1.845	0.0	7.046
LYAM1_HUMAN	6402	SELL	12.987	2840	6	1	1.778	0.0	7.304
PDIA1_HUMAN	5034	P4HB	12.952	470	4	6	1.602	0.0	8.085
FMR1_HUMAN	2332	FMR1	12.919	1423	5	6	1.699	0.0	7.604
DNJA1_HUMAN	3301	DNAJA1	12.904	105	3	4	1.477	0.0	8.736
MSMB_HUMAN	4477	MSMB	12.9	507	4	3	1.602	0.0	8.052
MLH1_HUMAN	4292	MLH1	12.887	3231	6	1	1.778	0.0	7.248
SC6A4_HUMAN	6532	SLC6A4	12.883	3249	6	4	1.778	0.0	7.245
BRCA1_HUMAN	672	BRCA1	12.88	9743	8	6	1.903	0.0	6.768
FOXM1_HUMAN	2305	FOXM1	12.846	872	4	10	1.602	0.041	7.816
E2JJS1_HUMAN	100288687	DUX4	12.834	117	3	2	1.477	0.0	8.689
EDNRA_HUMAN	1909	EDNRA	12.831	1603	5	0	1.699	0.0	7.552
AMFR_HUMAN	267	AMFR	12.808	122	3	1	1.477	0.0	8.671
EPHA8_HUMAN	2046	EPHA8	12.787	126	3	0	1.477	0.0	8.657
MCHR1_HUMAN	2847	MCHR1	12.782	127	3	1	1.477	0.0	8.653
VWF_HUMAN	7450	VWF	12.763	6909	7	0	1.845	0.0	6.917
GSHR_HUMAN	2936	GSR	12.754	1778	5	0	1.699	0.0	7.507
NGF_HUMAN	4803	NGF	12.746	1798	5	2	1.699	0.0	7.502
NGLY1_HUMAN	55768	NGLY1	12.738	136	3	0	1.477	0.0	8.623
TITIN_HUMAN	7273	TTN	12.729	648	4	1	1.602	0.0	7.945
MIC60_HUMAN	10989	IMMT	12.697	145	3	5	1.477	0.0	8.596
IL8_HUMAN	3576	CXCL8	12.696	25628	10	5	2.0	0.0	6.348
NMBR_HUMAN	4829	NMBR	12.688	147	3	0	1.477	0.0	8.59
CDK20_HUMAN	23552	CDK20	12.671	704	4	1	1.602	0.0	7.909
PMEL_HUMAN	6490	PMEL	12.665	710	4	2	1.602	0.0	7.906
CP4V2_HUMAN	285440	CYP4V2	12.654	155	3	2	1.477	0.0	8.567
PDX1_HUMAN	3651	PDX1	12.651	725	4	1	1.602	0.0	7.897
S61A1_HUMAN	29927	SEC61A1	12.59	114	2	13	1.301	0.146	8.7
FKBP4_HUMAN	2288	FKBP4	12.583	173	3	6	1.477	0.0	8.519
MAP1B_HUMAN	4131	MAP1B	12.583	173	3	2	1.477	0.0	8.519
B3GN2_HUMAN	10678	B3GNT2	12.576	1273	4	10	1.602	0.041	7.652
NOTC3_HUMAN	4854	NOTCH3	12.575	809	4	5	1.602	0.0	7.849
ADA_HUMAN	100	ADA	12.562	2306	5	1	1.699	0.0	7.394
LOXL1_HUMAN	4016	LOXL1	12.554	181	3	3	1.477	0.0	8.499
CAD11_HUMAN	1009	CDH11	12.551	182	3	0	1.477	0.0	8.497
BACE2_HUMAN	25825	BACE2	12.551	182	3	3	1.477	0.0	8.497
DEF5_HUMAN	1670	DEFA5	12.54	185	3	5	1.477	0.0	8.49
PCY1B_HUMAN	9468	PCYT1B	12.54	185	3	2	1.477	0.0	8.49
ARF_HUMAN	1029	CDKN2A	12.535	9187	7	9	1.845	0.0	6.794
FHL1_HUMAN	2273	FHL1	12.527	189	3	5	1.477	0.0	8.48
FETUA_HUMAN	197	AHSG	12.521	874	4	1	1.602	0.0	7.815
KPCG_HUMAN	5582	PRKCG	12.487	201	3	1	1.477	0.0	8.454
VEGFA_HUMAN	7422	VEGFA	12.484	32733	10	5	2.0	0.0	6.242
SEM4D_HUMAN	10507	SEMA4D	12.478	204	3	2	1.477	0.0	8.447
CD81_HUMAN	975	CD81	12.477	549	3	11	1.477	0.079	8.017
FETA_HUMAN	174	AFP	12.441	10333	7	0	1.845	0.0	6.743
LT4R1_HUMAN	1241	LTB4R	12.438	217	3	0	1.477	0.0	8.42
TTBK1_HUMAN	84630	TTBK1	12.429	16	2	3	1.301	0.0	9.553
MDR1_HUMAN	5243	ABCB1	12.42	10598	7	5	1.845	0.0	6.731
APOL1_HUMAN	8542	APOL1	12.392	233	2	14	1.301	0.176	8.39
MMP2_HUMAN	4313	MMP2	12.391	10989	7	4	1.845	0.0	6.716
PDIA3_HUMAN	2923	PDIA3	12.371	241	3	3	1.477	0.0	8.375
ITB1_HUMAN	3688	ITGB1	12.368	2999	5	4	1.699	0.0	7.28
ENAH_HUMAN	55740	ENAH	12.355	247	3	1	1.477	0.0	8.364
DMPK_HUMAN	1760	DMPK	12.345	1125	4	7	1.602	0.0	7.706
CSK22_HUMAN	1459	CSNK2A2	12.342	252	3	0	1.477	0.0	8.356
COMP_HUMAN	1311	COMP	12.32	261	3	1	1.477	0.0	8.34
CO1A1_HUMAN	1277	COL1A1	12.319	1168	4	0	1.602	0.0	7.69
PERI_HUMAN	5630	PRPH	12.3	269	3	4	1.477	0.0	8.327
PML_HUMAN	5371	PML	12.298	1516	3	13	1.477	0.146	7.576
FAK2_HUMAN	2185	PTK2B	12.293	1212	4	0	1.602	0.0	7.673
ICAM3_HUMAN	3385	ICAM3	12.293	272	3	0	1.477	0.0	8.322
UROK_HUMAN	5328	PLAU	12.291	3329	5	3	1.699	0.0	7.235
PROC_HUMAN	5624	PROC	12.279	1238	4	4	1.602	0.0	7.664
APOD_HUMAN	347	APOD	12.275	280	3	2	1.477	0.0	8.31
SEPT4_HUMAN	5414	SEPT4	12.254	289	3	0	1.477	0.0	8.296
DYR_HUMAN	1719	DHFR	12.242	1305	4	2	1.602	0.0	7.641
LMNA_HUMAN	4000	LMNA	12.241	1307	4	3	1.602	0.0	7.641
DISC1_HUMAN	27185	DISC1	12.224	303	3	7	1.477	0.0	8.276
NPM_HUMAN	4869	NPM1	12.218	1351	4	3	1.602	0.0	7.626
CSPG2_HUMAN	1462	VCAN	12.207	311	3	4	1.477	0.0	8.264
CCR5_HUMAN	1234	CCR5	12.199	3774	5	6	1.699	0.0	7.18
ANXA6_HUMAN	309	ANXA6	12.191	319	3	2	1.477	0.0	8.253
ACHB_HUMAN	1140	CHRNB1	12.176	25	2	0	1.301	0.0	9.359
TGM2_HUMAN	7052	TGM2	12.17	1447	4	2	1.602	0.0	7.596
SOX9_HUMAN	6662	SOX9	12.165	1457	4	5	1.602	0.0	7.593
CXAR_HUMAN	1525	CXADR	12.156	337	3	2	1.477	0.0	8.229
KNG1_HUMAN	3827	KNG1	12.151	4025	5	0	1.699	0.0	7.152
NOD1_HUMAN	10392	NOD1	12.139	346	3	2	1.477	0.0	8.218
PLCB1_HUMAN	23236	PLCB1	12.137	347	3	0	1.477	0.0	8.217
L0N195_HUMAN	3439	IFNA1	12.116	8773	6	0	1.778	0.0	6.814
DYH8_HUMAN	1769	DNAH8	12.099	1603	4	1	1.602	0.0	7.552
SFPA2_HUMAN	729238	SFTPA2	12.088	1628	4	2	1.602	0.0	7.545
RAD51_HUMAN	5888	RAD51	12.087	1631	4	2	1.602	0.0	7.544
FOS_HUMAN	2353	FOS	12.085	4405	5	0	1.699	0.0	7.113
HGF_HUMAN	3082	HGF	12.084	4410	5	4	1.699	0.0	7.112
FGF23_HUMAN	8074	FGF23	12.084	1638	4	2	1.602	0.0	7.543
RACK1_HUMAN	10399	RACK1	12.082	256	2	13	1.301	0.146	8.349
RELN_HUMAN	5649	RELN	12.077	381	3	2	1.477	0.0	8.176
CEAM8_HUMAN	1088	CEACAM8	12.067	387	3	0	1.477	0.0	8.169
ARG28_HUMAN	64283	ARHGEF28	12.055	31	2	2	1.301	0.0	9.266
LYAM3_HUMAN	6403	SELP	12.052	4605	5	1	1.699	0.0	7.094
PRKN_HUMAN	5071	PRKN	12.044	401	3	1	1.477	0.0	8.154
RIC3_HUMAN	79608	RIC3	12.037	32	2	1	1.301	0.0	9.252
MOES_HUMAN	4478	MSN	12.027	412	3	1	1.477	0.0	8.142
RNAS1_HUMAN	6035	RNASE1	12.027	412	3	2	1.477	0.0	8.142
DDIT3_HUMAN	1649	DDIT3	12.024	4779	5	9	1.699	0.0	7.077
RFOX3_HUMAN	146713	RBFOX3	12.024	414	3	0	1.477	0.0	8.14
K1C20_HUMAN	54474	KRT20	12.007	10103	6	2	1.778	0.0	6.752
IL4_HUMAN	3565	IL4	12.001	17876	7	0	1.845	0.0	6.504
5HT2A_HUMAN	3356	HTR2A	11.993	1865	4	0	1.602	0.0	7.486
DRD1_HUMAN	1812	DRD1	11.98	443	3	2	1.477	0.0	8.111
MYP0_HUMAN	4359	MPZ	11.979	444	3	0	1.477	0.0	8.11
GPR37_HUMAN	2861	GPR37	11.97	36	2	1	1.301	0.0	9.201
ELAV1_HUMAN	1994	ELAVL1	11.966	453	3	8	1.477	0.0	8.101
41_HUMAN	2035	EPB41	11.965	454	3	0	1.477	0.0	8.1
TERA_HUMAN	7415	VCP	11.953	462	3	4	1.477	0.0	8.092
FCER2_HUMAN	2208	FCER2	11.95	1985	4	4	1.602	0.0	7.459
1A01_HUMAN	3105	HLA-A	11.941	5350	5	1	1.699	0.0	7.029
CLPB_HUMAN	81570	CLPB	11.94	38	2	0	1.301	0.0	9.177
CASP3_HUMAN	836	CASP3	11.939	19304	7	7	1.845	0.0	6.471
GRPR_HUMAN	2925	GRPR	11.937	474	3	1	1.477	0.0	8.081
NEP1_HUMAN	10436	EMG1	11.925	39	2	3	1.301	0.0	9.166
SGT1_HUMAN	10910	SUGT1	11.925	39	2	1	1.301	0.0	9.166
RAC1_HUMAN	5879	RAC1	11.904	2122	4	1	1.602	0.0	7.43
ANGT_HUMAN	183	AGT	11.9	11591	6	5	1.778	0.0	6.693
CNTF_HUMAN	1270	CNTF	11.897	504	3	0	1.477	0.0	8.055
STF1_HUMAN	2516	NR5A1	11.897	504	3	4	1.477	0.0	8.055
PSN2_HUMAN	5664	PSEN2	11.889	511	3	0	1.477	0.0	8.049
FBX7_HUMAN	25793	FBXO7	11.883	42	2	0	1.301	0.0	9.134
QPCT_HUMAN	25797	QPCT	11.883	42	2	0	1.301	0.0	9.134
CD82_HUMAN	3732	CD82	11.881	517	3	0	1.477	0.0	8.043
CDN1A_HUMAN	1026	CDKN1A	11.874	5857	5	4	1.699	0.0	6.989
DUS1_HUMAN	1843	DUSP1	11.87	526	3	0	1.477	0.0	8.036
HMDH_HUMAN	3156	HMGCR	11.867	2238	4	0	1.602	0.0	7.407
CD166_HUMAN	214	ALCAM	11.852	541	3	6	1.477	0.0	8.024
G3P_HUMAN	2597	GAPDH	11.833	2349	4	5	1.602	0.0	7.386
UPK1A_HUMAN	11045	UPK1A	11.832	46	2	1	1.301	0.0	9.094
PTPRT_HUMAN	11122	PTPRT	11.832	46	2	2	1.301	0.0	9.094
ANXA1_HUMAN	301	ANXA1	11.829	561	3	2	1.477	0.0	8.008
ABL1_HUMAN	25	ABL1	11.819	6311	5	1	1.699	0.0	6.957
TNR1A_HUMAN	7132	TNFRSF1A	11.819	2396	4	3	1.602	0.0	7.377
KC1D_HUMAN	1453	CSNK1D	11.808	48	2	3	1.301	0.0	9.076
SIR1_HUMAN	23411	SIRT1	11.801	2460	4	4	1.602	0.0	7.366
CREB1_HUMAN	1385	CREB1	11.799	2466	4	0	1.602	0.0	7.365
B3GA1_HUMAN	27087	B3GAT1	11.799	2467	4	0	1.602	0.0	7.365
PIMT_HUMAN	5110	PCMT1	11.796	49	2	1	1.301	0.0	9.067
TARA_HUMAN	11078	TRIOBP	11.796	49	2	0	1.301	0.0	9.067
FCRLB_HUMAN	127943	FCRLB	11.796	49	2	0	1.301	0.0	9.067
AHSA1_HUMAN	10598	AHSA1	11.785	50	2	0	1.301	0.0	9.058
FAIM3_HUMAN	9214	FCMR	11.774	51	2	3	1.301	0.0	9.049
KCMB1_HUMAN	3779	KCNMB1	11.761	2605	4	4	1.602	0.0	7.341
SC6A3_HUMAN	6531	SLC6A3	11.757	2619	4	6	1.602	0.0	7.339
CAH1_HUMAN	759	CA1	11.752	2638	4	5	1.602	0.0	7.336
SNCAP_HUMAN	9627	SNCAIP	11.752	53	2	2	1.301	0.0	9.033
PSIP1_HUMAN	11168	PSIP1	11.75	634	3	4	1.477	0.0	7.955
MCL1_HUMAN	4170	MCL1	11.744	2669	4	4	1.602	0.0	7.331
COX2_HUMAN	4513	MT-CO2	11.733	7092	5	1	1.699	0.0	6.906
EDN1_HUMAN	1906	EDN1	11.729	7138	5	0	1.699	0.0	6.903
HIF1A_HUMAN	3091	HIF1A	11.728	7140	5	5	1.699	0.0	6.903
ERP29_HUMAN	10961	ERP29	11.721	56	2	0	1.301	0.0	9.009
E3Q1N2_HUMAN	101927655	ZASP	11.721	56	2	1	1.301	0.0	9.009
COF1_HUMAN	1072	CFL1	11.717	668	3	2	1.477	0.0	7.932
FA10_HUMAN	2159	F10	11.717	2775	4	1	1.602	0.0	7.314
ACE_HUMAN	1636	ACE	11.713	14773	6	2	1.778	0.0	6.587
NBR1_HUMAN	4077	NBR1	11.701	58	2	3	1.301	0.0	8.994
C1GLC_HUMAN	29071	C1GALT1C1	11.701	58	2	3	1.301	0.0	8.994
PSPB_HUMAN	6439	SFTPB	11.683	704	3	3	1.477	0.0	7.909
ITA4_HUMAN	3676	ITGA4	11.679	708	3	1	1.477	0.0	7.907
DSG1_HUMAN	1828	DSG1	11.669	720	3	3	1.477	0.0	7.9
PRL_HUMAN	5617	PRL	11.665	7779	5	0	1.699	0.0	6.866
XBP1_HUMAN	7494	XBP1	11.663	726	3	2	1.477	0.0	7.896
CLMP_HUMAN	79827	CLMP	11.663	62	2	1	1.301	0.0	8.965
HMOX1_HUMAN	3162	HMOX1	11.655	3032	4	4	1.602	0.0	7.275
RTN3_HUMAN	10313	RTN3	11.654	63	2	2	1.301	0.0	8.958
CXA1_HUMAN	2697	GJA1	11.651	1865	3	11	1.477	0.079	7.486
BMPR2_HUMAN	659	BMPR2	11.649	743	3	3	1.477	0.0	7.886
AAPK2_HUMAN	5563	PRKAA2	11.649	743	3	7	1.477	0.0	7.886
FGF7_HUMAN	2252	FGF7	11.642	751	3	0	1.477	0.0	7.881
CHP1_HUMAN	11261	CHP1	11.638	755	3	0	1.477	0.0	7.879
CCR1_HUMAN	1230	CCR1	11.636	758	3	0	1.477	0.0	7.877
UBE4B_HUMAN	10277	UBE4B	11.636	65	2	5	1.301	0.0	8.944
PHF6_HUMAN	84295	PHF6	11.628	66	2	1	1.301	0.0	8.937
TNNI3_HUMAN	7137	TNNI3	11.623	1943	2	17	1.301	0.255	7.468
FGF20_HUMAN	26281	FGF20	11.619	67	2	0	1.301	0.0	8.931
DOK7_HUMAN	285489	DOK7	11.611	68	2	2	1.301	0.0	8.924
GP1BA_HUMAN	2811	GP1BA	11.605	795	3	0	1.477	0.0	7.857
LEUK_HUMAN	6693	SPN	11.599	802	3	0	1.477	0.0	7.853
MOGS_HUMAN	7841	MOGS	11.595	70	2	9	1.301	0.0	8.912
MUC18_HUMAN	4162	MCAM	11.592	812	3	0	1.477	0.0	7.847
BGAT_HUMAN	28	ABO	11.589	3333	4	6	1.602	0.0	7.234
STIM2_HUMAN	57620	STIM2	11.587	71	2	6	1.301	0.0	8.906
TOR1A_HUMAN	1861	TOR1A	11.582	824	3	1	1.477	0.0	7.841
DEF4_HUMAN	1669	DEFA4	11.563	74	2	4	1.301	0.0	8.888
RASK_HUMAN	3845	KRAS	11.559	10492	4	12	1.602	0.114	6.736
ERD21_HUMAN	10945	KDELR1	11.556	75	2	1	1.301	0.0	8.882
MCHR2_HUMAN	84539	MCHR2	11.548	76	2	1	1.301	0.0	8.876
HXK4_HUMAN	2645	GCK	11.535	887	3	0	1.477	0.0	7.809
PAR2_HUMAN	2150	F2RL1	11.529	895	3	5	1.477	0.0	7.805
PNRC1_HUMAN	10957	PNRC1	11.519	80	2	2	1.301	0.0	8.854
CD2_HUMAN	914	CD2	11.51	3738	4	0	1.602	0.0	7.184
NELFD_HUMAN	51497	NELFCD	11.495	9794	5	1	1.699	0.0	6.766
HYOU1_HUMAN	10525	HYOU1	11.478	86	2	2	1.301	0.0	8.822
ZP1_HUMAN	22917	ZP1	11.478	86	2	0	1.301	0.0	8.822
OCLN_HUMAN	100506658	OCLN	11.47	981	3	0	1.477	0.0	7.765
ENOG_HUMAN	2026	ENO2	11.469	3962	4	0	1.602	0.0	7.159
SYSM_HUMAN	54938	SARS2	11.465	88	2	0	1.301	0.0	8.812
HBA_HUMAN	3040	HBA2	11.46	997	3	0	1.477	0.0	7.758
RAPSN_HUMAN	5913	RAPSN	11.453	90	2	0	1.301	0.0	8.803
APOC3_HUMAN	345	APOC3	11.448	1016	3	5	1.477	0.0	7.75
DYN1_HUMAN	1759	DNM1	11.446	91	2	0	1.301	0.0	8.798
TCPA_HUMAN	6950	TCP1	11.446	91	2	2	1.301	0.0	8.798
S23IP_HUMAN	11196	SEC23IP	11.44	92	2	1	1.301	0.0	8.793
CALR_HUMAN	811	CALR	11.435	1037	3	0	1.477	0.0	7.741
MALD2_HUMAN	153562	MARVELD2	11.434	93	2	9	1.301	0.0	8.788
FIS1_HUMAN	51024	FIS1	11.428	94	2	8	1.301	0.0	8.784
MAOX_HUMAN	4199	ME1	11.426	301	2	11	1.301	0.079	8.278
TERT_HUMAN	7015	TERT	11.422	4242	4	2	1.602	0.0	7.129
CDSN_HUMAN	1041	CDSN	11.416	96	2	0	1.301	0.0	8.775
PLXB2_HUMAN	23654	PLXNB2	11.416	96	2	2	1.301	0.0	8.775
CNGA3_HUMAN	1261	CNGA3	11.404	98	2	1	1.301	0.0	8.766
CTNA1_HUMAN	1495	CTNNA1	11.404	98	2	1	1.301	0.0	8.766
NICA_HUMAN	23385	NCSTN	11.404	69	1	18	1.0	0.279	8.918
FA12_HUMAN	2161	F12	11.403	1090	3	0	1.477	0.0	7.72
TKN1_HUMAN	6863	TAC1	11.395	4407	4	1	1.602	0.0	7.113
ALDR_HUMAN	231	AKR1B1	11.39	1112	3	3	1.477	0.0	7.711
NONO_HUMAN	4841	NONO	11.376	103	2	5	1.301	0.0	8.744
TNT_HUMAN	162083	C16orf82	11.371	104	2	1	1.301	0.0	8.74
IL3_HUMAN	3562	IL3	11.361	4630	4	0	1.602	0.0	7.091
TFEB_HUMAN	7942	TFEB	11.35	149	1	20	1.0	0.322	8.584
DHX9_HUMAN	1660	DHX9	11.334	111	2	1	1.301	0.0	8.712
KC1AL_HUMAN	122011	CSNK1A1L	11.324	113	2	1	1.301	0.0	8.704
CELF1_HUMAN	10658	CELF1	11.314	115	2	1	1.301	0.0	8.696
LYAM2_HUMAN	6401	SELE	11.31	4980	4	5	1.602	0.0	7.06
BAKOR_HUMAN	22863	ATG14	11.308	56	1	17	1.0	0.255	9.009
FICD_HUMAN	11153	FICD	11.304	117	2	1	1.301	0.0	8.689
ABCA7_HUMAN	10347	ABCA7	11.295	119	2	1	1.301	0.0	8.681
PRGC1_HUMAN	10891	PPARGC1A	11.291	1298	3	5	1.477	0.0	7.644
ACHA4_HUMAN	1137	CHRNA4	11.29	1300	3	2	1.477	0.0	7.643
GAST_HUMAN	2520	GAST	11.289	5136	4	0	1.602	0.0	7.046
TNR5_HUMAN	958	CD40	11.284	5172	4	1	1.602	0.0	7.043
NOS2_HUMAN	4843	NOS2	11.276	5227	4	2	1.602	0.0	7.039
G6PI_HUMAN	2821	GPI	11.274	1333	3	0	1.477	0.0	7.632
CHK2_HUMAN	11200	CHEK2	11.263	1355	3	3	1.477	0.0	7.625
BTNL2_HUMAN	56244	BTNL2	11.258	127	2	0	1.301	0.0	8.653
KLK4_HUMAN	9622	KLK4	11.254	1375	3	0	1.477	0.0	7.619
MYO5A_HUMAN	4644	MYO5A	11.249	129	2	1	1.301	0.0	8.646
MMP9_HUMAN	4318	MMP9	11.247	13703	5	7	1.699	0.0	6.62
OST48_HUMAN	1650	DDOST	11.245	130	2	0	1.301	0.0	8.643
HCD2_HUMAN	3028	HSD17B10	11.245	130	2	0	1.301	0.0	8.643
PDIA2_HUMAN	64714	PDIA2	11.245	130	2	5	1.301	0.0	8.643
APOH_HUMAN	350	APOH	11.238	1410	3	0	1.477	0.0	7.608
ANXA3_HUMAN	306	ANXA3	11.232	133	2	0	1.301	0.0	8.633
GPC1_HUMAN	2817	GPC1	11.228	134	2	0	1.301	0.0	8.63
C1QR1_HUMAN	22918	CD93	11.228	134	2	0	1.301	0.0	8.63
GBRG2_HUMAN	2566	GABRG2	11.223	135	2	3	1.301	0.0	8.627
TBB4B_HUMAN	10383	TUBB4B	11.215	137	2	1	1.301	0.0	8.62
AOC2_HUMAN	314	AOC2	11.211	138	2	1	1.301	0.0	8.617
LRP6_HUMAN	4040	LRP6	11.206	337	1	22	1.0	0.362	8.229
PCNA_HUMAN	5111	PCNA	11.202	5813	4	1	1.602	0.0	6.992
IC1_HUMAN	710	SERPING1	11.194	1510	3	0	1.477	0.0	7.578
5HT1A_HUMAN	3350	HTR1A	11.186	1528	3	0	1.477	0.0	7.573
CXCL7_HUMAN	5473	PPBP	11.183	1534	3	0	1.477	0.0	7.571
CTGF_HUMAN	1490	CTGF	11.178	1548	3	9	1.477	0.0	7.567
ECP_HUMAN	6037	RNASE3	11.173	1559	3	1	1.477	0.0	7.564
TENA_HUMAN	3371	TNC	11.16	1590	3	4	1.477	0.0	7.556
TIF1B_HUMAN	10155	TRIM28	11.149	154	2	0	1.301	0.0	8.569
DPYL1_HUMAN	1400	CRMP1	11.124	161	2	1	1.301	0.0	8.55
SCG2_HUMAN	7857	SCG2	11.124	161	2	1	1.301	0.0	8.55
K2C6B_HUMAN	3854	KRT6B	11.12	162	2	3	1.301	0.0	8.547
PTHB1_HUMAN	27241	BBS9	11.119	1696	3	0	1.477	0.0	7.527
LOX5_HUMAN	240	ALOX5	11.111	1718	3	1	1.477	0.0	7.522
COBA2_HUMAN	1302	COL11A2	11.107	1728	3	0	1.477	0.0	7.519
S10A8_HUMAN	6279	S100A8	11.106	1730	3	1	1.477	0.0	7.519
5NTD_HUMAN	4907	NT5E	11.102	1741	3	1	1.477	0.0	7.516
RED1_HUMAN	104	ADARB1	11.1	168	2	2	1.301	0.0	8.532
KLK7_HUMAN	5650	KLK7	11.093	170	2	4	1.301	0.0	8.527
VTNC_HUMAN	7448	VTN	11.091	1771	3	1	1.477	0.0	7.509
MMP14_HUMAN	4323	MMP14	11.088	1781	3	1	1.477	0.0	7.506
EFNA1_HUMAN	1942	EFNA1	11.083	173	2	0	1.301	0.0	8.519
MARK2_HUMAN	2011	MARK2	11.083	173	2	3	1.301	0.0	8.519
SIAT1_HUMAN	6480	ST6GAL1	11.083	173	2	1	1.301	0.0	8.519
OSTCN_HUMAN	632	BGLAP	11.079	6938	4	1	1.602	0.0	6.916
GLR_HUMAN	2642	GCGR	11.074	176	2	1	1.301	0.0	8.511
DNLZ_HUMAN	728489	DNLZ	11.074	176	2	1	1.301	0.0	8.511
FUT4_HUMAN	2526	FUT4	11.06	1860	3	1	1.477	0.0	7.487
GRP78_HUMAN	3309	HSPA5	11.055	1873	3	7	1.477	0.0	7.484
NXF1_HUMAN	10482	NXF1	11.052	183	2	2	1.301	0.0	8.494
AL3A1_HUMAN	218	ALDH3A1	11.049	184	2	1	1.301	0.0	8.492
FGR_HUMAN	2268	FGR	11.022	193	2	1	1.301	0.0	8.471
OXDA_HUMAN	1610	DAO	11.013	196	2	2	1.301	0.0	8.465
RB27A_HUMAN	5873	RAB27A	11.013	196	2	0	1.301	0.0	8.465
PDE3B_HUMAN	5140	PDE3B	11.01	197	2	0	1.301	0.0	8.462
DLG1_HUMAN	1739	DLG1	11.007	198	2	1	1.301	0.0	8.46
PAI1_HUMAN	5054	SERPINE1	11.002	7746	4	0	1.602	0.0	6.868
MRGRF_HUMAN	116535	MRGPRF	11.001	200	2	2	1.301	0.0	8.456
NLRP3_HUMAN	114548	NLRP3	10.998	2048	3	2	1.477	0.0	7.446
BSCL2_HUMAN	26580	BSCL2	10.99	204	2	1	1.301	0.0	8.447
DNM1L_HUMAN	10059	DNM1L	10.987	205	2	4	1.301	0.0	8.445
SHPS1_HUMAN	140885	SIRPA	10.987	205	2	1	1.301	0.0	8.445
PRG4_HUMAN	10216	PRG4	10.982	207	2	2	1.301	0.0	8.441
WWOX_HUMAN	51741	WWOX	10.982	207	2	4	1.301	0.0	8.441
LAMP3_HUMAN	27074	LAMP3	10.953	218	2	3	1.301	0.0	8.418
FRIH_HUMAN	2495	FTH1	10.95	219	2	1	1.301	0.0	8.417
ROA2_HUMAN	3181	HNRNPA2B1	10.948	220	2	0	1.301	0.0	8.415
TFR1_HUMAN	7037	TFRC	10.943	2230	3	4	1.477	0.0	7.409
AMPN_HUMAN	290	ANPEP	10.938	2249	3	2	1.477	0.0	7.405
THYG_HUMAN	7038	TG	10.937	2252	3	0	1.477	0.0	7.404
CD34_HUMAN	947	CD34	10.935	20916	5	1	1.699	0.0	6.436
PRGR_HUMAN	5241	PGR	10.931	8583	4	0	1.602	0.0	6.823
MASP2_HUMAN	10747	MASP2	10.922	230	2	3	1.301	0.0	8.395
DRD2_HUMAN	1813	DRD2	10.921	2309	3	1	1.477	0.0	7.393
DLDH_HUMAN	1738	DLD	10.918	232	2	0	1.301	0.0	8.391
IL2RA_HUMAN	3559	IL2RA	10.914	8791	4	2	1.602	0.0	6.813
MK01_HUMAN	5594	MAPK1	10.914	21517	5	0	1.699	0.0	6.424
ATM_HUMAN	472	ATM	10.913	2339	3	1	1.477	0.0	7.388
TMED2_HUMAN	10959	TMED2	10.907	2361	3	3	1.477	0.0	7.384
HCK_HUMAN	3055	HCK	10.901	239	2	0	1.301	0.0	8.379
LAG3_HUMAN	3902	LAG3	10.896	241	2	2	1.301	0.0	8.375
COG2_HUMAN	22796	COG2	10.888	2433	3	0	1.477	0.0	7.371
EF1A1_HUMAN	1915	EEF1A1	10.887	245	2	1	1.301	0.0	8.368
ITIH4_HUMAN	3700	ITIH4	10.886	2437	3	3	1.477	0.0	7.37
GALC_HUMAN	2581	GALC	10.878	249	2	0	1.301	0.0	8.361
LG3BP_HUMAN	3959	LGALS3BP	10.878	249	2	0	1.301	0.0	8.361
PTPRU_HUMAN	10076	PTPRU	10.873	251	2	0	1.301	0.0	8.357
LBR_HUMAN	3930	LBR	10.869	253	2	0	1.301	0.0	8.354
TXNIP_HUMAN	10628	TXNIP	10.864	255	2	1	1.301	0.0	8.35
DMD_HUMAN	1756	DMD	10.855	2559	3	2	1.477	0.0	7.349
BCL2_HUMAN	596	BCL2	10.848	23522	5	0	1.699	0.0	6.385
SUCO_HUMAN	51430	SUCO	10.84	266	2	0	1.301	0.0	8.332
GLYAT_HUMAN	10249	GLYAT	10.834	269	2	0	1.301	0.0	8.327
IL1R2_HUMAN	7850	IL1R2	10.83	271	2	0	1.301	0.0	8.324
GNDS_HUMAN	5900	RALGDS	10.826	273	2	0	1.301	0.0	8.321
AIF1_HUMAN	199	AIF1	10.819	276	2	5	1.301	0.0	8.316
NF2L2_HUMAN	4780	NFE2L2	10.811	2742	3	7	1.477	0.0	7.319
CLN3_HUMAN	1201	CLN3	10.795	288	2	2	1.301	0.0	8.298
ITAE_HUMAN	3682	ITGAE	10.79	291	2	0	1.301	0.0	8.293
ARP2_HUMAN	10097	ACTR2	10.78	296	2	5	1.301	0.0	8.286
COMT_HUMAN	1312	COMT	10.779	2880	3	3	1.477	0.0	7.297
PPCE_HUMAN	5550	PREP	10.77	301	2	2	1.301	0.0	8.278
PGK1_HUMAN	5230	PGK1	10.769	302	2	0	1.301	0.0	8.277
PCDA3_HUMAN	56145	PCDHA3	10.757	1	1	0	1.0	0.0	10.757
GALNS_HUMAN	2588	GALNS	10.756	309	2	0	1.301	0.0	8.267
RBP56_HUMAN	8148	TAF15	10.754	67	1	15	1.0	0.204	8.931
INSR_HUMAN	3643	INSR	10.745	3040	3	0	1.477	0.0	7.274
X6R868_HUMAN	1056	CEL	10.718	330	2	0	1.301	0.0	8.238
CH10_HUMAN	3336	HSPE1	10.712	334	2	0	1.301	0.0	8.233
GCR_HUMAN	2908	NR3C1	10.701	3252	3	0	1.477	0.0	7.245
CD8A_HUMAN	925	CD8A	10.695	28961	5	6	1.699	0.0	6.295
MFN2_HUMAN	9927	MFN2	10.69	347	2	0	1.301	0.0	8.217
VDAC1_HUMAN	7416	VDAC1	10.688	348	2	0	1.301	0.0	8.215
CDK4_HUMAN	1019	CDK4	10.685	3335	3	2	1.477	0.0	7.234
CSK_HUMAN	1445	CSK	10.685	350	2	0	1.301	0.0	8.213
GLUC_HUMAN	2641	GCG	10.684	3341	3	2	1.477	0.0	7.233
DHE3_HUMAN	2746	GLUD1	10.684	351	2	1	1.301	0.0	8.212
MYLK_HUMAN	4638	MYLK	10.672	358	2	1	1.301	0.0	8.203
MT3_HUMAN	4504	MT3	10.668	361	2	2	1.301	0.0	8.199
ITA2B_HUMAN	3674	ITGA2B	10.667	3429	3	0	1.477	0.0	7.222
LIRB1_HUMAN	10859	LILRB1	10.657	368	2	0	1.301	0.0	8.191
CN37_HUMAN	1267	CNP	10.655	369	2	1	1.301	0.0	8.19
DYSF_HUMAN	8291	DYSF	10.654	370	2	0	1.301	0.0	8.189
LY96_HUMAN	23643	LY96	10.654	370	2	4	1.301	0.0	8.189
PO5F1_HUMAN	5460	POU5F1	10.65	3526	3	6	1.477	0.0	7.21
ROA1_HUMAN	3178	HNRNPA1	10.646	375	2	3	1.301	0.0	8.183
NR1H3_HUMAN	10062	NR1H3	10.639	380	2	3	1.301	0.0	8.177
S1PR1_HUMAN	1901	S1PR1	10.637	381	2	6	1.301	0.0	8.176
NOS3_HUMAN	4846	NOS3	10.626	3658	3	1	1.477	0.0	7.194
GBRAP_HUMAN	11337	GABARAP	10.623	391	2	4	1.301	0.0	8.165
HTRA1_HUMAN	5654	HTRA1	10.617	395	2	5	1.301	0.0	8.16
STA5B_HUMAN	6777	STAT5B	10.615	396	2	0	1.301	0.0	8.159
ATG7_HUMAN	10533	ATG7	10.614	397	2	2	1.301	0.0	8.158
CD209_HUMAN	30835	CD209	10.613	398	2	1	1.301	0.0	8.157
DCC_HUMAN	1630	DCC	10.604	404	2	0	1.301	0.0	8.151
CXCR6_HUMAN	10663	CXCR6	10.601	406	2	1	1.301	0.0	8.148
ESR1_HUMAN	2099	ESR1	10.6	13814	4	1	1.602	0.0	6.616
ANAG_HUMAN	4669	NAGLU	10.6	407	2	1	1.301	0.0	8.147
DLG4_HUMAN	1742	DLG4	10.599	408	2	1	1.301	0.0	8.146
CTND1_HUMAN	1500	CTNND1	10.588	416	2	0	1.301	0.0	8.138
MUC7_HUMAN	4589	MUC7	10.585	418	2	0	1.301	0.0	8.136
TRAF2_HUMAN	7186	TRAF2	10.585	418	2	1	1.301	0.0	8.136
SPIN1_HUMAN	10927	SPIN1	10.57	429	2	0	1.301	0.0	8.124
CSPG4_HUMAN	1464	CSPG4	10.555	441	2	0	1.301	0.0	8.113
CD38_HUMAN	952	CD38	10.554	4089	3	1	1.477	0.0	7.145
HYEP_HUMAN	2052	EPHX1	10.542	451	2	1	1.301	0.0	8.103
TLR6_HUMAN	10333	TLR6	10.542	451	2	0	1.301	0.0	8.103
SUMO1_HUMAN	7341	SUMO1	10.536	456	2	2	1.301	0.0	8.098
TGM1_HUMAN	7051	TGM1	10.532	459	2	8	1.301	0.0	8.095
AA2AR_HUMAN	135	ADORA2A	10.527	463	2	0	1.301	0.0	8.091
NEUM_HUMAN	2596	GAP43	10.525	465	2	0	1.301	0.0	8.089
NEST_HUMAN	10763	NES	10.523	466	2	0	1.301	0.0	8.089
GALT_HUMAN	2592	GALT	10.521	468	2	1	1.301	0.0	8.087
TPIS_HUMAN	7167	TPI1	10.508	479	2	0	1.301	0.0	8.077
RIPK1_HUMAN	8737	RIPK1	10.503	483	2	0	1.301	0.0	8.073
FGF21_HUMAN	26291	FGF21	10.502	484	2	2	1.301	0.0	8.072
CEAM5_HUMAN	1048	CEACAM5	10.495	490	2	4	1.301	0.0	8.067
CBPB2_HUMAN	1361	CPB2	10.494	491	2	0	1.301	0.0	8.066
PINK1_HUMAN	65018	PINK1	10.479	504	2	5	1.301	0.0	8.055
CP4F3_HUMAN	4051	CYP4F3	10.475	4628	3	1	1.477	0.0	7.092
AMRP_HUMAN	4043	LRPAP1	10.471	511	2	0	1.301	0.0	8.049
F13A_HUMAN	2162	F13A1	10.469	513	2	0	1.301	0.0	8.047
SHBG_HUMAN	6462	SHBG	10.468	4679	3	0	1.477	0.0	7.087
S10A1_HUMAN	6271	S100A1	10.467	4688	3	0	1.477	0.0	7.086
KLK3_HUMAN	354	KLK3	10.465	16765	4	4	1.602	0.0	6.532
POSTN_HUMAN	10631	POSTN	10.46	521	2	1	1.301	0.0	8.04
SERF2_HUMAN	10169	SERF2	10.456	2	1	3	1.0	0.0	10.456
TMA7_HUMAN	51372	TMA7	10.456	2	1	0	1.0	0.0	10.456
TM214_HUMAN	54867	TMEM214	10.456	2	1	1	1.0	0.0	10.456
TNG2_HUMAN	128989	TANGO2	10.456	2	1	2	1.0	0.0	10.456
FA71B_HUMAN	153745	FAM71B	10.456	2	1	1	1.0	0.0	10.456
CATA_HUMAN	847	CAT	10.453	4790	3	0	1.477	0.0	7.077
ABCB6_HUMAN	10058	ABCB6	10.453	528	2	8	1.301	0.0	8.034
BECN1_HUMAN	8678	BECN1	10.452	1527	2	11	1.301	0.079	7.573
DNER_HUMAN	92737	DNER	10.449	532	2	0	1.301	0.0	8.031
TNF10_HUMAN	8743	TNFSF10	10.448	4830	3	1	1.477	0.0	7.073
MAG_HUMAN	4099	MAG	10.439	541	2	0	1.301	0.0	8.024
AGO2_HUMAN	27161	AGO2	10.439	541	2	5	1.301	0.0	8.024
GPVI_HUMAN	51206	GP6	10.433	547	2	0	1.301	0.0	8.019
MMP1_HUMAN	4312	MMP1	10.417	5066	3	0	1.477	0.0	7.052
USH1G_HUMAN	124590	USH1G	10.417	563	2	0	1.301	0.0	8.006
ITA5_HUMAN	3678	ITGA5	10.4	580	2	1	1.301	0.0	7.994
APAF_HUMAN	317	APAF1	10.389	591	2	1	1.301	0.0	7.985
BDNF_HUMAN	627	BDNF	10.384	5335	3	6	1.477	0.0	7.03
PPARG_HUMAN	5468	PPARG	10.38	5362	3	0	1.477	0.0	7.027
D103A_HUMAN	55894	DEFB103B	10.359	623	2	2	1.301	0.0	7.962
PLEK_HUMAN	5341	PLEK	10.346	638	2	3	1.301	0.0	7.952
CD52_HUMAN	1043	CD52	10.345	639	2	1	1.301	0.0	7.951
LYN_HUMAN	4067	LYN	10.344	640	2	0	1.301	0.0	7.951
MYPR_HUMAN	5354	PLP1	10.344	640	2	0	1.301	0.0	7.951
CP11A_HUMAN	1583	CYP11A1	10.335	651	2	0	1.301	0.0	7.943
HES1_HUMAN	3280	HES1	10.327	660	2	3	1.301	0.0	7.937
PRDX5_HUMAN	25824	PRDX5	10.324	663	2	0	1.301	0.0	7.935
CD19_HUMAN	930	CD19	10.315	5943	3	5	1.477	0.0	6.983
NKX25_HUMAN	1482	NKX2-5	10.315	674	2	3	1.301	0.0	7.928
CMA1_HUMAN	1215	CMA1	10.307	684	2	0	1.301	0.0	7.922
IL5_HUMAN	3567	IL5	10.303	6055	3	0	1.477	0.0	6.975
ASC_HUMAN	29108	PYCARD	10.289	706	2	3	1.301	0.0	7.908
PTEN_HUMAN	5728	PTEN	10.281	6259	3	0	1.477	0.0	6.96
LRC49_HUMAN	54839	LRRC49	10.28	3	1	0	1.0	0.0	10.28
CHCH7_HUMAN	79145	CHCHD7	10.28	3	1	1	1.0	0.0	10.28
NTPCR_HUMAN	84284	NTPCR	10.28	3	1	0	1.0	0.0	10.28
CL18C_HUMAN	283971	CLEC18C	10.28	3	1	0	1.0	0.0	10.28
FLT3L_HUMAN	2323	FLT3LG	10.278	719	2	1	1.301	0.0	7.9
HBEGF_HUMAN	1839	HBEGF	10.274	724	2	1	1.301	0.0	7.897
NCAM1_HUMAN	4684	NCAM1	10.273	6337	3	4	1.477	0.0	6.955
PDE4A_HUMAN	5141	PDE4A	10.27	730	2	0	1.301	0.0	7.894
TPMT_HUMAN	7172	TPMT	10.268	732	2	1	1.301	0.0	7.892
FSHR_HUMAN	2492	FSHR	10.26	743	2	0	1.301	0.0	7.886
MK08_HUMAN	5599	MAPK8	10.254	6528	3	2	1.477	0.0	6.942
ATN1_HUMAN	1822	ATN1	10.251	755	2	0	1.301	0.0	7.879
NC2B_HUMAN	1810	DR1	10.248	759	2	0	1.301	0.0	7.877
ADRB3_HUMAN	155	ADRB3	10.245	763	2	1	1.301	0.0	7.874
CBL_HUMAN	867	CBL	10.237	774	2	0	1.301	0.0	7.868
CCR3_HUMAN	1232	CCR3	10.232	781	2	0	1.301	0.0	7.864
CLD1_HUMAN	9076	CLDN1	10.228	786	2	1	1.301	0.0	7.862
APR_HUMAN	5366	PMAIP1	10.227	787	2	0	1.301	0.0	7.861
PAEP_HUMAN	5047	PAEP	10.224	791	2	0	1.301	0.0	7.859
TOLIP_HUMAN	54472	TOLLIP	10.207	71	1	13	1.0	0.146	8.906
JAG1_HUMAN	182	JAG1	10.198	829	2	2	1.301	0.0	7.838
ANXA2_HUMAN	302	ANXA2	10.196	832	2	0	1.301	0.0	7.837
PIP_HUMAN	5304	PIP	10.194	835	2	0	1.301	0.0	7.835
MX1_HUMAN	4599	MX1	10.185	848	2	4	1.301	0.0	7.829
YAP1_HUMAN	10413	YAP1	10.166	877	2	0	1.301	0.0	7.814
S10AA_HUMAN	6281	S100A10	10.165	879	2	0	1.301	0.0	7.813
NDUA7_HUMAN	4701	NDUFA7	10.155	4	1	0	1.0	0.0	10.155
NUDC3_HUMAN	23386	NUDCD3	10.155	4	1	1	1.0	0.0	10.155
HYPK_HUMAN	25764	HYPK	10.155	4	1	3	1.0	0.0	10.155
CLD17_HUMAN	26285	CLDN17	10.155	4	1	0	1.0	0.0	10.155
TMIG2_HUMAN	126259	TMIGD2	10.155	4	1	2	1.0	0.0	10.155
VATG3_HUMAN	127124	ATP6V1G3	10.155	4	1	0	1.0	0.0	10.155
ZFN2B_HUMAN	130617	ZFAND2B	10.155	4	1	2	1.0	0.0	10.155
PTN22_HUMAN	26191	PTPN22	10.154	896	2	1	1.301	0.0	7.805
CO5_HUMAN	727	C5	10.153	897	2	0	1.301	0.0	7.804
CY24B_HUMAN	1536	CYBB	10.153	898	2	1	1.301	0.0	7.804
G3BP1_HUMAN	10146	G3BP1	10.148	80	1	13	1.0	0.146	8.854
CCR4_HUMAN	1233	CCR4	10.144	912	2	1	1.301	0.0	7.797
EF1A2_HUMAN	1917	EEF1A2	10.144	912	2	1	1.301	0.0	7.797
RAGE_HUMAN	177	AGER	10.137	924	2	4	1.301	0.0	7.791
GON1_HUMAN	2796	GNRH1	10.122	8020	3	0	1.477	0.0	6.853
S10A9_HUMAN	6280	S100A9	10.12	952	2	1	1.301	0.0	7.778
PGBM_HUMAN	3339	HSPG2	10.11	969	2	0	1.301	0.0	7.771
K1C10_HUMAN	3858	KRT10	10.101	984	2	3	1.301	0.0	7.764
LBP_HUMAN	3929	LBP	10.099	987	2	1	1.301	0.0	7.763
PGH2_HUMAN	5743	PTGS2	10.098	8324	3	7	1.477	0.0	6.837
NOS1_HUMAN	4842	NOS1	10.095	995	2	1	1.301	0.0	7.759
IF4E_HUMAN	1977	EIF4E	10.094	997	2	5	1.301	0.0	7.758
RASF1_HUMAN	11186	RASSF1	10.085	1012	2	3	1.301	0.0	7.752
CSH2_HUMAN	1443	CSH2	10.064	1050	2	0	1.301	0.0	7.736
DCE1_HUMAN	2571	GAD1	10.063	1053	2	0	1.301	0.0	7.734
TTYH2_HUMAN	94015	TTYH2	10.058	5	1	0	1.0	0.0	10.058
PORIM_HUMAN	114908	TMEM123	10.058	5	1	0	1.0	0.0	10.058
ACSF4_HUMAN	132949	AASDH	10.058	5	1	0	1.0	0.0	10.058
CAMP1_HUMAN	157922	CAMSAP1	10.058	5	1	2	1.0	0.0	10.058
PTGDS_HUMAN	5730	PTGDS	10.045	1086	2	2	1.301	0.0	7.721
CAC1A_HUMAN	773	CACNA1A	10.038	1100	2	0	1.301	0.0	7.716
ARY2_HUMAN	10	NAT2	10.014	1148	2	0	1.301	0.0	7.697
H2AX_HUMAN	3014	H2AFX	9.995	1188	2	1	1.301	0.0	7.682
PGH1_HUMAN	5742	PTGS1	9.99	1198	2	1	1.301	0.0	7.678
DVL2_HUMAN	1856	DVL2	9.989	110	1	13	1.0	0.146	8.716
K1C14_HUMAN	3861	KRT14	9.989	1200	2	0	1.301	0.0	7.678
DAF_HUMAN	1604	CD55	9.984	1210	2	0	1.301	0.0	7.674
ADRB1_HUMAN	153	ADRB1	9.981	1218	2	0	1.301	0.0	7.671
CLUA1_HUMAN	23059	CLUAP1	9.979	6	1	0	1.0	0.0	9.979
IGS11_HUMAN	152404	IGSF11	9.979	6	1	0	1.0	0.0	9.979
TTLL6_HUMAN	284076	TTLL6	9.979	6	1	2	1.0	0.0	9.979
PDLI7_HUMAN	9260	PDLIM7	9.968	1246	2	1	1.301	0.0	7.661
NKG2D_HUMAN	22914	KLRK1	9.968	1245	2	1	1.301	0.0	7.662
CHK1_HUMAN	1111	CHEK1	9.961	1262	2	4	1.301	0.0	7.656
DQA1_HUMAN	3117	HLA-DQA1	9.943	1302	2	0	1.301	0.0	7.642
MSH6_HUMAN	2956	MSH6	9.941	1307	2	1	1.301	0.0	7.641
CCR2_HUMAN	729230	CCR2	9.937	1315	2	0	1.301	0.0	7.638
ATS13_HUMAN	11093	ADAMTS13	9.935	1320	2	1	1.301	0.0	7.636
ABCA1_HUMAN	19	ABCA1	9.93	1333	2	3	1.301	0.0	7.632
UCHL1_HUMAN	7345	UCHL1	9.916	1365	2	0	1.301	0.0	7.622
U1SBP_HUMAN	11066	SNRNP35	9.912	7	1	0	1.0	0.0	9.912
CDHR5_HUMAN	53841	CDHR5	9.912	7	1	0	1.0	0.0	9.912
LYZL4_HUMAN	131375	LYZL4	9.912	7	1	1	1.0	0.0	9.912
PT100_HUMAN	100131801	PET100	9.912	7	1	0	1.0	0.0	9.912
TSC1_HUMAN	7248	TSC1	9.91	1381	2	1	1.301	0.0	7.617
AQP4_HUMAN	361	AQP4	9.9	1404	2	2	1.301	0.0	7.61
ADT2_HUMAN	292	SLC25A5	9.899	1407	2	0	1.301	0.0	7.609
K2C5_HUMAN	3852	KRT5	9.89	1430	2	2	1.301	0.0	7.602
CP1B1_HUMAN	1545	CYP1B1	9.887	1437	2	0	1.301	0.0	7.599
NOD2_HUMAN	64127	NOD2	9.866	1493	2	0	1.301	0.0	7.583
MERL_HUMAN	4771	NF2	9.856	1519	2	1	1.301	0.0	7.575
THSD1_HUMAN	55901	THSD1	9.854	8	1	0	1.0	0.0	9.854
GLT12_HUMAN	79695	GALNT12	9.854	8	1	0	1.0	0.0	9.854
CBX8_HUMAN	57332	CBX8	9.846	1545	2	2	1.301	0.0	7.568
UPAR_HUMAN	5329	PLAUR	9.845	1549	2	0	1.301	0.0	7.567
MCP_HUMAN	4179	CD46	9.843	1553	2	2	1.301	0.0	7.566
MMP7_HUMAN	4316	MMP7	9.838	1567	2	1	1.301	0.0	7.562
ACTS_HUMAN	58	ACTA1	9.83	1589	2	1	1.301	0.0	7.556
HFE_HUMAN	3077	HFE	9.828	1596	2	4	1.301	0.0	7.554
GHR_HUMAN	2690	GHR	9.825	1605	2	0	1.301	0.0	7.551
CD79A_HUMAN	973	CD79A	9.819	1621	2	0	1.301	0.0	7.547
CNR1_HUMAN	1268	CNR1	9.804	1665	2	1	1.301	0.0	7.536
KRR1_HUMAN	11103	KRR1	9.803	9	1	0	1.0	0.0	9.803
FBX25_HUMAN	26260	FBXO25	9.803	9	1	0	1.0	0.0	9.803
TPC11_HUMAN	60684	TRAPPC11	9.803	9	1	0	1.0	0.0	9.803
TGM7_HUMAN	116179	TGM7	9.803	9	1	0	1.0	0.0	9.803
TBC20_HUMAN	128637	TBC1D20	9.803	9	1	1	1.0	0.0	9.803
PATL1_HUMAN	219988	PATL1	9.803	9	1	5	1.0	0.0	9.803
CAV1_HUMAN	857	CAV1	9.801	1675	2	0	1.301	0.0	7.533
SMS_HUMAN	6750	SST	9.788	1712	2	2	1.301	0.0	7.523
SMAD4_HUMAN	4089	SMAD4	9.783	1728	2	5	1.301	0.0	7.519
PTHY_HUMAN	5741	PTH	9.779	13691	3	0	1.477	0.0	6.62
ANF_HUMAN	4878	NPPA	9.762	1793	2	0	1.301	0.0	7.503
MIF_HUMAN	4282	MIF	9.761	1798	2	0	1.301	0.0	7.502
PSD12_HUMAN	5718	PSMD12	9.757	10	1	1	1.0	0.0	9.757
SCFD1_HUMAN	23256	SCFD1	9.757	10	1	0	1.0	0.0	9.757
MREG_HUMAN	55686	MREG	9.757	10	1	2	1.0	0.0	9.757
GNA1_HUMAN	64841	GNPNAT1	9.757	10	1	0	1.0	0.0	9.757
GAPR1_HUMAN	152007	GLIPR2	9.757	10	1	0	1.0	0.0	9.757
SCAM5_HUMAN	192683	SCAMP5	9.757	10	1	0	1.0	0.0	9.757
AOFA_HUMAN	4128	MAOA	9.743	1853	2	2	1.301	0.0	7.489
ERG_HUMAN	2078	ERG	9.741	1860	2	0	1.301	0.0	7.487
CASP1_HUMAN	834	CASP1	9.727	1908	2	1	1.301	0.0	7.476
VMA5A_HUMAN	4013	VWA5A	9.716	11	1	0	1.0	0.0	9.716
CND2_HUMAN	23397	NCAPH	9.716	11	1	1	1.0	0.0	9.716
TEX14_HUMAN	56155	TEX14	9.716	11	1	1	1.0	0.0	9.716
SDHF3_HUMAN	57001	SDHAF3	9.716	11	1	0	1.0	0.0	9.716
CT085_HUMAN	128602	C20orf85	9.716	11	1	0	1.0	0.0	9.716
CO2_HUMAN	717	C2	9.714	15163	3	2	1.477	0.0	6.576
MIS_HUMAN	268	AMH	9.713	1957	2	6	1.301	0.0	7.465
RIR1_HUMAN	6240	RRM1	9.708	1974	2	1	1.301	0.0	7.462
THY1_HUMAN	7070	THY1	9.704	1988	2	4	1.301	0.0	7.459
PUM3_HUMAN	9933	PUM3	9.699	2006	2	0	1.301	0.0	7.455
PON1_HUMAN	5444	PON1	9.696	2016	2	1	1.301	0.0	7.452
SNAI1_HUMAN	6615	SNAI1	9.693	2026	2	6	1.301	0.0	7.45
TLR9_HUMAN	54106	TLR9	9.693	2025	2	3	1.301	0.0	7.451
NGAL_HUMAN	3934	LCN2	9.69	2038	2	1	1.301	0.0	7.448
NPY_HUMAN	4852	NPY	9.69	2036	2	0	1.301	0.0	7.448
CPNE1_HUMAN	8904	CPNE1	9.678	12	1	1	1.0	0.0	9.678
ERN2_HUMAN	10595	ERN2	9.678	12	1	1	1.0	0.0	9.678
TRIM2_HUMAN	23321	TRIM2	9.678	12	1	3	1.0	0.0	9.678
DYH1_HUMAN	25981	DNAH1	9.678	12	1	0	1.0	0.0	9.678
RT07_HUMAN	51081	MRPS7	9.678	12	1	0	1.0	0.0	9.678
ZC3HE_HUMAN	79882	ZC3H14	9.678	12	1	1	1.0	0.0	9.678
LDHD_HUMAN	197257	LDHD	9.678	12	1	0	1.0	0.0	9.678
PLXB3_HUMAN	5365	PLXNB3	9.643	13	1	0	1.0	0.0	9.643
PPIC_HUMAN	5480	PPIC	9.643	13	1	0	1.0	0.0	9.643
AAK1_HUMAN	22848	AAK1	9.643	13	1	0	1.0	0.0	9.643
PISD_HUMAN	23761	PISD	9.643	13	1	1	1.0	0.0	9.643
UBQL3_HUMAN	50613	UBQLN3	9.643	13	1	1	1.0	0.0	9.643
IFT25_HUMAN	51668	HSPB11	9.643	13	1	1	1.0	0.0	9.643
GTPB3_HUMAN	84705	GTPBP3	9.643	13	1	0	1.0	0.0	9.643
DRB4_HUMAN	3126	HLA-DRB4	9.631	2263	2	0	1.301	0.0	7.402
K2C7_HUMAN	3855	KRT7	9.631	2263	2	0	1.301	0.0	7.402
TSP1_HUMAN	7057	THBS1	9.629	2268	2	1	1.301	0.0	7.401
PRTN3_HUMAN	5657	PRTN3	9.615	2326	2	4	1.301	0.0	7.39
BAD_HUMAN	572	BAD	9.612	2337	2	0	1.301	0.0	7.388
RUNX2_HUMAN	860	RUNX2	9.611	2344	2	2	1.301	0.0	7.387
UB2E3_HUMAN	10477	UBE2E3	9.611	14	1	2	1.0	0.0	9.611
CADM3_HUMAN	57863	CADM3	9.611	14	1	0	1.0	0.0	9.611
CLC4G_HUMAN	339390	CLEC4G	9.611	14	1	0	1.0	0.0	9.611
RHOA_HUMAN	387	RHOA	9.608	2356	2	0	1.301	0.0	7.385
GSTP1_HUMAN	2950	GSTP1	9.605	2367	2	0	1.301	0.0	7.383
MYCN_HUMAN	4613	MYCN	9.601	2383	2	0	1.301	0.0	7.38
SODM_HUMAN	6648	SOD2	9.594	2413	2	1	1.301	0.0	7.374
IBP1_HUMAN	3484	IGFBP1	9.592	2421	2	1	1.301	0.0	7.373
GTR1_HUMAN	6513	SLC2A1	9.589	2436	2	1	1.301	0.0	7.37
DRG2_HUMAN	1819	DRG2	9.581	15	1	0	1.0	0.0	9.581
PFD3_HUMAN	7411	VBP1	9.581	15	1	0	1.0	0.0	9.581
SG11B_HUMAN	10407	SPAG11B	9.581	15	1	0	1.0	0.0	9.581
PPIL2_HUMAN	23759	PPIL2	9.581	15	1	0	1.0	0.0	9.581
SC5AB_HUMAN	115584	SLC5A11	9.581	15	1	5	1.0	0.0	9.581
WSB1_HUMAN	26118	WSB1	9.553	16	1	1	1.0	0.0	9.553
KDIS_HUMAN	57498	KIDINS220	9.553	16	1	1	1.0	0.0	9.553
RPTN_HUMAN	126638	RPTN	9.553	16	1	0	1.0	0.0	9.553
MGMT_HUMAN	4255	MGMT	9.552	2601	2	2	1.301	0.0	7.342
TSHR_HUMAN	7253	TSHR	9.545	2634	2	0	1.301	0.0	7.336
TF_HUMAN	2152	F3	9.543	2644	2	0	1.301	0.0	7.335
GSTM1_HUMAN	2944	GSTM1	9.532	2692	2	0	1.301	0.0	7.327
RT30_HUMAN	10884	MRPS30	9.527	17	1	1	1.0	0.0	9.527
HS74L_HUMAN	22824	HSPA4L	9.527	17	1	3	1.0	0.0	9.527
GLP1R_HUMAN	2740	GLP1R	9.517	2767	2	2	1.301	0.0	7.315
HPT_HUMAN	3240	HP	9.517	2768	2	0	1.301	0.0	7.315
ALK_HUMAN	238	ALK	9.512	2791	2	0	1.301	0.0	7.311
SERF1_HUMAN	8293	SERF1B	9.502	18	1	1	1.0	0.0	9.502
CLPX_HUMAN	10845	CLPX	9.502	18	1	2	1.0	0.0	9.502
GMPPB_HUMAN	29925	GMPPB	9.502	18	1	0	1.0	0.0	9.502
PILRA_HUMAN	29992	PILRA	9.502	18	1	1	1.0	0.0	9.502
FMNL3_HUMAN	91010	FMNL3	9.502	18	1	1	1.0	0.0	9.502
MAP6_HUMAN	4135	MAP6	9.478	19	1	0	1.0	0.0	9.478
LIRA2_HUMAN	11027	LILRA2	9.478	19	1	0	1.0	0.0	9.478
JIP3_HUMAN	23162	MAPK8IP3	9.478	19	1	2	1.0	0.0	9.478
DERL2_HUMAN	51009	DERL2	9.478	19	1	2	1.0	0.0	9.478
TJAP1_HUMAN	93643	TJAP1	9.478	19	1	1	1.0	0.0	9.478
ALPK2_HUMAN	115701	ALPK2	9.478	19	1	0	1.0	0.0	9.478
NAL10_HUMAN	338322	NLRP10	9.478	19	1	0	1.0	0.0	9.478
CDN1B_HUMAN	1027	CDKN1B	9.47	3007	2	0	1.301	0.0	7.279
AGTR1_HUMAN	185	AGTR1	9.467	3025	2	0	1.301	0.0	7.276
FA5_HUMAN	2153	F5	9.465	3031	2	1	1.301	0.0	7.275
GSTK1_HUMAN	373156	GSTK1	9.457	3077	2	0	1.301	0.0	7.269
ENSA_HUMAN	2029	ENSA	9.456	20	1	0	1.0	0.0	9.456
PLGB_HUMAN	5343	PLGLB2	9.456	20	1	0	1.0	0.0	9.456
SH3G1_HUMAN	6455	SH3GL1	9.456	20	1	0	1.0	0.0	9.456
OSBL1_HUMAN	114876	OSBPL1A	9.456	20	1	1	1.0	0.0	9.456
HORN_HUMAN	388697	HRNR	9.456	20	1	0	1.0	0.0	9.456
CP1A2_HUMAN	1544	CYP1A2	9.451	3110	2	1	1.301	0.0	7.264
IKBA_HUMAN	4792	NFKBIA	9.45	3112	2	0	1.301	0.0	7.264
CRGC_HUMAN	1420	CRYGC	9.435	21	1	1	1.0	0.0	9.435
FAT2_HUMAN	2196	FAT2	9.435	21	1	0	1.0	0.0	9.435
MGAP_HUMAN	23269	MGA	9.435	21	1	1	1.0	0.0	9.435
RB39B_HUMAN	116442	RAB39B	9.435	21	1	3	1.0	0.0	9.435
TTC8_HUMAN	123016	TTC8	9.435	21	1	6	1.0	0.0	9.435
ZBT38_HUMAN	253461	ZBTB38	9.435	21	1	3	1.0	0.0	9.435
CAD12_HUMAN	1010	CDH12	9.415	22	1	0	1.0	0.0	9.415
RS27A_HUMAN	6233	RPS27A	9.415	22	1	0	1.0	0.0	9.415
SMAG1_HUMAN	23034	SAMD4A	9.415	22	1	2	1.0	0.0	9.415
NRBP_HUMAN	29959	NRBP1	9.415	22	1	0	1.0	0.0	9.415
IFI27_HUMAN	3429	IFI27	9.414	3320	2	1	1.301	0.0	7.236
KAD4_HUMAN	205	AK4	9.395	23	1	0	1.0	0.0	9.395
F261_HUMAN	5207	PFKFB1	9.395	23	1	1	1.0	0.0	9.395
TNNI1_HUMAN	7135	TNNI1	9.395	23	1	0	1.0	0.0	9.395
ARHG6_HUMAN	9459	ARHGEF6	9.395	23	1	1	1.0	0.0	9.395
RAB35_HUMAN	11021	RAB35	9.395	23	1	0	1.0	0.0	9.395
HIPK1_HUMAN	204851	HIPK1	9.395	23	1	1	1.0	0.0	9.395
MDM2_HUMAN	4193	MDM2	9.377	3545	2	1	1.301	0.0	7.207
SCF_HUMAN	4254	KITLG	9.377	3542	2	1	1.301	0.0	7.208
UXT_HUMAN	8409	UXT	9.377	24	1	0	1.0	0.0	9.377
NOE1_HUMAN	10439	OLFM1	9.377	24	1	0	1.0	0.0	9.377
TCPQ_HUMAN	10694	CCT8	9.377	24	1	0	1.0	0.0	9.377
BT3A2_HUMAN	11118	BTN3A2	9.377	24	1	0	1.0	0.0	9.377
NLGN2_HUMAN	57555	NLGN2	9.377	24	1	3	1.0	0.0	9.377
ATLA2_HUMAN	64225	ATL2	9.377	24	1	0	1.0	0.0	9.377
H3BS19_HUMAN	84627	ZNF469	9.377	24	1	1	1.0	0.0	9.377
RBM14_HUMAN	10432	RBM14	9.359	25	1	2	1.0	0.0	9.359
CASC3_HUMAN	22794	CASC3	9.359	25	1	4	1.0	0.0	9.359
GGA3_HUMAN	23163	GGA3	9.359	25	1	0	1.0	0.0	9.359
NADC_HUMAN	23475	QPRT	9.359	25	1	0	1.0	0.0	9.359
MIRO1_HUMAN	55288	RHOT1	9.359	25	1	6	1.0	0.0	9.359
PBIP1_HUMAN	57326	PBXIP1	9.359	25	1	0	1.0	0.0	9.359
NPT2C_HUMAN	142680	SLC34A3	9.359	25	1	0	1.0	0.0	9.359
ERG7_HUMAN	4047	LSS	9.342	26	1	7	1.0	0.0	9.342
UAP1_HUMAN	6675	UAP1	9.342	26	1	0	1.0	0.0	9.342
ZN384_HUMAN	171017	ZNF384	9.342	26	1	0	1.0	0.0	9.342
2AAB_HUMAN	5519	PPP2R1B	9.326	27	1	0	1.0	0.0	9.326
DJB11_HUMAN	51726	DNAJB11	9.326	27	1	4	1.0	0.0	9.326
RMD3_HUMAN	55177	RMDN3	9.326	27	1	0	1.0	0.0	9.326
LYRM4_HUMAN	57128	LYRM4	9.326	27	1	5	1.0	0.0	9.326
MAGC3_HUMAN	139081	MAGEC3	9.326	27	1	1	1.0	0.0	9.326
WASC5_HUMAN	9897	WASHC5	9.31	28	1	2	1.0	0.0	9.31
BICD2_HUMAN	23299	BICD2	9.31	28	1	0	1.0	0.0	9.31
GET4_HUMAN	51608	GET4	9.31	28	1	9	1.0	0.0	9.31
GP101_HUMAN	83550	GPR101	9.31	28	1	2	1.0	0.0	9.31
MOBP_HUMAN	4336	MOBP	9.295	29	1	1	1.0	0.0	9.295
M3K13_HUMAN	9175	MAP3K13	9.295	29	1	2	1.0	0.0	9.295
GALT6_HUMAN	11226	GALNT6	9.295	29	1	0	1.0	0.0	9.295
MED15_HUMAN	51586	MED15	9.295	29	1	1	1.0	0.0	9.295
ODAM_HUMAN	54959	ODAM	9.295	29	1	0	1.0	0.0	9.295
ATS12_HUMAN	81792	ADAMTS12	9.295	29	1	1	1.0	0.0	9.295
HSPB2_HUMAN	3316	HSPB2	9.28	30	1	1	1.0	0.0	9.28
TRIM3_HUMAN	10612	TRIM3	9.28	30	1	2	1.0	0.0	9.28
TCRG1_HUMAN	10915	TCERG1	9.28	30	1	0	1.0	0.0	9.28
MUC15_HUMAN	143662	MUC15	9.28	30	1	0	1.0	0.0	9.28
ASNA_HUMAN	439	ASNA1	9.266	31	1	2	1.0	0.0	9.266
TRHY_HUMAN	7062	TCHH	9.266	31	1	0	1.0	0.0	9.266
VRK2_HUMAN	7444	VRK2	9.266	31	1	1	1.0	0.0	9.266
TOM1_HUMAN	10043	TOM1	9.266	31	1	0	1.0	0.0	9.266
SP16H_HUMAN	11198	SUPT16H	9.266	31	1	0	1.0	0.0	9.266
PIGN_HUMAN	23556	PIGN	9.266	31	1	0	1.0	0.0	9.266
MUC17_HUMAN	140453	MUC17	9.266	31	1	0	1.0	0.0	9.266
CCL5_HUMAN	6352	CCL5	9.265	4323	2	0	1.301	0.0	7.121
CAN5_HUMAN	726	CAPN5	9.252	32	1	0	1.0	0.0	9.252
GFRA3_HUMAN	2676	GFRA3	9.252	32	1	5	1.0	0.0	9.252
NINJ1_HUMAN	4814	NINJ1	9.252	32	1	0	1.0	0.0	9.252
SRP14_HUMAN	6727	SRP14	9.252	32	1	2	1.0	0.0	9.252
TBCA_HUMAN	6902	TBCA	9.252	32	1	0	1.0	0.0	9.252
RCAN2_HUMAN	10231	RCAN2	9.252	32	1	1	1.0	0.0	9.252
CD28_HUMAN	940	CD28	9.246	4465	2	0	1.301	0.0	7.107
NEP_HUMAN	4311	MME	9.238	4534	2	1	1.301	0.0	7.1
SH22A_HUMAN	9047	SH2D2A	9.238	33	1	0	1.0	0.0	9.238
STK25_HUMAN	10494	STK25	9.238	33	1	0	1.0	0.0	9.238
NPAS3_HUMAN	64067	NPAS3	9.238	33	1	1	1.0	0.0	9.238
MUC16_HUMAN	94025	MUC16	9.228	4611	2	0	1.301	0.0	7.093
CACO2_HUMAN	10241	CALCOCO2	9.225	34	1	3	1.0	0.0	9.225
CTRO_HUMAN	11113	CIT	9.225	34	1	0	1.0	0.0	9.225
HPBP1_HUMAN	23640	HSPBP1	9.225	34	1	1	1.0	0.0	9.225
K1C39_HUMAN	390792	KRT39	9.225	34	1	0	1.0	0.0	9.225
CAD15_HUMAN	1013	CDH15	9.213	35	1	0	1.0	0.0	9.213
PCP4_HUMAN	5121	PCP4	9.213	35	1	1	1.0	0.0	9.213
AFG32_HUMAN	10939	AFG3L2	9.213	35	1	0	1.0	0.0	9.213
TM115_HUMAN	11070	TMEM115	9.213	35	1	1	1.0	0.0	9.213
TMM70_HUMAN	54968	TMEM70	9.213	35	1	0	1.0	0.0	9.213
MARK4_HUMAN	57787	MARK4	9.213	35	1	0	1.0	0.0	9.213
LSAMP_HUMAN	4045	LSAMP	9.201	36	1	0	1.0	0.0	9.201
GANAB_HUMAN	23193	GANAB	9.201	36	1	0	1.0	0.0	9.201
HMN5_HUMAN	100463289	MTRNR2L5	9.201	36	1	0	1.0	0.0	9.201
NDUS3_HUMAN	4722	NDUFS3	9.189	37	1	0	1.0	0.0	9.189
CATF_HUMAN	8722	CTSF	9.189	37	1	1	1.0	0.0	9.189
HCLS1_HUMAN	3059	HCLS1	9.177	38	1	0	1.0	0.0	9.177
OR1D2_HUMAN	4991	OR1D2	9.177	38	1	2	1.0	0.0	9.177
COX17_HUMAN	10063	COX17	9.177	38	1	0	1.0	0.0	9.177
STABP_HUMAN	10617	STAMBP	9.177	38	1	2	1.0	0.0	9.177
LIAS_HUMAN	11019	LIAS	9.177	38	1	0	1.0	0.0	9.177
WWP2_HUMAN	11060	WWP2	9.177	38	1	0	1.0	0.0	9.177
PALLD_HUMAN	23022	PALLD	9.177	38	1	1	1.0	0.0	9.177
IGF2_HUMAN	3481	IGF2	9.176	5059	2	0	1.301	0.0	7.053
IL13_HUMAN	3596	IL13	9.167	5136	2	1	1.301	0.0	7.046
NF1_HUMAN	4763	NF1	9.167	5140	2	4	1.301	0.0	7.046
CASQ1_HUMAN	844	CASQ1	9.166	39	1	0	1.0	0.0	9.166
ITIH1_HUMAN	3697	ITIH1	9.166	39	1	0	1.0	0.0	9.166
UBB_HUMAN	7314	UBB	9.166	39	1	0	1.0	0.0	9.166
GALR3_HUMAN	8484	GALR3	9.166	39	1	1	1.0	0.0	9.166
ZBT22_HUMAN	9278	ZBTB22	9.166	39	1	0	1.0	0.0	9.166
RNF41_HUMAN	10193	RNF41	9.166	39	1	1	1.0	0.0	9.166
XRN2_HUMAN	22803	XRN2	9.166	39	1	0	1.0	0.0	9.166
TRI37_HUMAN	4591	TRIM37	9.144	41	1	0	1.0	0.0	9.144
SPO11_HUMAN	23626	SPO11	9.144	41	1	0	1.0	0.0	9.144
ARI1_HUMAN	25820	ARIH1	9.144	41	1	2	1.0	0.0	9.144
CEMP1_HUMAN	752014	CEMP1	9.144	41	1	0	1.0	0.0	9.144
NEU2_HUMAN	551	AVP	9.136	5426	2	1	1.301	0.0	7.022
CTL1_HUMAN	23446	SLC44A1	9.134	42	1	3	1.0	0.0	9.134
PPE1_HUMAN	5475	PPEF1	9.123	43	1	0	1.0	0.0	9.123
NUDC_HUMAN	10726	NUDC	9.123	43	1	0	1.0	0.0	9.123
EFHC1_HUMAN	114327	EFHC1	9.123	43	1	0	1.0	0.0	9.123
CASP8_HUMAN	841	CASP8	9.121	5573	2	0	1.301	0.0	7.011
VCAM1_HUMAN	7412	VCAM1	9.121	5577	2	2	1.301	0.0	7.01
CBPD_HUMAN	1362	CPD	9.113	44	1	0	1.0	0.0	9.113
GPC4_HUMAN	2239	GPC4	9.113	44	1	0	1.0	0.0	9.113
ICAM4_HUMAN	3386	ICAM4	9.113	44	1	1	1.0	0.0	9.113
K22E_HUMAN	3849	KRT2	9.113	44	1	0	1.0	0.0	9.113
RB3GP_HUMAN	22930	RAB3GAP1	9.113	44	1	3	1.0	0.0	9.113
PP14B_HUMAN	26472	PPP1R14B	9.113	44	1	0	1.0	0.0	9.113
ACTN2_HUMAN	88	ACTN2	9.104	45	1	1	1.0	0.0	9.104
DREB_HUMAN	1627	DBN1	9.104	45	1	0	1.0	0.0	9.104
MSRB1_HUMAN	51734	MSRB1	9.104	45	1	0	1.0	0.0	9.104
SEP11_HUMAN	55752	SEPT11	9.104	45	1	0	1.0	0.0	9.104
JAM2_HUMAN	58494	JAM2	9.104	45	1	0	1.0	0.0	9.104
ACTC_HUMAN	70	ACTC1	9.094	46	1	1	1.0	0.0	9.094
AMPH_HUMAN	273	AMPH	9.094	46	1	2	1.0	0.0	9.094
SEM5A_HUMAN	9037	SEMA5A	9.094	46	1	2	1.0	0.0	9.094
PQBP1_HUMAN	10084	PQBP1	9.094	46	1	1	1.0	0.0	9.094
DSCAM_HUMAN	1826	DSCAM	9.085	47	1	1	1.0	0.0	9.085
MACF1_HUMAN	23499	MACF1	9.085	47	1	1	1.0	0.0	9.085
DIAP2_HUMAN	1730	DIAPH2	9.076	48	1	3	1.0	0.0	9.076
H13_HUMAN	3007	HIST1H1D	9.076	48	1	0	1.0	0.0	9.076
GBRL2_HUMAN	11345	GABARAPL2	9.076	48	1	0	1.0	0.0	9.076
GP162_HUMAN	27239	GPR162	9.076	48	1	0	1.0	0.0	9.076
DRAM1_HUMAN	55332	DRAM1	9.076	48	1	0	1.0	0.0	9.076
WFDC1_HUMAN	58189	WFDC1	9.076	48	1	0	1.0	0.0	9.076
PDXK_HUMAN	8566	PDXK	9.067	49	1	0	1.0	0.0	9.067
DNJA3_HUMAN	9093	DNAJA3	9.067	49	1	2	1.0	0.0	9.067
HES3_HUMAN	390992	HES3	9.067	49	1	3	1.0	0.0	9.067
CST8_HUMAN	10047	CST8	9.058	50	1	0	1.0	0.0	9.058
KLF8_HUMAN	11279	KLF8	9.058	50	1	6	1.0	0.0	9.058
PKHG4_HUMAN	25894	PLEKHG4	9.058	50	1	1	1.0	0.0	9.058
LMBR1_HUMAN	64327	LMBR1	9.058	50	1	0	1.0	0.0	9.058
BRCA2_HUMAN	675	BRCA2	9.054	6283	2	0	1.301	0.0	6.959
CHIN_HUMAN	1123	CHN1	9.049	51	1	0	1.0	0.0	9.049
CHST6_HUMAN	4166	CHST6	9.049	51	1	0	1.0	0.0	9.049
RGS16_HUMAN	6004	RGS16	9.049	51	1	1	1.0	0.0	9.049
RNPS1_HUMAN	10921	RNPS1	9.049	51	1	1	1.0	0.0	9.049
TTBK2_HUMAN	146057	TTBK2	9.049	51	1	0	1.0	0.0	9.049
RN168_HUMAN	165918	RNF168	9.049	51	1	3	1.0	0.0	9.049
LMIP_HUMAN	3982	LIM2	9.041	52	1	2	1.0	0.0	9.041
DPOG2_HUMAN	11232	POLG2	9.041	52	1	1	1.0	0.0	9.041
SUN1_HUMAN	23353	SUN1	9.041	52	1	0	1.0	0.0	9.041
IKBZ_HUMAN	64332	NFKBIZ	9.041	52	1	0	1.0	0.0	9.041
TLR4_HUMAN	7099	TLR4	9.04	6440	2	7	1.301	0.0	6.948
KIT_HUMAN	3815	KIT	9.035	6488	2	1	1.301	0.0	6.945
EPS8_HUMAN	2059	EPS8	9.033	53	1	1	1.0	0.0	9.033
GPC5_HUMAN	2262	GPC5	9.033	53	1	1	1.0	0.0	9.033
CYTIP_HUMAN	9595	CYTIP	9.033	53	1	0	1.0	0.0	9.033
STX3_HUMAN	6809	STX3	9.025	54	1	0	1.0	0.0	9.025
RRFM_HUMAN	92399	MRRF	9.025	54	1	3	1.0	0.0	9.025
EVPL_HUMAN	2125	EVPL	9.017	55	1	1	1.0	0.0	9.017
SYMC_HUMAN	4141	MARS	9.017	55	1	1	1.0	0.0	9.017
LMO4_HUMAN	8543	LMO4	9.017	55	1	0	1.0	0.0	9.017
COG1_HUMAN	9382	COG1	9.017	55	1	0	1.0	0.0	9.017
NRG3_HUMAN	10718	NRG3	9.017	55	1	3	1.0	0.0	9.017
LGR4_HUMAN	55366	LGR4	9.017	55	1	0	1.0	0.0	9.017
ESAM_HUMAN	90952	ESAM	9.017	55	1	1	1.0	0.0	9.017
IL17_HUMAN	3605	IL17A	9.016	6719	2	1	1.301	0.0	6.93
BOK_HUMAN	666	BOK	9.001	57	1	1	1.0	0.0	9.001
TICN1_HUMAN	6695	SPOCK1	9.001	57	1	0	1.0	0.0	9.001
AP4B1_HUMAN	10717	AP4B1	9.001	57	1	0	1.0	0.0	9.001
GLRX2_HUMAN	51022	GLRX2	9.001	57	1	3	1.0	0.0	9.001
COMD1_HUMAN	150684	COMMD1	9.001	57	1	0	1.0	0.0	9.001
HSPB3_HUMAN	8988	HSPB3	8.994	58	1	0	1.0	0.0	8.994
KCNC3_HUMAN	3748	KCNC3	8.986	59	1	1	1.0	0.0	8.986
PARN_HUMAN	5073	PARN	8.986	59	1	0	1.0	0.0	8.986
TPBG_HUMAN	7162	TPBG	8.986	59	1	0	1.0	0.0	8.986
WNT16_HUMAN	51384	WNT16	8.986	59	1	0	1.0	0.0	8.986
SLAF6_HUMAN	114836	SLAMF6	8.986	59	1	0	1.0	0.0	8.986
NEGR1_HUMAN	257194	NEGR1	8.979	60	1	1	1.0	0.0	8.979
DIAC_HUMAN	1486	CTBS	8.972	61	1	0	1.0	0.0	8.972
DHRS2_HUMAN	10202	DHRS2	8.972	61	1	2	1.0	0.0	8.972
CATZ_HUMAN	1522	CTSZ	8.965	62	1	1	1.0	0.0	8.965
TOM20_HUMAN	9804	TOMM20	8.965	62	1	0	1.0	0.0	8.965
PRPS1_HUMAN	5631	PRPS1	8.958	63	1	0	1.0	0.0	8.958
DLG5_HUMAN	9231	DLG5	8.958	63	1	0	1.0	0.0	8.958
UBP22_HUMAN	23326	USP22	8.958	63	1	0	1.0	0.0	8.958
GOGA2_HUMAN	2801	GOLGA2	8.951	64	1	1	1.0	0.0	8.951
EFTU_HUMAN	7284	TUFM	8.951	64	1	0	1.0	0.0	8.951
SL9A6_HUMAN	10479	SLC9A6	8.951	64	1	1	1.0	0.0	8.951
ATF5_HUMAN	22809	ATF5	8.951	64	1	0	1.0	0.0	8.951
CYS1_HUMAN	192668	CYS1	8.951	64	1	0	1.0	0.0	8.951
SPG17_HUMAN	200162	SPAG17	8.951	64	1	1	1.0	0.0	8.951
GEN_HUMAN	348654	GEN1	8.951	64	1	1	1.0	0.0	8.951
MEF2D_HUMAN	4209	MEF2D	8.944	65	1	1	1.0	0.0	8.944
PLS1_HUMAN	5359	PLSCR1	8.944	65	1	0	1.0	0.0	8.944
PPIL1_HUMAN	51645	PPIL1	8.944	65	1	1	1.0	0.0	8.944
B4GN1_HUMAN	2583	B4GALNT1	8.931	67	1	2	1.0	0.0	8.931
KPCT_HUMAN	5588	PRKCQ	8.931	67	1	0	1.0	0.0	8.931
SGMR1_HUMAN	10280	SIGMAR1	8.931	67	1	1	1.0	0.0	8.931
UBQL2_HUMAN	29978	UBQLN2	8.924	68	1	4	1.0	0.0	8.924
DERL1_HUMAN	79139	DERL1	8.924	68	1	0	1.0	0.0	8.924
ARSF_HUMAN	416	ARSF	8.918	69	1	0	1.0	0.0	8.918
RAB2A_HUMAN	5862	RAB2A	8.918	69	1	0	1.0	0.0	8.918
NT5C_HUMAN	30833	NT5C	8.918	69	1	0	1.0	0.0	8.918
CYTS_HUMAN	1472	CST4	8.912	70	1	0	1.0	0.0	8.912
TFG_HUMAN	10342	TFG	8.912	70	1	2	1.0	0.0	8.912
COTL1_HUMAN	23406	COTL1	8.906	71	1	0	1.0	0.0	8.906
AIPL1_HUMAN	23746	AIPL1	8.906	71	1	1	1.0	0.0	8.906
VDAC2_HUMAN	7417	VDAC2	8.9	72	1	1	1.0	0.0	8.9
ISCU_HUMAN	23479	ISCU	8.9	72	1	1	1.0	0.0	8.9
SIL1_HUMAN	64374	SIL1	8.9	72	1	0	1.0	0.0	8.9
NPT2A_HUMAN	6569	SLC34A1	8.894	73	1	1	1.0	0.0	8.894
CLN6_HUMAN	54982	CLN6	8.894	73	1	0	1.0	0.0	8.894
SELS_HUMAN	55829	SELENOS	8.894	73	1	1	1.0	0.0	8.894
HXK3_HUMAN	3101	HK3	8.888	74	1	1	1.0	0.0	8.888
TSH1_HUMAN	10194	TSHZ1	8.882	75	1	0	1.0	0.0	8.882
RN213_HUMAN	57674	RNF213	8.882	75	1	0	1.0	0.0	8.882
CYH2_HUMAN	9266	CYTH2	8.876	76	1	0	1.0	0.0	8.876
COQ2_HUMAN	27235	COQ2	8.876	76	1	0	1.0	0.0	8.876
NTRI_HUMAN	50863	NTM	8.876	76	1	0	1.0	0.0	8.876
FYV1_HUMAN	200576	PIKFYVE	8.876	76	1	0	1.0	0.0	8.876
ADIPO_HUMAN	9370	ADIPOQ	8.872	8653	2	0	1.301	0.0	6.82
NNAT_HUMAN	4826	NNAT	8.87	77	1	1	1.0	0.0	8.87
SRPK1_HUMAN	6732	SRPK1	8.87	77	1	3	1.0	0.0	8.87
CUL5_HUMAN	8065	CUL5	8.87	77	1	0	1.0	0.0	8.87
HERC2_HUMAN	8924	HERC2	8.87	77	1	3	1.0	0.0	8.87
DPP2_HUMAN	29952	DPP7	8.87	77	1	0	1.0	0.0	8.87
3BP2_HUMAN	6452	SH3BP2	8.865	78	1	1	1.0	0.0	8.865
GALE_HUMAN	2582	GALE	8.859	79	1	0	1.0	0.0	8.859
COR1A_HUMAN	11151	CORO1A	8.859	79	1	2	1.0	0.0	8.859
IASPP_HUMAN	10848	PPP1R13L	8.854	80	1	0	1.0	0.0	8.854
RED_HUMAN	3550	IK	8.843	82	1	0	1.0	0.0	8.843
NPT2B_HUMAN	10568	SLC34A2	8.843	82	1	1	1.0	0.0	8.843
TREA_HUMAN	11181	TREH	8.843	82	1	0	1.0	0.0	8.843
WRB_HUMAN	7485	WRB	8.838	83	1	0	1.0	0.0	8.838
DLL3_HUMAN	10683	DLL3	8.838	83	1	1	1.0	0.0	8.838
FCERB_HUMAN	2206	MS4A2	8.833	84	1	2	1.0	0.0	8.833
DMC1_HUMAN	11144	DMC1	8.833	84	1	0	1.0	0.0	8.833
IMDH1_HUMAN	3614	IMPDH1	8.828	85	1	2	1.0	0.0	8.828
PRP8_HUMAN	10594	PRPF8	8.828	85	1	0	1.0	0.0	8.828
SP17_HUMAN	53340	SPA17	8.828	85	1	0	1.0	0.0	8.828
RNAS7_HUMAN	84659	RNASE7	8.828	85	1	2	1.0	0.0	8.828
CCND1_HUMAN	595	CCND1	8.825	9412	2	1	1.301	0.0	6.783
ADA15_HUMAN	8751	ADAM15	8.822	86	1	0	1.0	0.0	8.822
GNL3_HUMAN	26354	GNL3	8.822	86	1	0	1.0	0.0	8.822
TNR6A_HUMAN	27327	TNRC6A	8.822	86	1	1	1.0	0.0	8.822
NHLC1_HUMAN	378884	NHLRC1	8.822	86	1	2	1.0	0.0	8.822
SNP23_HUMAN	8773	SNAP23	8.817	87	1	0	1.0	0.0	8.817
SULF1_HUMAN	23213	SULF1	8.808	89	1	1	1.0	0.0	8.808
GNA12_HUMAN	2768	GNA12	8.803	90	1	0	1.0	0.0	8.803
SEPT2_HUMAN	4735	SEPT2	8.803	90	1	1	1.0	0.0	8.803
BPIA2_HUMAN	140683	BPIFA2	8.803	90	1	0	1.0	0.0	8.803
FRMD6_HUMAN	122786	FRMD6	8.798	91	1	1	1.0	0.0	8.798
PAX1_HUMAN	5075	PAX1	8.793	92	1	0	1.0	0.0	8.793
RAB6A_HUMAN	5870	RAB6A	8.793	92	1	0	1.0	0.0	8.793
TCF20_HUMAN	6942	TCF20	8.793	92	1	0	1.0	0.0	8.793
CCL2_HUMAN	6347	CCL2	8.789	10029	2	0	1.301	0.0	6.756
TRI18_HUMAN	4281	MID1	8.788	93	1	1	1.0	0.0	8.788
NEUR3_HUMAN	10825	NEU3	8.788	93	1	0	1.0	0.0	8.788
GIT1_HUMAN	28964	GIT1	8.788	93	1	8	1.0	0.0	8.788
CASQ2_HUMAN	845	CASQ2	8.779	95	1	1	1.0	0.0	8.779
SEPT7_HUMAN	989	SEPT7	8.775	96	1	0	1.0	0.0	8.775
BCAM_HUMAN	4059	BCAM	8.775	96	1	0	1.0	0.0	8.775
MGAT1_HUMAN	4245	MGAT1	8.775	96	1	0	1.0	0.0	8.775
NPAT_HUMAN	4863	NPAT	8.775	96	1	0	1.0	0.0	8.775
BY55_HUMAN	11126	CD160	8.775	96	1	0	1.0	0.0	8.775
SPTC1_HUMAN	10558	SPTLC1	8.77	97	1	0	1.0	0.0	8.77
SPIT2_HUMAN	10653	SPINT2	8.77	97	1	0	1.0	0.0	8.77
FKB1A_HUMAN	2280	FKBP1A	8.766	98	1	1	1.0	0.0	8.766
5HT4R_HUMAN	3360	HTR4	8.766	98	1	0	1.0	0.0	8.766
TENR_HUMAN	7143	TNR	8.766	98	1	0	1.0	0.0	8.766
ACK1_HUMAN	10188	TNK2	8.766	98	1	1	1.0	0.0	8.766
WDR5_HUMAN	11091	WDR5	8.766	98	1	0	1.0	0.0	8.766
LEG2_HUMAN	3957	LGALS2	8.761	99	1	0	1.0	0.0	8.761
DUS3_HUMAN	1845	DUSP3	8.757	100	1	0	1.0	0.0	8.757
KKCC2_HUMAN	10645	CAMKK2	8.757	100	1	0	1.0	0.0	8.757
RFOX2_HUMAN	23543	RBFOX2	8.757	100	1	2	1.0	0.0	8.757
DTNB_HUMAN	1838	DTNB	8.753	101	1	0	1.0	0.0	8.753
NECT2_HUMAN	5819	NECTIN2	8.753	101	1	1	1.0	0.0	8.753
CASK_HUMAN	1448	CSN3	8.748	102	1	0	1.0	0.0	8.748
AMPO_HUMAN	84909	AOPEP	8.748	102	1	0	1.0	0.0	8.748
KCC4_HUMAN	814	CAMK4	8.744	103	1	0	1.0	0.0	8.744
MAGC1_HUMAN	9947	MAGEC1	8.74	104	1	0	1.0	0.0	8.74
HEM4_HUMAN	7390	UROS	8.736	105	1	0	1.0	0.0	8.736
S26A8_HUMAN	116369	SLC26A8	8.736	105	1	0	1.0	0.0	8.736
ILEU_HUMAN	1992	SERPINB1	8.732	106	1	1	1.0	0.0	8.732
SIAH1_HUMAN	6477	SIAH1	8.732	106	1	4	1.0	0.0	8.732
PAK4_HUMAN	10298	PAK4	8.732	106	1	0	1.0	0.0	8.732
FLOT2_HUMAN	2319	FLOT2	8.728	107	1	2	1.0	0.0	8.728
TRPV5_HUMAN	56302	TRPV5	8.728	107	1	0	1.0	0.0	8.728
ERR3_HUMAN	2104	ESRRG	8.724	108	1	1	1.0	0.0	8.724
SUMO3_HUMAN	6612	SUMO3	8.72	109	1	1	1.0	0.0	8.72
YES_HUMAN	7525	YES1	8.72	109	1	0	1.0	0.0	8.72
S4A4_HUMAN	8671	SLC4A4	8.72	109	1	0	1.0	0.0	8.72
CITE2_HUMAN	10370	CITED2	8.716	110	1	1	1.0	0.0	8.716
SEPT1_HUMAN	1731	SEPT1	8.708	112	1	0	1.0	0.0	8.708
MTF1_HUMAN	4520	MTF1	8.708	112	1	0	1.0	0.0	8.708
HTF4_HUMAN	6938	TCF12	8.704	113	1	2	1.0	0.0	8.704
SNAT_HUMAN	15	AANAT	8.7	114	1	0	1.0	0.0	8.7
CENPF_HUMAN	1063	CENPF	8.7	114	1	0	1.0	0.0	8.7
UBE2K_HUMAN	3093	UBE2K	8.7	114	1	0	1.0	0.0	8.7
MK03_HUMAN	5595	MAPK3	8.7	11751	2	0	1.301	0.0	6.687
SN_HUMAN	6614	SIGLEC1	8.7	114	1	1	1.0	0.0	8.7
AIDA_HUMAN	64853	AIDA	8.7	114	1	4	1.0	0.0	8.7
DHC24_HUMAN	1718	DHCR24	8.696	115	1	1	1.0	0.0	8.696
HXB13_HUMAN	10481	HOXB13	8.696	115	1	0	1.0	0.0	8.696
UCN2_HUMAN	90226	UCN2	8.696	115	1	0	1.0	0.0	8.696
CDX1_HUMAN	1044	CDX1	8.692	116	1	0	1.0	0.0	8.692
SPB9_HUMAN	5272	SERPINB9	8.692	116	1	0	1.0	0.0	8.692
CDC37_HUMAN	11140	CDC37	8.692	116	1	0	1.0	0.0	8.692
CREST_HUMAN	26039	SS18L1	8.685	118	1	0	1.0	0.0	8.685
HCDH_HUMAN	3033	HADH	8.681	119	1	0	1.0	0.0	8.681
RLBP1_HUMAN	6017	RLBP1	8.681	119	1	0	1.0	0.0	8.681
KCNJ6_HUMAN	3763	KCNJ6	8.678	120	1	2	1.0	0.0	8.678
NAGAB_HUMAN	4668	NAGA	8.674	121	1	0	1.0	0.0	8.674
ADHX_HUMAN	128	ADH5	8.671	122	1	1	1.0	0.0	8.671
HXB4_HUMAN	3214	HOXB4	8.671	122	1	6	1.0	0.0	8.671
TRAP1_HUMAN	10131	TRAP1	8.667	123	1	5	1.0	0.0	8.667
PDZ1I_HUMAN	10158	PDZK1IP1	8.667	123	1	4	1.0	0.0	8.667
HXA1_HUMAN	3198	HOXA1	8.664	124	1	0	1.0	0.0	8.664
TIG1_HUMAN	5918	RARRES1	8.664	124	1	0	1.0	0.0	8.664
ACON_HUMAN	50	ACO2	8.66	125	1	8	1.0	0.0	8.66
AT1A2_HUMAN	477	ATP1A2	8.66	125	1	1	1.0	0.0	8.66
SUGP1_HUMAN	57794	SUGP1	8.66	125	1	1	1.0	0.0	8.66
PCFT_HUMAN	113235	SLC46A1	8.66	125	1	3	1.0	0.0	8.66
NEUL1_HUMAN	9148	NEURL1	8.657	126	1	0	1.0	0.0	8.657
MED25_HUMAN	81857	MED25	8.657	126	1	2	1.0	0.0	8.657
NPTX2_HUMAN	4885	NPTX2	8.65	128	1	0	1.0	0.0	8.65
TOM40_HUMAN	10452	TOMM40	8.65	128	1	3	1.0	0.0	8.65
ACHA3_HUMAN	1136	CHRNA3	8.646	129	1	0	1.0	0.0	8.646
GEPH_HUMAN	10243	GPHN	8.646	129	1	0	1.0	0.0	8.646
CE290_HUMAN	80184	CEP290	8.646	129	1	3	1.0	0.0	8.646
PRAG1_HUMAN	157285	PRAG1	8.646	129	1	0	1.0	0.0	8.646
AGO1_HUMAN	26523	AGO1	8.643	130	1	1	1.0	0.0	8.643
FCN3_HUMAN	8547	FCN3	8.64	131	1	2	1.0	0.0	8.64
CBX1_HUMAN	10951	CBX1	8.633	133	1	0	1.0	0.0	8.633
GLO2_HUMAN	3029	HAGH	8.63	134	1	0	1.0	0.0	8.63
3BP5_HUMAN	9467	SH3BP5	8.63	134	1	0	1.0	0.0	8.63
NISCH_HUMAN	11188	NISCH	8.63	134	1	0	1.0	0.0	8.63
HVCN1_HUMAN	84329	HVCN1	8.63	134	1	0	1.0	0.0	8.63
MCLN1_HUMAN	57192	MCOLN1	8.62	137	1	2	1.0	0.0	8.62
SEPT5_HUMAN	5413	SEPT5	8.617	138	1	1	1.0	0.0	8.617
MLXIP_HUMAN	22877	MLXIP	8.617	138	1	0	1.0	0.0	8.617
MT1A_HUMAN	4489	MT1A	8.614	139	1	0	1.0	0.0	8.614
TAD2A_HUMAN	6871	TADA2A	8.614	139	1	0	1.0	0.0	8.614
WDTC1_HUMAN	23038	WDTC1	8.614	139	1	2	1.0	0.0	8.614
DYST_HUMAN	667	DST	8.611	140	1	0	1.0	0.0	8.611
CO8A2_HUMAN	1296	COL8A2	8.611	140	1	0	1.0	0.0	8.611
KIF1B_HUMAN	23095	KIF1B	8.611	140	1	0	1.0	0.0	8.611
CLCA1_HUMAN	1179	CLCA1	8.608	141	1	1	1.0	0.0	8.608
CD2AP_HUMAN	23607	CD2AP	8.608	141	1	0	1.0	0.0	8.608
ATOX1_HUMAN	475	ATOX1	8.605	142	1	0	1.0	0.0	8.605
XPO2_HUMAN	1434	CSE1L	8.605	142	1	3	1.0	0.0	8.605
EGLN3_HUMAN	112399	EGLN3	8.605	142	1	0	1.0	0.0	8.605
GPR98_HUMAN	84059	GPR98	8.602	143	1	0	1.0	0.0	8.602
FLOT1_HUMAN	10211	FLOT1	8.599	144	1	0	1.0	0.0	8.599
AA1R_HUMAN	134	ADORA1	8.596	145	1	0	1.0	0.0	8.596
PR15A_HUMAN	23645	PPP1R15A	8.596	145	1	2	1.0	0.0	8.596
NTAL_HUMAN	7462	LAT2	8.593	146	1	2	1.0	0.0	8.593
FBLN3_HUMAN	2202	EFEMP1	8.59	147	1	1	1.0	0.0	8.59
LONM_HUMAN	9361	LONP1	8.587	148	1	3	1.0	0.0	8.587
DDR2_HUMAN	4921	DDR2	8.584	149	1	8	1.0	0.0	8.584
DEK_HUMAN	7913	DEK	8.578	151	1	1	1.0	0.0	8.578
ACM2_HUMAN	1129	CHRM2	8.575	152	1	3	1.0	0.0	8.575
DDX3X_HUMAN	1654	DDX3X	8.572	153	1	2	1.0	0.0	8.572
ANM5_HUMAN	10419	PRMT5	8.572	153	1	0	1.0	0.0	8.572
ACBG1_HUMAN	23205	ACSBG1	8.572	153	1	0	1.0	0.0	8.572
GBRL1_HUMAN	23710	GABARAPL1	8.572	153	1	0	1.0	0.0	8.572
CFA97_HUMAN	57587	CFAP97	8.572	153	1	0	1.0	0.0	8.572
ACACA_HUMAN	31	ACACA	8.569	154	1	0	1.0	0.0	8.569
SOX3_HUMAN	6658	SOX3	8.569	154	1	0	1.0	0.0	8.569
KAD1_HUMAN	203	AK1	8.564	156	1	0	1.0	0.0	8.564
PMM2_HUMAN	5373	PMM2	8.564	156	1	1	1.0	0.0	8.564
PRPF3_HUMAN	9129	PRPF3	8.564	156	1	1	1.0	0.0	8.564
PPR3A_HUMAN	5506	PPP1R3A	8.561	157	1	0	1.0	0.0	8.561
SPTN1_HUMAN	6709	SPTAN1	8.561	157	1	0	1.0	0.0	8.561
BEAN1_HUMAN	146227	BEAN1	8.561	157	1	0	1.0	0.0	8.561
KCNA2_HUMAN	3737	KCNA2	8.558	158	1	1	1.0	0.0	8.558
LIPP_HUMAN	5406	PNLIP	8.558	158	1	1	1.0	0.0	8.558
EEA1_HUMAN	8411	EEA1	8.556	159	1	0	1.0	0.0	8.556
CAN10_HUMAN	11132	CAPN10	8.556	159	1	0	1.0	0.0	8.556
PLAP_HUMAN	9373	PLAA	8.553	160	1	0	1.0	0.0	8.553
CCL27_HUMAN	10850	CCL27	8.55	161	1	1	1.0	0.0	8.55
NED4L_HUMAN	23327	NEDD4L	8.55	161	1	2	1.0	0.0	8.55
PCSK7_HUMAN	9159	PCSK7	8.547	162	1	0	1.0	0.0	8.547
RAMP1_HUMAN	10267	RAMP1	8.547	162	1	0	1.0	0.0	8.547
PREB_HUMAN	10113	PREB	8.545	163	1	0	1.0	0.0	8.545
CTRC_HUMAN	11330	CTRC	8.545	163	1	2	1.0	0.0	8.545
VPP3_HUMAN	10312	TCIRG1	8.539	165	1	1	1.0	0.0	8.539
PRCC_HUMAN	5546	PRCC	8.537	166	1	0	1.0	0.0	8.537
STAT_HUMAN	6779	STATH	8.537	166	1	0	1.0	0.0	8.537
BARD1_HUMAN	580	BARD1	8.534	167	1	1	1.0	0.0	8.534
GRAM_HUMAN	3004	GZMM	8.534	167	1	0	1.0	0.0	8.534
RHG07_HUMAN	10395	DLC1	8.534	167	1	3	1.0	0.0	8.534
RXFP1_HUMAN	59350	RXFP1	8.534	167	1	1	1.0	0.0	8.534
FLCN_HUMAN	201163	FLCN	8.534	167	1	1	1.0	0.0	8.534
RENR_HUMAN	10159	ATP6AP2	8.532	168	1	0	1.0	0.0	8.532
TREM2_HUMAN	54209	TREM2	8.529	169	1	7	1.0	0.0	8.529
PUR8_HUMAN	158	ADSL	8.527	170	1	0	1.0	0.0	8.527
PLCG2_HUMAN	5336	PLCG2	8.521	172	1	0	1.0	0.0	8.521
KITM_HUMAN	7084	TK2	8.521	172	1	0	1.0	0.0	8.521
SH2D3_HUMAN	10044	SH2D3C	8.521	172	1	2	1.0	0.0	8.521
PLPL6_HUMAN	10908	PNPLA6	8.521	172	1	0	1.0	0.0	8.521
DAG1_HUMAN	1605	DAG1	8.519	173	1	0	1.0	0.0	8.519
IREB2_HUMAN	3658	IREB2	8.519	173	1	0	1.0	0.0	8.519
MAD1_HUMAN	4084	MXD1	8.519	173	1	0	1.0	0.0	8.519
IGJ_HUMAN	3512	JCHAIN	8.516	174	1	0	1.0	0.0	8.516
TBA1B_HUMAN	10376	TUBA1B	8.514	175	1	1	1.0	0.0	8.514
FLNB_HUMAN	2317	FLNB	8.511	176	1	2	1.0	0.0	8.511
H10_HUMAN	3005	H1F0	8.509	177	1	0	1.0	0.0	8.509
CIKS_HUMAN	10758	TRAF3IP2	8.509	177	1	0	1.0	0.0	8.509
FKTN_HUMAN	2218	FKTN	8.507	178	1	1	1.0	0.0	8.507
DDR1_HUMAN	780	DDR1	8.504	179	1	2	1.0	0.0	8.504
FCERG_HUMAN	2207	FCER1G	8.504	179	1	2	1.0	0.0	8.504
DTBP1_HUMAN	84062	DTNBP1	8.502	180	1	0	1.0	0.0	8.502
NTCP2_HUMAN	6555	SLC10A2	8.499	181	1	1	1.0	0.0	8.499
AOC3_HUMAN	8639	AOC3	8.497	182	1	1	1.0	0.0	8.497
METK1_HUMAN	4143	MAT1A	8.494	183	1	0	1.0	0.0	8.494
KCNE2_HUMAN	9992	KCNE2	8.494	183	1	0	1.0	0.0	8.494
BAG3_HUMAN	9531	BAG3	8.492	184	1	7	1.0	0.0	8.492
RCAN1_HUMAN	1827	RCAN1	8.487	186	1	0	1.0	0.0	8.487
CO4A1_HUMAN	1282	COL4A1	8.48	189	1	0	1.0	0.0	8.48
NECT1_HUMAN	5818	NECTIN1	8.476	191	1	1	1.0	0.0	8.476
AGRL1_HUMAN	22859	ADGRL1	8.476	191	1	0	1.0	0.0	8.476
LEG10_HUMAN	1178	CLC	8.474	192	1	0	1.0	0.0	8.474
ABCA3_HUMAN	21	ABCA3	8.471	193	1	3	1.0	0.0	8.471
ADDA_HUMAN	118	ADD1	8.471	193	1	0	1.0	0.0	8.471
DEAF1_HUMAN	10522	DEAF1	8.46	198	1	0	1.0	0.0	8.46
CNDP2_HUMAN	55748	CNDP2	8.46	198	1	1	1.0	0.0	8.46
CATS_HUMAN	1520	CTSS	8.454	201	1	0	1.0	0.0	8.454
EPHB4_HUMAN	2050	EPHB4	8.452	202	1	0	1.0	0.0	8.452
PCNT_HUMAN	5116	PCNT	8.452	202	1	1	1.0	0.0	8.452
K1C15_HUMAN	3866	KRT15	8.443	206	1	4	1.0	0.0	8.443
FMN1_HUMAN	342184	FMN1	8.443	206	1	1	1.0	0.0	8.443
ITA3_HUMAN	3675	ITGA3	8.441	207	1	5	1.0	0.0	8.441
STK3_HUMAN	6788	STK3	8.441	207	1	0	1.0	0.0	8.441
MGT5A_HUMAN	4249	MGAT5	8.439	208	1	5	1.0	0.0	8.439
ANK1_HUMAN	286	ANK1	8.437	209	1	0	1.0	0.0	8.437
HNRPK_HUMAN	3190	HNRNPK	8.437	209	1	0	1.0	0.0	8.437
CSK21_HUMAN	1457	CSNK2A1	8.435	210	1	0	1.0	0.0	8.435
SEM1_HUMAN	7979	SEM1	8.435	210	1	0	1.0	0.0	8.435
DFFA_HUMAN	1676	DFFA	8.433	211	1	3	1.0	0.0	8.433
EAA3_HUMAN	6505	SLC1A1	8.433	211	1	1	1.0	0.0	8.433
PROK2_HUMAN	60675	PROK2	8.433	211	1	4	1.0	0.0	8.433
RABP1_HUMAN	1381	CRABP1	8.431	212	1	4	1.0	0.0	8.431
SPN90_HUMAN	51517	NCKIPSD	8.431	212	1	0	1.0	0.0	8.431
CO4A3_HUMAN	1285	COL4A3	8.427	214	1	0	1.0	0.0	8.427
WFS1_HUMAN	7466	WFS1	8.427	214	1	0	1.0	0.0	8.427
NGB_HUMAN	58157	NGB	8.422	216	1	1	1.0	0.0	8.422
HSP1_HUMAN	5619	PRM1	8.42	217	1	2	1.0	0.0	8.42
DYN2_HUMAN	1785	DNM2	8.417	219	1	2	1.0	0.0	8.417
E7EX88_HUMAN	176	ACAN	8.415	220	1	0	1.0	0.0	8.415
ANPRA_HUMAN	4881	NPR1	8.413	221	1	0	1.0	0.0	8.413
SYN1_HUMAN	6853	SYN1	8.413	221	1	0	1.0	0.0	8.413
NEDD4_HUMAN	4734	NEDD4	8.411	222	1	0	1.0	0.0	8.411
DCD_HUMAN	117159	DCD	8.411	222	1	0	1.0	0.0	8.411
DAXX_HUMAN	1616	DAXX	8.409	223	1	1	1.0	0.0	8.409
REST_HUMAN	5978	REST	8.405	225	1	0	1.0	0.0	8.405
KI2L2_HUMAN	3803	KIR2DL2	8.401	227	1	6	1.0	0.0	8.401
RAD_HUMAN	6236	RRAD	8.401	227	1	4	1.0	0.0	8.401
PROP_HUMAN	5199	CFP	8.399	228	1	0	1.0	0.0	8.399
SL9C1_HUMAN	285335	SLC9C1	8.399	228	1	0	1.0	0.0	8.399
PLEC_HUMAN	5339	PLEC	8.397	229	1	0	1.0	0.0	8.397
CATC_HUMAN	1075	CTSC	8.395	230	1	0	1.0	0.0	8.395
STP1_HUMAN	7141	TNP1	8.395	230	1	0	1.0	0.0	8.395
LDHC_HUMAN	3948	LDHC	8.393	231	1	0	1.0	0.0	8.393
MARE1_HUMAN	22919	MAPRE1	8.39	233	1	4	1.0	0.0	8.39
PODXL_HUMAN	5420	PODXL	8.388	234	1	2	1.0	0.0	8.388
PPT1_HUMAN	5538	PPT1	8.382	237	1	0	1.0	0.0	8.382
WNT4_HUMAN	54361	WNT4	8.379	239	1	0	1.0	0.0	8.379
VLDLR_HUMAN	7436	VLDLR	8.377	240	1	0	1.0	0.0	8.377
S12A1_HUMAN	6557	SLC12A1	8.375	241	1	0	1.0	0.0	8.375
RAB7B_HUMAN	338382	RAB7B	8.375	241	1	0	1.0	0.0	8.375
SCG1_HUMAN	1114	CHGB	8.37	244	1	0	1.0	0.0	8.37
PNPH_HUMAN	4860	PNP	8.37	244	1	0	1.0	0.0	8.37
PDE4D_HUMAN	5144	PDE4D	8.37	244	1	0	1.0	0.0	8.37
EXT1_HUMAN	2131	EXT1	8.364	247	1	0	1.0	0.0	8.364
GSK3A_HUMAN	2931	GSK3A	8.362	248	1	1	1.0	0.0	8.362
TSHB_HUMAN	7252	TSHB	8.362	248	1	0	1.0	0.0	8.362
GP2_HUMAN	2813	GP2	8.361	249	1	0	1.0	0.0	8.361
PHX2B_HUMAN	8929	PHOX2B	8.361	249	1	0	1.0	0.0	8.361
NDP_HUMAN	4693	NDP	8.356	252	1	0	1.0	0.0	8.356
P2RX1_HUMAN	5023	P2RX1	8.356	252	1	0	1.0	0.0	8.356
NCOA2_HUMAN	10499	NCOA2	8.356	252	1	0	1.0	0.0	8.356
FOLR1_HUMAN	2348	FOLR1	8.354	253	1	0	1.0	0.0	8.354
RAE1_HUMAN	1121	CHM	8.35	255	1	1	1.0	0.0	8.35
CEBPZ_HUMAN	10153	CEBPZ	8.345	258	1	0	1.0	0.0	8.345
TCPD_HUMAN	10575	CCT4	8.345	258	1	2	1.0	0.0	8.345
PALB2_HUMAN	79728	PALB2	8.34	261	1	1	1.0	0.0	8.34
SOX17_HUMAN	64321	SOX17	8.337	263	1	0	1.0	0.0	8.337
LORI_HUMAN	4014	LOR	8.334	265	1	0	1.0	0.0	8.334
FCG3B_HUMAN	2215	FCGR3B	8.332	266	1	0	1.0	0.0	8.332
TCAM1_HUMAN	148022	TICAM1	8.329	268	1	0	1.0	0.0	8.329
DNJB7_HUMAN	150353	DNAJB7	8.329	268	1	0	1.0	0.0	8.329
NEC2_HUMAN	5126	PCSK2	8.327	269	1	0	1.0	0.0	8.327
EFNB2_HUMAN	1948	EFNB2	8.326	270	1	0	1.0	0.0	8.326
SC5A5_HUMAN	6528	SLC5A5	8.324	271	1	0	1.0	0.0	8.324
BAP1_HUMAN	8314	BAP1	8.324	271	1	2	1.0	0.0	8.324
MIB1_HUMAN	57534	MIB1	8.323	3128	1	13	1.0	0.146	7.262
ING1_HUMAN	3621	ING1	8.321	273	1	0	1.0	0.0	8.321
PACR_HUMAN	117	ADCYAP1R1	8.319	274	1	0	1.0	0.0	8.319
TYRP2_HUMAN	1638	DCT	8.318	275	1	0	1.0	0.0	8.318
CD244_HUMAN	51744	CD244	8.314	277	1	2	1.0	0.0	8.314
CAV3_HUMAN	859	CAV3	8.311	279	1	0	1.0	0.0	8.311
CAD13_HUMAN	1012	CDH13	8.311	279	1	0	1.0	0.0	8.311
CLC4K_HUMAN	50489	CD207	8.31	280	1	0	1.0	0.0	8.31
LAT_HUMAN	27040	LAT	8.308	281	1	2	1.0	0.0	8.308
IL31R_HUMAN	133396	IL31RA	8.305	283	1	0	1.0	0.0	8.305
ACM1_HUMAN	1128	CHRM1	8.304	284	1	0	1.0	0.0	8.304
GLPC_HUMAN	2995	GYPC	8.304	284	1	0	1.0	0.0	8.304
ITA1_HUMAN	3672	ITGA1	8.304	284	1	0	1.0	0.0	8.304
PPBT_HUMAN	249	ALPL	8.302	285	1	0	1.0	0.0	8.302
GPV_HUMAN	2814	GP5	8.298	288	1	0	1.0	0.0	8.298
AT2C1_HUMAN	27032	ATP2C1	8.296	289	1	0	1.0	0.0	8.296
LRP2_HUMAN	4036	LRP2	8.293	291	1	0	1.0	0.0	8.293
RASA1_HUMAN	5921	RASA1	8.293	291	1	3	1.0	0.0	8.293
AT2A2_HUMAN	488	ATP2A2	8.289	294	1	0	1.0	0.0	8.289
TRI27_HUMAN	5987	TRIM27	8.287	295	1	0	1.0	0.0	8.287
FHR1_HUMAN	3078	CFHR1	8.286	296	1	0	1.0	0.0	8.286
DECR_HUMAN	1666	DECR1	8.281	299	1	0	1.0	0.0	8.281
VAV_HUMAN	7409	VAV1	8.278	301	1	0	1.0	0.0	8.278
RAB5A_HUMAN	5868	RAB5A	8.274	304	1	2	1.0	0.0	8.274
SERPH_HUMAN	871	SERPINH1	8.27	307	1	1	1.0	0.0	8.27
CFC1_HUMAN	55997	CFC1	8.268	308	1	0	1.0	0.0	8.268
APOC1_HUMAN	341	APOC1	8.266	310	1	0	1.0	0.0	8.266
NFH_HUMAN	4744	NEFH	8.266	310	1	0	1.0	0.0	8.266
HXD13_HUMAN	3239	HOXD13	8.264	311	1	1	1.0	0.0	8.264
NU1M_HUMAN	4535	MT-ND1	8.261	313	1	0	1.0	0.0	8.261
BRD2_HUMAN	6046	BRD2	8.26	314	1	0	1.0	0.0	8.26
TFE3_HUMAN	7030	TFE3	8.257	316	1	0	1.0	0.0	8.257
HG2A_HUMAN	972	CD74	8.255	318	1	1	1.0	0.0	8.255
S26A3_HUMAN	1811	SLC26A3	8.253	319	1	0	1.0	0.0	8.253
TPP1_HUMAN	1200	TPP1	8.252	320	1	0	1.0	0.0	8.252
CEAM6_HUMAN	4680	CEACAM6	8.252	320	1	0	1.0	0.0	8.252
NOX1_HUMAN	27035	NOX1	8.252	320	1	3	1.0	0.0	8.252
CBR1_HUMAN	873	CBR1	8.25	321	1	0	1.0	0.0	8.25
MYH7_HUMAN	4625	MYH7	8.25	321	1	0	1.0	0.0	8.25
OGT1_HUMAN	8473	OGT	8.25	321	1	1	1.0	0.0	8.25
ATS5_HUMAN	11096	ADAMTS5	8.25	321	1	1	1.0	0.0	8.25
BPL1_HUMAN	3141	HLCS	8.249	322	1	0	1.0	0.0	8.249
KCNN4_HUMAN	3783	KCNN4	8.249	322	1	0	1.0	0.0	8.249
AK1C1_HUMAN	1645	AKR1C1	8.248	323	1	1	1.0	0.0	8.248
PVR_HUMAN	5817	PVR	8.248	323	1	0	1.0	0.0	8.248
PLIN2_HUMAN	123	PLIN2	8.246	324	1	1	1.0	0.0	8.246
USH2A_HUMAN	7399	USH2A	8.245	325	1	0	1.0	0.0	8.245
HFM1_HUMAN	164045	HFM1	8.245	325	1	1	1.0	0.0	8.245
ASCL1_HUMAN	429	ASCL1	8.24	329	1	0	1.0	0.0	8.24
PO2F3_HUMAN	25833	POU2F3	8.235	333	1	0	1.0	0.0	8.235
AHSP_HUMAN	51327	AHSP	8.232	335	1	1	1.0	0.0	8.232
TPPP3_HUMAN	51673	TPPP3	8.231	336	1	1	1.0	0.0	8.231
KPCD1_HUMAN	5587	PRKD1	8.229	337	1	3	1.0	0.0	8.229
KCNA1_HUMAN	3736	KCNA1	8.227	339	1	1	1.0	0.0	8.227
EBP_HUMAN	10682	EBP	8.225	340	1	0	1.0	0.0	8.225
HXC8_HUMAN	3224	HOXC8	8.22	344	1	0	1.0	0.0	8.22
DKK3_HUMAN	27122	DKK3	8.217	347	1	0	1.0	0.0	8.217
MYH6_HUMAN	4624	MYH6	8.215	348	1	1	1.0	0.0	8.215
PRDX2_HUMAN	7001	PRDX2	8.215	348	1	0	1.0	0.0	8.215
FSHB_HUMAN	2488	FSHB	8.214	349	1	0	1.0	0.0	8.214
HEXA_HUMAN	3073	HEXA	8.214	349	1	0	1.0	0.0	8.214
PERL_HUMAN	4025	LPO	8.214	349	1	1	1.0	0.0	8.214
K2C6A_HUMAN	3853	KRT6A	8.212	351	1	2	1.0	0.0	8.212
AFF1_HUMAN	4299	AFF1	8.212	351	1	0	1.0	0.0	8.212
ASXL1_HUMAN	171023	ASXL1	8.212	351	1	1	1.0	0.0	8.212
PRDX1_HUMAN	5052	PRDX1	8.21	352	1	0	1.0	0.0	8.21
C1R_HUMAN	715	C1R	8.209	353	1	0	1.0	0.0	8.209
SPRE_HUMAN	6697	SPR	8.208	354	1	0	1.0	0.0	8.208
SP7_HUMAN	121340	SP7	8.207	355	1	0	1.0	0.0	8.207
ITPR3_HUMAN	3710	ITPR3	8.202	359	1	2	1.0	0.0	8.202
4F2_HUMAN	6520	SLC3A2	8.202	359	1	0	1.0	0.0	8.202
DUS2_HUMAN	1844	DUSP2	8.199	361	1	0	1.0	0.0	8.199
P2RY2_HUMAN	5029	P2RY2	8.197	363	1	1	1.0	0.0	8.197
SRC8_HUMAN	2017	CTTN	8.196	364	1	1	1.0	0.0	8.196
GBB3_HUMAN	2784	GNB3	8.196	364	1	1	1.0	0.0	8.196
ACOD_HUMAN	6319	SCD	8.196	364	1	0	1.0	0.0	8.196
WNT2_HUMAN	7472	WNT2	8.195	365	1	1	1.0	0.0	8.195
CO3A1_HUMAN	1281	COL3A1	8.191	368	1	0	1.0	0.0	8.191
DLL4_HUMAN	54567	DLL4	8.191	368	1	0	1.0	0.0	8.191
SIR2_HUMAN	22933	SIRT2	8.19	369	1	0	1.0	0.0	8.19
LICH_HUMAN	3988	LIPA	8.186	372	1	0	1.0	0.0	8.186
ADRM1_HUMAN	11047	ADRM1	8.184	374	1	0	1.0	0.0	8.184
C2TA_HUMAN	4261	CIITA	8.183	375	1	1	1.0	0.0	8.183
TNR4_HUMAN	7293	TNFRSF4	8.182	376	1	1	1.0	0.0	8.182
IRF4_HUMAN	3662	IRF4	8.179	378	1	1	1.0	0.0	8.179
DCX_HUMAN	1641	DCX	8.178	379	1	0	1.0	0.0	8.178
PPIA_HUMAN	5478	PPIA	8.178	379	1	0	1.0	0.0	8.178
RNAS2_HUMAN	6036	RNASE2	8.178	379	1	1	1.0	0.0	8.178
ADR1_HUMAN	51094	ADIPOR1	8.178	379	1	1	1.0	0.0	8.178
RFA1_HUMAN	6117	RPA1	8.176	381	1	0	1.0	0.0	8.176
SNP25_HUMAN	6616	SNAP25	8.175	382	1	0	1.0	0.0	8.175
TBL1R_HUMAN	79718	TBL1XR1	8.175	382	1	0	1.0	0.0	8.175
TEST_HUMAN	10942	PRSS21	8.174	383	1	0	1.0	0.0	8.174
NPDC1_HUMAN	56654	NPDC1	8.173	384	1	1	1.0	0.0	8.173
PGM1_HUMAN	5236	PGM1	8.169	387	1	1	1.0	0.0	8.169
ROCK1_HUMAN	6093	ROCK1	8.165	391	1	2	1.0	0.0	8.165
SUMF2_HUMAN	25870	SUMF2	8.165	391	1	1	1.0	0.0	8.165
DRD3_HUMAN	1814	DRD3	8.161	394	1	0	1.0	0.0	8.161
5NTC_HUMAN	22978	NT5C2	8.161	394	1	0	1.0	0.0	8.161
MP2K4_HUMAN	6416	MAP2K4	8.158	397	1	0	1.0	0.0	8.158
PTN6_HUMAN	5777	PTPN6	8.154	401	1	3	1.0	0.0	8.154
IKKB_HUMAN	3551	IKBKB	8.153	848	1	10	1.0	0.041	7.829
TNR9_HUMAN	3604	TNFRSF9	8.152	403	1	2	1.0	0.0	8.152
OPRK_HUMAN	4986	OPRK1	8.151	404	1	0	1.0	0.0	8.151
RICTR_HUMAN	253260	RICTOR	8.147	407	1	0	1.0	0.0	8.147
ATF6A_HUMAN	22926	ATF6	8.146	408	1	3	1.0	0.0	8.146
LGUL_HUMAN	2739	GLO1	8.145	409	1	0	1.0	0.0	8.145
SH21A_HUMAN	4068	SH2D1A	8.142	412	1	0	1.0	0.0	8.142
NOGG_HUMAN	9241	NOG	8.142	412	1	0	1.0	0.0	8.142
CEAM1_HUMAN	634	CEACAM1	8.141	413	1	1	1.0	0.0	8.141
CCL18_HUMAN	6362	CCL18	8.141	413	1	0	1.0	0.0	8.141
TRY1_HUMAN	5644	PRSS1	8.138	416	1	0	1.0	0.0	8.138
PGS2_HUMAN	1634	DCN	8.133	421	1	0	1.0	0.0	8.133
HGFL_HUMAN	4485	MST1	8.133	421	1	0	1.0	0.0	8.133
IF4G1_HUMAN	1981	EIF4G1	8.131	423	1	1	1.0	0.0	8.131
AMBP_HUMAN	259	AMBP	8.13	424	1	0	1.0	0.0	8.13
APOA5_HUMAN	116519	APOA5	8.12	433	1	2	1.0	0.0	8.12
ILK_HUMAN	3611	ILK	8.119	434	1	1	1.0	0.0	8.119
K1C13_HUMAN	3860	KRT13	8.118	435	1	0	1.0	0.0	8.118
BMP6_HUMAN	654	BMP6	8.117	436	1	0	1.0	0.0	8.117
GSTA1_HUMAN	2938	GSTA1	8.112	442	1	0	1.0	0.0	8.112
RYR2_HUMAN	6262	RYR2	8.112	442	1	1	1.0	0.0	8.112
HEM3_HUMAN	3145	HMBS	8.11	444	1	0	1.0	0.0	8.11
ELAF_HUMAN	5266	PI3	8.11	444	1	0	1.0	0.0	8.11
TRAM1_HUMAN	23471	TRAM1	8.109	445	1	1	1.0	0.0	8.109
SAA1_HUMAN	6288	SAA1	8.102	452	1	0	1.0	0.0	8.102
KCC2G_HUMAN	818	CAMK2G	8.096	458	1	1	1.0	0.0	8.096
VASP_HUMAN	7408	VASP	8.092	462	1	0	1.0	0.0	8.092
RAD50_HUMAN	10111	RAD50	8.09	464	1	1	1.0	0.0	8.09
ABCA4_HUMAN	24	ABCA4	8.089	465	1	0	1.0	0.0	8.089
TFAM_HUMAN	7019	TFAM	8.089	465	1	5	1.0	0.0	8.089
ICOS_HUMAN	29851	ICOS	8.089	465	1	0	1.0	0.0	8.089
SL9A1_HUMAN	6548	SLC9A1	8.088	467	1	0	1.0	0.0	8.088
MRP4_HUMAN	10257	ABCC4	8.087	468	1	0	1.0	0.0	8.087
MLN_HUMAN	100507027	MRLN	8.087	468	1	0	1.0	0.0	8.087
CSF3R_HUMAN	1441	CSF3R	8.086	469	1	0	1.0	0.0	8.086
BL1S2_HUMAN	282991	BLOC1S2	8.085	470	1	0	1.0	0.0	8.085
MMP10_HUMAN	4319	MMP10	8.079	476	1	1	1.0	0.0	8.079
CD47_HUMAN	961	CD47	8.077	479	1	0	1.0	0.0	8.077
IGBP1_HUMAN	3476	IGBP1	8.075	481	1	0	1.0	0.0	8.075
S29A1_HUMAN	2030	SLC29A1	8.069	488	1	0	1.0	0.0	8.069
STIL_HUMAN	6491	STIL	8.069	487	1	0	1.0	0.0	8.069
ARSH_HUMAN	347527	ARSH	8.069	488	1	0	1.0	0.0	8.069
ACADM_HUMAN	34	ACADM	8.067	490	1	1	1.0	0.0	8.067
CSEN_HUMAN	30818	KCNIP3	8.067	490	1	0	1.0	0.0	8.067
MMP12_HUMAN	4321	MMP12	8.066	491	1	0	1.0	0.0	8.066
FANCC_HUMAN	2176	FANCC	8.064	493	1	0	1.0	0.0	8.064
RORG_HUMAN	6097	RORC	8.062	495	1	5	1.0	0.0	8.062
BPI_HUMAN	671	BPI	8.061	496	1	0	1.0	0.0	8.061
DDC_HUMAN	1644	DDC	8.061	497	1	0	1.0	0.0	8.061
PRPH2_HUMAN	5961	PRPH2	8.061	497	1	2	1.0	0.0	8.061
ALKB1_HUMAN	8846	ALKBH1	8.06	498	1	2	1.0	0.0	8.06
KCRB_HUMAN	1152	CKB	8.055	503	1	0	1.0	0.0	8.055
CXCL5_HUMAN	6374	CXCL5	8.055	503	1	0	1.0	0.0	8.055
IKZF1_HUMAN	10320	IKZF1	8.051	508	1	3	1.0	0.0	8.051
TIA1_HUMAN	7072	TIA1	8.05	509	1	2	1.0	0.0	8.05
SIN1_HUMAN	79109	MAPKAP1	8.05	509	1	1	1.0	0.0	8.05
ACTN1_HUMAN	87	ACTN1	8.048	512	1	0	1.0	0.0	8.048
GATA2_HUMAN	2624	GATA2	8.048	512	1	0	1.0	0.0	8.048
ATF2_HUMAN	1386	ATF2	8.046	514	1	0	1.0	0.0	8.046
WRN_HUMAN	7486	WRN	8.046	514	1	2	1.0	0.0	8.046
ENPL_HUMAN	7184	HSP90B1	8.043	518	1	1	1.0	0.0	8.043
S26A4_HUMAN	5172	SLC26A4	8.041	520	1	0	1.0	0.0	8.041
GPC3_HUMAN	2719	GPC3	8.038	524	1	0	1.0	0.0	8.038
MUTYH_HUMAN	4595	MUTYH	8.028	536	1	1	1.0	0.0	8.028
CD53_HUMAN	963	CD53	8.021	545	1	0	1.0	0.0	8.021
RAP1A_HUMAN	5906	RAP1A	8.015	552	1	2	1.0	0.0	8.015
FABP4_HUMAN	2167	FABP4	8.013	554	1	3	1.0	0.0	8.013
DHI1_HUMAN	3290	HSD11B1	8.012	556	1	0	1.0	0.0	8.012
PACA_HUMAN	116	ADCYAP1	8.011	557	1	1	1.0	0.0	8.011
S10A6_HUMAN	6277	S100A6	8.011	557	1	0	1.0	0.0	8.011
WNT1_HUMAN	7471	WNT1	8.009	560	1	0	1.0	0.0	8.009
CTG1B_HUMAN	246100	CTAG1B	8.009	560	1	0	1.0	0.0	8.009
EPHB2_HUMAN	2048	EPHB2	7.996	577	1	2	1.0	0.0	7.996
NTF3_HUMAN	4908	NTF3	7.994	580	1	0	1.0	0.0	7.994
IL12A_HUMAN	3592	IL12A	7.993	581	1	0	1.0	0.0	7.993
CRFR1_HUMAN	1394	CRHR1	7.991	584	1	0	1.0	0.0	7.991
JIP2_HUMAN	23542	MAPK8IP2	7.991	583	1	1	1.0	0.0	7.991
IL2RG_HUMAN	3561	IL2RG	7.99	585	1	0	1.0	0.0	7.99
C4BPA_HUMAN	722	C4BPA	7.989	586	1	0	1.0	0.0	7.989
TFF1_HUMAN	7031	TFF1	7.988	587	1	0	1.0	0.0	7.988
XPO1_HUMAN	7514	XPO1	7.988	588	1	0	1.0	0.0	7.988
INHBE_HUMAN	83729	INHBE	7.98	598	1	0	1.0	0.0	7.98
NPHN_HUMAN	4868	NPHS1	7.976	604	1	0	1.0	0.0	7.976
AIRE_HUMAN	326	AIRE	7.969	613	1	0	1.0	0.0	7.969
FADD_HUMAN	8772	FADD	7.969	614	1	9	1.0	0.0	7.969
MUC5B_HUMAN	727897	MUC5B	7.966	618	1	0	1.0	0.0	7.966
ENOA_HUMAN	2023	ENO1	7.963	622	1	0	1.0	0.0	7.963
UFO_HUMAN	558	AXL	7.961	625	1	0	1.0	0.0	7.961
VEGFD_HUMAN	2277	VEGFD	7.958	630	1	0	1.0	0.0	7.958
NMDE2_HUMAN	2904	GRIN2B	7.953	637	1	3	1.0	0.0	7.953
PMP22_HUMAN	5376	PMP22	7.952	638	1	2	1.0	0.0	7.952
SHC1_HUMAN	6464	SHC1	7.946	647	1	0	1.0	0.0	7.946
CTF1_HUMAN	1489	CTF1	7.945	649	1	3	1.0	0.0	7.945
MITF_HUMAN	4286	MITF	7.945	648	1	1	1.0	0.0	7.945
RYR1_HUMAN	6261	RYR1	7.943	651	1	1	1.0	0.0	7.943
MYOM2_HUMAN	9172	MYOM2	7.942	653	1	0	1.0	0.0	7.942
NMDZ1_HUMAN	2902	GRIN1	7.941	654	1	2	1.0	0.0	7.941
SLPI_HUMAN	6590	SLPI	7.941	654	1	1	1.0	0.0	7.941
P85A_HUMAN	5295	PIK3R1	7.939	658	1	0	1.0	0.0	7.939
AURKB_HUMAN	9212	AURKB	7.935	663	1	0	1.0	0.0	7.935
OTC_HUMAN	5009	OTC	7.933	666	1	0	1.0	0.0	7.933
PGS1_HUMAN	633	BGN	7.932	669	1	1	1.0	0.0	7.932
ADAS_HUMAN	8540	AGPS	7.93	671	1	2	1.0	0.0	7.93
MSHR_HUMAN	4157	MC1R	7.928	675	1	0	1.0	0.0	7.928
ITAV_HUMAN	3685	ITGAV	7.926	678	1	0	1.0	0.0	7.926
GPX1_HUMAN	2876	GPX1	7.925	679	1	0	1.0	0.0	7.925
XRCC5_HUMAN	7520	XRCC5	7.923	682	1	0	1.0	0.0	7.923
NEUT_HUMAN	4922	NTS	7.922	684	1	1	1.0	0.0	7.922
DBLOH_HUMAN	56616	DIABLO	7.921	686	1	1	1.0	0.0	7.921
DEFB1_HUMAN	1672	DEFB1	7.914	697	1	0	1.0	0.0	7.914
X3CL1_HUMAN	6376	CX3CL1	7.914	696	1	1	1.0	0.0	7.914
PHLD_HUMAN	2822	GPLD1	7.909	705	1	0	1.0	0.0	7.909
ITF2_HUMAN	6925	TCF4	7.909	705	1	1	1.0	0.0	7.909
TLR8_HUMAN	51311	TLR8	7.907	708	1	0	1.0	0.0	7.907
NEMO_HUMAN	8517	IKBKG	7.905	711	1	0	1.0	0.0	7.905
CATK_HUMAN	1513	CTSK	7.901	717	1	0	1.0	0.0	7.901
C11B2_HUMAN	1585	CYP11B2	7.893	731	1	0	1.0	0.0	7.893
TY3H_HUMAN	7054	TH	7.891	734	1	0	1.0	0.0	7.891
SHIP1_HUMAN	3635	INPP5D	7.89	736	1	0	1.0	0.0	7.89
CX3C1_HUMAN	1524	CX3CR1	7.886	743	1	1	1.0	0.0	7.886
AMPE_HUMAN	2028	ENPEP	7.88	754	1	0	1.0	0.0	7.88
INSRR_HUMAN	3645	INSRR	7.874	763	1	0	1.0	0.0	7.874
PAI2_HUMAN	5055	SERPINB2	7.874	763	1	0	1.0	0.0	7.874
SPRC_HUMAN	6678	SPARC	7.869	772	1	0	1.0	0.0	7.869
AQP1_HUMAN	358	AQP1	7.867	777	1	0	1.0	0.0	7.867
P2RX7_HUMAN	5027	P2RX7	7.863	783	1	0	1.0	0.0	7.863
FURIN_HUMAN	5045	FURIN	7.863	784	1	1	1.0	0.0	7.863
CO6_HUMAN	729	C6	7.859	791	1	0	1.0	0.0	7.859
ETS1_HUMAN	2113	ETS1	7.858	793	1	0	1.0	0.0	7.858
CD1D_HUMAN	912	CD1D	7.856	796	1	2	1.0	0.0	7.856
RETN_HUMAN	56729	RETN	7.856	796	1	1	1.0	0.0	7.856
SMG1_HUMAN	23049	SMG1	7.855	797	1	0	1.0	0.0	7.855
EDA_HUMAN	1896	EDA	7.853	801	1	0	1.0	0.0	7.853
MYOD1_HUMAN	4654	MYOD1	7.852	804	1	0	1.0	0.0	7.852
AOC1_HUMAN	26	AOC1	7.851	805	1	1	1.0	0.0	7.851
VKOR1_HUMAN	79001	VKORC1	7.85	808	1	0	1.0	0.0	7.85
DNM3B_HUMAN	1789	DNMT3B	7.84	826	1	1	1.0	0.0	7.84
CP24A_HUMAN	1591	CYP24A1	7.837	831	1	0	1.0	0.0	7.837
FAS_HUMAN	2194	FASN	7.837	832	1	3	1.0	0.0	7.837
VTDB_HUMAN	2638	GC	7.834	837	1	2	1.0	0.0	7.834
CATL1_HUMAN	1514	CTSL	7.833	839	1	0	1.0	0.0	7.833
BTK_HUMAN	695	BTK	7.823	859	1	1	1.0	0.0	7.823
CSF1R_HUMAN	1436	CSF1R	7.82	865	1	0	1.0	0.0	7.82
NUCL_HUMAN	4691	NCL	7.816	872	1	0	1.0	0.0	7.816
CP27A_HUMAN	1593	CYP27A1	7.815	874	1	0	1.0	0.0	7.815
PMS2_HUMAN	5395	PMS2	7.813	879	1	1	1.0	0.0	7.813
CD9_HUMAN	928	CD9	7.811	882	1	2	1.0	0.0	7.811
RTN4_HUMAN	57142	RTN4	7.811	882	1	8	1.0	0.0	7.811
PAHO_HUMAN	5539	PPY	7.81	885	1	1	1.0	0.0	7.81
OPRM_HUMAN	4988	OPRM1	7.802	901	1	0	1.0	0.0	7.802
IFI44_HUMAN	10561	IFI44	7.802	902	1	0	1.0	0.0	7.802
PA24A_HUMAN	5321	PLA2G4A	7.801	903	1	0	1.0	0.0	7.801
PCSK1_HUMAN	27344	PCSK1N	7.8	906	1	1	1.0	0.0	7.8
IL33_HUMAN	90865	IL33	7.8	905	1	7	1.0	0.0	7.8
K2C1_HUMAN	3848	KRT1	7.796	914	1	0	1.0	0.0	7.796
THBG_HUMAN	6906	SERPINA7	7.787	934	1	0	1.0	0.0	7.787
BMI1_HUMAN	648	BMI1	7.786	935	1	0	1.0	0.0	7.786
LRP1_HUMAN	4035	LRP1	7.78	948	1	0	1.0	0.0	7.78
L1CAM_HUMAN	3897	L1CAM	7.777	955	1	4	1.0	0.0	7.777
EPAS1_HUMAN	2034	EPAS1	7.776	957	1	4	1.0	0.0	7.776
TWST1_HUMAN	7291	TWIST1	7.774	962	1	7	1.0	0.0	7.774
LFA3_HUMAN	965	CD58	7.769	973	1	0	1.0	0.0	7.769
DKK1_HUMAN	22943	DKK1	7.767	976	1	1	1.0	0.0	7.767
FOLH1_HUMAN	2346	FOLH1	7.763	986	1	0	1.0	0.0	7.763
NS1BP_HUMAN	10625	IVNS1ABP	7.763	987	1	0	1.0	0.0	7.763
TNR16_HUMAN	4804	NGFR	7.762	988	1	0	1.0	0.0	7.762
IL4RA_HUMAN	3566	IL4R	7.76	992	1	0	1.0	0.0	7.76
PTC1_HUMAN	5727	PTCH1	7.76	993	1	0	1.0	0.0	7.76
P3C2A_HUMAN	5286	PIK3C2A	7.754	1007	1	0	1.0	0.0	7.754
NKX21_HUMAN	7080	NKX2-1	7.75	1017	1	0	1.0	0.0	7.75
SUIS_HUMAN	6476	SI	7.746	1026	1	0	1.0	0.0	7.746
ADML_HUMAN	133	ADM	7.744	1031	1	2	1.0	0.0	7.744
IL17F_HUMAN	112744	IL17F	7.743	1033	1	0	1.0	0.0	7.743
P73_HUMAN	7161	TP73	7.732	1060	1	0	1.0	0.0	7.732
FOXO3_HUMAN	2309	FOXO3	7.731	1061	1	1	1.0	0.0	7.731
APEX1_HUMAN	328	APEX1	7.729	1067	1	0	1.0	0.0	7.729
NDKA_HUMAN	4830	NME1	7.724	1079	1	0	1.0	0.0	7.724
DFB4A_HUMAN	1673	DEFB4B	7.723	1081	1	0	1.0	0.0	7.723
KCNQ1_HUMAN	3784	KCNQ1	7.721	1087	1	0	1.0	0.0	7.721
PKD1_HUMAN	5310	PKD1	7.719	1092	1	1	1.0	0.0	7.719
TGFB3_HUMAN	7043	TGFB3	7.719	1092	1	0	1.0	0.0	7.719
CEBPB_HUMAN	1051	CEBPB	7.717	1097	1	0	1.0	0.0	7.717
NBN_HUMAN	4683	NBN	7.716	1099	1	0	1.0	0.0	7.716
EDNRB_HUMAN	1910	EDNRB	7.714	1105	1	0	1.0	0.0	7.714
H15_HUMAN	3009	HIST1H1B	7.713	1107	1	0	1.0	0.0	7.713
CD63_HUMAN	967	CD63	7.708	1120	1	1	1.0	0.0	7.708
B2LA1_HUMAN	597	BCL2A1	7.706	1124	1	0	1.0	0.0	7.706
MICA_HUMAN	100507436	MICA	7.701	1138	1	0	1.0	0.0	7.701
NAMPT_HUMAN	10135	NAMPT	7.699	1143	1	1	1.0	0.0	7.699
GATA3_HUMAN	2625	GATA3	7.697	1147	1	0	1.0	0.0	7.697
PTN11_HUMAN	5781	PTPN11	7.696	1150	1	0	1.0	0.0	7.696
CENPJ_HUMAN	55835	CENPJ	7.694	1155	1	0	1.0	0.0	7.694
MMP8_HUMAN	4317	MMP8	7.69	1166	1	1	1.0	0.0	7.69
ASGL1_HUMAN	80150	ASRGL1	7.686	1178	1	1	1.0	0.0	7.686
IL11_HUMAN	3589	IL11	7.682	1187	1	0	1.0	0.0	7.682
GTR4_HUMAN	6517	SLC2A4	7.682	1189	1	0	1.0	0.0	7.682
MARH8_HUMAN	220972	MARCH8	7.682	1189	1	0	1.0	0.0	7.682
PAR1_HUMAN	2149	F2R	7.679	1197	1	0	1.0	0.0	7.679
GIP_HUMAN	2695	GIP	7.679	1197	1	0	1.0	0.0	7.679
PRKDC_HUMAN	5591	PRKDC	7.676	1205	1	0	1.0	0.0	7.676
XRCC1_HUMAN	7515	XRCC1	7.663	1242	1	0	1.0	0.0	7.663
TN13B_HUMAN	10673	TNFSF13B	7.658	1256	1	0	1.0	0.0	7.658
EGLN_HUMAN	2022	ENG	7.656	1261	1	1	1.0	0.0	7.656
MECP2_HUMAN	4204	MECP2	7.656	1263	1	0	1.0	0.0	7.656
SON_HUMAN	6651	SON	7.656	1262	1	0	1.0	0.0	7.656
BMP7_HUMAN	655	BMP7	7.65	1280	1	1	1.0	0.0	7.65
LCAT_HUMAN	3931	LCAT	7.649	1283	1	0	1.0	0.0	7.649
NTRK1_HUMAN	4914	NTRK1	7.649	1282	1	1	1.0	0.0	7.649
TPO_HUMAN	7066	THPO	7.643	1299	1	0	1.0	0.0	7.643
PCSK9_HUMAN	255738	PCSK9	7.636	1321	1	0	1.0	0.0	7.636
E2AK3_HUMAN	9451	EIF2AK3	7.626	1351	1	0	1.0	0.0	7.626
SDC1_HUMAN	6382	SDC1	7.618	1376	1	0	1.0	0.0	7.618
RO52_HUMAN	6737	TRIM21	7.614	1390	1	0	1.0	0.0	7.614
CCR7_HUMAN	1236	CCR7	7.608	1409	1	2	1.0	0.0	7.608
POTEF_HUMAN	728378	POTEF	7.604	1421	1	0	1.0	0.0	7.604
IBP2_HUMAN	3485	IGFBP2	7.598	1443	1	0	1.0	0.0	7.598
NQO1_HUMAN	1728	NQO1	7.597	1445	1	0	1.0	0.0	7.597
CETP_HUMAN	1071	CETP	7.586	1482	1	0	1.0	0.0	7.586
RET4_HUMAN	5950	RBP4	7.583	1491	1	1	1.0	0.0	7.583
TNFB_HUMAN	4049	LTA	7.579	1506	1	3	1.0	0.0	7.579
CABIN_HUMAN	23523	CABIN1	7.578	1511	1	1	1.0	0.0	7.578
MBL2_HUMAN	4153	MBL2	7.576	1517	1	1	1.0	0.0	7.576
CD27_HUMAN	939	CD27	7.575	1519	1	9	1.0	0.0	7.575
MP2K2_HUMAN	5605	MAP2K2	7.571	1534	1	0	1.0	0.0	7.571
IRS1_HUMAN	3667	IRS1	7.568	1544	1	1	1.0	0.0	7.568
ANGP2_HUMAN	285	ANGPT2	7.561	1569	1	2	1.0	0.0	7.561
DNMT1_HUMAN	1786	DNMT1	7.559	1576	1	2	1.0	0.0	7.559
XIAP_HUMAN	331	XIAP	7.557	1584	1	3	1.0	0.0	7.557
FGFR1_HUMAN	2260	FGFR1	7.549	1615	1	1	1.0	0.0	7.549
TRBM_HUMAN	7056	THBD	7.54	1647	1	0	1.0	0.0	7.54
PERT_HUMAN	7173	TPO	7.539	1651	1	0	1.0	0.0	7.539
IDHC_HUMAN	3417	IDH1	7.531	1683	1	1	1.0	0.0	7.531
AOFB_HUMAN	4129	MAOB	7.523	1715	1	1	1.0	0.0	7.523
ETV6_HUMAN	2120	ETV6	7.521	1723	1	0	1.0	0.0	7.521
HNF4A_HUMAN	3172	HNF4A	7.521	1721	1	2	1.0	0.0	7.521
TLR3_HUMAN	7098	TLR3	7.516	1741	1	4	1.0	0.0	7.516
KPCA_HUMAN	5578	PRKCA	7.507	1780	1	0	1.0	0.0	7.507
TDT_HUMAN	1791	DNTT	7.505	1787	1	1	1.0	0.0	7.505
CFAH_HUMAN	3075	CFH	7.503	1793	1	2	1.0	0.0	7.503
HMGB1_HUMAN	3146	HMGB1	7.499	1811	1	0	1.0	0.0	7.499
THIO_HUMAN	7295	TXN	7.489	1854	1	0	1.0	0.0	7.489
TYRO_HUMAN	7299	TYR	7.485	1869	1	0	1.0	0.0	7.485
TR10B_HUMAN	8795	TNFRSF10B	7.484	1873	1	4	1.0	0.0	7.484
GRAB_HUMAN	3002	GZMB	7.48	1893	1	0	1.0	0.0	7.48
CD36_HUMAN	948	CD36	7.475	1913	1	0	1.0	0.0	7.475
SMAD2_HUMAN	4087	SMAD2	7.475	1913	1	0	1.0	0.0	7.475
KPCD_HUMAN	5580	PRKCD	7.475	1915	1	0	1.0	0.0	7.475
RAF1_HUMAN	5894	RAF1	7.47	1938	1	3	1.0	0.0	7.47
SPB3_HUMAN	6317	SERPINB3	7.464	1962	1	2	1.0	0.0	7.464
B3AT_HUMAN	6521	SLC4A1	7.462	1974	1	0	1.0	0.0	7.462
TGFB2_HUMAN	7042	TGFB2	7.457	1996	1	0	1.0	0.0	7.457
KS6B1_HUMAN	6198	RPS6KB1	7.433	2108	1	1	1.0	0.0	7.433
FA9_HUMAN	2158	F9	7.427	2136	1	0	1.0	0.0	7.427
IL7_HUMAN	3574	IL7	7.418	2180	1	1	1.0	0.0	7.418
AHR_HUMAN	196	AHR	7.413	2209	1	0	1.0	0.0	7.413
VHL_HUMAN	7428	VHL	7.399	2280	1	0	1.0	0.0	7.399
TGFA_HUMAN	7039	TGFA	7.398	2286	1	0	1.0	0.0	7.398
FAK1_HUMAN	5747	PTK2	7.385	2356	1	2	1.0	0.0	7.385
HCFC1_HUMAN	3054	HCFC1	7.372	2426	1	0	1.0	0.0	7.372
CP2B6_HUMAN	1555	CYP2B6	7.37	2440	1	0	1.0	0.0	7.37
MET_HUMAN	4233	MET	7.36	2497	1	0	1.0	0.0	7.36
1C07_HUMAN	3107	HLA-C	7.359	2502	1	1	1.0	0.0	7.359
MSH2_HUMAN	4436	MSH2	7.341	2603	1	0	1.0	0.0	7.341
CCL3_HUMAN	6348	CCL3	7.331	2667	1	2	1.0	0.0	7.331
NR4A1_HUMAN	3164	NR4A1	7.327	2694	1	0	1.0	0.0	7.327
PROM1_HUMAN	8842	PROM1	7.325	2703	1	0	1.0	0.0	7.325
SYPH_HUMAN	6855	SYP	7.32	2735	1	0	1.0	0.0	7.32
COX1_HUMAN	4512	MT-CO1	7.316	2758	1	0	1.0	0.0	7.316
TR11B_HUMAN	4982	TNFRSF11B	7.315	2767	1	0	1.0	0.0	7.315
VGFR1_HUMAN	2321	FLT1	7.304	2839	1	1	1.0	0.0	7.304
NDUB3_HUMAN	4709	NDUFB3	7.29	2927	1	0	1.0	0.0	7.29
CP2CJ_HUMAN	1557	CYP2C19	7.288	2941	1	1	1.0	0.0	7.288
EP300_HUMAN	2033	EP300	7.275	3033	1	1	1.0	0.0	7.275
S100B_HUMAN	6285	S100B	7.271	3058	1	3	1.0	0.0	7.271
CP2C9_HUMAN	1559	CYP2C9	7.267	3093	1	1	1.0	0.0	7.267
MMP3_HUMAN	4314	MMP3	7.235	3326	1	2	1.0	0.0	7.235
DBP_HUMAN	1628	DBP	7.215	3482	1	1	1.0	0.0	7.215
CD5_HUMAN	921	CD5	7.213	3497	1	0	1.0	0.0	7.213
ESR2_HUMAN	2100	ESR2	7.207	3549	1	0	1.0	0.0	7.207
VIP_HUMAN	7432	VIP	7.202	3591	1	0	1.0	0.0	7.202
CXL10_HUMAN	3627	CXCL10	7.196	3639	1	0	1.0	0.0	7.196
IGF1R_HUMAN	3480	IGF1R	7.188	3702	1	0	1.0	0.0	7.188
DPP4_HUMAN	1803	DPP4	7.18	3775	1	0	1.0	0.0	7.18
CD80_HUMAN	941	CD80	7.171	3851	1	0	1.0	0.0	7.171
VDR_HUMAN	7421	VDR	7.135	4185	1	2	1.0	0.0	7.135
JAK2_HUMAN	3717	JAK2	7.131	4222	1	0	1.0	0.0	7.131
RET_HUMAN	5979	RET	7.128	4253	1	0	1.0	0.0	7.128
MTHR_HUMAN	4524	MTHFR	7.102	4515	1	1	1.0	0.0	7.102
SP1_HUMAN	6667	SP1	7.095	4591	1	0	1.0	0.0	7.095
SBP1_HUMAN	8991	SELENBP1	7.086	4685	1	0	1.0	0.0	7.086
CD68_HUMAN	968	CD68	7.05	5091	1	0	1.0	0.0	7.05
FOXP3_HUMAN	50943	FOXP3	7.039	5222	1	0	1.0	0.0	7.039
TIMP1_HUMAN	7076	TIMP1	7.03	5332	1	0	1.0	0.0	7.03
JUN_HUMAN	3725	JUN	7.008	5610	1	0	1.0	0.0	7.008
ANFB_HUMAN	4879	NPPB	7.0	5715	1	0	1.0	0.0	7.0
CASP9_HUMAN	842	CASP9	6.977	6027	1	0	1.0	0.0	6.977
VGFR2_HUMAN	3791	KDR	6.946	6464	1	1	1.0	0.0	6.946
LEP_HUMAN	3952	LEP	6.912	7002	1	0	1.0	0.0	6.912
STAT3_HUMAN	6774	STAT3	6.9	7199	1	1	1.0	0.0	6.9
CP3A4_HUMAN	1576	CYP3A4	6.89	7364	1	4	1.0	0.0	6.89
CD14_HUMAN	929	CD14	6.87	7700	1	0	1.0	0.0	6.87
ALAT1_HUMAN	2875	GPT	6.849	8086	1	0	1.0	0.0	6.849
COLI_HUMAN	5443	POMC	6.815	8744	1	0	1.0	0.0	6.815
NFKB1_HUMAN	4790	NFKB1	6.771	9691	1	2	1.0	0.0	6.771
CD59_HUMAN	966	CD59	6.588	14755	1	0	1.0	0.0	6.588
RENI_HUMAN	5972	REN	6.555	15907	1	0	1.0	0.0	6.555
IL10_HUMAN	3586	IL10	6.397	22907	1	0	1.0	0.0	6.397
