Big_T	460
Big_F	17252753
UniProtKB_ID	GeneID	Gene_Name	PPS	Big_P	T+P	Citation	1+Log(T+P)	log10((Cit/yr+1)/10)	1+log10(F/T)+log10(F/P)
RET_HUMAN	5979	RET	33.716	4253	81	57	2.908	0.763	9.182
PTC1_HUMAN	5727	PTCH1	30.809	993	53	25	2.724	0.415	9.814
EGFR_HUMAN	1956	EGFR	24.88	30695	25	38	2.398	0.591	8.324
NTRK1_HUMAN	4914	NTRK1	21.642	1282	17	7	2.23	0.0	9.703
ALK_HUMAN	238	ALK	20.379	2791	6	24	1.778	0.398	9.365
NCOA4_HUMAN	8031	NCOA4	17.728	238	5	2	1.699	0.0	10.434
BRAF_HUMAN	673	BRAF	17.067	6965	8	7	1.903	0.0	8.968
AKAP9_HUMAN	10142	AKAP9	14.345	61	2	1	1.301	0.0	11.026
ALEX_HUMAN	2778	GNAS	14.333	1281	3	0	1.477	0.0	9.703
TFG_HUMAN	10342	TFG	14.267	70	2	1	1.301	0.0	10.966
ERBB2_HUMAN	2064	ERBB2	14.255	26330	5	2	1.699	0.0	8.39
CCDC6_HUMAN	8030	CCDC6	14.184	81	2	2	1.301	0.0	10.902
ETV6_HUMAN	2120	ETV6	14.143	1723	3	9	1.477	0.0	9.575
RASN_HUMAN	4893	NRAS	13.892	2546	3	1	1.477	0.0	9.405
TPC1_HUMAN	53373	TPCN1	13.746	176	2	0	1.301	0.0	10.565
AKT1_HUMAN	207	AKT1	13.687	18505	4	3	1.602	0.0	8.544
PPARG_HUMAN	5468	PPARG	13.415	5362	3	1	1.477	0.0	9.082
RASH_HUMAN	3265	HRAS	12.303	2263	2	0	1.301	0.0	9.456
K1C19_HUMAN	3880	KRT19	12.219	2627	2	0	1.301	0.0	9.391
NIBAN_HUMAN	116496	FAM129A	11.732	12	1	0	1.0	0.0	11.732
PTEN_HUMAN	5728	PTEN	11.728	6259	2	0	1.301	0.0	9.014
FR1OP_HUMAN	11116	FGFR1OP	11.556	18	1	1	1.0	0.0	11.556
CTNB1_HUMAN	1499	CTNNB1	11.532	8844	2	0	1.301	0.0	8.864
GOGA5_HUMAN	9950	GOLGA5	11.532	19	1	0	1.0	0.0	11.532
CHD3_HUMAN	1107	CHD3	11.396	26	1	2	1.0	0.0	11.396
KAT6A_HUMAN	7994	KAT6A	10.972	69	1	2	1.0	0.0	10.972
TM127_HUMAN	55654	TMEM127	10.942	74	1	1	1.0	0.0	10.942
IL8_HUMAN	3576	CXCL8	10.931	25628	2	3	1.301	0.0	8.402
KINH_HUMAN	3799	KIF5B	10.778	108	1	1	1.0	0.0	10.778
TRI33_HUMAN	51592	TRIM33	10.681	135	1	1	1.0	0.0	10.681
E2F2_HUMAN	1870	E2F2	10.586	168	1	0	1.0	0.0	10.586
ORN_HUMAN	25996	REXO2	10.493	208	1	0	1.0	0.0	10.493
PHX2B_HUMAN	8929	PHOX2B	10.415	249	1	0	1.0	0.0	10.415
HIS3_HUMAN	3347	HTN3	10.391	263	1	0	1.0	0.0	10.391
TRI27_HUMAN	5987	TRIM27	10.341	295	1	0	1.0	0.0	10.341
ROS1_HUMAN	6098	ROS1	10.183	425	1	5	1.0	0.0	10.183
NEUM_HUMAN	2596	GAP43	10.143	465	1	0	1.0	0.0	10.143
FEZF2_HUMAN	55079	FEZF2	10.131	479	1	1	1.0	0.0	10.131
S26A4_HUMAN	5172	SLC26A4	10.095	520	1	0	1.0	0.0	10.095
RAP1A_HUMAN	5906	RAP1A	10.069	552	1	0	1.0	0.0	10.069
FHIT_HUMAN	2272	FHIT	9.93	760	1	4	1.0	0.0	9.93
EWS_HUMAN	2130	EWSR1	9.875	862	1	1	1.0	0.0	9.875
SDHB_HUMAN	6390	SDHB	9.852	910	1	1	1.0	0.0	9.852
PDGFB_HUMAN	5155	PDGFB	9.742	1172	1	0	1.0	0.0	9.742
K1C18_HUMAN	3875	KRT18	9.587	1674	1	0	1.0	0.0	9.587
MEN1_HUMAN	4221	MEN1	9.575	1723	1	0	1.0	0.0	9.575
CP19A_HUMAN	1588	CYP19A1	9.53	1908	1	0	1.0	0.0	9.53
ZHX2_HUMAN	22882	ZHX2	9.52	1955	1	1	1.0	0.0	9.52
G3P_HUMAN	2597	GAPDH	9.44	2349	1	0	1.0	0.0	9.44
DESM_HUMAN	1674	DES	9.284	3365	1	0	1.0	0.0	9.284
CMGA_HUMAN	1113	CHGA	9.272	3455	1	0	1.0	0.0	9.272
EGF_HUMAN	1950	EGF	9.121	4898	1	0	1.0	0.0	9.121
IGF2_HUMAN	3481	IGF2	9.107	5059	1	0	1.0	0.0	9.107
NF1_HUMAN	4763	NF1	9.1	5140	1	0	1.0	0.0	9.1
PARP1_HUMAN	142	PARP1	8.993	6579	1	0	1.0	0.0	8.993
MK14_HUMAN	1432	MAPK14	8.884	8447	1	1	1.0	0.0	8.884
RASK_HUMAN	3845	KRAS	8.79	10492	1	0	1.0	0.0	8.79
