Big_T	54651
Big_F	17252753
UniProtKB_ID	GeneID	Gene_Name	PPS	Big_P	T+P	Citation	1+Log(T+P)	log10((Cit/yr+1)/10)	1+log10(F/T)+log10(F/P)
TNFA_HUMAN	7124	TNF	31.369	75731	679	335	3.832	1.526	5.854
CRP_HUMAN	1401	CRP	29.139	36788	427	123	3.63	1.093	6.169
1B07_HUMAN	3106	HLA-B	26.592	7993	300	25	3.477	0.415	6.832
IL1A_HUMAN	3552	IL1A	25.004	14669	105	60	3.021	0.785	6.569
IL6_HUMAN	3569	IL6	23.445	53611	107	74	3.029	0.875	6.005
IL1B_HUMAN	3553	IL1B	22.119	28325	85	38	2.929	0.591	6.283
RO52_HUMAN	6737	TRIM21	21.801	1390	62	11	2.792	0.079	7.592
PSIP1_HUMAN	11168	PSIP1	21.605	634	23	22	2.362	0.362	7.933
IL17_HUMAN	3605	IL17A	21.51	6719	26	49	2.415	0.699	6.908
2B13_HUMAN	3123	HLA-DRB1	21.09	5313	51	19	2.708	0.301	7.01
PRTN3_HUMAN	5657	PRTN3	20.95	2326	41	16	2.613	0.23	7.369
TN13B_HUMAN	10673	TNFSF13B	20.348	1256	22	20	2.342	0.322	7.636
SFPA2_HUMAN	729238	SFTPA2	20.306	1628	50	1	2.699	0.0	7.523
RHD_HUMAN	6007	RHD	20.22	854	39	8	2.591	0.0	7.804
LA_HUMAN	6741	SSB	20.119	1607	47	8	2.672	0.0	7.529
IFNG_HUMAN	3458	IFNG	19.86	34431	80	19	2.903	0.301	6.198
A4_HUMAN	351	APP	19.813	7204	76	6	2.881	0.0	6.877
CD4_HUMAN	920	CD4	19.713	54739	57	33	2.756	0.531	5.997
COX2_HUMAN	4513	MT-CO2	18.743	7092	48	10	2.681	0.041	6.884
L0N195_HUMAN	3439	IFNA1	18.718	8773	19	29	2.279	0.477	6.792
CBPC2_HUMAN	79841	AGBL2	18.698	201	15	10	2.176	0.041	8.432
MEFV_HUMAN	4210	MEFV	18.653	1297	28	9	2.447	0.0	7.622
CTLA4_HUMAN	1493	CTLA4	18.402	3826	22	16	2.342	0.23	7.152
DRB4_HUMAN	3126	HLA-DRB4	18.387	2263	31	4	2.491	0.0	7.38
ACRO_HUMAN	49	ACR	18.267	865	22	3	2.342	0.0	7.798
MRAP_HUMAN	56246	MRAP	18.114	611	19	0	2.279	0.0	7.949
PGH2_HUMAN	5743	PTGS2	18.014	8324	44	6	2.643	0.0	6.815
RU17_HUMAN	6625	SNRNP70	17.805	454	16	3	2.204	0.0	8.078
HMGB1_HUMAN	3146	HMGB1	17.797	1811	8	29	1.903	0.477	7.477
CENPB_HUMAN	1059	CENPB	17.79	279	14	5	2.146	0.0	8.29
APRV1_HUMAN	151516	ASPRV1	17.704	166	12	1	2.079	0.0	8.515
NLRP3_HUMAN	114548	NLRP3	17.643	2048	17	13	2.23	0.146	7.424
C1QA_HUMAN	712	C1QA	17.607	2781	26	7	2.415	0.0	7.291
MYH14_HUMAN	79784	MYH14	17.594	2817	26	4	2.415	0.0	7.285
K1C20_HUMAN	54474	KRT20	17.484	10103	33	11	2.519	0.079	6.731
APOH_HUMAN	350	APOH	17.455	1410	20	2	2.301	0.0	7.586
FIBB_HUMAN	2244	FGB	17.04	15352	40	7	2.602	0.0	6.549
MTX1_HUMAN	4580	MTX1	16.975	263	11	1	2.041	0.0	8.315
PADI4_HUMAN	23569	PADI4	16.961	267	11	8	2.041	0.0	8.309
FINC_HUMAN	2335	FN1	16.926	12999	36	3	2.556	0.0	6.621
GALNS_HUMAN	2588	GALNS	16.832	309	5	21	1.699	0.342	8.245
CENPA_HUMAN	1058	CENPA	16.737	344	11	0	2.041	0.0	8.199
TPMT_HUMAN	7172	TPMT	16.638	732	13	1	2.114	0.0	7.871
ACE_HUMAN	1636	ACE	16.62	14773	34	2	2.531	0.0	6.565
NC2B_HUMAN	1810	DR1	16.605	759	13	0	2.114	0.0	7.855
IL1RA_HUMAN	3557	IL1RN	16.599	4455	22	3	2.342	0.0	7.086
IL2_HUMAN	3558	IL2	16.537	30132	44	4	2.643	0.0	6.256
CREST_HUMAN	26039	SS18L1	16.487	118	8	0	1.903	0.0	8.663
HPT_HUMAN	3240	HP	16.448	2768	18	2	2.255	0.0	7.293
ICAM1_HUMAN	3383	ICAM1	16.42	11659	29	5	2.462	0.0	6.668
ALBU_HUMAN	213	ALB	16.373	8072	25	0	2.398	0.0	6.828
PERM_HUMAN	4353	MPO	16.371	6357	23	1	2.362	0.0	6.932
DQB1_HUMAN	3119	HLA-DQB1	16.297	3227	18	4	2.255	0.0	7.226
IL23R_HUMAN	149233	IL23R	16.287	571	10	10	2.0	0.041	7.979
1A01_HUMAN	3105	HLA-A	16.271	5350	21	5	2.322	0.0	7.007
VIME_HUMAN	7431	VIM	16.237	10272	26	6	2.415	0.0	6.723
MYOM2_HUMAN	9172	MYOM2	15.84	653	10	6	2.0	0.0	7.92
ERAL1_HUMAN	26284	ERAL1	15.726	3986	16	9	2.204	0.0	7.135
SOMA_HUMAN	2688	GH1	15.711	20651	28	0	2.447	0.0	6.42
NELFD_HUMAN	51497	NELFCD	15.633	9794	13	15	2.114	0.204	6.744
COX8A_HUMAN	1351	COX8A	15.569	7998	19	0	2.279	0.0	6.832
ANFB_HUMAN	4879	NPPB	15.564	5715	17	0	2.23	0.0	6.978
COX1_HUMAN	4512	MT-CO1	15.42	2758	13	3	2.114	0.0	7.295
FCG2A_HUMAN	2212	FCGR2A	15.347	1066	7	13	1.845	0.146	7.707
EGFR_HUMAN	1956	EGFR	15.338	30695	15	18	2.176	0.279	6.248
IL2RA_HUMAN	3559	IL2RA	15.316	8791	18	7	2.255	0.0	6.791
CERU_HUMAN	1356	CP	15.302	2373	12	0	2.079	0.0	7.36
PTN22_HUMAN	26191	PTPN22	15.21	896	9	4	1.954	0.0	7.783
CBPC3_HUMAN	340351	AGBL3	15.206	61	5	0	1.699	0.0	8.95
FCGR1_HUMAN	2209	FCGR1A	15.205	1935	11	1	2.041	0.0	7.448
OSTCN_HUMAN	632	BGLAP	15.195	6938	16	2	2.204	0.0	6.894
INS_HUMAN	3630	INS	15.117	42836	20	14	2.301	0.176	6.103
MBL2_HUMAN	4153	MBL2	15.108	1517	10	0	2.0	0.0	7.554
FCG3A_HUMAN	2214	FCGR3A	15.01	5507	14	5	2.146	0.0	6.994
ERCC8_HUMAN	1161	ERCC8	14.984	1750	10	2	2.0	0.0	7.492
CH60_HUMAN	3329	HSPD1	14.914	1898	10	0	2.0	0.0	7.457
PTHY_HUMAN	5741	PTH	14.882	13691	18	4	2.255	0.0	6.599
B2MG_HUMAN	567	B2M	14.861	6463	14	0	2.146	0.0	6.925
ENAH_HUMAN	55740	ENAH	14.834	247	6	0	1.778	0.0	8.342
MTND_HUMAN	55256	ADI1	14.826	102	5	1	1.699	0.0	8.727
CH3L1_HUMAN	1116	CHI3L1	14.823	884	8	3	1.903	0.0	7.789
MK14_HUMAN	1432	MAPK14	14.816	8447	15	6	2.176	0.0	6.808
NOD2_HUMAN	64127	NOD2	14.776	1493	9	1	1.954	0.0	7.561
GCR_HUMAN	2908	NR3C1	14.745	3252	11	3	2.041	0.0	7.223
MCP_HUMAN	4179	CD46	14.743	1553	9	0	1.954	0.0	7.544
VPS52_HUMAN	6293	VPS52	14.743	429	2	32	1.301	0.519	8.103
DKK1_HUMAN	22943	DKK1	14.741	976	8	9	1.903	0.0	7.746
IRF5_HUMAN	3663	IRF5	14.729	283	6	2	1.778	0.0	8.283
CDAN1_HUMAN	146059	CDAN1	14.653	129	5	1	1.699	0.0	8.625
THRB_HUMAN	2147	F2	14.65	14673	17	8	2.23	0.0	6.568
PARP1_HUMAN	142	PARP1	14.622	6579	13	1	2.114	0.0	6.917
EDN1_HUMAN	1906	EDN1	14.547	7138	13	0	2.114	0.0	6.882
CBPB1_HUMAN	1360	CPB1	14.506	378	6	0	1.778	0.0	8.158
PRL_HUMAN	5617	PRL	14.468	7779	13	0	2.114	0.0	6.844
S17A5_HUMAN	26503	SLC17A5	14.429	4645	11	0	2.041	0.0	7.068
MMP3_HUMAN	4314	MMP3	14.426	3326	10	1	2.0	0.0	7.213
ADA_HUMAN	100	ADA	14.407	2306	9	0	1.954	0.0	7.372
COLI_HUMAN	5443	POMC	14.361	8744	13	2	2.114	0.0	6.793
DPB1_HUMAN	3115	HLA-DPB1	14.297	970	7	1	1.845	0.0	7.748
ANT3_HUMAN	462	SERPINC1	14.296	7231	12	0	2.079	0.0	6.876
LOX5_HUMAN	240	ALOX5	14.273	1718	8	5	1.903	0.0	7.5
EXOSX_HUMAN	5394	EXOSC10	14.246	529	6	2	1.778	0.0	8.012
ANXA1_HUMAN	301	ANXA1	14.201	561	6	1	1.778	0.0	7.986
KHDR1_HUMAN	10657	KHDRBS1	14.186	243	5	1	1.699	0.0	8.35
TR11B_HUMAN	4982	TNFRSF11B	14.181	2767	8	10	1.903	0.041	7.293
COMP_HUMAN	1311	COMP	14.133	261	5	2	1.699	0.0	8.319
DQA1_HUMAN	3117	HLA-DQA1	14.061	1302	7	1	1.845	0.0	7.621
ELN_HUMAN	2006	ELN	14.044	3538	9	0	1.954	0.0	7.186
SYHC_HUMAN	3035	HARS	14.001	99	4	0	1.602	0.0	8.74
CCR7_HUMAN	1236	CCR7	13.997	1409	7	3	1.845	0.0	7.586
IL6RA_HUMAN	3570	IL6R	13.968	1462	7	1	1.845	0.0	7.57
PPB1_HUMAN	250	ALPP	13.942	3991	9	2	1.954	0.0	7.134
ALAT1_HUMAN	2875	GPT	13.937	8086	11	2	2.041	0.0	6.827
CXCL7_HUMAN	5473	PPBP	13.929	1534	7	0	1.845	0.0	7.549
RBM40_HUMAN	55599	RNPC3	13.881	367	5	0	1.699	0.0	8.171
ADA1D_HUMAN	146	ADRA1D	13.876	2777	8	0	1.903	0.0	7.292
IL10_HUMAN	3586	IL10	13.873	22907	15	7	2.176	0.0	6.375
CSF2_HUMAN	1437	CSF2	13.866	14987	13	9	2.114	0.0	6.559
MTHR_HUMAN	4524	MTHFR	13.837	4515	9	1	1.954	0.0	7.08
ANF_HUMAN	4878	NPPA	13.804	1793	7	0	1.845	0.0	7.482
IGF1_HUMAN	3479	IGF1	13.754	21183	14	2	2.146	0.0	6.409
BGAT_HUMAN	28	ABO	13.726	3333	8	0	1.903	0.0	7.212
AACT_HUMAN	12	SERPINA3	13.693	1082	6	0	1.778	0.0	7.701
MICA_HUMAN	100507436	MICA	13.654	1138	6	1	1.778	0.0	7.679
CD59_HUMAN	966	CD59	13.652	14755	12	0	2.079	0.0	6.566
KCMB2_HUMAN	10242	KCNMB2	13.652	8108	10	4	2.0	0.0	6.826
DPP4_HUMAN	1803	DPP4	13.623	3775	8	6	1.903	0.0	7.158
IL4_HUMAN	3565	IL4	13.479	17876	12	7	2.079	0.0	6.483
TNR6_HUMAN	355	FAS	13.427	2871	7	0	1.845	0.0	7.277
LYAM2_HUMAN	6401	SELE	13.394	4980	8	0	1.903	0.0	7.038
MMP1_HUMAN	4312	MMP1	13.38	5066	8	1	1.903	0.0	7.03
CHLE_HUMAN	590	BCHE	13.372	5112	8	0	1.903	0.0	7.026
LYSC_HUMAN	4069	LYZ	13.356	1675	6	0	1.778	0.0	7.511
BGLR_HUMAN	2990	GUSB	13.34	1709	6	1	1.778	0.0	7.502
RENI_HUMAN	5972	REN	13.337	15907	11	8	2.041	0.0	6.533
PIP_HUMAN	5304	PIP	13.275	835	5	2	1.699	0.0	7.813
FA8_HUMAN	2157	F8	13.251	3577	7	0	1.845	0.0	7.182
G6PD_HUMAN	2539	G6PD	13.164	3985	7	0	1.845	0.0	7.135
CEBPD_HUMAN	1052	CEBPD	13.157	333	4	5	1.602	0.0	8.213
TNIP1_HUMAN	10318	TNIP1	13.15	68	3	9	1.477	0.0	8.903
ANXA5_HUMAN	308	ANXA5	13.124	6904	8	1	1.903	0.0	6.896
WT1_HUMAN	7490	WT1	13.113	2295	6	0	1.778	0.0	7.374
CO3_HUMAN	718	C3	13.055	4567	7	1	1.845	0.0	7.075
1C07_HUMAN	3107	HLA-C	13.046	2502	6	0	1.778	0.0	7.337
CATA_HUMAN	847	CAT	13.017	4790	7	0	1.845	0.0	7.055
CSF1_HUMAN	1435	CSF1	13.012	2616	6	4	1.778	0.0	7.318
CD3Z_HUMAN	919	CD247	13.009	412	4	2	1.602	0.0	8.12
CRF_HUMAN	1392	CRH	12.989	4959	7	0	1.845	0.0	7.04
SRCN1_HUMAN	80725	SRCIN1	12.985	88	3	6	1.477	0.0	8.791
TGFB1_HUMAN	7040	TGFB1	12.956	24445	11	3	2.041	0.0	6.346
G6PI_HUMAN	2821	GPI	12.93	1333	5	0	1.699	0.0	7.61
PCNA_HUMAN	5111	PCNA	12.861	5813	7	0	1.845	0.0	6.971
SFTA1_HUMAN	653509	SFTPA1	12.856	1473	5	0	1.699	0.0	7.567
CENPF_HUMAN	1063	CENPF	12.819	114	3	0	1.477	0.0	8.678
HFE_HUMAN	3077	HFE	12.797	1596	5	0	1.699	0.0	7.532
IFIT1_HUMAN	3434	IFIT1	12.785	569	4	0	1.602	0.0	7.98
CXL13_HUMAN	10563	CXCL13	12.783	570	4	8	1.602	0.0	7.979
FGF2_HUMAN	2247	FGF2	12.762	6580	7	6	1.845	0.0	6.917
EPHA8_HUMAN	2046	EPHA8	12.755	126	3	0	1.477	0.0	8.635
MMP2_HUMAN	4313	MMP2	12.74	10989	8	2	1.903	0.0	6.694
CCR5_HUMAN	1234	CCR5	12.729	3774	6	1	1.778	0.0	7.158
ENOA_HUMAN	2023	ENO1	12.723	622	4	3	1.602	0.0	7.941
CRIP2_HUMAN	1397	CRIP2	12.682	141	3	1	1.477	0.0	8.586
GRAB_HUMAN	3002	GZMB	12.671	1893	5	3	1.699	0.0	7.458
CSF3_HUMAN	1440	CSF3	12.664	12033	8	1	1.903	0.0	6.655
APOA1_HUMAN	335	APOA1	12.64	7665	7	1	1.845	0.0	6.85
CATK_HUMAN	1513	CTSK	12.624	717	4	1	1.602	0.0	7.88
OGA_HUMAN	10724	MGEA5	12.624	2017	5	0	1.699	0.0	7.43
CIR1_HUMAN	9541	CIR1	12.622	155	3	8	1.477	0.0	8.545
KI2S2_HUMAN	100132285	KIR2DS2	12.574	167	3	0	1.477	0.0	8.512
IL7_HUMAN	3574	IL7	12.567	2180	5	4	1.699	0.0	7.397
PTX3_HUMAN	5806	PTX3	12.562	784	4	2	1.602	0.0	7.841
I18BP_HUMAN	10068	IL18BP	12.559	171	3	2	1.477	0.0	8.502
BID_HUMAN	637	BID	12.545	2245	5	2	1.699	0.0	7.384
FANCB_HUMAN	2187	FANCB	12.545	4785	6	0	1.778	0.0	7.055
CR1_HUMAN	1378	CR1	12.54	2262	5	0	1.699	0.0	7.381
EHD4_HUMAN	30844	EHD4	12.537	177	3	1	1.477	0.0	8.487
GLI2_HUMAN	2736	GLI2	12.534	4855	6	1	1.778	0.0	7.049
FRDA_HUMAN	2395	FXN	12.532	818	4	0	1.602	0.0	7.822
BAD_HUMAN	572	BAD	12.515	2337	5	0	1.699	0.0	7.366
TNR21_HUMAN	27242	TNFRSF21	12.512	184	3	0	1.477	0.0	8.47
MT1B_HUMAN	4490	MT1B	12.505	186	3	0	1.477	0.0	8.466
TNR5_HUMAN	958	CD40	12.485	5172	6	1	1.778	0.0	7.021
RO60_HUMAN	6738	TROVE2	12.484	192	3	2	1.477	0.0	8.452
SIR1_HUMAN	23411	SIRT1	12.478	2460	5	3	1.699	0.0	7.344
CCR4_HUMAN	1233	CCR4	12.456	912	4	1	1.602	0.0	7.775
IL15_HUMAN	3600	IL15	12.456	2534	5	4	1.699	0.0	7.331
EPO_HUMAN	2056	EPO	12.451	15574	8	0	1.903	0.0	6.542
EPAS1_HUMAN	2034	EPAS1	12.423	957	4	3	1.602	0.0	7.754
CATG_HUMAN	1511	CTSG	12.416	966	4	0	1.602	0.0	7.75
FGF1_HUMAN	2246	FGF1	12.402	986	4	2	1.602	0.0	7.741
NS1BP_HUMAN	10625	IVNS1ABP	12.401	987	4	0	1.602	0.0	7.741
MDR1_HUMAN	5243	ABCB1	12.38	10598	7	2	1.845	0.0	6.71
CD19_HUMAN	930	CD19	12.378	5943	6	2	1.778	0.0	6.961
PROP_HUMAN	5199	CFP	12.374	228	3	0	1.477	0.0	8.377
ADML_HUMAN	133	ADM	12.371	1031	4	0	1.602	0.0	7.722
MASP2_HUMAN	10747	MASP2	12.369	230	3	0	1.477	0.0	8.373
A1AT_HUMAN	5265	SERPINA1	12.344	6209	6	0	1.778	0.0	6.942
I17RA_HUMAN	23765	IL17RA	12.344	239	3	2	1.477	0.0	8.357
DEPP_HUMAN	11067	DEPP	12.334	18	2	1	1.301	0.0	9.48
TNF11_HUMAN	8600	TNFSF11	12.317	3060	5	4	1.699	0.0	7.249
ANGT_HUMAN	183	AGT	12.308	11591	7	1	1.845	0.0	6.671
SPRTN_HUMAN	83932	SPRTN	12.303	19	2	0	1.301	0.0	9.456
FCG3B_HUMAN	2215	FCGR3B	12.275	266	3	0	1.477	0.0	8.31
AIF1_HUMAN	199	AIF1	12.252	276	3	0	1.477	0.0	8.294
MINT_HUMAN	23013	SPEN	12.2	299	3	0	1.477	0.0	8.259
ABCB7_HUMAN	22	ABCB7	12.194	302	3	0	1.477	0.0	8.255
CXL10_HUMAN	3627	CXCL10	12.189	3639	5	8	1.699	0.0	7.174
NOS3_HUMAN	4846	NOS3	12.185	3658	5	0	1.699	0.0	7.172
AICDA_HUMAN	57379	AICDA	12.177	3697	5	2	1.699	0.0	7.167
P_HUMAN	4948	OCA2	12.141	328	3	1	1.477	0.0	8.219
IL18_HUMAN	3606	IL18	12.127	3957	5	1	1.699	0.0	7.138
HSP74_HUMAN	3308	HSPA4	12.102	4092	5	0	1.699	0.0	7.123
CSK_HUMAN	1445	CSK	12.099	350	3	1	1.477	0.0	8.191
CTGF_HUMAN	1490	CTGF	12.088	1548	4	3	1.602	0.0	7.545
TENA_HUMAN	3371	TNC	12.07	1590	4	0	1.602	0.0	7.534
LSM2_HUMAN	57819	LSM2	12.065	369	3	0	1.477	0.0	8.168
DYH8_HUMAN	1769	DNAH8	12.064	1603	4	0	1.602	0.0	7.53
SKA1_HUMAN	220134	SKA1	12.064	29	2	0	1.301	0.0	9.273
CD79A_HUMAN	973	CD79A	12.056	1621	4	0	1.602	0.0	7.525
TKN1_HUMAN	6863	TAC1	12.047	4407	5	0	1.699	0.0	7.091
PERT_HUMAN	7173	TPO	12.043	1651	4	0	1.602	0.0	7.517
TNR25_HUMAN	8718	TNFRSF25	12.023	1700	4	0	1.602	0.0	7.505
5NTD_HUMAN	4907	NT5E	12.006	1741	4	1	1.602	0.0	7.494
NFKB1_HUMAN	4790	NFKB1	12.0	9691	6	1	1.778	0.0	6.749
GSHR_HUMAN	2936	GSR	11.992	1778	4	1	1.602	0.0	7.485
SLAF1_HUMAN	6504	SLAMF1	11.988	416	3	0	1.477	0.0	8.116
MTRR_HUMAN	4552	MTRR	11.966	431	3	0	1.477	0.0	8.101
LYPD4_HUMAN	147719	LYPD4	11.954	439	3	4	1.477	0.0	8.093
KPYM_HUMAN	5315	PKM	11.941	448	3	0	1.477	0.0	8.084
SODC_HUMAN	6647	SOD1	11.939	5101	5	0	1.699	0.0	7.027
CD8A_HUMAN	925	CD8A	11.938	28961	8	0	1.903	0.0	6.273
AKT1_HUMAN	207	AKT1	11.934	18505	7	7	1.845	0.0	6.468
TNNI3_HUMAN	7137	TNNI3	11.93	1943	4	0	1.602	0.0	7.447
FCER2_HUMAN	2208	FCER2	11.915	1985	4	4	1.602	0.0	7.437
RL7_HUMAN	6129	RPL7	11.911	38	2	0	1.301	0.0	9.155
IL37_HUMAN	27178	IL37	11.909	471	3	4	1.477	0.0	8.062
NEU2_HUMAN	551	AVP	11.894	5426	5	0	1.699	0.0	7.001
CATB_HUMAN	1508	CTSB	11.877	2098	4	0	1.602	0.0	7.413
IFIH1_HUMAN	64135	IFIH1	11.856	511	3	3	1.477	0.0	8.027
HMDH_HUMAN	3156	HMGCR	11.832	2238	4	1	1.602	0.0	7.385
HLAG_HUMAN	3135	HLA-G	11.829	2247	4	0	1.602	0.0	7.384
PTPRC_HUMAN	5788	PTPRC	11.801	6151	5	1	1.699	0.0	6.946
COG2_HUMAN	22796	COG2	11.774	2433	4	0	1.602	0.0	7.349
MORC3_HUMAN	23515	MORC3	11.768	49	2	3	1.301	0.0	9.045
SQSTM_HUMAN	8878	SQSTM1	11.761	593	3	2	1.477	0.0	7.962
SORCN_HUMAN	6717	SRI	11.716	2643	4	0	1.602	0.0	7.313
FILA_HUMAN	2312	FLG	11.714	638	3	1	1.477	0.0	7.93
CD52_HUMAN	1043	CD52	11.713	639	3	5	1.477	0.0	7.93
DHI2_HUMAN	3291	HSD11B2	11.676	677	3	0	1.477	0.0	7.905
LY6E_HUMAN	4061	LY6E	11.663	59	2	8	1.301	0.0	8.964
CO2_HUMAN	717	C2	11.654	15163	6	0	1.778	0.0	6.554
NDUB3_HUMAN	4709	NDUFB3	11.645	2927	4	0	1.602	0.0	7.269
TNNT2_HUMAN	7139	TNNT2	11.628	2999	4	0	1.602	0.0	7.258
INSRR_HUMAN	3645	INSRR	11.599	763	3	0	1.477	0.0	7.853
CCR3_HUMAN	1232	CCR3	11.584	781	3	0	1.477	0.0	7.843
VTDB_HUMAN	2638	GC	11.54	837	3	4	1.477	0.0	7.812
HRH2_HUMAN	3274	HRH2	11.54	837	3	0	1.477	0.0	7.812
SYAC_HUMAN	16	AARS	11.527	75	2	1	1.301	0.0	8.86
PTMS_HUMAN	5763	PTMS	11.512	77	2	3	1.301	0.0	8.849
CNMD_HUMAN	11061	CNMD	11.512	77	2	0	1.301	0.0	8.849
PCSK1_HUMAN	27344	PCSK1N	11.489	906	3	1	1.477	0.0	7.778
FBN1_HUMAN	2200	FBN1	11.477	923	3	0	1.477	0.0	7.77
VEGFA_HUMAN	7422	VEGFA	11.477	32733	7	0	1.845	0.0	6.22
TCEA1_HUMAN	6917	TCEA1	11.463	84	2	0	1.301	0.0	8.811
CCL2_HUMAN	6347	CCL2	11.441	10029	5	0	1.699	0.0	6.734
ENOG_HUMAN	2026	ENO2	11.434	3962	4	2	1.602	0.0	7.137
P3C2A_HUMAN	5286	PIK3C2A	11.421	1007	3	0	1.477	0.0	7.732
GARS_HUMAN	2617	GARS	11.418	91	2	0	1.301	0.0	8.776
MYDGF_HUMAN	56005	MYDGF	11.406	93	2	0	1.301	0.0	8.767
CALR_HUMAN	811	CALR	11.402	1037	3	1	1.477	0.0	7.719
KSYK_HUMAN	6850	SYK	11.401	1040	3	2	1.477	0.0	7.718
TLR2_HUMAN	7097	TLR2	11.399	4167	4	3	1.602	0.0	7.115
JAK1_HUMAN	3716	JAK1	11.396	1047	3	2	1.477	0.0	7.715
MUC1_HUMAN	4582	MUC1	11.388	4231	4	0	1.602	0.0	7.109
NDUA2_HUMAN	4695	NDUFA2	11.388	96	2	0	1.301	0.0	8.753
PO210_HUMAN	23225	NUP210	11.376	98	2	1	1.301	0.0	8.744
WDHD1_HUMAN	11169	WDHD1	11.365	1100	3	1	1.477	0.0	7.694
H15_HUMAN	3009	HIST1H1B	11.361	1107	3	0	1.477	0.0	7.691
CD28_HUMAN	940	CD28	11.351	4465	4	3	1.602	0.0	7.085
HXK1_HUMAN	3098	HK1	11.34	1143	3	1	1.477	0.0	7.677
CO1A1_HUMAN	1277	COL1A1	11.326	1168	3	2	1.477	0.0	7.668
AGAL_HUMAN	2717	GLA	11.323	1174	3	3	1.477	0.0	7.665
HMN2_HUMAN	100462981	MTRNR2L2	11.316	109	2	0	1.301	0.0	8.698
BCL2_HUMAN	596	BCL2	11.315	23522	6	1	1.778	0.0	6.363
DDIT3_HUMAN	1649	DDIT3	11.304	4779	4	1	1.602	0.0	7.056
TRFE_HUMAN	7018	TF	11.293	12237	5	0	1.699	0.0	6.647
RING1_HUMAN	6015	RING1	11.286	115	2	0	1.301	0.0	8.674
GROA_HUMAN	2919	CXCL1	11.277	1260	3	2	1.477	0.0	7.635
PAPP1_HUMAN	5069	PAPPA	11.263	1288	3	0	1.477	0.0	7.625
IL8_HUMAN	3576	CXCL8	11.249	25628	6	1	1.778	0.0	6.326
PDZ1I_HUMAN	10158	PDZK1IP1	11.248	123	2	0	1.301	0.0	8.645
TLR7_HUMAN	51284	TLR7	11.237	1343	3	1	1.477	0.0	7.607
CD24_HUMAN	100133941	CD24	11.235	1346	3	1	1.477	0.0	7.606
UN13D_HUMAN	201294	UNC13D	11.204	133	2	1	1.301	0.0	8.611
P53_HUMAN	7157	TP53	11.202	46130	7	0	1.845	0.0	6.071
UBF1_HUMAN	7343	UBTF	11.183	138	2	0	1.301	0.0	8.595
SP100_HUMAN	6672	SP100	11.163	143	2	0	1.301	0.0	8.58
CDN1A_HUMAN	1026	CDKN1A	11.162	5857	4	0	1.602	0.0	6.967
IC1_HUMAN	710	SERPING1	11.161	1510	3	0	1.477	0.0	7.556
CABIN_HUMAN	23523	CABIN1	11.161	1511	3	1	1.477	0.0	7.556
PER2_HUMAN	8864	PER2	11.159	1516	3	1	1.477	0.0	7.554
CO1A2_HUMAN	1278	COL1A2	11.149	1539	3	2	1.477	0.0	7.548
MTNA_HUMAN	84245	MRI1	11.139	149	2	0	1.301	0.0	8.562
EDNRA_HUMAN	1909	EDNRA	11.123	1603	3	0	1.477	0.0	7.53
NDUB7_HUMAN	4713	NDUFB7	11.121	154	2	0	1.301	0.0	8.548
SPTN1_HUMAN	6709	SPTAN1	11.11	157	2	0	1.301	0.0	8.539
TLR4_HUMAN	7099	TLR4	11.096	6440	4	0	1.602	0.0	6.926
HGD_HUMAN	3081	HGD	11.085	164	2	4	1.301	0.0	8.52
HNRPC_HUMAN	3183	HNRNPC	11.058	1775	3	0	1.477	0.0	7.486
TDT_HUMAN	1791	DNTT	11.053	1787	3	0	1.477	0.0	7.483
MIF_HUMAN	4282	MIF	11.049	1798	3	0	1.477	0.0	7.48
PTN2_HUMAN	5771	PTPN2	11.049	175	2	1	1.301	0.0	8.492
VWF_HUMAN	7450	VWF	11.047	6909	4	2	1.602	0.0	6.896
LEP_HUMAN	3952	LEP	11.038	7002	4	4	1.602	0.0	6.89
CENPC_HUMAN	1060	CENPC	11.036	179	2	0	1.301	0.0	8.482
TMM11_HUMAN	8834	TMEM11	11.036	179	2	0	1.301	0.0	8.482
CAD11_HUMAN	1009	CDH11	11.026	182	2	1	1.301	0.0	8.475
CXA1_HUMAN	2697	GJA1	11.026	1865	3	1	1.477	0.0	7.464
CRLF2_HUMAN	64109	CRLF2	11.02	184	2	3	1.301	0.0	8.47
CP19A_HUMAN	1588	CYP19A1	11.011	1908	3	0	1.477	0.0	7.455
KPCD_HUMAN	5580	PRKCD	11.009	1915	3	1	1.477	0.0	7.453
TNF6B_HUMAN	8771	TNFRSF6B	11.002	190	2	0	1.301	0.0	8.456
MIS_HUMAN	268	AMH	10.995	1957	3	0	1.477	0.0	7.444
FCN2_HUMAN	2220	FCN2	10.976	199	2	1	1.301	0.0	8.436
TLR9_HUMAN	54106	TLR9	10.973	2025	3	4	1.477	0.0	7.429
PAI1_HUMAN	5054	SERPINE1	10.968	7746	4	0	1.602	0.0	6.846
RFC1_HUMAN	5981	RFC1	10.967	202	2	1	1.301	0.0	8.43
CATD_HUMAN	1509	CTSD	10.957	2076	3	1	1.477	0.0	7.418
RORA_HUMAN	6095	RORA	10.956	206	2	1	1.301	0.0	8.421
PRG4_HUMAN	10216	PRG4	10.954	207	2	1	1.301	0.0	8.419
TTHY_HUMAN	7276	TTR	10.95	2098	3	1	1.477	0.0	7.413
IL23A_HUMAN	51561	IL23A	10.928	2171	3	1	1.477	0.0	7.398
HPRT_HUMAN	3251	HPRT1	10.912	2227	3	0	1.477	0.0	7.387
NDUA5_HUMAN	4698	NDUFA5	10.894	230	2	0	1.301	0.0	8.373
UCN3_HUMAN	114131	UCN3	10.882	235	2	1	1.301	0.0	8.364
G3P_HUMAN	2597	GAPDH	10.878	2349	3	3	1.477	0.0	7.364
KIME_HUMAN	4598	MVK	10.877	237	2	4	1.301	0.0	8.36
CEAM3_HUMAN	1084	CEACAM3	10.859	9052	4	0	1.602	0.0	6.778
MARK3_HUMAN	4140	MARK3	10.858	245	2	0	1.301	0.0	8.346
ELNE_HUMAN	1991	ELANE	10.85	2453	3	4	1.477	0.0	7.345
B3GA1_HUMAN	27087	B3GAT1	10.846	2467	3	0	1.477	0.0	7.343
ARID2_HUMAN	196528	ARID2	10.816	264	2	2	1.301	0.0	8.314
APOB_HUMAN	338	APOB	10.81	9710	4	0	1.602	0.0	6.748
TF_HUMAN	2152	F3	10.802	2644	3	0	1.477	0.0	7.313
TREM1_HUMAN	54210	TREM1	10.801	271	2	1	1.301	0.0	8.302
FCAR_HUMAN	2204	FCAR	10.797	273	2	0	1.301	0.0	8.299
GSTM1_HUMAN	2944	GSTM1	10.79	2692	3	0	1.477	0.0	7.305
LAT_HUMAN	27040	LAT	10.781	281	2	0	1.301	0.0	8.286
A2MG_HUMAN	2	A2M	10.777	2748	3	0	1.477	0.0	7.296
CDR2_HUMAN	1039	CDR2	10.761	291	2	1	1.301	0.0	8.271
ERBB2_HUMAN	2064	ERBB2	10.728	26330	5	1	1.699	0.0	6.315
PERF_HUMAN	5551	PRF1	10.709	319	2	0	1.301	0.0	8.231
BUB1B_HUMAN	701	BUB1B	10.702	323	2	1	1.301	0.0	8.226
PVR_HUMAN	5817	PVR	10.702	323	2	0	1.301	0.0	8.226
PA21B_HUMAN	5319	PLA2G1B	10.691	3144	3	0	1.477	0.0	7.238
CLTR1_HUMAN	10800	CYSLTR1	10.685	333	2	2	1.301	0.0	8.213
CCL8_HUMAN	6355	CCL8	10.67	342	2	0	1.301	0.0	8.201
SRPX_HUMAN	8406	SRPX	10.662	347	2	0	1.301	0.0	8.195
CYTC_HUMAN	1471	CST3	10.626	3479	3	3	1.477	0.0	7.194
ROA1_HUMAN	3178	HNRNPA1	10.618	375	2	0	1.301	0.0	8.161
HDAC6_HUMAN	10013	HDAC6	10.613	378	2	2	1.301	0.0	8.158
FPR2_HUMAN	2358	FPR2	10.61	380	2	5	1.301	0.0	8.155
TEST_HUMAN	10942	PRSS21	10.606	383	2	0	1.301	0.0	8.152
MARK1_HUMAN	4139	MARK1	10.6	387	2	0	1.301	0.0	8.147
DSRAD_HUMAN	103	ADAR	10.594	391	2	0	1.301	0.0	8.143
TANK_HUMAN	10010	TANK	10.557	418	2	2	1.301	0.0	8.114
AMBP_HUMAN	259	AMBP	10.548	424	2	1	1.301	0.0	8.108
CENPV_HUMAN	201161	CENPV	10.547	425	2	0	1.301	0.0	8.107
TPPP_HUMAN	11076	TPPP	10.542	429	2	0	1.301	0.0	8.103
SAA1_HUMAN	6288	SAA1	10.512	452	2	0	1.301	0.0	8.08
MLN_HUMAN	100507027	MRLN	10.493	468	2	0	1.301	0.0	8.065
CISH_HUMAN	1154	CISH	10.484	475	2	0	1.301	0.0	8.058
FEZF2_HUMAN	55079	FEZF2	10.48	479	2	0	1.301	0.0	8.055
HGF_HUMAN	3082	HGF	10.474	4410	3	1	1.477	0.0	7.091
LALBA_HUMAN	3906	LALBA	10.469	488	2	0	1.301	0.0	8.047
CYB5_HUMAN	1528	CYB5A	10.463	493	2	1	1.301	0.0	8.042
LYAM3_HUMAN	6403	SELP	10.446	4605	3	0	1.477	0.0	7.072
ACTN1_HUMAN	87	ACTN1	10.442	512	2	1	1.301	0.0	8.026
AP1S3_HUMAN	130340	AP1S3	10.434	2	1	0	1.0	0.0	10.434
AGO2_HUMAN	27161	AGO2	10.411	541	2	0	1.301	0.0	8.002
SAMP_HUMAN	325	APCS	10.404	548	2	0	1.301	0.0	7.996
TYPH_HUMAN	1890	TYMP	10.391	560	2	0	1.301	0.0	7.987
IL13_HUMAN	3596	IL13	10.376	5136	3	0	1.477	0.0	7.025
TPA_HUMAN	5327	PLAT	10.376	5139	3	0	1.477	0.0	7.024
TIMP1_HUMAN	7076	TIMP1	10.352	5332	3	0	1.477	0.0	7.008
XRCC6_HUMAN	2547	XRCC6	10.346	607	2	0	1.301	0.0	7.952
CREM_HUMAN	1390	CREM	10.345	608	2	0	1.301	0.0	7.951
CASP3_HUMAN	836	CASP3	10.332	19304	4	1	1.602	0.0	6.449
CD20_HUMAN	931	MS4A1	10.327	627	2	1	1.301	0.0	7.938
VCAM1_HUMAN	7412	VCAM1	10.323	5577	3	2	1.477	0.0	6.989
ITAV_HUMAN	3685	ITGAV	10.283	678	2	2	1.301	0.0	7.904
S22A1_HUMAN	6580	SLC22A1	10.278	684	2	0	1.301	0.0	7.9
CCR6_HUMAN	1235	CCR6	10.272	692	2	3	1.301	0.0	7.895
CBG_HUMAN	866	SERPINA6	10.268	696	2	0	1.301	0.0	7.893
CDN1C_HUMAN	1028	CDKN1C	10.264	702	2	1	1.301	0.0	7.889
GOG8B_HUMAN	440270	GOLGA8B	10.258	3	1	0	1.0	0.0	10.258
KIT_HUMAN	3815	KIT	10.226	6488	3	1	1.477	0.0	6.923
CCR1_HUMAN	1230	CCR1	10.22	758	2	6	1.301	0.0	7.855
OXLA_HUMAN	259307	IL4I1	10.219	759	2	1	1.301	0.0	7.855
CYC_HUMAN	54205	CYCS	10.202	6736	3	0	1.477	0.0	6.907
ETS1_HUMAN	2113	ETS1	10.195	793	2	0	1.301	0.0	7.836
PSA_HUMAN	9520	NPEPPS	10.195	792	2	3	1.301	0.0	7.836
RETN_HUMAN	56729	RETN	10.193	796	2	7	1.301	0.0	7.834
IKKB_HUMAN	3551	IKBKB	10.157	848	2	0	1.301	0.0	7.807
FETUA_HUMAN	197	AHSG	10.14	874	2	0	1.301	0.0	7.794
OIT3_HUMAN	170392	OIT3	10.133	4	1	0	1.0	0.0	10.133
RAGE_HUMAN	177	AGER	10.108	924	2	7	1.301	0.0	7.769
IL7RA_HUMAN	3575	IL7R	10.101	936	2	1	1.301	0.0	7.764
GON1_HUMAN	2796	GNRH1	10.09	8020	3	2	1.477	0.0	6.831
TWST1_HUMAN	7291	TWIST1	10.086	962	2	2	1.301	0.0	7.752
NUP62_HUMAN	23636	NUP62	10.076	979	2	0	1.301	0.0	7.744
LBP_HUMAN	3929	LBP	10.071	987	2	0	1.301	0.0	7.741
MT2_HUMAN	4502	MT2A	10.069	991	2	0	1.301	0.0	7.739
IL17F_HUMAN	112744	IL17F	10.045	1033	2	0	1.301	0.0	7.721
ADIPO_HUMAN	9370	ADIPOQ	10.041	8653	3	1	1.477	0.0	6.798
DAPK3_HUMAN	1613	DAPK3	10.039	1045	2	0	1.301	0.0	7.716
DFB4A_HUMAN	1673	DEFB4B	10.02	1081	2	0	1.301	0.0	7.701
K2C8_HUMAN	3856	KRT8	10.009	1102	2	0	1.301	0.0	7.693
GLPA_HUMAN	2993	GYPA	9.991	1138	2	0	1.301	0.0	7.679
CD22_HUMAN	933	CD22	9.99	1140	2	0	1.301	0.0	7.678
ARY2_HUMAN	10	NAT2	9.986	1148	2	1	1.301	0.0	7.675
MARH1_HUMAN	55016	MARCH1	9.984	1151	2	6	1.301	0.0	7.674
C163A_HUMAN	9332	CD163	9.981	1158	2	2	1.301	0.0	7.671
PGH1_HUMAN	5742	PTGS1	9.962	1198	2	0	1.301	0.0	7.657
DAF_HUMAN	1604	CD55	9.956	1210	2	0	1.301	0.0	7.652
CNOT8_HUMAN	9337	CNOT8	9.956	1210	2	0	1.301	0.0	7.652
ADRB1_HUMAN	153	ADRB1	9.952	1218	2	1	1.301	0.0	7.649
ADA17_HUMAN	6868	ADAM17	9.952	1219	2	0	1.301	0.0	7.649
SON_HUMAN	6651	SON	9.932	1262	2	0	1.301	0.0	7.634
B3GN2_HUMAN	10678	B3GNT2	9.927	1273	2	1	1.301	0.0	7.63
ALEX_HUMAN	2778	GNAS	9.924	1281	2	0	1.301	0.0	7.628
DYR_HUMAN	1719	DHFR	9.913	1305	2	0	1.301	0.0	7.62
APOE_HUMAN	348	APOE	9.894	10879	3	0	1.477	0.0	6.698
CXCR3_HUMAN	2833	CXCR3	9.892	1355	2	1	1.301	0.0	7.603
VMAC_HUMAN	400673	VMAC	9.89	7	1	0	1.0	0.0	9.89
ST2A1_HUMAN	6822	SULT2A1	9.866	1418	2	0	1.301	0.0	7.583
TGM2_HUMAN	7052	TGM2	9.855	1447	2	0	1.301	0.0	7.575
PLF4_HUMAN	5196	PF4	9.846	1469	2	0	1.301	0.0	7.568
CAMP_HUMAN	820	CAMP	9.845	1473	2	0	1.301	0.0	7.567
MAGE2_HUMAN	139599	MAGEE2	9.832	8	1	0	1.0	0.0	9.832
PML_HUMAN	5371	PML	9.829	1516	2	0	1.301	0.0	7.554
XIAP_HUMAN	331	XIAP	9.804	1584	2	2	1.301	0.0	7.535
PER1_HUMAN	5187	PER1	9.791	1621	2	0	1.301	0.0	7.525
LEG3_HUMAN	3958	LGALS3	9.785	1637	2	0	1.301	0.0	7.521
TRBM_HUMAN	7056	THBD	9.782	1647	2	0	1.301	0.0	7.518
RBG10_HUMAN	9910	RABGAP1L	9.781	9	1	1	1.0	0.0	9.781
K1C18_HUMAN	3875	KRT18	9.773	1674	2	0	1.301	0.0	7.511
PTHB1_HUMAN	27241	BBS9	9.765	1696	2	0	1.301	0.0	7.506
MMP9_HUMAN	4318	MMP9	9.747	13703	3	1	1.477	0.0	6.598
VTNC_HUMAN	7448	VTN	9.741	1771	2	0	1.301	0.0	7.487
AKA11_HUMAN	11215	AKAP11	9.735	10	1	1	1.0	0.0	9.735
CFAH_HUMAN	3075	CFH	9.734	1793	2	1	1.301	0.0	7.482
CR2_HUMAN	1380	CR2	9.727	1815	2	0	1.301	0.0	7.476
MTOR_HUMAN	2475	MTOR	9.706	14590	3	7	1.477	0.0	6.571
CEP57_HUMAN	9702	CEP57	9.694	11	1	0	1.0	0.0	9.694
JUNB_HUMAN	3726	JUNB	9.689	1939	2	0	1.301	0.0	7.448
ZHX2_HUMAN	22882	ZHX2	9.685	1955	2	2	1.301	0.0	7.444
CCKN_HUMAN	885	CCK	9.681	1967	2	0	1.301	0.0	7.441
NPY_HUMAN	4852	NPY	9.662	2036	2	0	1.301	0.0	7.426
MRP1_HUMAN	4363	ABCC1	9.624	2177	2	0	1.301	0.0	7.397
KLK3_HUMAN	354	KLK3	9.617	16765	3	0	1.477	0.0	6.511
AMPN_HUMAN	290	ANPEP	9.606	2249	2	7	1.301	0.0	7.383
TMED2_HUMAN	10959	TMED2	9.578	2361	2	1	1.301	0.0	7.362
SRRM1_HUMAN	10250	SRRM1	9.559	15	1	2	1.0	0.0	9.559
RL23A_HUMAN	6147	RPL23A	9.531	16	1	3	1.0	0.0	9.531
SH2B2_HUMAN	10603	SH2B2	9.531	16	1	0	1.0	0.0	9.531
RC3H1_HUMAN	149041	RC3H1	9.505	17	1	1	1.0	0.0	9.505
ROA3_HUMAN	220988	HNRNPA3	9.505	17	1	0	1.0	0.0	9.505
FA10_HUMAN	2159	F10	9.487	2775	2	0	1.301	0.0	7.292
IL2RB_HUMAN	3560	IL2RB	9.486	2780	2	1	1.301	0.0	7.291
CENPI_HUMAN	2491	CENPI	9.48	18	1	0	1.0	0.0	9.48
LYAM1_HUMAN	6402	SELL	9.474	2840	2	0	1.301	0.0	7.282
COMT_HUMAN	1312	COMT	9.466	2880	2	3	1.301	0.0	7.276
ALDOC_HUMAN	230	ALDOC	9.456	19	1	0	1.0	0.0	9.456
LIRA2_HUMAN	11027	LILRA2	9.456	19	1	1	1.0	0.0	9.456
SF3B3_HUMAN	23450	SF3B3	9.456	19	1	0	1.0	0.0	9.456
PXK_HUMAN	54899	PXK	9.456	19	1	0	1.0	0.0	9.456
UQCC2_HUMAN	84300	UQCC2	9.456	19	1	0	1.0	0.0	9.456
AGTR1_HUMAN	185	AGTR1	9.438	3025	2	0	1.301	0.0	7.254
FA5_HUMAN	2153	F5	9.437	3031	2	0	1.301	0.0	7.254
HMOX1_HUMAN	3162	HMOX1	9.437	3032	2	0	1.301	0.0	7.253
SF3A1_HUMAN	10291	SF3A1	9.434	20	1	0	1.0	0.0	9.434
CP2C9_HUMAN	1559	CYP2C9	9.426	3093	2	1	1.301	0.0	7.245
CP1A2_HUMAN	1544	CYP1A2	9.423	3110	2	1	1.301	0.0	7.242
SDF1_HUMAN	6387	CXCL12	9.402	3227	2	2	1.301	0.0	7.226
MTX2_HUMAN	10651	MTX2	9.393	22	1	1	1.0	0.0	9.393
CHSTE_HUMAN	113189	CHST14	9.393	22	1	0	1.0	0.0	9.393
HECA2_HUMAN	253012	HEPACAM2	9.393	22	1	0	1.0	0.0	9.393
DESM_HUMAN	1674	DES	9.378	3365	2	0	1.301	0.0	7.208
RPP38_HUMAN	10557	RPP38	9.373	23	1	0	1.0	0.0	9.373
RRS1_HUMAN	23212	RRS1	9.373	23	1	0	1.0	0.0	9.373
CMGA_HUMAN	1113	CHGA	9.363	3455	2	0	1.301	0.0	7.197
DBP_HUMAN	1628	DBP	9.359	3482	2	1	1.301	0.0	7.193
NMNA2_HUMAN	23057	NMNAT2	9.355	24	1	0	1.0	0.0	9.355
RNF34_HUMAN	80196	RNF34	9.355	24	1	0	1.0	0.0	9.355
OR4N2_HUMAN	390429	OR4N2	9.355	24	1	0	1.0	0.0	9.355
FPR1_HUMAN	2357	FPR1	9.349	3542	2	0	1.301	0.0	7.186
SCF_HUMAN	4254	KITLG	9.349	3542	2	0	1.301	0.0	7.186
VIP_HUMAN	7432	VIP	9.341	3591	2	0	1.301	0.0	7.18
NIPA_HUMAN	51530	ZC3HC1	9.337	25	1	2	1.0	0.0	9.337
OSTP_HUMAN	6696	SPP1	9.321	3725	2	0	1.301	0.0	7.164
HUNK_HUMAN	30811	HUNK	9.32	26	1	0	1.0	0.0	9.32
CD2_HUMAN	914	CD2	9.319	3738	2	0	1.301	0.0	7.162
SOX13_HUMAN	9580	SOX13	9.304	27	1	0	1.0	0.0	9.304
HOIL1_HUMAN	10616	RBCK1	9.304	27	1	1	1.0	0.0	9.304
CARTF_HUMAN	79800	CARF	9.304	27	1	0	1.0	0.0	9.304
NEUR1_HUMAN	4758	NEU1	9.274	4047	2	0	1.301	0.0	7.128
SPB8_HUMAN	5271	SERPINB8	9.273	29	1	0	1.0	0.0	9.273
VPS18_HUMAN	57617	VPS18	9.273	29	1	0	1.0	0.0	9.273
BRSK2_HUMAN	9024	BRSK2	9.258	30	1	0	1.0	0.0	9.258
VDR_HUMAN	7421	VDR	9.255	4185	2	1	1.301	0.0	7.113
OPT_HUMAN	26254	OPTC	9.244	31	1	0	1.0	0.0	9.244
EID2_HUMAN	163126	EID2	9.244	31	1	0	1.0	0.0	9.244
PUF60_HUMAN	22827	PUF60	9.23	32	1	1	1.0	0.0	9.23
FOS_HUMAN	2353	FOS	9.226	4405	2	0	1.301	0.0	7.091
TNFL6_HUMAN	356	FASLG	9.215	4494	2	0	1.301	0.0	7.083
PCD16_HUMAN	8642	DCHS1	9.204	34	1	0	1.0	0.0	9.204
IL3_HUMAN	3562	IL3	9.198	4630	2	0	1.301	0.0	7.07
PKHM2_HUMAN	23207	PLEKHM2	9.191	35	1	0	1.0	0.0	9.191
ECHM_HUMAN	1892	ECHS1	9.167	37	1	0	1.0	0.0	9.167
NAT8_HUMAN	9027	NAT8	9.167	37	1	1	1.0	0.0	9.167
SPEG_HUMAN	10290	SPEG	9.167	37	1	0	1.0	0.0	9.167
SWET1_HUMAN	55974	SLC50A1	9.167	37	1	0	1.0	0.0	9.167
ABCG4_HUMAN	64137	ABCG4	9.167	37	1	0	1.0	0.0	9.167
STABP_HUMAN	10617	STAMBP	9.155	38	1	0	1.0	0.0	9.155
ITAM_HUMAN	3684	ITGAM	9.153	5008	2	0	1.301	0.0	7.035
SALL2_HUMAN	6297	SALL2	9.144	39	1	0	1.0	0.0	9.144
FOXP3_HUMAN	50943	FOXP3	9.13	5222	2	1	1.301	0.0	7.017
PECA1_HUMAN	5175	PECAM1	9.118	5336	2	0	1.301	0.0	7.008
LZTS1_HUMAN	11178	LZTS1	9.102	43	1	0	1.0	0.0	9.102
P121A_HUMAN	9883	POM121	9.082	45	1	0	1.0	0.0	9.082
CLC4A_HUMAN	50856	CLEC4A	9.072	46	1	1	1.0	0.0	9.072
ODO1_HUMAN	4967	OGDH	9.063	47	1	0	1.0	0.0	9.063
SEM3C_HUMAN	10512	SEMA3C	9.063	47	1	0	1.0	0.0	9.063
RF1M_HUMAN	9617	MTRF1	9.054	48	1	0	1.0	0.0	9.054
ST1C4_HUMAN	27233	SULT1C4	9.054	48	1	0	1.0	0.0	9.054
MKS1_HUMAN	54903	MKS1	9.045	49	1	0	1.0	0.0	9.045
FCRLB_HUMAN	127943	FCRLB	9.045	49	1	0	1.0	0.0	9.045
CHD4_HUMAN	1108	CHD4	9.036	50	1	0	1.0	0.0	9.036
CD44_HUMAN	960	CD44	9.03	6231	2	0	1.301	0.0	6.94
ABL1_HUMAN	25	ABL1	9.023	6311	2	3	1.301	0.0	6.935
NCAM1_HUMAN	4684	NCAM1	9.02	6337	2	1	1.301	0.0	6.933
SPIB_HUMAN	6689	SPIB	9.019	52	1	1	1.0	0.0	9.019
DEFI6_HUMAN	50619	DEF6	9.019	52	1	0	1.0	0.0	9.019
UCHL5_HUMAN	51377	UCHL5	9.019	52	1	6	1.0	0.0	9.019
DDX20_HUMAN	11218	DDX20	9.003	54	1	0	1.0	0.0	9.003
PLSI_HUMAN	5357	PLS1	8.987	56	1	0	1.0	0.0	8.987
IKBL1_HUMAN	4795	NFKBIL1	8.979	57	1	1	1.0	0.0	8.979
KPCI_HUMAN	5584	PRKCI	8.979	57	1	1	1.0	0.0	8.979
CAP2_HUMAN	10486	CAP2	8.979	57	1	0	1.0	0.0	8.979
ANDR_HUMAN	367	AR	8.972	6901	2	0	1.301	0.0	6.896
TAF1A_HUMAN	9015	TAF1A	8.972	58	1	0	1.0	0.0	8.972
CL16A_HUMAN	23274	CLEC16A	8.964	59	1	1	1.0	0.0	8.964
ELOV2_HUMAN	54898	ELOVL2	8.964	59	1	0	1.0	0.0	8.964
VILI_HUMAN	7429	VIL1	8.957	60	1	0	1.0	0.0	8.957
OTOR_HUMAN	56914	OTOR	8.957	60	1	0	1.0	0.0	8.957
PSME1_HUMAN	5720	PSME1	8.95	61	1	0	1.0	0.0	8.95
CLN8_HUMAN	2055	CLN8	8.936	63	1	0	1.0	0.0	8.936
PRP1_HUMAN	5542	PRB1	8.936	63	1	0	1.0	0.0	8.936
ANTR2_HUMAN	118429	ANTXR2	8.936	63	1	1	1.0	0.0	8.936
SO2A1_HUMAN	6578	SLCO2A1	8.929	64	1	0	1.0	0.0	8.929
MDHC_HUMAN	4190	MDH1	8.922	65	1	0	1.0	0.0	8.922
SIGL9_HUMAN	27180	SIGLEC9	8.922	65	1	0	1.0	0.0	8.922
UBP1_HUMAN	7398	USP1	8.916	66	1	0	1.0	0.0	8.916
EYS_HUMAN	346007	EYS	8.916	66	1	0	1.0	0.0	8.916
CD14_HUMAN	929	CD14	8.91	7700	2	3	1.301	0.0	6.849
KCIP2_HUMAN	30819	KCNIP2	8.909	67	1	0	1.0	0.0	8.909
DOA_HUMAN	3111	HLA-DOA	8.903	68	1	1	1.0	0.0	8.903
CD180_HUMAN	4064	CD180	8.903	68	1	0	1.0	0.0	8.903
MA2C1_HUMAN	4123	MAN2C1	8.896	69	1	0	1.0	0.0	8.896
FOG2_HUMAN	23414	ZFPM2	8.89	70	1	0	1.0	0.0	8.89
JMJD6_HUMAN	23210	JMJD6	8.884	71	1	0	1.0	0.0	8.884
NLRP6_HUMAN	171389	NLRP6	8.884	71	1	0	1.0	0.0	8.884
TBB5_HUMAN	203068	TUBB	8.884	71	1	0	1.0	0.0	8.884
ODO2_HUMAN	1743	DLST	8.878	72	1	0	1.0	0.0	8.878
IL34_HUMAN	146433	IL34	8.872	73	1	3	1.0	0.0	8.872
HNRDL_HUMAN	9987	HNRNPDL	8.866	74	1	0	1.0	0.0	8.866
DPP8_HUMAN	54878	DPP8	8.866	74	1	0	1.0	0.0	8.866
FHR3_HUMAN	10878	CFHR3	8.86	75	1	0	1.0	0.0	8.86
VAV3_HUMAN	10451	VAV3	8.854	76	1	1	1.0	0.0	8.854
NCOA6_HUMAN	23054	NCOA6	8.854	76	1	0	1.0	0.0	8.854
PGTB1_HUMAN	5229	PGGT1B	8.849	77	1	0	1.0	0.0	8.849
GDF6_HUMAN	392255	GDF6	8.849	77	1	1	1.0	0.0	8.849
LAIR1_HUMAN	3903	LAIR1	8.843	78	1	0	1.0	0.0	8.843
Q31604_HUMAN	3108	DMA	8.838	79	1	0	1.0	0.0	8.838
COR1A_HUMAN	11151	CORO1A	8.838	79	1	0	1.0	0.0	8.838
SSRP1_HUMAN	6749	SSRP1	8.832	80	1	0	1.0	0.0	8.832
NDEL1_HUMAN	81565	NDEL1	8.832	80	1	0	1.0	0.0	8.832
I36RA_HUMAN	26525	IL36RN	8.811	84	1	0	1.0	0.0	8.811
RS4Y1_HUMAN	6192	RPS4Y1	8.806	85	1	0	1.0	0.0	8.806
SRSF6_HUMAN	6431	SRSF6	8.806	85	1	0	1.0	0.0	8.806
PIAS3_HUMAN	10401	PIAS3	8.806	85	1	1	1.0	0.0	8.806
LGR6_HUMAN	59352	LGR6	8.806	85	1	0	1.0	0.0	8.806
EDIL3_HUMAN	10085	EDIL3	8.801	86	1	0	1.0	0.0	8.801
FEZF1_HUMAN	389549	FEZF1	8.796	87	1	0	1.0	0.0	8.796
VAMP8_HUMAN	8673	VAMP8	8.791	88	1	0	1.0	0.0	8.791
MIEN1_HUMAN	84299	MIEN1	8.781	90	1	0	1.0	0.0	8.781
TCF20_HUMAN	6942	TCF20	8.771	92	1	0	1.0	0.0	8.771
HMGN2_HUMAN	3151	HMGN2	8.767	93	1	0	1.0	0.0	8.767
IKKE_HUMAN	9641	IKBKE	8.762	94	1	0	1.0	0.0	8.762
TRPV3_HUMAN	162514	TRPV3	8.762	94	1	0	1.0	0.0	8.762
CDSN_HUMAN	1041	CDSN	8.753	96	1	0	1.0	0.0	8.753
HCST_HUMAN	10870	HCST	8.753	96	1	8	1.0	0.0	8.753
TREF1_HUMAN	55809	TRERF1	8.753	96	1	0	1.0	0.0	8.753
FCRL3_HUMAN	115352	FCRL3	8.753	96	1	0	1.0	0.0	8.753
FETA_HUMAN	174	AFP	8.744	10333	2	0	1.301	0.0	6.721
GATA5_HUMAN	140628	GATA5	8.744	98	1	0	1.0	0.0	8.744
LEG2_HUMAN	3957	LGALS2	8.74	99	1	1	1.0	0.0	8.74
RS3_HUMAN	6188	RPS3	8.74	99	1	0	1.0	0.0	8.74
TOR1B_HUMAN	27348	TOR1B	8.74	99	1	0	1.0	0.0	8.74
MAP9_HUMAN	79884	MAP9	8.735	100	1	1	1.0	0.0	8.735
TNFL8_HUMAN	944	TNFSF8	8.731	101	1	0	1.0	0.0	8.731
HPLN1_HUMAN	1404	HAPLN1	8.727	102	1	0	1.0	0.0	8.727
GTF2I_HUMAN	2969	GTF2I	8.722	103	1	0	1.0	0.0	8.722
TCF19_HUMAN	6941	TCF19	8.722	103	1	0	1.0	0.0	8.722
BMAL2_HUMAN	56938	ARNTL2	8.722	103	1	0	1.0	0.0	8.722
FCN1_HUMAN	2219	FCN1	8.718	104	1	1	1.0	0.0	8.718
ETV3_HUMAN	2117	ETV3	8.706	107	1	0	1.0	0.0	8.706
DEF6_HUMAN	1671	DEFA6	8.702	108	1	2	1.0	0.0	8.702
RBMS3_HUMAN	27303	RBMS3	8.698	109	1	1	1.0	0.0	8.698
SMD1_HUMAN	6632	SNRPD1	8.694	110	1	1	1.0	0.0	8.694
CITE2_HUMAN	10370	CITED2	8.694	110	1	0	1.0	0.0	8.694
DDX17_HUMAN	10521	DDX17	8.694	110	1	0	1.0	0.0	8.694
SPCS_HUMAN	51091	SEPSECS	8.694	110	1	0	1.0	0.0	8.694
DHX9_HUMAN	1660	DHX9	8.69	111	1	0	1.0	0.0	8.69
F13B_HUMAN	2165	F13B	8.69	111	1	0	1.0	0.0	8.69
PITX3_HUMAN	5309	PITX3	8.686	112	1	1	1.0	0.0	8.686
INHBA_HUMAN	3624	INHBA	8.682	113	1	0	1.0	0.0	8.682
SN_HUMAN	6614	SIGLEC1	8.678	114	1	0	1.0	0.0	8.678
TLX2_HUMAN	3196	TLX2	8.671	116	1	0	1.0	0.0	8.671
FICD_HUMAN	11153	FICD	8.667	117	1	1	1.0	0.0	8.667
TRPM6_HUMAN	140803	TRPM6	8.667	117	1	0	1.0	0.0	8.667
NCOA5_HUMAN	57727	NCOA5	8.663	118	1	0	1.0	0.0	8.663
DPA1_HUMAN	3113	HLA-DPA1	8.66	119	1	0	1.0	0.0	8.66
MAN1_HUMAN	23592	LEMD3	8.66	119	1	0	1.0	0.0	8.66
PLVAP_HUMAN	83483	PLVAP	8.656	120	1	0	1.0	0.0	8.656
PDE3A_HUMAN	5139	PDE3A	8.649	122	1	0	1.0	0.0	8.649
TREX1_HUMAN	11277	TREX1	8.649	122	1	0	1.0	0.0	8.649
ANGL3_HUMAN	27329	ANGPTL3	8.645	123	1	0	1.0	0.0	8.645
CLIC1_HUMAN	1192	CLIC1	8.642	124	1	0	1.0	0.0	8.642
CMPK2_HUMAN	129607	CMPK2	8.642	124	1	0	1.0	0.0	8.642
DPEP1_HUMAN	1800	DPEP1	8.638	125	1	1	1.0	0.0	8.638
CORIN_HUMAN	10699	CORIN	8.638	125	1	0	1.0	0.0	8.638
GOGB1_HUMAN	2804	GOLGB1	8.635	126	1	0	1.0	0.0	8.635
NFAT5_HUMAN	10725	NFAT5	8.635	126	1	0	1.0	0.0	8.635
BTNL2_HUMAN	56244	BTNL2	8.631	127	1	1	1.0	0.0	8.631
EDAR_HUMAN	10913	EDAR	8.628	128	1	0	1.0	0.0	8.628
HHAT_HUMAN	55733	HHAT	8.628	128	1	0	1.0	0.0	8.628
BTLA_HUMAN	151888	BTLA	8.628	128	1	0	1.0	0.0	8.628
PRC1_HUMAN	9055	PRC1	8.625	129	1	0	1.0	0.0	8.625
SAMH1_HUMAN	25939	SAMHD1	8.621	130	1	0	1.0	0.0	8.621
AGO1_HUMAN	26523	AGO1	8.621	130	1	2	1.0	0.0	8.621
GBP1_HUMAN	2633	GBP1	8.615	132	1	0	1.0	0.0	8.615
CO6A1_HUMAN	1291	COL6A1	8.608	134	1	0	1.0	0.0	8.608
NISCH_HUMAN	11188	NISCH	8.608	134	1	0	1.0	0.0	8.608
CD8B_HUMAN	926	CD8B	8.605	135	1	0	1.0	0.0	8.605
LYST_HUMAN	1130	LYST	8.605	135	1	5	1.0	0.0	8.605
HNRPD_HUMAN	3184	HNRNPD	8.605	135	1	0	1.0	0.0	8.605
LEG8_HUMAN	3964	LGALS8	8.598	137	1	0	1.0	0.0	8.598
TBB4B_HUMAN	10383	TUBB4B	8.598	137	1	0	1.0	0.0	8.598
DEST_HUMAN	11034	DSTN	8.598	137	1	2	1.0	0.0	8.598
FSTL1_HUMAN	11167	FSTL1	8.598	137	1	0	1.0	0.0	8.598
MCLN1_HUMAN	57192	MCOLN1	8.598	137	1	0	1.0	0.0	8.598
ANR11_HUMAN	29123	ANKRD11	8.589	140	1	0	1.0	0.0	8.589
NID1_HUMAN	4811	NID1	8.586	141	1	0	1.0	0.0	8.586
WDR11_HUMAN	55717	WDR11	8.583	142	1	0	1.0	0.0	8.583
ESR1_HUMAN	2099	ESR1	8.58	13814	2	1	1.301	0.0	6.595
FLOT1_HUMAN	10211	FLOT1	8.577	144	1	0	1.0	0.0	8.577
SH2B3_HUMAN	10019	SH2B3	8.574	145	1	1	1.0	0.0	8.574
ARSE_HUMAN	415	ARSE	8.565	148	1	0	1.0	0.0	8.565
SPG7_HUMAN	6687	SPG7	8.565	148	1	0	1.0	0.0	8.565
SMUG1_HUMAN	23583	SMUG1	8.565	148	1	0	1.0	0.0	8.565
DLG3_HUMAN	1741	DLG3	8.559	150	1	0	1.0	0.0	8.559
NDUB6_HUMAN	4712	NDUFB6	8.556	151	1	0	1.0	0.0	8.556
DEK_HUMAN	7913	DEK	8.556	151	1	0	1.0	0.0	8.556
CRBG1_HUMAN	202	CRYBG1	8.542	156	1	1	1.0	0.0	8.542
PREP_HUMAN	10531	PITRM1	8.539	157	1	0	1.0	0.0	8.539
NKG2C_HUMAN	3822	KLRC2	8.534	159	1	0	1.0	0.0	8.534
ERAP1_HUMAN	51752	ERAP1	8.528	161	1	1	1.0	0.0	8.528
SH23A_HUMAN	10045	SH2D3A	8.526	162	1	1	1.0	0.0	8.526
S10A7_HUMAN	6278	S100A7	8.52	164	1	0	1.0	0.0	8.52
RTN2_HUMAN	6253	RTN2	8.518	165	1	0	1.0	0.0	8.518
TCOF_HUMAN	6949	TCOF1	8.518	165	1	0	1.0	0.0	8.518
GLCNE_HUMAN	10020	GNE	8.518	165	1	0	1.0	0.0	8.518
SDHL_HUMAN	10993	SDS	8.518	165	1	0	1.0	0.0	8.518
STAT_HUMAN	6779	STATH	8.515	166	1	0	1.0	0.0	8.515
GRAM_HUMAN	3004	GZMM	8.512	167	1	0	1.0	0.0	8.512
PLAL1_HUMAN	5325	PLAGL1	8.507	169	1	0	1.0	0.0	8.507
FIBG_HUMAN	2266	FGG	8.505	170	1	0	1.0	0.0	8.505
MERTK_HUMAN	10461	MERTK	8.502	171	1	0	1.0	0.0	8.502
EVA1C_HUMAN	59271	EVA1C	8.502	171	1	0	1.0	0.0	8.502
CIKS_HUMAN	10758	TRAF3IP2	8.487	177	1	2	1.0	0.0	8.487
LMNB1_HUMAN	4001	LMNB1	8.482	179	1	0	1.0	0.0	8.482
G6PE_HUMAN	9563	H6PD	8.477	181	1	0	1.0	0.0	8.477
BACE2_HUMAN	25825	BACE2	8.475	182	1	0	1.0	0.0	8.475
NXF1_HUMAN	10482	NXF1	8.473	183	1	0	1.0	0.0	8.473
ITPR1_HUMAN	3708	ITPR1	8.47	184	1	0	1.0	0.0	8.47
PHF1_HUMAN	5252	PHF1	8.466	186	1	1	1.0	0.0	8.466
TNFC_HUMAN	4050	LTB	8.463	187	1	1	1.0	0.0	8.463
CXCL3_HUMAN	2921	CXCL3	8.459	189	1	2	1.0	0.0	8.459
O10T2_HUMAN	128360	OR10T2	8.443	196	1	0	1.0	0.0	8.443
SYIC_HUMAN	3376	IARS	8.439	198	1	0	1.0	0.0	8.439
ITPA_HUMAN	3704	ITPA	8.439	198	1	3	1.0	0.0	8.439
RHOF_HUMAN	54509	RHOF	8.439	198	1	0	1.0	0.0	8.439
CATS_HUMAN	1520	CTSS	8.432	201	1	0	1.0	0.0	8.432
MASP1_HUMAN	5648	MASP1	8.428	203	1	0	1.0	0.0	8.428
SGCB_HUMAN	6443	SGCB	8.428	203	1	2	1.0	0.0	8.428
SEM4D_HUMAN	10507	SEMA4D	8.426	204	1	0	1.0	0.0	8.426
IFIT2_HUMAN	3433	IFIT2	8.423	205	1	0	1.0	0.0	8.423
DNM1L_HUMAN	10059	DNM1L	8.423	205	1	0	1.0	0.0	8.423
RAB3D_HUMAN	9545	RAB3D	8.417	208	1	0	1.0	0.0	8.417
ODP2_HUMAN	1737	DLAT	8.413	210	1	6	1.0	0.0	8.413
A4FUW6_HUMAN	7258	LOC728395	8.413	210	1	0	1.0	0.0	8.413
THTR_HUMAN	7263	TST	8.413	210	1	0	1.0	0.0	8.413
HBE_HUMAN	3046	HBE1	8.407	213	1	0	1.0	0.0	8.407
PGDH_HUMAN	3248	HPGD	8.403	215	1	0	1.0	0.0	8.403
TRAF1_HUMAN	7185	TRAF1	8.395	219	1	0	1.0	0.0	8.395
BLNK_HUMAN	29760	BLNK	8.395	219	1	0	1.0	0.0	8.395
ROA2_HUMAN	3181	HNRNPA2B1	8.393	220	1	0	1.0	0.0	8.393
KLKB1_HUMAN	3818	KLKB1	8.381	226	1	0	1.0	0.0	8.381
TPM1_HUMAN	7168	TPM1	8.375	229	1	1	1.0	0.0	8.375
INVS_HUMAN	27130	INVS	8.373	230	1	0	1.0	0.0	8.373
LDHC_HUMAN	3948	LDHC	8.372	231	1	0	1.0	0.0	8.372
HEBP1_HUMAN	50865	HEBP1	8.37	232	1	0	1.0	0.0	8.37
RPC10_HUMAN	51728	POLR3K	8.37	232	1	0	1.0	0.0	8.37
O10K2_HUMAN	391107	OR10K2	8.36	237	1	0	1.0	0.0	8.36
KCMA1_HUMAN	3778	KCNMA1	8.357	239	1	2	1.0	0.0	8.357
ELF3_HUMAN	1999	ELF3	8.355	240	1	0	1.0	0.0	8.355
FPPS_HUMAN	2224	FDPS	8.353	241	1	0	1.0	0.0	8.353
PDIA3_HUMAN	2923	PDIA3	8.353	241	1	1	1.0	0.0	8.353
TNF13_HUMAN	8741	TNFSF13	8.353	241	1	0	1.0	0.0	8.353
MLRV_HUMAN	4633	MYL2	8.35	243	1	0	1.0	0.0	8.35
5NT1A_HUMAN	84618	NT5C1A	8.35	243	1	3	1.0	0.0	8.35
PHEX_HUMAN	5251	PHEX	8.348	244	1	0	1.0	0.0	8.348
DCAF7_HUMAN	10238	DCAF7	8.348	244	1	0	1.0	0.0	8.348
CYTSB_HUMAN	92521	SPECC1	8.348	244	1	0	1.0	0.0	8.348
S40A1_HUMAN	30061	SLC40A1	8.346	245	1	2	1.0	0.0	8.346
NFAC2_HUMAN	4773	NFATC2	8.335	251	1	4	1.0	0.0	8.335
CCGL_HUMAN	140738	TMEM37	8.325	257	1	0	1.0	0.0	8.325
ARRC_HUMAN	407	ARR3	8.317	262	1	0	1.0	0.0	8.317
ITLN1_HUMAN	55600	ITLN1	8.315	263	1	1	1.0	0.0	8.315
AA3R_HUMAN	140	ADORA3	8.312	265	1	2	1.0	0.0	8.312
HEY1_HUMAN	23462	HEY1	8.31	266	1	3	1.0	0.0	8.31
SUCO_HUMAN	51430	SUCO	8.31	266	1	0	1.0	0.0	8.31
TNR11_HUMAN	8792	TNFRSF11A	8.305	269	1	0	1.0	0.0	8.305
IKBA_HUMAN	4792	NFKBIA	8.3	3112	1	13	1.0	0.146	7.242
GUC2C_HUMAN	2984	GUCY2C	8.293	277	1	0	1.0	0.0	8.293
PUR9_HUMAN	471	ATIC	8.291	278	1	1	1.0	0.0	8.291
ST1A3_HUMAN	6818	SULT1A3	8.29	279	1	0	1.0	0.0	8.29
ITA1_HUMAN	3672	ITGA1	8.282	284	1	0	1.0	0.0	8.282
PNOC_HUMAN	5368	PNOC	8.282	284	1	0	1.0	0.0	8.282
GATA6_HUMAN	2627	GATA6	8.28	285	1	1	1.0	0.0	8.28
MOS_HUMAN	4342	MOS	8.277	287	1	0	1.0	0.0	8.277
INGR2_HUMAN	3460	IFNGR2	8.274	289	1	0	1.0	0.0	8.274
AT2C1_HUMAN	27032	ATP2C1	8.274	289	1	0	1.0	0.0	8.274
AT2A2_HUMAN	488	ATP2A2	8.267	294	1	0	1.0	0.0	8.267
RAD21_HUMAN	5885	RAD21	8.262	297	1	0	1.0	0.0	8.262
ARRS_HUMAN	6295	SAG	8.262	297	1	0	1.0	0.0	8.262
CD3E_HUMAN	916	CD3E	8.261	298	1	3	1.0	0.0	8.261
CXL16_HUMAN	58191	CXCL16	8.261	298	1	1	1.0	0.0	8.261
OR6B2_HUMAN	389090	OR6B2	8.258	300	1	1	1.0	0.0	8.258
MAOX_HUMAN	4199	ME1	8.257	301	1	0	1.0	0.0	8.257
PTGES_HUMAN	9536	PTGES	8.257	301	1	0	1.0	0.0	8.257
AMD_HUMAN	5066	PAM	8.255	302	1	0	1.0	0.0	8.255
CFAB_HUMAN	629	CFB	8.254	303	1	0	1.0	0.0	8.254
SCAR3_HUMAN	51435	SCARA3	8.252	304	1	0	1.0	0.0	8.252
SETBP_HUMAN	26040	SETBP1	8.251	305	1	0	1.0	0.0	8.251
SERPH_HUMAN	871	SERPINH1	8.248	307	1	0	1.0	0.0	8.248
ENPP1_HUMAN	5167	ENPP1	8.235	316	1	0	1.0	0.0	8.235
STH_HUMAN	246744	STH	8.231	319	1	0	1.0	0.0	8.231
ATS5_HUMAN	11096	ADAMTS5	8.229	321	1	2	1.0	0.0	8.229
APEL_HUMAN	8862	APLN	8.225	324	1	0	1.0	0.0	8.225
HFM1_HUMAN	164045	HFM1	8.223	325	1	0	1.0	0.0	8.223
DMP1_HUMAN	1758	DMP1	8.218	329	1	0	1.0	0.0	8.218
UBL4A_HUMAN	8266	UBL4A	8.215	331	1	0	1.0	0.0	8.215
KCNA3_HUMAN	3738	KCNA3	8.214	332	1	1	1.0	0.0	8.214
PDP1_HUMAN	54704	PDP1	8.211	334	1	0	1.0	0.0	8.211
COIL_HUMAN	8161	COIL	8.209	336	1	0	1.0	0.0	8.209
IL32_HUMAN	9235	IL32	8.209	336	1	2	1.0	0.0	8.209
FANCA_HUMAN	2175	FANCA	8.202	341	1	0	1.0	0.0	8.202
CYTB_HUMAN	1476	CSTB	8.196	346	1	0	1.0	0.0	8.196
EF2_HUMAN	1938	EEF2	8.195	347	1	1	1.0	0.0	8.195
PERL_HUMAN	4025	LPO	8.192	349	1	0	1.0	0.0	8.192
PRP6_HUMAN	24148	PRPF6	8.19	351	1	0	1.0	0.0	8.19
SPRE_HUMAN	6697	SPR	8.186	354	1	1	1.0	0.0	8.186
SP7_HUMAN	121340	SP7	8.185	355	1	2	1.0	0.0	8.185
OPTN_HUMAN	10133	OPTN	8.184	356	1	3	1.0	0.0	8.184
X5DP00_HUMAN	6638	SNRPN	8.179	360	1	0	1.0	0.0	8.179
MSLN_HUMAN	10232	MSLN	8.179	360	1	1	1.0	0.0	8.179
MT3_HUMAN	4504	MT3	8.178	361	1	0	1.0	0.0	8.178
TNAP3_HUMAN	7128	TNFAIP3	8.172	366	1	0	1.0	0.0	8.172
IOD3_HUMAN	1735	DIO3	8.169	368	1	0	1.0	0.0	8.169
SIAL_HUMAN	3381	IBSP	8.168	369	1	2	1.0	0.0	8.168
FADS2_HUMAN	9415	FADS2	8.167	370	1	0	1.0	0.0	8.167
KCNA5_HUMAN	3741	KCNA5	8.163	373	1	0	1.0	0.0	8.163
ADRM1_HUMAN	11047	ADRM1	8.162	374	1	0	1.0	0.0	8.162
C2TA_HUMAN	4261	CIITA	8.161	375	1	0	1.0	0.0	8.161
RELN_HUMAN	5649	RELN	8.154	381	1	0	1.0	0.0	8.154
RFA1_HUMAN	6117	RPA1	8.154	381	1	0	1.0	0.0	8.154
FCG2B_HUMAN	2213	FCGR2B	8.153	382	1	0	1.0	0.0	8.153
TYK2_HUMAN	7297	TYK2	8.152	383	1	0	1.0	0.0	8.152
NPDC1_HUMAN	56654	NPDC1	8.151	384	1	0	1.0	0.0	8.151
PGM1_HUMAN	5236	PGM1	8.147	387	1	0	1.0	0.0	8.147
MGP_HUMAN	4256	MGP	8.144	390	1	0	1.0	0.0	8.144
FEN1_HUMAN	2237	FEN1	8.142	392	1	0	1.0	0.0	8.142
HTRA1_HUMAN	5654	HTRA1	8.139	395	1	1	1.0	0.0	8.139
CD209_HUMAN	30835	CD209	8.135	398	1	0	1.0	0.0	8.135
TNR9_HUMAN	3604	TNFRSF9	8.13	403	1	0	1.0	0.0	8.13
TPM3_HUMAN	7170	TPM3	8.13	403	1	0	1.0	0.0	8.13
CFAI_HUMAN	3426	CFI	8.128	405	1	0	1.0	0.0	8.128
ANAG_HUMAN	4669	NAGLU	8.126	407	1	0	1.0	0.0	8.126
PEPC_HUMAN	5225	PGC	8.123	409	1	0	1.0	0.0	8.123
MOES_HUMAN	4478	MSN	8.12	412	1	0	1.0	0.0	8.12
CEAM1_HUMAN	634	CEACAM1	8.119	413	1	0	1.0	0.0	8.119
ITCH_HUMAN	83737	ITCH	8.114	418	1	0	1.0	0.0	8.114
PGS2_HUMAN	1634	DCN	8.111	421	1	0	1.0	0.0	8.111
NUMA1_HUMAN	4926	NUMA1	8.111	421	1	0	1.0	0.0	8.111
KHDR3_HUMAN	10656	KHDRBS3	8.11	422	1	0	1.0	0.0	8.11
SNW1_HUMAN	22938	SNW1	8.11	422	1	0	1.0	0.0	8.11
UTS2_HUMAN	10911	UTS2	8.1	432	1	0	1.0	0.0	8.1
KAT2B_HUMAN	8850	KAT2B	8.088	444	1	0	1.0	0.0	8.088
TRAM1_HUMAN	23471	TRAM1	8.087	445	1	0	1.0	0.0	8.087
NMDE1_HUMAN	2903	GRIN2A	8.083	449	1	0	1.0	0.0	8.083
FGF3_HUMAN	2248	FGF3	8.08	452	1	0	1.0	0.0	8.08
ELAV1_HUMAN	1994	ELAVL1	8.079	453	1	0	1.0	0.0	8.079
GATA_HUMAN	55278	QRSL1	8.074	458	1	0	1.0	0.0	8.074
REG1A_HUMAN	5967	REG1A	8.072	460	1	0	1.0	0.0	8.072
TRAF6_HUMAN	7189	TRAF6	8.071	461	1	0	1.0	0.0	8.071
PCSK5_HUMAN	5125	PCSK5	8.068	465	1	0	1.0	0.0	8.068
BCAR1_HUMAN	9564	BCAR1	8.054	480	1	0	1.0	0.0	8.054
ADA10_HUMAN	102	ADAM10	8.051	483	1	0	1.0	0.0	8.051
FGF21_HUMAN	26291	FGF21	8.05	484	1	0	1.0	0.0	8.05
UBS3B_HUMAN	84959	UBASH3B	8.048	487	1	0	1.0	0.0	8.048
RORG_HUMAN	6097	RORC	8.041	495	1	0	1.0	0.0	8.041
MMRN1_HUMAN	22915	MMRN1	8.04	496	1	0	1.0	0.0	8.04
DDC_HUMAN	1644	DDC	8.039	497	1	0	1.0	0.0	8.039
KCRB_HUMAN	1152	CKB	8.034	503	1	0	1.0	0.0	8.034
CXCL5_HUMAN	6374	CXCL5	8.034	503	1	1	1.0	0.0	8.034
CD1B_HUMAN	910	CD1B	8.028	510	1	0	1.0	0.0	8.028
TIA1_HUMAN	7072	TIA1	8.028	509	1	0	1.0	0.0	8.028
AMRP_HUMAN	4043	LRPAP1	8.027	511	1	0	1.0	0.0	8.027
FABPH_HUMAN	2170	FABP3	8.019	520	1	0	1.0	0.0	8.019
A4GAT_HUMAN	53947	A4GALT	8.019	520	1	4	1.0	0.0	8.019
POSTN_HUMAN	10631	POSTN	8.018	521	1	1	1.0	0.0	8.018
DUS1_HUMAN	1843	DUSP1	8.014	526	1	0	1.0	0.0	8.014
PRLR_HUMAN	5618	PRLR	8.013	527	1	1	1.0	0.0	8.013
ABCB6_HUMAN	10058	ABCB6	8.013	528	1	0	1.0	0.0	8.013
LYVE1_HUMAN	10894	LYVE1	8.007	535	1	0	1.0	0.0	8.007
MUTYH_HUMAN	4595	MUTYH	8.006	536	1	0	1.0	0.0	8.006
MAG_HUMAN	4099	MAG	8.002	541	1	0	1.0	0.0	8.002
CD53_HUMAN	963	CD53	7.999	545	1	0	1.0	0.0	7.999
IL27A_HUMAN	246778	IL27	7.996	548	1	0	1.0	0.0	7.996
OLR1_HUMAN	4973	OLR1	7.994	551	1	0	1.0	0.0	7.994
FOG1_HUMAN	161882	ZFPM1	7.988	559	1	0	1.0	0.0	7.988
EPHB2_HUMAN	2048	EPHB2	7.974	577	1	0	1.0	0.0	7.974
SYCY1_HUMAN	30816	ERVW-1	7.971	581	1	0	1.0	0.0	7.971
PEDF_HUMAN	5176	SERPINF1	7.969	583	1	0	1.0	0.0	7.969
C4BPA_HUMAN	722	C4BPA	7.967	586	1	0	1.0	0.0	7.967
IKKA_HUMAN	1147	CHUK	7.964	590	1	1	1.0	0.0	7.964
TSPO_HUMAN	706	TSPO	7.957	600	1	0	1.0	0.0	7.957
ATP4A_HUMAN	495	ATP4A	7.952	607	1	0	1.0	0.0	7.952
TLR5_HUMAN	7100	TLR5	7.951	609	1	0	1.0	0.0	7.951
AIRE_HUMAN	326	AIRE	7.948	613	1	0	1.0	0.0	7.948
TNNT1_HUMAN	7138	TNNT1	7.935	631	1	0	1.0	0.0	7.935
NRP1_HUMAN	8829	NRP1	7.934	633	1	0	1.0	0.0	7.934
GA45A_HUMAN	1647	GADD45A	7.933	634	1	2	1.0	0.0	7.933
LRP5_HUMAN	4041	LRP5	7.926	645	1	1	1.0	0.0	7.926
CBPQ_HUMAN	10404	CPQ	7.924	648	1	0	1.0	0.0	7.924
P85A_HUMAN	5295	PIK3R1	7.917	658	1	3	1.0	0.0	7.917
MCH_HUMAN	5367	PMCH	7.916	659	1	0	1.0	0.0	7.916
CO2A1_HUMAN	1280	COL2A1	7.914	662	1	0	1.0	0.0	7.914
PRDX5_HUMAN	25824	PRDX5	7.914	663	1	2	1.0	0.0	7.914
RAN_HUMAN	5901	RAN	7.909	670	1	0	1.0	0.0	7.909
EDN3_HUMAN	1908	EDN3	7.903	680	1	0	1.0	0.0	7.903
VPP2_HUMAN	23545	ATP6V0A2	7.903	680	1	0	1.0	0.0	7.903
TBX21_HUMAN	30009	TBX21	7.902	681	1	1	1.0	0.0	7.902
X3CL1_HUMAN	6376	CX3CL1	7.893	696	1	0	1.0	0.0	7.893
DEFB1_HUMAN	1672	DEFB1	7.892	697	1	0	1.0	0.0	7.892
SMAD1_HUMAN	4086	SMAD1	7.886	706	1	0	1.0	0.0	7.886
ASC_HUMAN	29108	PYCARD	7.886	706	1	0	1.0	0.0	7.886
RBBP4_HUMAN	5928	RBBP4	7.883	711	1	0	1.0	0.0	7.883
PE2R4_HUMAN	5734	PTGER4	7.881	715	1	0	1.0	0.0	7.881
GELS_HUMAN	2934	GSN	7.877	722	1	0	1.0	0.0	7.877
PDE4A_HUMAN	5141	PDE4A	7.872	730	1	0	1.0	0.0	7.872
C11B2_HUMAN	1585	CYP11B2	7.871	731	1	0	1.0	0.0	7.871
SHIP1_HUMAN	3635	INPP5D	7.868	736	1	0	1.0	0.0	7.868
ABCC8_HUMAN	6833	ABCC8	7.867	738	1	0	1.0	0.0	7.867
BMPR2_HUMAN	659	BMPR2	7.864	743	1	0	1.0	0.0	7.864
CX3C1_HUMAN	1524	CX3CR1	7.864	743	1	0	1.0	0.0	7.864
MLC1_HUMAN	23209	MLC1	7.86	750	1	0	1.0	0.0	7.86
PRRT2_HUMAN	112476	PRRT2	7.851	765	1	0	1.0	0.0	7.851
NKG2A_HUMAN	3821	KLRC1	7.849	769	1	0	1.0	0.0	7.849
SPRC_HUMAN	6678	SPARC	7.848	772	1	2	1.0	0.0	7.848
E2AK2_HUMAN	5610	EIF2AK2	7.845	777	1	0	1.0	0.0	7.845
P2RX7_HUMAN	5027	P2RX7	7.841	783	1	1	1.0	0.0	7.841
FURIN_HUMAN	5045	FURIN	7.841	784	1	0	1.0	0.0	7.841
BASI_HUMAN	682	BSG	7.84	785	1	1	1.0	0.0	7.84
GLCM_HUMAN	2629	GBA	7.839	787	1	0	1.0	0.0	7.839
APR_HUMAN	5366	PMAIP1	7.839	787	1	0	1.0	0.0	7.839
BAK_HUMAN	578	BAK1	7.838	790	1	0	1.0	0.0	7.838
SFTPD_HUMAN	6441	SFTPD	7.835	795	1	0	1.0	0.0	7.835
VINC_HUMAN	7414	VCL	7.833	798	1	0	1.0	0.0	7.833
EDA_HUMAN	1896	EDA	7.832	801	1	0	1.0	0.0	7.832
FCERA_HUMAN	2205	FCER1A	7.829	805	1	0	1.0	0.0	7.829
CISY_HUMAN	1431	CS	7.827	810	1	2	1.0	0.0	7.827
MUC18_HUMAN	4162	MCAM	7.826	812	1	0	1.0	0.0	7.826
GDF15_HUMAN	9518	GDF15	7.823	816	1	0	1.0	0.0	7.823
TOR1A_HUMAN	1861	TOR1A	7.819	824	1	0	1.0	0.0	7.819
SOCS1_HUMAN	8651	SOCS1	7.817	829	1	1	1.0	0.0	7.817
CNTN2_HUMAN	6900	CNTN2	7.816	830	1	0	1.0	0.0	7.816
ANXA2_HUMAN	302	ANXA2	7.815	832	1	2	1.0	0.0	7.815
MX1_HUMAN	4599	MX1	7.807	848	1	0	1.0	0.0	7.807
TTF2_HUMAN	8458	TTF2	7.806	849	1	0	1.0	0.0	7.806
GRN_HUMAN	2896	GRN	7.8	861	1	2	1.0	0.0	7.8
CSF1R_HUMAN	1436	CSF1R	7.798	865	1	0	1.0	0.0	7.798
CDD_HUMAN	978	CDA	7.794	874	1	0	1.0	0.0	7.794
CP27A_HUMAN	1593	CYP27A1	7.794	874	1	0	1.0	0.0	7.794
CD9_HUMAN	928	CD9	7.79	882	1	1	1.0	0.0	7.79
IFI44_HUMAN	10561	IFI44	7.78	902	1	0	1.0	0.0	7.78
RIR2_HUMAN	6241	RRM2	7.776	910	1	0	1.0	0.0	7.776
DPYD_HUMAN	1806	DPYD	7.772	919	1	0	1.0	0.0	7.772
BMI1_HUMAN	648	BMI1	7.764	935	1	0	1.0	0.0	7.764
LRP1_HUMAN	4035	LRP1	7.758	948	1	0	1.0	0.0	7.758
S10A9_HUMAN	6280	S100A9	7.757	952	1	0	1.0	0.0	7.757
IL6RB_HUMAN	3572	IL6ST	7.751	964	1	0	1.0	0.0	7.751
CP21A_HUMAN	1589	CYP21A2	7.748	970	1	0	1.0	0.0	7.748
MLP3A_HUMAN	84557	MAP1LC3A	7.74	988	1	0	1.0	0.0	7.74
HBA_HUMAN	3040	HBA2	7.736	997	1	0	1.0	0.0	7.736
CP2A6_HUMAN	1548	CYP2A6	7.721	1032	1	0	1.0	0.0	7.721
ANGI_HUMAN	283	ANG	7.719	1039	1	0	1.0	0.0	7.719
MCR_HUMAN	4306	NR3C2	7.717	1042	1	0	1.0	0.0	7.717
CSH2_HUMAN	1443	CSH2	7.714	1050	1	0	1.0	0.0	7.714
MRI_HUMAN	78996	MRI	7.701	1082	1	0	1.0	0.0	7.701
PTGDS_HUMAN	5730	PTGDS	7.699	1086	1	0	1.0	0.0	7.699
TGFB3_HUMAN	7043	TGFB3	7.697	1092	1	1	1.0	0.0	7.697
CEBPB_HUMAN	1051	CEBPB	7.695	1097	1	1	1.0	0.0	7.695
ALDR_HUMAN	231	AKR1B1	7.689	1112	1	0	1.0	0.0	7.689
MK09_HUMAN	5601	MAPK9	7.689	1113	1	1	1.0	0.0	7.689
I23O1_HUMAN	3620	IDO1	7.686	1121	1	0	1.0	0.0	7.686
HBG2_HUMAN	3048	HBG2	7.682	1130	1	0	1.0	0.0	7.682
NAMPT_HUMAN	10135	NAMPT	7.677	1143	1	1	1.0	0.0	7.677
CENPJ_HUMAN	55835	CENPJ	7.673	1155	1	0	1.0	0.0	7.673
CDR1_HUMAN	1038	CDR1	7.666	1172	1	0	1.0	0.0	7.666
IFNL3_HUMAN	282617	IFNL3	7.666	1173	1	0	1.0	0.0	7.666
HDAC1_HUMAN	3065	HDAC1	7.662	1183	1	0	1.0	0.0	7.662
GIP_HUMAN	2695	GIP	7.657	1197	1	1	1.0	0.0	7.657
IL21_HUMAN	59067	IL21	7.645	1230	1	0	1.0	0.0	7.645
PDLI7_HUMAN	9260	PDLIM7	7.64	1246	1	0	1.0	0.0	7.64
CXCL9_HUMAN	4283	CXCL9	7.639	1249	1	1	1.0	0.0	7.639
ZAP70_HUMAN	7535	ZAP70	7.638	1251	1	0	1.0	0.0	7.638
CHK1_HUMAN	1111	CHEK1	7.634	1262	1	0	1.0	0.0	7.634
EGLN_HUMAN	2022	ENG	7.634	1261	1	0	1.0	0.0	7.634
CAH9_HUMAN	768	CA9	7.623	1295	1	0	1.0	0.0	7.623
PLXA2_HUMAN	5362	PLXNA2	7.622	1298	1	0	1.0	0.0	7.622
CCR2_HUMAN	729230	CCR2	7.616	1315	1	0	1.0	0.0	7.616
ATS13_HUMAN	11093	ADAMTS13	7.615	1320	1	0	1.0	0.0	7.615
ABCA1_HUMAN	19	ABCA1	7.61	1333	1	0	1.0	0.0	7.61
A2AP_HUMAN	5345	SERPINF2	7.607	1344	1	0	1.0	0.0	7.607
SDC1_HUMAN	6382	SDC1	7.597	1376	1	0	1.0	0.0	7.597
KLK4_HUMAN	9622	KLK4	7.597	1375	1	0	1.0	0.0	7.597
AQP4_HUMAN	361	AQP4	7.588	1404	1	6	1.0	0.0	7.588
EGR1_HUMAN	1958	EGR1	7.588	1404	1	0	1.0	0.0	7.588
K2C5_HUMAN	3852	KRT5	7.58	1430	1	0	1.0	0.0	7.58
HEPC_HUMAN	57817	HAMP	7.574	1449	1	0	1.0	0.0	7.574
E7ETZ0_HUMAN	801	CALM1	7.573	1452	1	0	1.0	0.0	7.573
BMP4_HUMAN	652	BMP4	7.555	1513	1	0	1.0	0.0	7.555
BECN1_HUMAN	8678	BECN1	7.551	1527	1	0	1.0	0.0	7.551
CDK6_HUMAN	1021	CDK6	7.55	1532	1	0	1.0	0.0	7.55
IRS1_HUMAN	3667	IRS1	7.547	1544	1	0	1.0	0.0	7.547
CBX8_HUMAN	57332	CBX8	7.546	1545	1	0	1.0	0.0	7.546
UD11_HUMAN	54658	UGT1A1	7.533	1592	1	0	1.0	0.0	7.533
JPH3_HUMAN	57338	JPH3	7.528	1613	1	0	1.0	0.0	7.528
MYG_HUMAN	4151	MB	7.526	1617	1	0	1.0	0.0	7.526
TNR1B_HUMAN	7133	TNFRSF1B	7.522	1635	1	0	1.0	0.0	7.522
FGF23_HUMAN	8074	FGF23	7.521	1638	1	1	1.0	0.0	7.521
SMS_HUMAN	6750	SST	7.502	1712	1	0	1.0	0.0	7.502
MMP13_HUMAN	4322	MMP13	7.487	1769	1	1	1.0	0.0	7.487
NEU1_HUMAN	5020	OXT	7.483	1788	1	0	1.0	0.0	7.483
NGF_HUMAN	4803	NGF	7.48	1798	1	1	1.0	0.0	7.48
GRP78_HUMAN	3309	HSPA5	7.463	1873	1	3	1.0	0.0	7.463
TR10B_HUMAN	8795	TNFRSF10B	7.463	1873	1	0	1.0	0.0	7.463
ITAX_HUMAN	3687	ITGAX	7.46	1884	1	0	1.0	0.0	7.46
CASP1_HUMAN	834	CASP1	7.455	1908	1	0	1.0	0.0	7.455
LIF_HUMAN	3976	LIF	7.447	1943	1	0	1.0	0.0	7.447
PAX5_HUMAN	5079	PAX5	7.442	1964	1	0	1.0	0.0	7.442
SPB3_HUMAN	6317	SERPINB3	7.442	1962	1	0	1.0	0.0	7.442
RIR1_HUMAN	6240	RRM1	7.44	1974	1	4	1.0	0.0	7.44
PUM3_HUMAN	9933	PUM3	7.433	2006	1	0	1.0	0.0	7.433
CCNA2_HUMAN	890	CCNA2	7.431	2014	1	0	1.0	0.0	7.431
PON1_HUMAN	5444	PON1	7.431	2016	1	0	1.0	0.0	7.431
TRH_HUMAN	7200	TRH	7.421	2061	1	0	1.0	0.0	7.421
FA9_HUMAN	2158	F9	7.406	2136	1	0	1.0	0.0	7.406
PDCD1_HUMAN	5133	PDCD1	7.405	2138	1	0	1.0	0.0	7.405
C5AR1_HUMAN	728	C5AR1	7.386	2235	1	0	1.0	0.0	7.386
RASH_HUMAN	3265	HRAS	7.38	2263	1	1	1.0	0.0	7.38
TSP1_HUMAN	7057	THBS1	7.38	2268	1	0	1.0	0.0	7.38
ATM_HUMAN	472	ATM	7.366	2339	1	0	1.0	0.0	7.366
FAK1_HUMAN	5747	PTK2	7.363	2356	1	0	1.0	0.0	7.363
SODM_HUMAN	6648	SOD2	7.353	2413	1	0	1.0	0.0	7.353
HCFC1_HUMAN	3054	HCFC1	7.35	2426	1	0	1.0	0.0	7.35
BGAL_HUMAN	2720	GLB1	7.345	2455	1	0	1.0	0.0	7.345
CREB1_HUMAN	1385	CREB1	7.343	2466	1	0	1.0	0.0	7.343
BMP1_HUMAN	649	BMP1	7.336	2505	1	0	1.0	0.0	7.336
LIPL_HUMAN	4023	LPL	7.336	2508	1	0	1.0	0.0	7.336
PD1L1_HUMAN	29126	CD274	7.326	2564	1	0	1.0	0.0	7.326
FLT3_HUMAN	2322	FLT3	7.321	2594	1	0	1.0	0.0	7.321
TSHR_HUMAN	7253	TSHR	7.315	2634	1	0	1.0	0.0	7.315
CAH2_HUMAN	760	CA2	7.305	2690	1	0	1.0	0.0	7.305
PROM1_HUMAN	8842	PROM1	7.303	2703	1	0	1.0	0.0	7.303
NF2L2_HUMAN	4780	NFE2L2	7.297	2742	1	0	1.0	0.0	7.297
SYUA_HUMAN	6622	SNCA	7.291	2782	1	1	1.0	0.0	7.291
ALK_HUMAN	238	ALK	7.289	2791	1	0	1.0	0.0	7.289
STAT1_HUMAN	6772	STAT1	7.281	2847	1	0	1.0	0.0	7.281
CD40L_HUMAN	959	CD40LG	7.273	2898	1	0	1.0	0.0	7.273
TIMP2_HUMAN	7077	TIMP2	7.269	2923	1	0	1.0	0.0	7.269
HS90A_HUMAN	3320	HSP90AA1	7.26	2989	1	0	1.0	0.0	7.26
PLMN_HUMAN	5340	PLG	7.259	2993	1	0	1.0	0.0	7.259
ITAL_HUMAN	3683	ITGAL	7.257	3006	1	0	1.0	0.0	7.257
EP300_HUMAN	2033	EP300	7.253	3033	1	0	1.0	0.0	7.253
INSR_HUMAN	3643	INSR	7.252	3040	1	0	1.0	0.0	7.252
S100B_HUMAN	6285	S100B	7.25	3058	1	0	1.0	0.0	7.25
CDK2_HUMAN	1017	CDK2	7.239	3134	1	1	1.0	0.0	7.239
ITA2B_HUMAN	3674	ITGA2B	7.2	3429	1	0	1.0	0.0	7.2
CALCA_HUMAN	796	CALCA	7.199	3435	1	0	1.0	0.0	7.199
CD5_HUMAN	921	CD5	7.191	3497	1	0	1.0	0.0	7.191
MBP_HUMAN	4155	MBP	7.177	3613	1	0	1.0	0.0	7.177
IFNA2_HUMAN	3440	IFNA2	7.169	3683	1	0	1.0	0.0	7.169
TEN1_HUMAN	10178	TENM1	7.163	3736	1	0	1.0	0.0	7.163
APRIO_HUMAN	5621	PRNP	7.155	3805	1	0	1.0	0.0	7.155
CD80_HUMAN	941	CD80	7.15	3851	1	2	1.0	0.0	7.15
BMP2_HUMAN	650	BMP2	7.131	4018	1	0	1.0	0.0	7.131
CP2D6_HUMAN	1565	CYP2D6	7.13	4031	1	0	1.0	0.0	7.13
KNG1_HUMAN	3827	KNG1	7.13	4025	1	0	1.0	0.0	7.13
ACES_HUMAN	43	ACHE	7.119	4133	1	0	1.0	0.0	7.119
JAK2_HUMAN	3717	JAK2	7.11	4222	1	0	1.0	0.0	7.11
CCL5_HUMAN	6352	CCL5	7.099	4323	1	0	1.0	0.0	7.099
LDLR_HUMAN	3949	LDLR	7.091	4411	1	0	1.0	0.0	7.091
NEP_HUMAN	4311	MME	7.079	4534	1	0	1.0	0.0	7.079
CFTR_HUMAN	1080	CFTR	7.078	4546	1	0	1.0	0.0	7.078
MUC16_HUMAN	94025	MUC16	7.071	4611	1	0	1.0	0.0	7.071
CP4F3_HUMAN	4051	CYP4F3	7.07	4628	1	0	1.0	0.0	7.07
SHBG_HUMAN	6462	SHBG	7.065	4679	1	0	1.0	0.0	7.065
SBP1_HUMAN	8991	SELENBP1	7.064	4685	1	0	1.0	0.0	7.064
TNF10_HUMAN	8743	TNFSF10	7.051	4830	1	0	1.0	0.0	7.051
EGF_HUMAN	1950	EGF	7.045	4898	1	0	1.0	0.0	7.045
CD68_HUMAN	968	CD68	7.028	5091	1	1	1.0	0.0	7.028
GAST_HUMAN	2520	GAST	7.025	5136	1	0	1.0	0.0	7.025
BDNF_HUMAN	627	BDNF	7.008	5335	1	0	1.0	0.0	7.008
CXCR4_HUMAN	7852	CXCR4	7.003	5392	1	0	1.0	0.0	7.003
IFNB_HUMAN	3456	IFNB1	6.991	5545	1	1	1.0	0.0	6.991
VGFR2_HUMAN	3791	KDR	6.925	6464	1	1	1.0	0.0	6.925
MK08_HUMAN	5599	MAPK8	6.92	6528	1	1	1.0	0.0	6.92
BRAF_HUMAN	673	BRAF	6.892	6965	1	0	1.0	0.0	6.892
HIF1A_HUMAN	3091	HIF1A	6.881	7140	1	0	1.0	0.0	6.881
STAT3_HUMAN	6774	STAT3	6.878	7199	1	0	1.0	0.0	6.878
CP3A4_HUMAN	1576	CYP3A4	6.868	7364	1	0	1.0	0.0	6.868
CTNB1_HUMAN	1499	CTNNB1	6.788	8844	1	0	1.0	0.0	6.788
ARF_HUMAN	1029	CDKN2A	6.772	9187	1	0	1.0	0.0	6.772
BRCA1_HUMAN	672	BRCA1	6.746	9743	1	0	1.0	0.0	6.746
BAX_HUMAN	581	BAX	6.685	11225	1	0	1.0	0.0	6.685
