Big_T	20202
Big_F	17252753
UniProtKB_ID	GeneID	Gene_Name	PPS	Big_P	T+P	Citation	1+Log(T+P)	log10((Cit/yr+1)/10)	1+log10(F/T)+log10(F/P)
INS_HUMAN	3630	INS	26.171	42836	100	100	3.0	1.004	6.536
PRGC1_HUMAN	10891	PPARGC1A	24.623	1298	19	59	2.279	0.778	8.055
CD59_HUMAN	966	CD59	24.391	14755	71	42	2.851	0.633	6.999
IGF1_HUMAN	3479	IGF1	23.791	21183	75	39	2.875	0.602	6.842
FBX32_HUMAN	114907	FBXO32	23.766	223	15	32	2.176	0.519	8.82
FNDC5_HUMAN	252995	FNDC5	23.709	310	18	29	2.255	0.477	8.677
ANGT_HUMAN	183	AGT	22.848	11591	47	34	2.672	0.544	7.104
SOMA_HUMAN	2688	GH1	22.587	20651	76	25	2.881	0.415	6.853
DMD_HUMAN	1756	DMD	22.27	2559	39	18	2.591	0.279	7.76
MTOR_HUMAN	2475	MTOR	21.843	14590	18	72	2.255	0.863	7.004
LEP_HUMAN	3952	LEP	21.504	7002	18	47	2.255	0.681	7.323
IL6_HUMAN	3569	IL6	21.164	53611	34	56	2.531	0.756	6.438
CISY_HUMAN	1431	CS	20.388	810	21	13	2.322	0.146	8.26
RYR1_HUMAN	6261	RYR1	19.856	651	17	13	2.23	0.146	8.355
ACE_HUMAN	1636	ACE	19.787	14773	32	20	2.505	0.322	6.999
PTHY_HUMAN	5741	PTH	19.411	13691	32	17	2.505	0.255	7.032
AKT1_HUMAN	207	AKT1	19.318	18505	21	29	2.322	0.477	6.901
DESM_HUMAN	1674	DES	19.305	3365	28	11	2.447	0.079	7.641
LYAG_HUMAN	2548	GAA	19.194	671	10	19	2.0	0.301	8.342
TR11B_HUMAN	4982	TNFRSF11B	18.785	2767	15	17	2.176	0.255	7.726
KLK3_HUMAN	354	KLK3	18.643	16765	11	43	2.041	0.643	6.944
CNR1_HUMAN	1268	CNR1	18.454	1665	15	13	2.176	0.146	7.947
TITIN_HUMAN	7273	TTN	18.442	648	7	22	1.845	0.362	8.357
NF1_HUMAN	4763	NF1	18.318	5140	22	12	2.342	0.114	7.457
MK14_HUMAN	1432	MAPK14	18.141	8447	16	19	2.204	0.301	7.242
RENI_HUMAN	5972	REN	17.924	15907	22	16	2.342	0.23	6.966
LAMA2_HUMAN	3908	LAMA2	17.869	260	11	4	2.041	0.0	8.753
GDE_HUMAN	178	AGL	17.473	97	8	0	1.903	0.0	9.182
EMD_HUMAN	2010	EMD	17.467	272	10	9	2.0	0.0	8.734
FBN1_HUMAN	2200	FBN1	17.341	923	13	4	2.114	0.0	8.203
CNTF_HUMAN	1270	CNTF	17.282	504	11	5	2.041	0.0	8.466
LMNA_HUMAN	4000	LMNA	17.281	1307	14	6	2.146	0.0	8.052
MYH14_HUMAN	79784	MYH14	17.216	2817	17	9	2.23	0.0	7.718
ALEX_HUMAN	2778	GNAS	17.198	1281	8	16	1.903	0.23	8.061
KCMB2_HUMAN	10242	KCNMB2	17.117	8108	19	11	2.279	0.079	7.259
CYTF_HUMAN	8530	CST7	17.043	280	9	5	1.954	0.0	8.721
FGFR3_HUMAN	2261	FGFR3	17.019	1310	13	7	2.114	0.0	8.051
CTNB1_HUMAN	1499	CTNNB1	16.916	8844	10	21	2.0	0.342	7.221
OSTCN_HUMAN	632	BGLAP	16.828	6938	18	10	2.255	0.041	7.327
CRP_HUMAN	1401	CRP	16.754	36788	23	14	2.362	0.176	6.602
DAG1_HUMAN	1605	DAG1	16.586	173	6	11	1.778	0.079	8.93
DYH8_HUMAN	1769	DNAH8	16.557	1603	12	5	2.079	0.0	7.963
PAX7_HUMAN	5081	PAX7	16.42	309	6	12	1.778	0.114	8.678
MYG_HUMAN	4151	MB	16.249	1617	11	1	2.041	0.0	7.96
DMPK_HUMAN	1760	DMPK	16.234	1125	10	6	2.0	0.0	8.117
CO2_HUMAN	717	C2	16.226	15163	21	7	2.322	0.0	6.987
MYOD1_HUMAN	4654	MYOD1	16.148	804	9	4	1.954	0.0	8.263
MYH6_HUMAN	4624	MYH6	15.917	348	7	0	1.845	0.0	8.627
SHAN2_HUMAN	22941	SHANK2	15.913	350	7	2	1.845	0.0	8.624
FKTN_HUMAN	2218	FKTN	15.857	178	6	1	1.778	0.0	8.918
GTR4_HUMAN	6517	SLC2A4	15.816	1189	9	2	1.954	0.0	8.093
ACHA4_HUMAN	1137	CHRNA4	15.74	1300	9	0	1.954	0.0	8.054
GLGB_HUMAN	2632	GBE1	15.732	81	5	1	1.699	0.0	9.26
PORCN_HUMAN	64840	PORCN	15.714	83	5	0	1.699	0.0	9.249
CLCN1_HUMAN	1180	CLCN1	15.704	217	6	4	1.778	0.0	8.832
VDR_HUMAN	7421	VDR	15.691	4185	12	4	2.079	0.0	7.547
PPARG_HUMAN	5468	PPARG	15.624	5362	6	20	1.778	0.322	7.439
FGF2_HUMAN	2247	FGF2	15.537	6580	10	12	2.0	0.114	7.35
GALNS_HUMAN	2588	GALNS	15.431	309	6	7	1.778	0.0	8.678
SBDS_HUMAN	51119	SBDS	15.424	123	5	5	1.699	0.0	9.078
CO1A1_HUMAN	1277	COL1A1	15.417	1168	8	5	1.903	0.0	8.101
GDF8_HUMAN	2660	MSTN	15.353	342	6	4	1.778	0.0	8.634
FA9_HUMAN	2158	F9	15.319	2136	9	6	1.954	0.0	7.839
DYSF_HUMAN	8291	DYSF	15.292	370	6	8	1.778	0.0	8.6
EDN1_HUMAN	1906	EDN1	15.209	7138	12	4	2.079	0.0	7.315
BGAL_HUMAN	2720	GLB1	15.201	2455	9	5	1.954	0.0	7.778
AICDA_HUMAN	57379	AICDA	15.201	3697	10	0	2.0	0.0	7.6
DPOG1_HUMAN	5428	POLG	15.189	423	6	3	1.778	0.0	8.542
GON1_HUMAN	2796	GNRH1	15.103	8020	12	0	2.079	0.0	7.264
ADA1D_HUMAN	146	ADRA1D	15.096	2777	9	7	1.954	0.0	7.725
ADRB2_HUMAN	154	ADRB2	15.093	2787	9	5	1.954	0.0	7.723
TNF11_HUMAN	8600	TNFSF11	15.014	3060	9	4	1.954	0.0	7.683
EIF3K_HUMAN	27335	EIF3K	14.894	204	4	11	1.602	0.079	8.859
ELN_HUMAN	2006	ELN	14.89	3538	9	1	1.954	0.0	7.62
COMP_HUMAN	1311	COMP	14.869	261	5	3	1.699	0.0	8.752
BMP2_HUMAN	650	BMP2	14.782	4018	9	5	1.954	0.0	7.564
ACES_HUMAN	43	ACHE	14.758	4133	9	0	1.954	0.0	7.552
TRPV4_HUMAN	59341	TRPV4	14.714	322	5	9	1.699	0.0	8.66
GLCM_HUMAN	2629	GBA	14.709	787	6	4	1.778	0.0	8.272
VINC_HUMAN	7414	VCL	14.699	798	6	1	1.778	0.0	8.266
SCN4A_HUMAN	6329	SCN4A	14.685	335	5	4	1.699	0.0	8.643
ANDR_HUMAN	367	AR	14.659	6901	10	5	2.0	0.0	7.329
E2JJS1_HUMAN	100288687	DUX4	14.579	117	4	4	1.602	0.0	9.1
NCPR_HUMAN	5447	POR	14.51	1019	6	6	1.778	0.0	8.16
NPY_HUMAN	4852	NPY	14.502	2036	7	1	1.845	0.0	7.859
RUNX2_HUMAN	860	RUNX2	14.389	2344	7	4	1.845	0.0	7.798
KCRB_HUMAN	1152	CKB	14.385	503	5	0	1.699	0.0	8.467
B2MG_HUMAN	567	B2M	14.379	6463	9	3	1.954	0.0	7.358
CELF1_HUMAN	10658	CELF1	14.174	115	3	11	1.477	0.079	9.108
GLYG_HUMAN	2992	GYG1	14.163	38	3	0	1.477	0.0	9.589
DYN2_HUMAN	1785	DNM2	14.143	219	4	5	1.602	0.0	8.828
CATB_HUMAN	1508	CTSB	13.952	2098	6	8	1.778	0.0	7.846
EPO_HUMAN	2056	EPO	13.951	15574	10	7	2.0	0.0	6.976
FGF1_HUMAN	2246	FGF1	13.888	986	5	2	1.699	0.0	8.174
TNFA_HUMAN	7124	TNF	13.858	75731	16	9	2.204	0.0	6.287
CAR16_HUMAN	114769	CARD16	13.813	352	4	0	1.602	0.0	8.622
IDUA_HUMAN	3425	IDUA	13.791	363	4	5	1.602	0.0	8.608
ABHD5_HUMAN	51099	ABHD5	13.781	69	3	1	1.477	0.0	9.329
NAMPT_HUMAN	10135	NAMPT	13.779	1143	5	5	1.699	0.0	8.11
AAKG2_HUMAN	51422	PRKAG2	13.702	78	3	2	1.477	0.0	9.276
MA2B1_HUMAN	4125	MAN2B1	13.686	80	3	0	1.477	0.0	9.265
AL5AP_HUMAN	241	ALOX5AP	13.664	1336	5	0	1.699	0.0	8.042
IL1B_HUMAN	3553	IL1B	13.657	28325	9	11	1.954	0.079	6.716
MYP0_HUMAN	4359	MPZ	13.651	444	4	0	1.602	0.0	8.521
MYH2_HUMAN	4620	MYH2	13.61	90	3	3	1.477	0.0	9.214
PPARA_HUMAN	5465	PPARA	13.57	3441	6	2	1.778	0.0	7.632
MYOG_HUMAN	4656	MYOG	13.523	534	4	1	1.602	0.0	8.441
TGFR1_HUMAN	7046	TGFBR1	13.501	898	2	21	1.301	0.342	8.215
PPB1_HUMAN	250	ALPP	13.456	3991	6	1	1.778	0.0	7.567
PTHR_HUMAN	5744	PTHLH	13.43	1835	5	1	1.699	0.0	7.905
CTGF_HUMAN	1490	CTGF	13.414	1548	4	11	1.602	0.079	7.979
TNNT1_HUMAN	7138	TNNT1	13.406	631	4	0	1.602	0.0	8.368
TKN1_HUMAN	6863	TAC1	13.379	4407	6	0	1.778	0.0	7.524
ESR1_HUMAN	2099	ESR1	13.374	13814	8	2	1.903	0.0	7.028
SNAI1_HUMAN	6615	SNAI1	13.357	2026	5	0	1.699	0.0	7.862
YAF2_HUMAN	10138	YAF2	13.355	8	2	0	1.301	0.0	10.265
UBP19_HUMAN	10869	USP19	13.229	10	2	2	1.301	0.0	10.168
BMP1_HUMAN	649	BMP1	13.2	2505	5	9	1.699	0.0	7.769
CPT1B_HUMAN	1375	CPT1B	13.191	173	3	2	1.477	0.0	8.93
MGLL_HUMAN	11343	MGLL	13.118	194	3	3	1.477	0.0	8.881
DNM1L_HUMAN	10059	DNM1L	13.082	205	3	4	1.477	0.0	8.857
P3C2A_HUMAN	5286	PIK3C2A	13.081	1007	4	0	1.602	0.0	8.165
TNNT2_HUMAN	7139	TNNT2	13.067	2999	5	0	1.699	0.0	7.691
INSR_HUMAN	3643	INSR	13.057	3040	5	0	1.699	0.0	7.685
AATM_HUMAN	2806	GOT2	13.037	220	3	0	1.477	0.0	8.826
MRI_HUMAN	78996	MRI	13.031	1082	4	0	1.602	0.0	8.134
FINC_HUMAN	2335	FN1	13.016	12999	7	3	1.845	0.0	7.054
CALCA_HUMAN	796	CALCA	12.967	3435	5	1	1.699	0.0	7.632
NOS2_HUMAN	4843	NOS2	12.966	5227	5	10	1.699	0.041	7.45
DBP_HUMAN	1628	DBP	12.957	3482	5	2	1.699	0.0	7.626
LBR_HUMAN	3930	LBR	12.947	253	3	3	1.477	0.0	8.765
MUSK_HUMAN	4593	MUSK	12.947	253	3	3	1.477	0.0	8.765
PYGM_HUMAN	5837	PYGM	12.922	263	3	0	1.477	0.0	8.748
KCRM_HUMAN	1158	CKM	12.906	270	3	0	1.477	0.0	8.737
CSF2_HUMAN	1437	CSF2	12.902	14987	7	3	1.845	0.0	6.993
CP17A_HUMAN	1586	CYP17A1	12.848	1409	4	3	1.602	0.0	8.019
RPB3_HUMAN	5432	POLR2C	12.838	20	2	0	1.301	0.0	9.867
EPG5_HUMAN	57724	EPG5	12.838	20	2	7	1.301	0.0	9.867
ZN273_HUMAN	10793	ZNF273	12.81	21	2	0	1.301	0.0	9.846
ARI4B_HUMAN	51742	ARID4B	12.807	315	3	1	1.477	0.0	8.67
CO1A2_HUMAN	1278	COL1A2	12.786	1539	4	0	1.602	0.0	7.981
PDE5A_HUMAN	8654	PDE5A	12.783	1545	4	5	1.602	0.0	7.979
UCN1_HUMAN	7349	UCN	12.775	331	3	0	1.477	0.0	8.648
FLNC_HUMAN	2318	FLNC	12.767	335	3	4	1.477	0.0	8.643
ACTS_HUMAN	58	ACTA1	12.764	1589	4	0	1.602	0.0	7.967
GHR_HUMAN	2690	GHR	12.757	1605	4	2	1.602	0.0	7.963
KCNJ2_HUMAN	3759	KCNJ2	12.746	346	3	0	1.477	0.0	8.629
FGF23_HUMAN	8074	FGF23	12.743	1638	4	1	1.602	0.0	7.954
FETA_HUMAN	174	AFP	12.721	10333	6	1	1.778	0.0	7.154
TSK_HUMAN	25987	TSKU	12.702	371	3	2	1.477	0.0	8.599
GSHR_HUMAN	2936	GSR	12.686	1778	4	1	1.602	0.0	7.918
VEGFA_HUMAN	7422	VEGFA	12.662	32733	8	3	1.903	0.0	6.653
ICAM1_HUMAN	3383	ICAM1	12.627	11659	6	5	1.778	0.0	7.101
IFNG_HUMAN	3458	IFNG	12.62	34431	8	2	1.903	0.0	6.631
UTS2_HUMAN	10911	UTS2	12.604	432	3	4	1.477	0.0	8.533
TRFE_HUMAN	7018	TF	12.59	12237	6	2	1.778	0.0	7.08
RCAN2_HUMAN	10231	RCAN2	12.572	32	2	6	1.301	0.0	9.663
MLN_HUMAN	100507027	MRLN	12.553	468	3	3	1.477	0.0	8.498
SKI_HUMAN	6497	SKI	12.538	479	3	0	1.477	0.0	8.488
CNDP1_HUMAN	84735	CNDP1	12.516	70	2	10	1.301	0.041	9.323
PERM_HUMAN	4353	MPO	12.513	6357	5	3	1.699	0.0	7.365
FHOD1_HUMAN	29109	FHOD1	12.506	36	2	0	1.301	0.0	9.612
ANO6_HUMAN	196527	ANO6	12.46	39	2	2	1.301	0.0	9.577
ANXA5_HUMAN	308	ANXA5	12.452	6904	5	5	1.699	0.0	7.329
1C07_HUMAN	3107	HLA-C	12.448	2502	4	0	1.602	0.0	7.77
FOG1_HUMAN	161882	ZFPM1	12.439	559	3	0	1.477	0.0	8.421
MYBPH_HUMAN	4608	MYBPH	12.418	42	2	1	1.301	0.0	9.545
ICK_HUMAN	22858	ICK	12.379	45	2	2	1.301	0.0	9.515
CALCR_HUMAN	799	CALCR	12.362	630	3	1	1.477	0.0	8.369
SCN1A_HUMAN	6323	SCN1A	12.354	638	3	2	1.477	0.0	8.363
LRP5_HUMAN	4041	LRP5	12.347	645	3	2	1.477	0.0	8.359
NDUB3_HUMAN	4709	NDUFB3	12.339	2927	4	0	1.602	0.0	7.702
MYOM2_HUMAN	9172	MYOM2	12.339	653	3	0	1.477	0.0	8.353
CO2A1_HUMAN	1280	COL2A1	12.33	662	3	0	1.477	0.0	8.347
CDN1C_HUMAN	1028	CDKN1C	12.293	702	3	1	1.477	0.0	8.322
ADIPO_HUMAN	9370	ADIPOQ	12.285	8653	5	1	1.699	0.0	7.231
NEMO_HUMAN	8517	IKBKG	12.284	711	3	0	1.477	0.0	8.316
G6PC_HUMAN	2538	G6PC	12.278	718	3	4	1.477	0.0	8.312
AAPK2_HUMAN	5563	PRKAA2	12.256	743	3	2	1.477	0.0	8.297
BGAT_HUMAN	28	ABO	12.248	3333	4	1	1.602	0.0	7.645
GLUC_HUMAN	2641	GCG	12.247	3341	4	5	1.602	0.0	7.644
AAPK1_HUMAN	5562	PRKAA1	12.242	759	3	3	1.477	0.0	8.288
PKR1_HUMAN	10887	PROKR1	12.217	60	2	3	1.301	0.0	9.39
FRDA_HUMAN	2395	FXN	12.194	818	3	0	1.477	0.0	8.256
JAG1_HUMAN	182	JAG1	12.186	829	3	2	1.477	0.0	8.25
TEN1_HUMAN	10178	TENM1	12.169	3736	4	1	1.602	0.0	7.596
HMDH_HUMAN	3156	HMGCR	12.168	2238	3	11	1.477	0.079	7.818
APRIO_HUMAN	5621	PRNP	12.156	3805	4	5	1.602	0.0	7.588
MSRB2_HUMAN	22921	MSRB2	12.155	67	2	0	1.301	0.0	9.342
MK01_HUMAN	5594	MAPK1	12.154	21517	6	5	1.778	0.0	6.835
FETUA_HUMAN	197	AHSG	12.152	874	3	3	1.477	0.0	8.227
CP27A_HUMAN	1593	CYP27A1	12.152	874	3	0	1.477	0.0	8.227
KAT6B_HUMAN	23522	KAT6B	12.146	68	2	4	1.301	0.0	9.336
CNTN1_HUMAN	1272	CNTN1	12.138	69	2	1	1.301	0.0	9.329
MMP2_HUMAN	4313	MMP2	12.109	10989	5	2	1.699	0.0	7.127
DKK1_HUMAN	22943	DKK1	12.081	976	3	2	1.477	0.0	8.179
RET_HUMAN	5979	RET	12.079	4253	4	0	1.602	0.0	7.54
ATP5E_HUMAN	514	ATP5E	12.054	80	2	2	1.301	0.0	9.265
MCR_HUMAN	4306	NR3C2	12.039	1042	3	9	1.477	0.0	8.15
DLL3_HUMAN	10683	DLL3	12.034	83	2	3	1.301	0.0	9.249
CYB_HUMAN	4519	MT-CYB	12.016	1080	3	0	1.477	0.0	8.135
VP13A_HUMAN	23230	VPS13A	12.013	86	2	0	1.301	0.0	9.234
S22AG_HUMAN	85413	SLC22A16	12.001	26	1	16	1.0	0.23	9.753
FKB1B_HUMAN	2281	FKBP1B	11.988	90	2	1	1.301	0.0	9.214
POMT1_HUMAN	10585	POMT1	11.988	90	2	0	1.301	0.0	9.214
NEBU_HUMAN	4703	NEB	11.982	91	2	4	1.301	0.0	9.209
CRF_HUMAN	1392	CRH	11.972	4959	4	3	1.602	0.0	7.473
TADBP_HUMAN	23435	TARDBP	11.971	1158	3	9	1.477	0.0	8.105
SODC_HUMAN	6647	SOD1	11.952	5101	4	2	1.602	0.0	7.461
ETFD_HUMAN	2110	ETFDH	11.94	98	2	0	1.301	0.0	9.177
SIX6_HUMAN	4990	SIX6	11.94	98	2	0	1.301	0.0	9.177
HOP_HUMAN	84525	HOPX	11.934	99	2	0	1.301	0.0	9.173
FGFR2_HUMAN	2263	FGFR2	11.9	1295	3	0	1.477	0.0	8.056
IL1A_HUMAN	3552	IL1A	11.896	14669	5	0	1.699	0.0	7.002
OPA1_HUMAN	4976	OPA1	11.881	363	2	11	1.301	0.079	8.608
DNJC5_HUMAN	80331	DNAJC5	11.88	109	2	0	1.301	0.0	9.131
CD4_HUMAN	920	CD4	11.864	54739	7	5	1.845	0.0	6.43
LMX1B_HUMAN	4010	LMX1B	11.864	112	2	2	1.301	0.0	9.119
CLCN7_HUMAN	1186	CLCN7	11.854	114	2	3	1.301	0.0	9.111
AQP4_HUMAN	361	AQP4	11.848	1404	3	3	1.477	0.0	8.021
ST2A1_HUMAN	6822	SULT2A1	11.841	1418	3	0	1.477	0.0	8.017
FMR1_HUMAN	2332	FMR1	11.839	1423	3	0	1.477	0.0	8.015
EFGM_HUMAN	85476	GFM1	11.825	120	2	4	1.301	0.0	9.089
CAMP_HUMAN	820	CAMP	11.817	1473	3	0	1.477	0.0	8.0
SIX2_HUMAN	10736	SIX2	11.807	124	2	0	1.301	0.0	9.075
IRS1_HUMAN	3667	IRS1	11.787	1544	3	9	1.477	0.0	7.98
MCP_HUMAN	4179	CD46	11.783	1553	3	1	1.477	0.0	7.977
TENA_HUMAN	3371	TNC	11.768	1590	3	2	1.477	0.0	7.967
SURF1_HUMAN	6834	SURF1	11.759	135	2	0	1.301	0.0	9.038
SFPA2_HUMAN	729238	SFTPA2	11.753	1628	3	0	1.477	0.0	7.957
FKRP_HUMAN	79147	FKRP	11.746	138	2	2	1.301	0.0	9.028
CADH2_HUMAN	1000	CDH2	11.731	1685	3	5	1.477	0.0	7.942
HIF1A_HUMAN	3091	HIF1A	11.718	7140	4	4	1.602	0.0	7.315
A4_HUMAN	351	APP	11.712	7204	4	6	1.602	0.0	7.311
ERCC8_HUMAN	1161	ERCC8	11.707	1750	3	0	1.477	0.0	7.925
CP3A4_HUMAN	1576	CYP3A4	11.697	7364	4	1	1.602	0.0	7.301
COAA1_HUMAN	1300	COL10A1	11.684	154	2	1	1.301	0.0	8.981
FHL2_HUMAN	2274	FHL2	11.684	154	2	0	1.301	0.0	8.981
ADT1_HUMAN	291	SLC25A4	11.681	155	2	0	1.301	0.0	8.978
5HT2A_HUMAN	3356	HTR2A	11.666	1865	3	0	1.477	0.0	7.898
CAN10_HUMAN	11132	CAPN10	11.666	159	2	1	1.301	0.0	8.967
NU6M_HUMAN	4541	MT-ND6	11.663	160	2	0	1.301	0.0	8.964
SCO2_HUMAN	9997	SCO2	11.663	160	2	0	1.301	0.0	8.964
CP19A_HUMAN	1588	CYP19A1	11.651	1908	3	4	1.477	0.0	7.888
1B07_HUMAN	3106	HLA-B	11.64	7993	4	0	1.602	0.0	7.266
COX8A_HUMAN	1351	COX8A	11.639	7998	4	1	1.602	0.0	7.265
KITM_HUMAN	7084	TK2	11.622	172	2	1	1.301	0.0	8.933
NBAS_HUMAN	51594	NBAS	11.622	172	2	2	1.301	0.0	8.933
TTHY_HUMAN	7276	TTR	11.59	2098	3	0	1.477	0.0	7.846
MFN2_HUMAN	9927	MFN2	11.582	347	2	10	1.301	0.041	8.628
MT1B_HUMAN	4490	MT1B	11.578	186	2	2	1.301	0.0	8.899
COLI_HUMAN	5443	POMC	11.577	8744	4	0	1.602	0.0	7.227
CEAM3_HUMAN	1084	CEACAM3	11.553	9052	4	0	1.602	0.0	7.211
PDE3B_HUMAN	5140	PDE3B	11.545	197	2	1	1.301	0.0	8.874
RASH_HUMAN	3265	HRAS	11.542	2263	3	2	1.477	0.0	7.814
ADA_HUMAN	100	ADA	11.53	2306	3	3	1.477	0.0	7.805
MASP1_HUMAN	5648	MASP1	11.528	203	2	4	1.301	0.0	8.861
G3P_HUMAN	2597	GAPDH	11.518	2349	3	3	1.477	0.0	7.797
TPR_HUMAN	7175	TPR	11.501	213	2	0	1.301	0.0	8.84
SODM_HUMAN	6648	SOD2	11.5	2413	3	2	1.477	0.0	7.786
GTR1_HUMAN	6513	SLC2A1	11.494	2436	3	1	1.477	0.0	7.782
CREB1_HUMAN	1385	CREB1	11.487	2466	3	3	1.477	0.0	7.776
EXT1_HUMAN	2131	EXT1	11.417	247	2	3	1.301	0.0	8.776
GSK3A_HUMAN	2931	GSK3A	11.415	248	2	1	1.301	0.0	8.774
TXNIP_HUMAN	10628	TXNIP	11.399	255	2	0	1.301	0.0	8.762
VGFR1_HUMAN	2321	FLT1	11.396	2839	3	0	1.477	0.0	7.715
GSK3B_HUMAN	2932	GSK3B	11.396	2838	3	1	1.477	0.0	7.715
ATP6_HUMAN	4508	MT-ATP6	11.395	257	2	0	1.301	0.0	8.758
SGCA_HUMAN	6442	SGCA	11.375	266	2	0	1.301	0.0	8.743
KS6A1_HUMAN	6195	RPS6KA1	11.371	268	2	1	1.301	0.0	8.74
ACVR1_HUMAN	90	ACVR1	11.367	270	2	2	1.301	0.0	8.737
AGTR1_HUMAN	185	AGTR1	11.355	3025	3	0	1.477	0.0	7.688
CSF3_HUMAN	1440	CSF3	11.355	12033	4	5	1.602	0.0	7.088
EGFR_HUMAN	1956	EGFR	11.351	30695	5	2	1.699	0.0	6.681
S22A5_HUMAN	6584	SLC22A5	11.351	278	2	0	1.301	0.0	8.724
CAV3_HUMAN	859	CAV3	11.349	279	2	3	1.301	0.0	8.723
CAN3_HUMAN	825	CAPN3	11.333	287	2	0	1.301	0.0	8.71
SCN2A_HUMAN	6326	SCN2A	11.313	297	2	0	1.301	0.0	8.696
NAC1_HUMAN	6546	SLC8A1	11.294	307	2	5	1.301	0.0	8.681
MEF2A_HUMAN	4205	MEF2A	11.284	313	2	1	1.301	0.0	8.673
NU1M_HUMAN	4535	MT-ND1	11.284	313	2	0	1.301	0.0	8.673
OLIG2_HUMAN	10215	OLIG2	11.275	318	2	1	1.301	0.0	8.666
HXC13_HUMAN	3229	HOXC13	11.268	322	2	0	1.301	0.0	8.66
DCHS_HUMAN	3067	HDC	11.254	330	2	0	1.301	0.0	8.65
CEBPD_HUMAN	1052	CEBPD	11.249	333	2	0	1.301	0.0	8.646
DYL1_HUMAN	8655	DYNLL1	11.249	333	2	0	1.301	0.0	8.646
KCNA1_HUMAN	3736	KCNA1	11.238	339	2	0	1.301	0.0	8.638
EBP_HUMAN	10682	EBP	11.237	340	2	2	1.301	0.0	8.637
DKK3_HUMAN	27122	DKK3	11.225	347	2	0	1.301	0.0	8.628
THRB_HUMAN	2147	F2	11.217	14673	4	9	1.602	0.0	7.001
CPT2_HUMAN	1376	CPT2	11.212	355	2	0	1.301	0.0	8.618
TMTC3_HUMAN	160418	TMTC3	11.212	355	2	0	1.301	0.0	8.618
ENOG_HUMAN	2026	ENO2	11.182	3962	3	0	1.477	0.0	7.57
TRI63_HUMAN	84676	TRIM63	11.18	376	2	5	1.301	0.0	8.593
ADR1_HUMAN	51094	ADIPOR1	11.175	379	2	1	1.301	0.0	8.59
ZFP28_HUMAN	140612	ZFP28	11.168	1	1	0	1.0	0.0	11.168
ZN383_HUMAN	163087	ZNF383	11.168	1	1	0	1.0	0.0	11.168
STAC3_HUMAN	246329	STAC3	11.159	390	2	5	1.301	0.0	8.577
UCP3_HUMAN	7352	UCP3	11.149	397	2	0	1.301	0.0	8.57
SLAP1_HUMAN	6503	SLA	11.145	400	2	0	1.301	0.0	8.566
TPM3_HUMAN	7170	TPM3	11.141	403	2	1	1.301	0.0	8.563
STRAP_HUMAN	11171	STRAP	11.13	411	2	0	1.301	0.0	8.554
NOGG_HUMAN	9241	NOG	11.128	412	2	1	1.301	0.0	8.553
MUC7_HUMAN	4589	MUC7	11.12	418	2	0	1.301	0.0	8.547
TANK_HUMAN	10010	TANK	11.12	418	2	1	1.301	0.0	8.547
EHD2_HUMAN	30846	EHD2	11.116	421	2	0	1.301	0.0	8.544
IL1RA_HUMAN	3557	IL1RN	11.107	4455	3	1	1.477	0.0	7.519
VPS52_HUMAN	6293	VPS52	11.105	429	2	2	1.301	0.0	8.536
SPIN1_HUMAN	10927	SPIN1	11.105	429	2	0	1.301	0.0	8.536
LYPD4_HUMAN	147719	LYPD4	11.092	439	2	1	1.301	0.0	8.526
RYR2_HUMAN	6262	RYR2	11.089	442	2	1	1.301	0.0	8.523
KAT2B_HUMAN	8850	KAT2B	11.086	444	2	1	1.301	0.0	8.521
FLNA_HUMAN	2316	FLNA	11.083	446	2	1	1.301	0.0	8.519
SBP1_HUMAN	8991	SELENBP1	11.075	4685	3	0	1.477	0.0	7.498
TERA_HUMAN	7415	VCP	11.064	462	2	2	1.301	0.0	8.504
FANCB_HUMAN	2187	FANCB	11.061	4785	3	6	1.477	0.0	7.488
NEUM_HUMAN	2596	GAP43	11.06	465	2	0	1.301	0.0	8.501
ARRB1_HUMAN	408	ARRB1	11.051	472	2	0	1.301	0.0	8.494
CD47_HUMAN	961	CD47	11.043	479	2	0	1.301	0.0	8.488
TFE2_HUMAN	6929	TCF3	11.04	482	2	1	1.301	0.0	8.485
OREX_HUMAN	3060	HCRT	11.029	491	2	2	1.301	0.0	8.477
MMRN1_HUMAN	22915	MMRN1	11.023	496	2	1	1.301	0.0	8.473
TPA_HUMAN	5327	PLAT	11.015	5139	3	0	1.477	0.0	7.457
PTN1_HUMAN	5770	PTPN1	11.011	507	2	1	1.301	0.0	8.463
BMAL1_HUMAN	406	ARNTL	11.003	514	2	1	1.301	0.0	8.457
POSTN_HUMAN	10631	POSTN	10.996	521	2	0	1.301	0.0	8.451
GPC3_HUMAN	2719	GPC3	10.992	524	2	1	1.301	0.0	8.449
BDNF_HUMAN	627	BDNF	10.991	5335	3	2	1.477	0.0	7.441
PECA1_HUMAN	5175	PECAM1	10.991	5336	3	3	1.477	0.0	7.441
DUS1_HUMAN	1843	DUSP1	10.99	526	2	6	1.301	0.0	8.447
1A01_HUMAN	3105	HLA-A	10.99	5350	3	1	1.477	0.0	7.44
ABCB6_HUMAN	10058	ABCB6	10.988	528	2	4	1.301	0.0	8.446
CD166_HUMAN	214	ALCAM	10.974	541	2	5	1.301	0.0	8.435
CD34_HUMAN	947	CD34	10.97	20916	4	5	1.602	0.0	6.847
CP27B_HUMAN	1594	CYP27B1	10.959	556	2	9	1.301	0.0	8.423
JUN_HUMAN	3725	JUN	10.959	5610	3	0	1.477	0.0	7.419
PACA_HUMAN	116	ADCYAP1	10.958	557	2	0	1.301	0.0	8.422
CXB1_HUMAN	2705	GJB1	10.957	558	2	1	1.301	0.0	8.422
ANXA1_HUMAN	301	ANXA1	10.954	561	2	3	1.301	0.0	8.419
PARK7_HUMAN	11315	PARK7	10.936	579	2	0	1.301	0.0	8.406
CDN1A_HUMAN	1026	CDKN1A	10.931	5857	3	3	1.477	0.0	7.401
APAF_HUMAN	317	APAF1	10.924	591	2	0	1.301	0.0	8.397
UCP1_HUMAN	7350	UCP1	10.909	607	2	2	1.301	0.0	8.385
NCAM1_HUMAN	4684	NCAM1	10.881	6337	3	1	1.477	0.0	7.366
CBSL_HUMAN	875	CBSL	10.879	640	2	0	1.301	0.0	8.362
FA71B_HUMAN	153745	FAM71B	10.867	2	1	1	1.0	0.0	10.867
DRS7C_HUMAN	201140	DHRS7C	10.867	2	1	0	1.0	0.0	10.867
RNB3L_HUMAN	202151	RANBP3L	10.867	2	1	0	1.0	0.0	10.867
MSHR_HUMAN	4157	MC1R	10.849	675	2	1	1.301	0.0	8.339
CYC_HUMAN	54205	CYCS	10.842	6736	3	2	1.477	0.0	7.34
SMAD1_HUMAN	4086	SMAD1	10.824	706	2	3	1.301	0.0	8.32
CATK_HUMAN	1513	CTSK	10.815	717	2	1	1.301	0.0	8.313
GELS_HUMAN	2934	GSN	10.811	722	2	0	1.301	0.0	8.31
ERBB2_HUMAN	2064	ERBB2	10.81	26330	4	0	1.602	0.0	6.748
COX2_HUMAN	4513	MT-CO2	10.809	7092	3	5	1.477	0.0	7.317
CX3C1_HUMAN	1524	CX3CR1	10.795	743	2	2	1.301	0.0	8.297
AK1A1_HUMAN	10327	AKR1A1	10.788	752	2	3	1.301	0.0	8.292
CLD16_HUMAN	10686	CLDN16	10.788	99	1	14	1.0	0.176	9.173
GLNA_HUMAN	2752	GLUL	10.765	783	2	1	1.301	0.0	8.275
MC4R_HUMAN	4160	MC4R	10.753	800	2	2	1.301	0.0	8.265
NOTC3_HUMAN	4854	NOTCH3	10.747	809	2	0	1.301	0.0	8.26
ALBU_HUMAN	213	ALB	10.726	8072	3	0	1.477	0.0	7.261
TTF2_HUMAN	8458	TTF2	10.72	849	2	0	1.301	0.0	8.239
FOXM1_HUMAN	2305	FOXM1	10.705	872	2	8	1.301	0.0	8.228
SELPL_HUMAN	6404	SELPLG	10.703	875	2	0	1.301	0.0	8.226
TRIM7_HUMAN	81786	TRIM7	10.691	3	1	0	1.0	0.0	10.691
JSPR1_HUMAN	126306	JSRP1	10.691	3	1	3	1.0	0.0	10.691
MED18_HUMAN	54797	MED18	10.69	8	1	10	1.0	0.041	10.265
IFI44_HUMAN	10561	IFI44	10.685	902	2	1	1.301	0.0	8.213
CNR2_HUMAN	1269	CNR2	10.673	922	2	0	1.301	0.0	8.204
MAMD1_HUMAN	10046	MAMLD1	10.671	925	2	0	1.301	0.0	8.202
CDX2_HUMAN	1045	CDX2	10.635	987	2	0	1.301	0.0	8.174
LBP_HUMAN	3929	LBP	10.635	987	2	0	1.301	0.0	8.174
PTC1_HUMAN	5727	PTCH1	10.631	993	2	0	1.301	0.0	8.171
LMOD1_HUMAN	25802	LMOD1	10.624	1006	2	2	1.301	0.0	8.166
SUIS_HUMAN	6476	SI	10.613	1026	2	2	1.301	0.0	8.157
DOPO_HUMAN	1621	DBH	10.612	1028	2	0	1.301	0.0	8.156
4EBP1_HUMAN	1978	EIF4EBP1	10.612	1027	2	0	1.301	0.0	8.157
NFKB1_HUMAN	4790	NFKB1	10.609	9691	3	7	1.477	0.0	7.182
STS_HUMAN	412	STS	10.601	1048	2	0	1.301	0.0	8.148
DCE1_HUMAN	2571	GAD1	10.598	1053	2	3	1.301	0.0	8.146
FOXO3_HUMAN	2309	FOXO3	10.594	1061	2	5	1.301	0.0	8.143
H15_HUMAN	3009	HIST1H1B	10.57	1107	2	1	1.301	0.0	8.124
RM37_HUMAN	51253	MRPL37	10.566	4	1	0	1.0	0.0	10.566
MYNN_HUMAN	55892	MYNN	10.566	4	1	0	1.0	0.0	10.566
CHCH1_HUMAN	118487	CHCHD1	10.566	4	1	0	1.0	0.0	10.566
CADH5_HUMAN	1003	CDH5	10.558	1131	2	1	1.301	0.0	8.115
MARH1_HUMAN	55016	MARCH1	10.548	1151	2	2	1.301	0.0	8.107
EGLN_HUMAN	2022	ENG	10.496	1261	2	0	1.301	0.0	8.068
PNMA2_HUMAN	10687	PNMA2	10.495	1264	2	0	1.301	0.0	8.067
B3GN2_HUMAN	10678	B3GNT2	10.491	1273	2	1	1.301	0.0	8.063
NTRK1_HUMAN	4914	NTRK1	10.487	1282	2	0	1.301	0.0	8.06
ZN569_HUMAN	148266	ZNF569	10.469	5	1	0	1.0	0.0	10.469
G6PI_HUMAN	2821	GPI	10.465	1333	2	0	1.301	0.0	8.043
POTEF_HUMAN	728378	POTEF	10.429	1421	2	2	1.301	0.0	8.016
IBP2_HUMAN	3485	IGFBP2	10.42	1443	2	4	1.301	0.0	8.009
E7ETZ0_HUMAN	801	CALM1	10.416	1452	2	4	1.301	0.0	8.006
IAPP_HUMAN	3375	IAPP	10.416	1452	2	0	1.301	0.0	8.006
SOX9_HUMAN	6662	SOX9	10.415	1457	2	0	1.301	0.0	8.005
NOD2_HUMAN	64127	NOD2	10.401	1493	2	0	1.301	0.0	7.994
MERL_HUMAN	4771	NF2	10.391	1519	2	0	1.301	0.0	7.987
QCR9_HUMAN	29796	UQCR10	10.39	6	1	0	1.0	0.0	10.39
TRM5_HUMAN	57570	TRMT5	10.39	6	1	2	1.0	0.0	10.39
UBE2O_HUMAN	63893	UBE2O	10.39	6	1	0	1.0	0.0	10.39
WDR26_HUMAN	80232	WDR26	10.39	6	1	0	1.0	0.0	10.39
MB12B_HUMAN	89853	MVB12B	10.39	6	1	0	1.0	0.0	10.39
MSS51_HUMAN	118490	MSS51	10.39	6	1	0	1.0	0.0	10.39
SH319_HUMAN	152503	SH3D19	10.39	6	1	1	1.0	0.0	10.39
SYPL2_HUMAN	284612	SYPL2	10.39	6	1	0	1.0	0.0	10.39
ZACN_HUMAN	353174	ZACN	10.39	6	1	0	1.0	0.0	10.39
CXCL7_HUMAN	5473	PPBP	10.385	1534	2	0	1.301	0.0	7.982
CBX8_HUMAN	57332	CBX8	10.381	1545	2	2	1.301	0.0	7.979
CBP_HUMAN	1387	CREBBP	10.361	1601	2	2	1.301	0.0	7.964
FGFR1_HUMAN	2260	FGFR1	10.356	1615	2	0	1.301	0.0	7.96
GAGE5_HUMAN	2577	GAGE5	10.323	7	1	0	1.0	0.0	10.323
ZN195_HUMAN	7748	ZNF195	10.323	7	1	0	1.0	0.0	10.323
SC5AA_HUMAN	125206	SLC5A10	10.323	7	1	2	1.0	0.0	10.323
SMYD1_HUMAN	150572	SMYD1	10.323	7	1	0	1.0	0.0	10.323
SBSN_HUMAN	374897	SBSN	10.323	7	1	0	1.0	0.0	10.323
5NTD_HUMAN	4907	NT5E	10.314	1741	2	1	1.301	0.0	7.927
MMP13_HUMAN	4322	MMP13	10.305	1769	2	7	1.301	0.0	7.921
HNRPC_HUMAN	3183	HNRNPC	10.303	1775	2	1	1.301	0.0	7.919
TDT_HUMAN	1791	DNTT	10.299	1787	2	0	1.301	0.0	7.916
CXA1_HUMAN	2697	GJA1	10.275	1865	2	0	1.301	0.0	7.898
GRP78_HUMAN	3309	HSPA5	10.273	1873	2	4	1.301	0.0	7.896
GRAB_HUMAN	3002	GZMB	10.267	1893	2	1	1.301	0.0	7.891
ZN263_HUMAN	10127	ZNF263	10.265	8	1	0	1.0	0.0	10.265
ARI5A_HUMAN	10865	ARID5A	10.265	8	1	0	1.0	0.0	10.265
S35D2_HUMAN	11046	SLC35D2	10.265	8	1	1	1.0	0.0	10.265
SYIM_HUMAN	55699	IARS2	10.265	8	1	0	1.0	0.0	10.265
PXDNL_HUMAN	137902	PXDNL	10.265	8	1	1	1.0	0.0	10.265
GIMA1_HUMAN	170575	GIMAP1	10.265	8	1	0	1.0	0.0	10.265
CD36_HUMAN	948	CD36	10.261	1913	2	2	1.301	0.0	7.887
OGA_HUMAN	10724	MGEA5	10.231	2017	2	0	1.301	0.0	7.864
IL4_HUMAN	3565	IL4	10.216	17876	3	2	1.477	0.0	6.916
CATD_HUMAN	1509	CTSD	10.214	2076	2	0	1.301	0.0	7.851
B3GL2_HUMAN	148789	B3GALNT2	10.214	9	1	0	1.0	0.0	10.214
IL7_HUMAN	3574	IL7	10.187	2180	2	4	1.301	0.0	7.83
AHR_HUMAN	196	AHR	10.179	2209	2	1	1.301	0.0	7.824
NDK6_HUMAN	10201	NME6	10.168	10	1	0	1.0	0.0	10.168
SMAD3_HUMAN	4088	SMAD3	10.165	2266	2	6	1.301	0.0	7.813
TSP1_HUMAN	7057	THBS1	10.165	2268	2	1	1.301	0.0	7.813
WT1_HUMAN	7490	WT1	10.158	2295	2	2	1.301	0.0	7.808
NBR1_HUMAN	4077	NBR1	10.15	58	1	11	1.0	0.079	9.405
CERU_HUMAN	1356	CP	10.139	2373	2	1	1.301	0.0	7.793
KLH41_HUMAN	10324	KLHL41	10.127	11	1	1	1.0	0.0	10.127
PZRN3_HUMAN	23024	PDZRN3	10.127	11	1	0	1.0	0.0	10.127
MIP18_HUMAN	51647	FAM96B	10.127	11	1	0	1.0	0.0	10.127
MIB2_HUMAN	142678	MIB2	10.127	11	1	0	1.0	0.0	10.127
MKX_HUMAN	283078	MKX	10.127	11	1	0	1.0	0.0	10.127
SIR1_HUMAN	23411	SIRT1	10.119	2460	2	9	1.301	0.0	7.777
MET_HUMAN	4233	MET	10.11	2497	2	4	1.301	0.0	7.771
CD1A_HUMAN	909	CD1A	10.094	2569	2	0	1.301	0.0	7.759
KCMB1_HUMAN	3779	KCNMB1	10.086	2605	2	0	1.301	0.0	7.752
SORCN_HUMAN	6717	SRI	10.078	2643	2	0	1.301	0.0	7.746
NR4A1_HUMAN	3164	NR4A1	10.067	2694	2	3	1.301	0.0	7.738
NF2L2_HUMAN	4780	NFE2L2	10.057	2742	2	0	1.301	0.0	7.73
A2MG_HUMAN	2	A2M	10.056	2748	2	0	1.301	0.0	7.729
TONSL_HUMAN	4796	TONSL	10.054	13	1	0	1.0	0.0	10.054
VGLL4_HUMAN	9686	VGLL4	10.054	13	1	1	1.0	0.0	10.054
DDHD2_HUMAN	23259	DDHD2	10.054	13	1	1	1.0	0.0	10.054
SYUA_HUMAN	6622	SNCA	10.049	2782	2	0	1.301	0.0	7.724
SYFM_HUMAN	10667	FARS2	10.022	14	1	0	1.0	0.0	10.022
COPG1_HUMAN	22820	COPG1	10.022	14	1	0	1.0	0.0	10.022
CHIC2_HUMAN	26511	CHIC2	10.022	14	1	0	1.0	0.0	10.022
UCMA_HUMAN	221044	UCMA	10.022	14	1	0	1.0	0.0	10.022
CDN1B_HUMAN	1027	CDKN1B	10.005	3007	2	0	1.301	0.0	7.69
S100B_HUMAN	6285	S100B	9.996	3058	2	2	1.301	0.0	7.683
RGRF2_HUMAN	5924	RASGRF2	9.992	15	1	0	1.0	0.0	9.992
BRD8_HUMAN	10902	BRD8	9.992	15	1	0	1.0	0.0	9.992
CP1A2_HUMAN	1544	CYP1A2	9.986	3110	2	1	1.301	0.0	7.676
NRX2A_HUMAN	9379	NRXN2	9.964	16	1	1	1.0	0.0	9.964
TSN5_HUMAN	10098	TSPAN5	9.964	16	1	3	1.0	0.0	9.964
ARHGP_HUMAN	115557	ARHGEF25	9.964	16	1	0	1.0	0.0	9.964
CAF17_HUMAN	200205	IBA57	9.964	16	1	1	1.0	0.0	9.964
VMA21_HUMAN	203547	VMA21	9.964	16	1	3	1.0	0.0	9.964
SC6A4_HUMAN	6532	SLC6A4	9.961	3249	2	1	1.301	0.0	7.657
UROK_HUMAN	5328	PLAU	9.948	3329	2	3	1.301	0.0	7.646
SYNCI_HUMAN	81493	SYNC	9.938	17	1	1	1.0	0.0	9.938
PO5F1_HUMAN	5460	POU5F1	9.915	3526	2	7	1.301	0.0	7.621
MPC2_HUMAN	25874	MPC2	9.913	18	1	0	1.0	0.0	9.913
THOC2_HUMAN	57187	THOC2	9.913	18	1	0	1.0	0.0	9.913
ESR2_HUMAN	2100	ESR2	9.911	3549	2	0	1.301	0.0	7.618
CXL10_HUMAN	3627	CXCL10	9.897	3639	2	1	1.301	0.0	7.607
NOS3_HUMAN	4846	NOS3	9.894	3658	2	4	1.301	0.0	7.605
IFNA2_HUMAN	3440	IFNA2	9.891	3683	2	0	1.301	0.0	7.602
NKX32_HUMAN	579	NKX3-2	9.89	19	1	0	1.0	0.0	9.89
CP4FB_HUMAN	57834	CYP4F11	9.89	19	1	0	1.0	0.0	9.89
CCBE1_HUMAN	147372	CCBE1	9.89	19	1	4	1.0	0.0	9.89
IGF1R_HUMAN	3480	IGF1R	9.888	3702	2	0	1.301	0.0	7.6
DPP4_HUMAN	1803	DPP4	9.877	3775	2	1	1.301	0.0	7.591
MIPEP_HUMAN	4285	MIPEP	9.867	20	1	0	1.0	0.0	9.867
PSD4_HUMAN	23550	PSD4	9.867	20	1	1	1.0	0.0	9.867
SYNP2_HUMAN	171024	SYNPO2	9.867	20	1	1	1.0	0.0	9.867
CXL17_HUMAN	284340	CXCL17	9.867	20	1	1	1.0	0.0	9.867
G6PD_HUMAN	2539	G6PD	9.846	3985	2	0	1.301	0.0	7.568
SEP12_HUMAN	124404	SEPT12	9.846	21	1	0	1.0	0.0	9.846
MY18A_HUMAN	399687	MYO18A	9.846	21	1	3	1.0	0.0	9.846
KNG1_HUMAN	3827	KNG1	9.84	4025	2	0	1.301	0.0	7.564
NEUR1_HUMAN	4758	NEU1	9.837	4047	2	1	1.301	0.0	7.561
HSP74_HUMAN	3308	HSPA4	9.831	4092	2	6	1.301	0.0	7.556
DNJB2_HUMAN	3300	DNAJB2	9.826	22	1	0	1.0	0.0	9.826
CNOT3_HUMAN	4849	CNOT3	9.826	22	1	0	1.0	0.0	9.826
PDE1B_HUMAN	5153	PDE1B	9.826	22	1	6	1.0	0.0	9.826
LMTK2_HUMAN	22853	LMTK2	9.826	22	1	1	1.0	0.0	9.826
CHSTE_HUMAN	113189	CHST14	9.826	22	1	0	1.0	0.0	9.826
MGST2_HUMAN	4258	MGST2	9.807	23	1	0	1.0	0.0	9.807
PDLI1_HUMAN	9124	PDLIM1	9.807	23	1	0	1.0	0.0	9.807
ECEL1_HUMAN	9427	ECEL1	9.807	23	1	1	1.0	0.0	9.807
SEPT8_HUMAN	23176	SEPT8	9.807	23	1	0	1.0	0.0	9.807
OSR2_HUMAN	116039	OSR2	9.807	23	1	0	1.0	0.0	9.807
FOS_HUMAN	2353	FOS	9.789	4405	2	1	1.301	0.0	7.524
HGF_HUMAN	3082	HGF	9.789	4410	2	2	1.301	0.0	7.524
BODG_HUMAN	8424	BBOX1	9.788	24	1	0	1.0	0.0	9.788
MBNL2_HUMAN	10150	MBNL2	9.788	24	1	1	1.0	0.0	9.788
ATE1_HUMAN	11101	ATE1	9.788	24	1	2	1.0	0.0	9.788
HSPB7_HUMAN	27129	HSPB7	9.788	24	1	1	1.0	0.0	9.788
ZFYV1_HUMAN	53349	ZFYVE1	9.788	24	1	0	1.0	0.0	9.788
TNFL6_HUMAN	356	FASLG	9.778	4494	2	0	1.301	0.0	7.516
ARVC_HUMAN	421	ARVCF	9.77	25	1	0	1.0	0.0	9.77
PP1R8_HUMAN	5511	PPP1R8	9.77	25	1	1	1.0	0.0	9.77
PEAR1_HUMAN	375033	PEAR1	9.77	25	1	0	1.0	0.0	9.77
CO3_HUMAN	718	C3	9.769	4567	2	4	1.301	0.0	7.509
CP4F3_HUMAN	4051	CYP4F3	9.761	4628	2	1	1.301	0.0	7.503
S10A1_HUMAN	6271	S100A1	9.754	4688	2	0	1.301	0.0	7.497
EFNA2_HUMAN	1943	EFNA2	9.753	26	1	5	1.0	0.0	9.753
EDF1_HUMAN	8721	EDF1	9.753	26	1	0	1.0	0.0	9.753
CATA_HUMAN	847	CAT	9.742	4790	2	2	1.301	0.0	7.488
SYSC_HUMAN	6301	SARS	9.737	27	1	0	1.0	0.0	9.737
HOIL1_HUMAN	10616	RBCK1	9.737	27	1	2	1.0	0.0	9.737
RMD3_HUMAN	55177	RMDN3	9.737	27	1	0	1.0	0.0	9.737
NRDC_HUMAN	4898	NRDC	9.721	28	1	0	1.0	0.0	9.721
GET4_HUMAN	51608	GET4	9.721	28	1	0	1.0	0.0	9.721
IBP3_HUMAN	3486	IGFBP3	9.718	4998	2	0	1.301	0.0	7.469
ITAM_HUMAN	3684	ITGAM	9.717	5008	2	0	1.301	0.0	7.469
PEX10_HUMAN	5192	PEX10	9.706	29	1	0	1.0	0.0	9.706
INT6_HUMAN	26512	INTS6	9.706	29	1	0	1.0	0.0	9.706
NRK2_HUMAN	27231	NMRK2	9.706	29	1	2	1.0	0.0	9.706
NPL4_HUMAN	55666	NPLOC4	9.706	29	1	0	1.0	0.0	9.706
GTR14_HUMAN	144195	SLC2A14	9.706	29	1	2	1.0	0.0	9.706
CHLE_HUMAN	590	BCHE	9.705	5112	2	0	1.301	0.0	7.46
IMA4_HUMAN	3839	KPNA3	9.691	30	1	1	1.0	0.0	9.691
SC5A4_HUMAN	6527	SLC5A4	9.691	30	1	3	1.0	0.0	9.691
ALG3_HUMAN	10195	ALG3	9.691	30	1	2	1.0	0.0	9.691
ACAD9_HUMAN	28976	ACAD9	9.691	30	1	1	1.0	0.0	9.691
PEBP4_HUMAN	157310	PEBP4	9.691	30	1	0	1.0	0.0	9.691
IFM5_HUMAN	387733	IFITM5	9.691	30	1	1	1.0	0.0	9.691
A0A024R7K5_HUMAN	100271849	MEF2B	9.691	30	1	2	1.0	0.0	9.691
SMYD2_HUMAN	56950	SMYD2	9.677	31	1	1	1.0	0.0	9.677
ATNG_HUMAN	486	FXYD2	9.663	32	1	0	1.0	0.0	9.663
CTNA2_HUMAN	1496	CTNNA2	9.663	32	1	0	1.0	0.0	9.663
ZBT18_HUMAN	10472	ZBTB18	9.663	32	1	2	1.0	0.0	9.663
B4GT7_HUMAN	11285	B4GALT7	9.663	32	1	1	1.0	0.0	9.663
IFNB_HUMAN	3456	IFNB1	9.659	5545	2	2	1.301	0.0	7.424
COFA1_HUMAN	1306	COL15A1	9.65	33	1	1	1.0	0.0	9.65
SF3B4_HUMAN	10262	SF3B4	9.65	33	1	0	1.0	0.0	9.65
PDZD4_HUMAN	57595	PDZD4	9.65	33	1	2	1.0	0.0	9.65
TBCD8_HUMAN	11138	TBC1D8	9.637	34	1	8	1.0	0.0	9.637
DPS1_HUMAN	23590	PDSS1	9.637	34	1	0	1.0	0.0	9.637
HPBP1_HUMAN	23640	HSPBP1	9.637	34	1	1	1.0	0.0	9.637
STK26_HUMAN	51765	STK26	9.637	34	1	0	1.0	0.0	9.637
FBN3_HUMAN	84467	FBN3	9.637	34	1	2	1.0	0.0	9.637
AFG32_HUMAN	10939	AFG3L2	9.624	35	1	1	1.0	0.0	9.624
SPG20_HUMAN	23111	SPG20	9.624	35	1	0	1.0	0.0	9.624
NPHP3_HUMAN	27031	NPHP3	9.624	35	1	0	1.0	0.0	9.624
TMM70_HUMAN	54968	TMEM70	9.624	35	1	0	1.0	0.0	9.624
GTR12_HUMAN	154091	SLC2A12	9.624	35	1	3	1.0	0.0	9.624
UBR1_HUMAN	197131	UBR1	9.612	36	1	1	1.0	0.0	9.612
P53_HUMAN	7157	TP53	9.608	46130	3	0	1.477	0.0	6.504
PTPRC_HUMAN	5788	PTPRC	9.601	6151	2	2	1.301	0.0	7.379
PEX13_HUMAN	5194	PEX13	9.6	37	1	0	1.0	0.0	9.6
POP1_HUMAN	10940	POP1	9.6	37	1	0	1.0	0.0	9.6
PIEZ2_HUMAN	63895	PIEZO2	9.6	37	1	1	1.0	0.0	9.6
A1AT_HUMAN	5265	SERPINA1	9.595	6209	2	2	1.301	0.0	7.375
CD44_HUMAN	960	CD44	9.593	6231	2	1	1.301	0.0	7.374
OR1D2_HUMAN	4991	OR1D2	9.589	38	1	4	1.0	0.0	9.589
ETHE1_HUMAN	23474	ETHE1	9.589	38	1	0	1.0	0.0	9.589
TNMD_HUMAN	64102	TNMD	9.589	38	1	0	1.0	0.0	9.589
HXD11_HUMAN	3237	HOXD11	9.577	39	1	0	1.0	0.0	9.577
ZBT22_HUMAN	9278	ZBTB22	9.577	39	1	0	1.0	0.0	9.577
NEP1_HUMAN	10436	EMG1	9.577	39	1	0	1.0	0.0	9.577
LFG2_HUMAN	23017	FAIM2	9.577	39	1	2	1.0	0.0	9.577
VGFR2_HUMAN	3791	KDR	9.573	6464	2	1	1.301	0.0	7.358
KIT_HUMAN	3815	KIT	9.571	6488	2	0	1.301	0.0	7.356
SMC4_HUMAN	10051	SMC4	9.566	40	1	0	1.0	0.0	9.566
RGS19_HUMAN	10287	RGS19	9.566	40	1	2	1.0	0.0	9.566
MYOF_HUMAN	26509	MYOF	9.566	40	1	3	1.0	0.0	9.566
TFB1M_HUMAN	51106	TFB1M	9.566	40	1	2	1.0	0.0	9.566
ABCC9_HUMAN	10060	ABCC9	9.557	98	1	10	1.0	0.041	9.177
AGFG2_HUMAN	3268	AGFG2	9.556	41	1	0	1.0	0.0	9.556
PSMD8_HUMAN	5714	PSMD8	9.556	41	1	0	1.0	0.0	9.556
S29A4_HUMAN	222962	SLC29A4	9.556	41	1	5	1.0	0.0	9.556
NMUR1_HUMAN	10316	NMUR1	9.545	42	1	0	1.0	0.0	9.545
GILT_HUMAN	10437	IFI30	9.535	43	1	1	1.0	0.0	9.535
3HAO_HUMAN	23498	HAAO	9.535	43	1	0	1.0	0.0	9.535
FKB10_HUMAN	60681	FKBP10	9.535	43	1	0	1.0	0.0	9.535
PLIN5_HUMAN	440503	PLIN5	9.535	43	1	6	1.0	0.0	9.535
BRAF_HUMAN	673	BRAF	9.531	6965	2	2	1.301	0.0	7.325
GSTM4_HUMAN	2948	GSTM4	9.525	44	1	0	1.0	0.0	9.525
HES6_HUMAN	55502	HES6	9.515	45	1	0	1.0	0.0	9.515
LRC25_HUMAN	126364	LRRC25	9.515	45	1	0	1.0	0.0	9.515
DLG2_HUMAN	1740	DLG2	9.506	46	1	0	1.0	0.0	9.506
KLF15_HUMAN	28999	KLF15	9.506	46	1	1	1.0	0.0	9.506
TPC2A_HUMAN	6399	TRAPPC2	9.487	48	1	0	1.0	0.0	9.487
AHNK_HUMAN	79026	AHNAK	9.487	48	1	1	1.0	0.0	9.487
SATT_HUMAN	6509	SLC1A4	9.478	49	1	1	1.0	0.0	9.478
PAI1_HUMAN	5054	SERPINE1	9.47	7746	2	0	1.301	0.0	7.279
SPTB2_HUMAN	6711	SPTBN1	9.469	50	1	0	1.0	0.0	9.469
DNJB6_HUMAN	10049	DNAJB6	9.469	50	1	1	1.0	0.0	9.469
AHSA1_HUMAN	10598	AHSA1	9.469	50	1	0	1.0	0.0	9.469
KI21A_HUMAN	55605	KIF21A	9.469	50	1	0	1.0	0.0	9.469
LMBR1_HUMAN	64327	LMBR1	9.469	50	1	0	1.0	0.0	9.469
GCM2_HUMAN	9247	GCM2	9.461	51	1	0	1.0	0.0	9.461
NFIX_HUMAN	4784	NFIX	9.452	52	1	0	1.0	0.0	9.452
LPPRC_HUMAN	10128	LRPPRC	9.444	53	1	2	1.0	0.0	9.444
JTB_HUMAN	10899	JTB	9.444	53	1	0	1.0	0.0	9.444
NACA2_HUMAN	342538	NACA2	9.444	53	1	0	1.0	0.0	9.444
VP13B_HUMAN	157680	VPS13B	9.436	54	1	1	1.0	0.0	9.436
SYMC_HUMAN	4141	MARS	9.428	55	1	0	1.0	0.0	9.428
RANB9_HUMAN	10048	RANBP9	9.428	55	1	0	1.0	0.0	9.428
MOT10_HUMAN	117247	SLC16A10	9.428	55	1	0	1.0	0.0	9.428
GP182_HUMAN	11318	GPR182	9.42	56	1	0	1.0	0.0	9.42
E3Q1N2_HUMAN	101927655	ZASP	9.42	56	1	4	1.0	0.0	9.42
CNN1_HUMAN	1264	CNN1	9.405	58	1	0	1.0	0.0	9.405
L0N195_HUMAN	3439	IFNA1	9.4	8773	2	2	1.301	0.0	7.225
ITB5_HUMAN	3693	ITGB5	9.397	59	1	1	1.0	0.0	9.397
LGMN_HUMAN	5641	LGMN	9.397	59	1	0	1.0	0.0	9.397
GAN_HUMAN	8139	GAN	9.397	59	1	0	1.0	0.0	9.397
S38A1_HUMAN	81539	SLC38A1	9.397	59	1	0	1.0	0.0	9.397
G6PC3_HUMAN	92579	G6PC3	9.397	59	1	1	1.0	0.0	9.397
ENOB_HUMAN	2027	ENO3	9.39	60	1	0	1.0	0.0	9.39
MMP17_HUMAN	4326	MMP17	9.39	60	1	3	1.0	0.0	9.39
CIDEC_HUMAN	63924	CIDEC	9.39	60	1	1	1.0	0.0	9.39
CTC1_HUMAN	80169	CTC1	9.383	61	1	0	1.0	0.0	9.383
BCL2_HUMAN	596	BCL2	9.381	23522	2	11	1.301	0.079	6.797
NFASC_HUMAN	23114	NFASC	9.376	62	1	0	1.0	0.0	9.376
RTN3_HUMAN	10313	RTN3	9.369	63	1	0	1.0	0.0	9.369
ANO5_HUMAN	203859	ANO5	9.362	64	1	0	1.0	0.0	9.362
NMDE3_HUMAN	2905	GRIN2C	9.355	65	1	0	1.0	0.0	9.355
UBE4B_HUMAN	10277	UBE4B	9.355	65	1	5	1.0	0.0	9.355
PDE7A_HUMAN	5150	PDE7A	9.349	66	1	0	1.0	0.0	9.349
TP4A1_HUMAN	7803	PTP4A1	9.349	66	1	1	1.0	0.0	9.349
LAP4A_HUMAN	9741	LAPTM4A	9.349	66	1	0	1.0	0.0	9.349
APOB_HUMAN	338	APOB	9.343	9710	2	0	1.301	0.0	7.181
NELFD_HUMAN	51497	NELFCD	9.338	9794	2	0	1.301	0.0	7.177
CCL2_HUMAN	6347	CCL2	9.324	10029	2	0	1.301	0.0	7.167
PIBF1_HUMAN	10464	PIBF1	9.323	70	1	7	1.0	0.0	9.323
CLM6_HUMAN	10871	CD300C	9.323	70	1	0	1.0	0.0	9.323
K1C20_HUMAN	54474	KRT20	9.32	10103	2	0	1.301	0.0	7.164
SMBP2_HUMAN	3508	IGHMBP2	9.317	71	1	0	1.0	0.0	9.317
NDUF3_HUMAN	25915	NDUFAF3	9.317	71	1	0	1.0	0.0	9.317
VIME_HUMAN	7431	VIM	9.311	10272	2	0	1.301	0.0	7.157
NELL1_HUMAN	4745	NELL1	9.305	73	1	3	1.0	0.0	9.305
CRTAP_HUMAN	10491	CRTAP	9.305	73	1	0	1.0	0.0	9.305
GRAN_HUMAN	25801	GCA	9.305	73	1	3	1.0	0.0	9.305
FBLI1_HUMAN	54751	FBLIM1	9.305	73	1	0	1.0	0.0	9.305
SELS_HUMAN	55829	SELENOS	9.305	73	1	0	1.0	0.0	9.305
FLII_HUMAN	2314	FLII	9.299	74	1	0	1.0	0.0	9.299
RASK_HUMAN	3845	KRAS	9.299	10492	2	0	1.301	0.0	7.147
MYF6_HUMAN	4618	MYF6	9.299	74	1	1	1.0	0.0	9.299
MD2L2_HUMAN	10459	MAD2L2	9.299	74	1	0	1.0	0.0	9.299
SCNBA_HUMAN	11280	SCN11A	9.299	74	1	1	1.0	0.0	9.299
MCAT_HUMAN	788	SLC25A20	9.293	75	1	0	1.0	0.0	9.293
ARHG8_HUMAN	10276	NET1	9.293	75	1	0	1.0	0.0	9.293
IVD_HUMAN	3712	IVD	9.288	76	1	0	1.0	0.0	9.288
PDK2_HUMAN	5164	PDK2	9.288	76	1	1	1.0	0.0	9.288
CKAP2_HUMAN	26586	CKAP2	9.276	78	1	2	1.0	0.0	9.276
MYCD_HUMAN	93649	MYOCD	9.276	78	1	2	1.0	0.0	9.276
SACS_HUMAN	26278	SACS	9.271	79	1	0	1.0	0.0	9.271
S36A1_HUMAN	206358	SLC36A1	9.265	80	1	2	1.0	0.0	9.265
BAX_HUMAN	581	BAX	9.261	11225	2	4	1.301	0.0	7.118
GRK6_HUMAN	2870	GRK6	9.26	81	1	0	1.0	0.0	9.26
SAS6_HUMAN	163786	SASS6	9.255	82	1	0	1.0	0.0	9.255
SIX4_HUMAN	51804	SIX4	9.249	83	1	0	1.0	0.0	9.249
ANKH_HUMAN	56172	ANKH	9.249	83	1	1	1.0	0.0	9.249
AMPB_HUMAN	6051	RNPEP	9.239	85	1	0	1.0	0.0	9.239
FZD3_HUMAN	7976	FZD3	9.239	85	1	1	1.0	0.0	9.239
MYOTI_HUMAN	9499	MYOT	9.239	85	1	3	1.0	0.0	9.239
SP17_HUMAN	53340	SPA17	9.239	85	1	5	1.0	0.0	9.239
MK03_HUMAN	5595	MAPK3	9.235	11751	2	0	1.301	0.0	7.098
MANBA_HUMAN	4126	MANBA	9.234	86	1	0	1.0	0.0	9.234
NCS1_HUMAN	23413	NCS1	9.234	86	1	0	1.0	0.0	9.234
NEUL_HUMAN	57486	NLN	9.234	86	1	0	1.0	0.0	9.234
SYNE1_HUMAN	23345	SYNE1	9.229	87	1	0	1.0	0.0	9.229
RBCC1_HUMAN	9821	RB1CC1	9.224	88	1	0	1.0	0.0	9.224
GOLP3_HUMAN	64083	GOLPH3	9.224	88	1	1	1.0	0.0	9.224
IFT43_HUMAN	112752	IFT43	9.224	88	1	0	1.0	0.0	9.224
CTRL_HUMAN	1506	CTRL	9.219	89	1	7	1.0	0.0	9.219
BCS1_HUMAN	617	BCS1L	9.214	90	1	2	1.0	0.0	9.214
CHIO_HUMAN	1124	CHN2	9.214	90	1	2	1.0	0.0	9.214
AAAS_HUMAN	8086	AAAS	9.214	90	1	0	1.0	0.0	9.214
IEX1_HUMAN	8870	IER3	9.209	91	1	0	1.0	0.0	9.209
AT2A1_HUMAN	487	ATP2A1	9.205	92	1	0	1.0	0.0	9.205
CDC5L_HUMAN	988	CDC5L	9.205	92	1	0	1.0	0.0	9.205
DGUOK_HUMAN	1716	DGUOK	9.205	92	1	0	1.0	0.0	9.205
PAX1_HUMAN	5075	PAX1	9.205	92	1	0	1.0	0.0	9.205
TPM2_HUMAN	7169	TPM2	9.2	93	1	0	1.0	0.0	9.2
TELT_HUMAN	8557	TCAP	9.2	93	1	0	1.0	0.0	9.2
CRLF1_HUMAN	9244	CRLF1	9.2	93	1	0	1.0	0.0	9.2
BHE41_HUMAN	79365	BHLHE41	9.2	93	1	0	1.0	0.0	9.2
CE042_HUMAN	65250	C5orf42	9.195	94	1	4	1.0	0.0	9.195
CASQ2_HUMAN	845	CASQ2	9.191	95	1	2	1.0	0.0	9.191
WISP3_HUMAN	8838	WISP3	9.191	95	1	0	1.0	0.0	9.191
SH2B1_HUMAN	25970	SH2B1	9.191	95	1	2	1.0	0.0	9.191
BCAM_HUMAN	4059	BCAM	9.186	96	1	0	1.0	0.0	9.186
NDUS4_HUMAN	4724	NDUFS4	9.182	97	1	1	1.0	0.0	9.182
NPHP1_HUMAN	4867	NPHP1	9.182	97	1	0	1.0	0.0	9.182
SRR_HUMAN	63826	SRR	9.182	97	1	0	1.0	0.0	9.182
CTNA1_HUMAN	1495	CTNNA1	9.177	98	1	1	1.0	0.0	9.177
ZN363_HUMAN	25898	RCHY1	9.173	99	1	0	1.0	0.0	9.173
GLSK_HUMAN	2744	GLS	9.168	100	1	0	1.0	0.0	9.168
NU3M_HUMAN	4537	MT-ND3	9.168	100	1	0	1.0	0.0	9.168
KKCC2_HUMAN	10645	CAMKK2	9.168	100	1	0	1.0	0.0	9.168
DTNB_HUMAN	1838	DTNB	9.164	101	1	0	1.0	0.0	9.164
TCPG_HUMAN	7203	CCT3	9.164	101	1	0	1.0	0.0	9.164
S38A3_HUMAN	10991	SLC38A3	9.164	101	1	2	1.0	0.0	9.164
AT1A1_HUMAN	476	ATP1A1	9.16	102	1	1	1.0	0.0	9.16
VACHT_HUMAN	6572	SLC18A3	9.16	102	1	0	1.0	0.0	9.16
AKTIP_HUMAN	64400	AKTIP	9.16	102	1	0	1.0	0.0	9.16
M3K20_HUMAN	51776	MAP3K20	9.155	103	1	0	1.0	0.0	9.155
ARFP2_HUMAN	23647	ARFIP2	9.151	104	1	0	1.0	0.0	9.151
TNT_HUMAN	162083	C16orf82	9.151	104	1	0	1.0	0.0	9.151
NR2C1_HUMAN	7181	NR2C1	9.147	105	1	2	1.0	0.0	9.147
PO3F4_HUMAN	5456	POU3F4	9.143	106	1	0	1.0	0.0	9.143
CO4A2_HUMAN	1284	COL4A2	9.139	107	1	1	1.0	0.0	9.139
PFKAM_HUMAN	5213	PFKM	9.139	107	1	0	1.0	0.0	9.139
ERR3_HUMAN	2104	ESRRG	9.135	108	1	0	1.0	0.0	9.135
MATN3_HUMAN	4148	MATN3	9.135	108	1	0	1.0	0.0	9.135
PEX1_HUMAN	5189	PEX1	9.131	109	1	0	1.0	0.0	9.131
SOX6_HUMAN	55553	SOX6	9.131	109	1	2	1.0	0.0	9.131
TIM8A_HUMAN	1678	TIMM8A	9.127	110	1	1	1.0	0.0	9.127
ROR1_HUMAN	4919	ROR1	9.123	111	1	2	1.0	0.0	9.123
ADA2_HUMAN	51816	ADA2	9.123	111	1	0	1.0	0.0	9.123
KCNC1_HUMAN	3746	KCNC1	9.119	112	1	0	1.0	0.0	9.119
BMP3_HUMAN	651	BMP3	9.115	113	1	0	1.0	0.0	9.115
TRPS1_HUMAN	7227	TRPS1	9.111	114	1	0	1.0	0.0	9.111
CLCN3_HUMAN	1182	CLCN3	9.108	115	1	0	1.0	0.0	9.108
GOLM1_HUMAN	51280	GOLM1	9.1	117	1	0	1.0	0.0	9.1
MPRD_HUMAN	4074	M6PR	9.096	118	1	0	1.0	0.0	9.096
CBPN_HUMAN	1369	CPN1	9.089	120	1	2	1.0	0.0	9.089
TOPB1_HUMAN	11073	TOPBP1	9.089	120	1	2	1.0	0.0	9.089
CF015_HUMAN	29113	C6orf15	9.089	120	1	0	1.0	0.0	9.089
PLVAP_HUMAN	83483	PLVAP	9.089	120	1	0	1.0	0.0	9.089
ASAH1_HUMAN	427	ASAH1	9.086	121	1	1	1.0	0.0	9.086
FOXE1_HUMAN	2304	FOXE1	9.086	121	1	0	1.0	0.0	9.086
AMPD3_HUMAN	272	AMPD3	9.082	122	1	0	1.0	0.0	9.082
RD23B_HUMAN	5887	RAD23B	9.082	122	1	0	1.0	0.0	9.082
ERF1_HUMAN	2107	ETF1	9.078	123	1	1	1.0	0.0	9.078
SMS1_HUMAN	259230	SGMS1	9.078	123	1	0	1.0	0.0	9.078
S26A2_HUMAN	1836	SLC26A2	9.075	124	1	2	1.0	0.0	9.075
CMPK2_HUMAN	129607	CMPK2	9.075	124	1	1	1.0	0.0	9.075
AT1A2_HUMAN	477	ATP1A2	9.071	125	1	0	1.0	0.0	9.071
LY75_HUMAN	4065	LY75	9.068	126	1	1	1.0	0.0	9.068
OAT_HUMAN	4942	OAT	9.068	126	1	0	1.0	0.0	9.068
ODB2_HUMAN	1629	DBT	9.065	127	1	0	1.0	0.0	9.065
NR2E3_HUMAN	10002	NR2E3	9.065	127	1	1	1.0	0.0	9.065
FACE1_HUMAN	10269	ZMPSTE24	9.065	127	1	2	1.0	0.0	9.065
BTNL2_HUMAN	56244	BTNL2	9.065	127	1	1	1.0	0.0	9.065
NPTX2_HUMAN	4885	NPTX2	9.061	128	1	0	1.0	0.0	9.061
KLK8_HUMAN	11202	KLK8	9.061	128	1	1	1.0	0.0	9.061
NR1D2_HUMAN	9975	NR1D2	9.058	129	1	0	1.0	0.0	9.058
EFNB1_HUMAN	1947	EFNB1	9.054	130	1	1	1.0	0.0	9.054
ECM1_HUMAN	1893	ECM1	9.048	132	1	2	1.0	0.0	9.048
PLK4_HUMAN	10733	PLK4	9.048	132	1	0	1.0	0.0	9.048
APOM_HUMAN	55937	APOM	9.048	132	1	0	1.0	0.0	9.048
GSH0_HUMAN	2730	GCLM	9.044	133	1	0	1.0	0.0	9.044
PO6F1_HUMAN	5463	POU6F1	9.044	133	1	2	1.0	0.0	9.044
CBX1_HUMAN	10951	CBX1	9.044	133	1	1	1.0	0.0	9.044
CALD1_HUMAN	800	CALD1	9.041	134	1	1	1.0	0.0	9.041
GPC1_HUMAN	2817	GPC1	9.041	134	1	1	1.0	0.0	9.041
GLO2_HUMAN	3029	HAGH	9.041	134	1	0	1.0	0.0	9.041
PRAF3_HUMAN	10550	ARL6IP5	9.041	134	1	0	1.0	0.0	9.041
HVCN1_HUMAN	84329	HVCN1	9.041	134	1	0	1.0	0.0	9.041
CJ090_HUMAN	118611	C10orf90	9.035	136	1	0	1.0	0.0	9.035
FSTL1_HUMAN	11167	FSTL1	9.032	137	1	2	1.0	0.0	9.032
PARD3_HUMAN	56288	PARD3	9.028	138	1	0	1.0	0.0	9.028
APBA1_HUMAN	320	APBA1	9.025	139	1	0	1.0	0.0	9.025
KIF1B_HUMAN	23095	KIF1B	9.022	140	1	0	1.0	0.0	9.022
CRIP2_HUMAN	1397	CRIP2	9.019	141	1	0	1.0	0.0	9.019
PCP_HUMAN	5547	PRCP	9.013	143	1	0	1.0	0.0	9.013
SP100_HUMAN	6672	SP100	9.013	143	1	0	1.0	0.0	9.013
GPR98_HUMAN	84059	GPR98	9.013	143	1	0	1.0	0.0	9.013
FLOT1_HUMAN	10211	FLOT1	9.01	144	1	1	1.0	0.0	9.01
KCNN3_HUMAN	3782	KCNN3	9.004	146	1	0	1.0	0.0	9.004
NTAL_HUMAN	7462	LAT2	9.004	146	1	0	1.0	0.0	9.004
CP26A_HUMAN	1592	CYP26A1	8.998	148	1	0	1.0	0.0	8.998
P5CR1_HUMAN	5831	PYCR1	8.998	148	1	0	1.0	0.0	8.998
SEMG1_HUMAN	6406	SEMG1	8.998	148	1	1	1.0	0.0	8.998
SPG7_HUMAN	6687	SPG7	8.998	148	1	0	1.0	0.0	8.998
SMUG1_HUMAN	23583	SMUG1	8.998	148	1	0	1.0	0.0	8.998
DDR2_HUMAN	4921	DDR2	8.995	149	1	0	1.0	0.0	8.995
CBLC_HUMAN	23624	CBLC	8.995	149	1	0	1.0	0.0	8.995
COX41_HUMAN	1327	COX4I1	8.989	151	1	0	1.0	0.0	8.989
CP2AD_HUMAN	1553	CYP2A13	8.984	153	1	3	1.0	0.0	8.984
PPIF_HUMAN	10105	PPIF	8.984	153	1	4	1.0	0.0	8.984
FRIL_HUMAN	2512	FTL	8.981	154	1	0	1.0	0.0	8.981
HDAC5_HUMAN	10014	HDAC5	8.981	154	1	1	1.0	0.0	8.981
KAD1_HUMAN	203	AK1	8.975	156	1	0	1.0	0.0	8.975
PPR3A_HUMAN	5506	PPP1R3A	8.972	157	1	0	1.0	0.0	8.972
KIN17_HUMAN	22944	KIN	8.961	161	1	0	1.0	0.0	8.961
GTR9_HUMAN	56606	SLC2A9	8.961	161	1	0	1.0	0.0	8.961
SH23A_HUMAN	10045	SH2D3A	8.959	162	1	1	1.0	0.0	8.959
CASP3_HUMAN	836	CASP3	8.954	19304	2	1	1.301	0.0	6.882
HGD_HUMAN	3081	HGD	8.953	164	1	0	1.0	0.0	8.953
IF16_HUMAN	3428	IFI16	8.951	165	1	0	1.0	0.0	8.951
MD2BP_HUMAN	9587	MAD2L1BP	8.951	165	1	3	1.0	0.0	8.951
GLCNE_HUMAN	10020	GNE	8.951	165	1	0	1.0	0.0	8.951
DLX5_HUMAN	1749	DLX5	8.943	168	1	4	1.0	0.0	8.943
ELK3_HUMAN	2004	ELK3	8.943	168	1	1	1.0	0.0	8.943
ROR2_HUMAN	4920	ROR2	8.943	168	1	0	1.0	0.0	8.943
P2RY4_HUMAN	5030	P2RY4	8.943	168	1	0	1.0	0.0	8.943
APJ_HUMAN	187	APLNR	8.94	169	1	1	1.0	0.0	8.94
FOXC2_HUMAN	2303	FOXC2	8.938	170	1	0	1.0	0.0	8.938
RTEL1_HUMAN	51750	RTEL1	8.938	170	1	0	1.0	0.0	8.938
SH2D3_HUMAN	10044	SH2D3C	8.933	172	1	1	1.0	0.0	8.933
CERS1_HUMAN	10715	CERS1	8.933	172	1	3	1.0	0.0	8.933
MAD1_HUMAN	4084	MXD1	8.93	173	1	2	1.0	0.0	8.93
GSTO1_HUMAN	9446	GSTO1	8.93	173	1	2	1.0	0.0	8.93
KDM6A_HUMAN	7403	KDM6A	8.928	174	1	1	1.0	0.0	8.928
RGMC_HUMAN	148738	HFE2	8.928	174	1	0	1.0	0.0	8.928
KCNK9_HUMAN	51305	KCNK9	8.925	175	1	0	1.0	0.0	8.925
NOV_HUMAN	4856	NOV	8.923	176	1	1	1.0	0.0	8.923
CIKS_HUMAN	10758	TRAF3IP2	8.92	177	1	0	1.0	0.0	8.92
S22AC_HUMAN	116085	SLC22A12	8.92	177	1	0	1.0	0.0	8.92
HMR1_HUMAN	3140	MR1	8.918	178	1	0	1.0	0.0	8.918
NU5M_HUMAN	4540	MT-ND5	8.915	179	1	0	1.0	0.0	8.915
BIN1_HUMAN	274	BIN1	8.911	181	1	1	1.0	0.0	8.911
CAD11_HUMAN	1009	CDH11	8.908	182	1	0	1.0	0.0	8.908
PROF1_HUMAN	5216	PFN1	8.906	183	1	0	1.0	0.0	8.906
UTRO_HUMAN	7402	UTRN	8.903	184	1	0	1.0	0.0	8.903
CO5A1_HUMAN	1289	COL5A1	8.896	187	1	0	1.0	0.0	8.896
AIFM1_HUMAN	9131	AIFM1	8.894	188	1	4	1.0	0.0	8.894
SUMO2_HUMAN	6613	SUMO2	8.892	189	1	0	1.0	0.0	8.892
CRYAB_HUMAN	1410	CRYAB	8.89	190	1	0	1.0	0.0	8.89
KCNJ5_HUMAN	3762	KCNJ5	8.89	190	1	0	1.0	0.0	8.89
RECQ4_HUMAN	9401	RECQL4	8.887	191	1	0	1.0	0.0	8.887
HCN4_HUMAN	10021	HCN4	8.883	193	1	0	1.0	0.0	8.883
KS6A3_HUMAN	6197	RPS6KA3	8.881	194	1	0	1.0	0.0	8.881
IOD2_HUMAN	1734	DIO2	8.876	196	1	3	1.0	0.0	8.876
CLC4C_HUMAN	170482	CLEC4C	8.874	197	1	0	1.0	0.0	8.874
ACTA_HUMAN	59	ACTA2	8.869	199	1	0	1.0	0.0	8.869
AFAM_HUMAN	173	AFM	8.869	199	1	1	1.0	0.0	8.869
ERR1_HUMAN	2101	ESRRA	8.867	200	1	0	1.0	0.0	8.867
MBNL1_HUMAN	4154	MBNL1	8.865	201	1	2	1.0	0.0	8.865
PCNT_HUMAN	5116	PCNT	8.863	202	1	2	1.0	0.0	8.863
NMB_HUMAN	4828	NMB	8.861	203	1	0	1.0	0.0	8.861
SGCB_HUMAN	6443	SGCB	8.861	203	1	0	1.0	0.0	8.861
SEM4D_HUMAN	10507	SEMA4D	8.859	204	1	1	1.0	0.0	8.859
IL10_HUMAN	3586	IL10	8.858	22907	2	1	1.301	0.0	6.808
ORN_HUMAN	25996	REXO2	8.85	208	1	0	1.0	0.0	8.85
HNRPK_HUMAN	3190	HNRNPK	8.848	209	1	0	1.0	0.0	8.848
CSK21_HUMAN	1457	CSNK2A1	8.846	210	1	0	1.0	0.0	8.846
CP51A_HUMAN	1595	CYP51A1	8.846	210	1	3	1.0	0.0	8.846
A4FUW6_HUMAN	7258	LOC728395	8.846	210	1	0	1.0	0.0	8.846
SEM1_HUMAN	7979	SEM1	8.846	210	1	0	1.0	0.0	8.846
DHCR7_HUMAN	1717	DHCR7	8.842	212	1	0	1.0	0.0	8.842
MP2K3_HUMAN	5606	MAP2K3	8.828	219	1	1	1.0	0.0	8.828
E7EX88_HUMAN	176	ACAN	8.826	220	1	1	1.0	0.0	8.826
NEDD8_HUMAN	4738	NEDD8	8.822	222	1	1	1.0	0.0	8.822
TGFB1_HUMAN	7040	TGFB1	8.821	24445	2	1	1.301	0.0	6.78
PPA5_HUMAN	54	ACP5	8.82	223	1	0	1.0	0.0	8.82
PTGIS_HUMAN	5740	PTGIS	8.82	223	1	1	1.0	0.0	8.82
MTAP_HUMAN	4507	MTAP	8.818	224	1	0	1.0	0.0	8.818
ECHA_HUMAN	3030	HADHA	8.816	225	1	0	1.0	0.0	8.816
PPLA_HUMAN	5350	PLN	8.816	225	1	0	1.0	0.0	8.816
PLEC_HUMAN	5339	PLEC	8.808	229	1	0	1.0	0.0	8.808
TPM1_HUMAN	7168	TPM1	8.808	229	1	1	1.0	0.0	8.808
H17B6_HUMAN	8630	HSD17B6	8.807	230	1	1	1.0	0.0	8.807
MASP2_HUMAN	10747	MASP2	8.807	230	1	4	1.0	0.0	8.807
CAN2_HUMAN	824	CAPN2	8.801	233	1	0	1.0	0.0	8.801
IL8_HUMAN	3576	CXCL8	8.794	25628	2	2	1.301	0.0	6.759
KIME_HUMAN	4598	MVK	8.794	237	1	0	1.0	0.0	8.794
ARX_HUMAN	170302	ARX	8.794	237	1	0	1.0	0.0	8.794
SRA1_HUMAN	10011	SRA1	8.792	238	1	0	1.0	0.0	8.792
WNT4_HUMAN	54361	WNT4	8.79	239	1	0	1.0	0.0	8.79
SO2B1_HUMAN	11309	SLCO2B1	8.784	242	1	0	1.0	0.0	8.784
PHEX_HUMAN	5251	PHEX	8.781	244	1	0	1.0	0.0	8.781
FGF10_HUMAN	2255	FGF10	8.779	245	1	1	1.0	0.0	8.779
MARK3_HUMAN	4140	MARK3	8.779	245	1	1	1.0	0.0	8.779
TBX5_HUMAN	6910	TBX5	8.772	249	1	3	1.0	0.0	8.772
MRP5_HUMAN	10057	ABCC5	8.772	249	1	2	1.0	0.0	8.772
PTPRU_HUMAN	10076	PTPRU	8.769	251	1	0	1.0	0.0	8.769
P2RX1_HUMAN	5023	P2RX1	8.767	252	1	1	1.0	0.0	8.767
MEF2C_HUMAN	4208	MEF2C	8.763	254	1	2	1.0	0.0	8.763
FUMH_HUMAN	2271	FH	8.752	261	1	0	1.0	0.0	8.752
ARRC_HUMAN	407	ARR3	8.75	262	1	0	1.0	0.0	8.75
SP2_HUMAN	6668	SP2	8.75	262	1	0	1.0	0.0	8.75
CRK_HUMAN	1398	CRK	8.747	264	1	2	1.0	0.0	8.747
AA3R_HUMAN	140	ADORA3	8.745	265	1	2	1.0	0.0	8.745
MK07_HUMAN	5598	MAPK7	8.745	265	1	6	1.0	0.0	8.745
PADI4_HUMAN	23569	PADI4	8.742	267	1	0	1.0	0.0	8.742
LEG9_HUMAN	3965	LGALS9	8.74	268	1	1	1.0	0.0	8.74
GRIP1_HUMAN	23426	GRIP1	8.74	268	1	0	1.0	0.0	8.74
PERI_HUMAN	5630	PRPH	8.739	269	1	0	1.0	0.0	8.739
TNR11_HUMAN	8792	TNFRSF11A	8.739	269	1	1	1.0	0.0	8.739
PLD1_HUMAN	5337	PLD1	8.737	270	1	0	1.0	0.0	8.737
FSD1_HUMAN	79187	FSD1	8.735	271	1	1	1.0	0.0	8.735
GDF5_HUMAN	8200	GDF5	8.726	277	1	0	1.0	0.0	8.726
CD244_HUMAN	51744	CD244	8.726	277	1	0	1.0	0.0	8.726
FIP1_HUMAN	81608	FIP1L1	8.726	277	1	0	1.0	0.0	8.726
SHOX_HUMAN	6473	SHOX	8.724	278	1	1	1.0	0.0	8.724
CLC4K_HUMAN	50489	CD207	8.721	280	1	0	1.0	0.0	8.721
MAVS_HUMAN	57506	MAVS	8.72	281	1	0	1.0	0.0	8.72
ADT3_HUMAN	293	SLC25A6	8.718	282	1	2	1.0	0.0	8.718
GPX4_HUMAN	2879	GPX4	8.718	282	1	0	1.0	0.0	8.718
BRD4_HUMAN	23476	BRD4	8.717	283	1	1	1.0	0.0	8.717
AMACR_HUMAN	23600	AMACR	8.717	283	1	1	1.0	0.0	8.717
FADS1_HUMAN	3992	FADS1	8.715	284	1	0	1.0	0.0	8.715
PNOC_HUMAN	5368	PNOC	8.715	284	1	0	1.0	0.0	8.715
PPBT_HUMAN	249	ALPL	8.713	285	1	3	1.0	0.0	8.713
GPV_HUMAN	2814	GP5	8.709	288	1	0	1.0	0.0	8.709
PKHD1_HUMAN	5314	PKHD1	8.709	288	1	0	1.0	0.0	8.709
RHG26_HUMAN	23092	ARHGAP26	8.709	288	1	0	1.0	0.0	8.709
IL2_HUMAN	3558	IL2	8.702	30132	2	0	1.301	0.0	6.689
ATS1_HUMAN	9510	ADAMTS1	8.701	293	1	0	1.0	0.0	8.701
CSF2R_HUMAN	1438	CSF2RA	8.7	294	1	0	1.0	0.0	8.7
PLPL2_HUMAN	57104	PNPLA2	8.7	294	1	1	1.0	0.0	8.7
ARP2_HUMAN	10097	ACTR2	8.697	296	1	0	1.0	0.0	8.697
M3K1_HUMAN	4214	MAP3K1	8.696	297	1	1	1.0	0.0	8.696
DECR_HUMAN	1666	DECR1	8.693	299	1	0	1.0	0.0	8.693
GLI3_HUMAN	2737	GLI3	8.691	300	1	0	1.0	0.0	8.691
SARDH_HUMAN	1757	SARDH	8.688	302	1	0	1.0	0.0	8.688
NDRG1_HUMAN	10397	NDRG1	8.688	302	1	3	1.0	0.0	8.688
DAP1_HUMAN	1611	DAP	8.678	309	1	1	1.0	0.0	8.678
IDE_HUMAN	3416	IDE	8.678	309	1	0	1.0	0.0	8.678
HXD13_HUMAN	3239	HOXD13	8.676	311	1	1	1.0	0.0	8.676
ULK1_HUMAN	8408	ULK1	8.676	311	1	1	1.0	0.0	8.676
RL4_HUMAN	6124	RPL4	8.667	317	1	0	1.0	0.0	8.667
HPTR_HUMAN	3250	HPR	8.666	318	1	0	1.0	0.0	8.666
TPP1_HUMAN	1200	TPP1	8.663	320	1	6	1.0	0.0	8.663
DSPP_HUMAN	1834	DSPP	8.662	321	1	3	1.0	0.0	8.662
AK1C1_HUMAN	1645	AKR1C1	8.659	323	1	0	1.0	0.0	8.659
CAGE1_HUMAN	285782	CAGE1	8.659	323	1	0	1.0	0.0	8.659
PLIN2_HUMAN	123	PLIN2	8.658	324	1	1	1.0	0.0	8.658
HFM1_HUMAN	164045	HFM1	8.656	325	1	0	1.0	0.0	8.656
SCN9A_HUMAN	6335	SCN9A	8.655	326	1	0	1.0	0.0	8.655
FOXG1_HUMAN	2290	FOXG1	8.651	329	1	0	1.0	0.0	8.651
KCNA3_HUMAN	3738	KCNA3	8.647	332	1	0	1.0	0.0	8.647
PDP1_HUMAN	54704	PDP1	8.645	334	1	0	1.0	0.0	8.645
TPPP3_HUMAN	51673	TPPP3	8.642	336	1	0	1.0	0.0	8.642
TEBP_HUMAN	10728	PTGES3	8.639	338	1	0	1.0	0.0	8.639
SUH_HUMAN	3516	RBPJ	8.636	341	1	0	1.0	0.0	8.636
SETD2_HUMAN	29072	SETD2	8.634	342	1	0	1.0	0.0	8.634
EF2_HUMAN	1938	EEF2	8.628	347	1	0	1.0	0.0	8.628
C1QRF_HUMAN	10882	C1QL1	8.628	347	1	2	1.0	0.0	8.628
HEXA_HUMAN	3073	HEXA	8.625	349	1	0	1.0	0.0	8.625
DHE3_HUMAN	2746	GLUD1	8.623	351	1	0	1.0	0.0	8.623
PRDX1_HUMAN	5052	PRDX1	8.622	352	1	0	1.0	0.0	8.622
TRAF3_HUMAN	7187	TRAF3	8.618	355	1	0	1.0	0.0	8.618
BKRB1_HUMAN	623	BDKRB1	8.614	358	1	0	1.0	0.0	8.614
CALL3_HUMAN	810	CALML3	8.614	358	1	0	1.0	0.0	8.614
MYLK_HUMAN	4638	MYLK	8.614	358	1	0	1.0	0.0	8.614
ITPR3_HUMAN	3710	ITPR3	8.613	359	1	0	1.0	0.0	8.613
MT3_HUMAN	4504	MT3	8.611	361	1	0	1.0	0.0	8.611
NFE2_HUMAN	4778	NFE2	8.611	361	1	0	1.0	0.0	8.611
SC5A1_HUMAN	6523	SLC5A1	8.611	361	1	0	1.0	0.0	8.611
ACOD_HUMAN	6319	SCD	8.607	364	1	8	1.0	0.0	8.607
CO3A1_HUMAN	1281	COL3A1	8.602	368	1	0	1.0	0.0	8.602
IOD3_HUMAN	1735	DIO3	8.602	368	1	0	1.0	0.0	8.602
LIRB1_HUMAN	10859	LILRB1	8.602	368	1	2	1.0	0.0	8.602
DLL4_HUMAN	54567	DLL4	8.602	368	1	0	1.0	0.0	8.602
CN37_HUMAN	1267	CNP	8.601	369	1	1	1.0	0.0	8.601
SIAL_HUMAN	3381	IBSP	8.601	369	1	0	1.0	0.0	8.601
SIR2_HUMAN	22933	SIRT2	8.601	369	1	1	1.0	0.0	8.601
LSM2_HUMAN	57819	LSM2	8.601	369	1	0	1.0	0.0	8.601
ARBK1_HUMAN	156	GRK2	8.592	377	1	3	1.0	0.0	8.592
PTH1R_HUMAN	5745	PTH1R	8.591	378	1	1	1.0	0.0	8.591
LIPN_HUMAN	643418	LIPN	8.589	380	1	1	1.0	0.0	8.589
HEMH_HUMAN	2235	FECH	8.586	382	1	0	1.0	0.0	8.586
SNP25_HUMAN	6616	SNAP25	8.586	382	1	0	1.0	0.0	8.586
TBL1R_HUMAN	79718	TBL1XR1	8.586	382	1	0	1.0	0.0	8.586
VITRN_HUMAN	5212	VIT	8.583	385	1	1	1.0	0.0	8.583
GBRAP_HUMAN	11337	GABARAP	8.576	391	1	6	1.0	0.0	8.576
FEN1_HUMAN	2237	FEN1	8.575	392	1	0	1.0	0.0	8.575
HTRA1_HUMAN	5654	HTRA1	8.572	395	1	1	1.0	0.0	8.572
PRKN_HUMAN	5071	PRKN	8.565	401	1	0	1.0	0.0	8.565
RL5_HUMAN	6125	RPL5	8.564	402	1	0	1.0	0.0	8.564
DCC_HUMAN	1630	DCC	8.562	404	1	0	1.0	0.0	8.562
SOX10_HUMAN	6663	SOX10	8.561	405	1	0	1.0	0.0	8.561
TAZ_HUMAN	6901	TAZ	8.56	406	1	5	1.0	0.0	8.56
ANAG_HUMAN	4669	NAGLU	8.559	407	1	1	1.0	0.0	8.559
RICTR_HUMAN	253260	RICTOR	8.559	407	1	0	1.0	0.0	8.559
DLG4_HUMAN	1742	DLG4	8.558	408	1	2	1.0	0.0	8.558
NFAC1_HUMAN	4772	NFATC1	8.558	408	1	3	1.0	0.0	8.558
ATF6A_HUMAN	22926	ATF6	8.558	408	1	7	1.0	0.0	8.558
CEAM1_HUMAN	634	CEACAM1	8.552	413	1	0	1.0	0.0	8.552
CSH1_HUMAN	1442	CSH1	8.546	419	1	0	1.0	0.0	8.546
GCH1_HUMAN	2643	GCH1	8.546	419	1	0	1.0	0.0	8.546
PGS2_HUMAN	1634	DCN	8.544	421	1	0	1.0	0.0	8.544
GUAD_HUMAN	9615	GDA	8.543	422	1	0	1.0	0.0	8.543
SNW1_HUMAN	22938	SNW1	8.543	422	1	0	1.0	0.0	8.543
KGP1_HUMAN	5592	PRKG1	8.542	423	1	0	1.0	0.0	8.542
CASP6_HUMAN	839	CASP6	8.541	424	1	0	1.0	0.0	8.541
SYWC_HUMAN	7453	WARS	8.539	426	1	0	1.0	0.0	8.539
CYR61_HUMAN	3491	CYR61	8.535	430	1	0	1.0	0.0	8.535
MTRR_HUMAN	4552	MTRR	8.534	431	1	0	1.0	0.0	8.534
GTR3_HUMAN	6515	SLC2A3	8.533	432	1	0	1.0	0.0	8.533
STX1A_HUMAN	6804	STX1A	8.53	435	1	0	1.0	0.0	8.53
BMP6_HUMAN	654	BMP6	8.529	436	1	2	1.0	0.0	8.529
ERCC5_HUMAN	2073	ERCC5	8.528	437	1	1	1.0	0.0	8.528
MOT1_HUMAN	6566	SLC16A1	8.523	442	1	1	1.0	0.0	8.523
41_HUMAN	2035	EPB41	8.511	454	1	0	1.0	0.0	8.511
PITX2_HUMAN	5308	PITX2	8.502	464	1	0	1.0	0.0	8.502
SOST_HUMAN	50964	SOST	8.502	464	1	0	1.0	0.0	8.502
PCSK5_HUMAN	5125	PCSK5	8.501	465	1	0	1.0	0.0	8.501
SRF_HUMAN	6722	SRF	8.499	467	1	6	1.0	0.0	8.499
BL1S2_HUMAN	282991	BLOC1S2	8.496	470	1	0	1.0	0.0	8.496
GHSR_HUMAN	2693	GHSR	8.487	480	1	1	1.0	0.0	8.487
MYOC_HUMAN	4653	MYOC	8.487	480	1	1	1.0	0.0	8.487
IL16_HUMAN	3603	IL16	8.486	481	1	0	1.0	0.0	8.486
SC6A2_HUMAN	6530	SLC6A2	8.486	481	1	1	1.0	0.0	8.486
IBP7_HUMAN	3490	IGFBP7	8.482	486	1	0	1.0	0.0	8.482
S29A1_HUMAN	2030	SLC29A1	8.48	488	1	1	1.0	0.0	8.48
PD2R_HUMAN	5729	PTGDR	8.479	489	1	2	1.0	0.0	8.479
ACADM_HUMAN	34	ACADM	8.478	490	1	0	1.0	0.0	8.478
SMN_HUMAN	6607	SMN2	8.476	492	1	2	1.0	0.0	8.476
BPI_HUMAN	671	BPI	8.473	496	1	0	1.0	0.0	8.473
AQP2_HUMAN	359	AQP2	8.472	497	1	1	1.0	0.0	8.472
RPP14_HUMAN	11102	RPP14	8.47	499	1	0	1.0	0.0	8.47
MSMB_HUMAN	4477	MSMB	8.463	507	1	0	1.0	0.0	8.463
P85B_HUMAN	5296	PIK3R2	8.461	510	1	0	1.0	0.0	8.461
FUT2_HUMAN	2524	FUT2	8.459	512	1	0	1.0	0.0	8.459
ATF2_HUMAN	1386	ATF2	8.457	514	1	0	1.0	0.0	8.457
APOC2_HUMAN	344	APOC2	8.454	518	1	0	1.0	0.0	8.454
IRS2_HUMAN	8660	IRS2	8.451	522	1	3	1.0	0.0	8.451
PRVA_HUMAN	5816	PVALB	8.441	534	1	0	1.0	0.0	8.441
V2R_HUMAN	554	AVPR2	8.44	535	1	0	1.0	0.0	8.44
MAG_HUMAN	4099	MAG	8.435	541	1	0	1.0	0.0	8.435
CDK5_HUMAN	1020	CDK5	8.422	558	1	1	1.0	0.0	8.422
DDX58_HUMAN	23586	DDX58	8.42	560	1	7	1.0	0.0	8.42
CD177_HUMAN	57126	CD177	8.417	564	1	0	1.0	0.0	8.417
SYNEM_HUMAN	23336	SYNM	8.414	568	1	0	1.0	0.0	8.414
IFIT1_HUMAN	3434	IFIT1	8.413	569	1	0	1.0	0.0	8.413
CXL13_HUMAN	10563	CXCL13	8.412	570	1	0	1.0	0.0	8.412
ID1_HUMAN	3397	ID1	8.409	575	1	2	1.0	0.0	8.409
SYCY1_HUMAN	30816	ERVW-1	8.404	581	1	1	1.0	0.0	8.404
PEDF_HUMAN	5176	SERPINF1	8.403	583	1	1	1.0	0.0	8.403
ARSA_HUMAN	410	ARSA	8.399	588	1	0	1.0	0.0	8.399
ATX1_HUMAN	6310	ATXN1	8.398	589	1	0	1.0	0.0	8.398
IKKA_HUMAN	1147	CHUK	8.397	590	1	0	1.0	0.0	8.397
SQSTM_HUMAN	8878	SQSTM1	8.395	593	1	0	1.0	0.0	8.395
CCL7_HUMAN	6354	CCL7	8.391	599	1	1	1.0	0.0	8.391
SNF5_HUMAN	6598	SMARCB1	8.388	603	1	0	1.0	0.0	8.388
AIRE_HUMAN	326	AIRE	8.381	613	1	0	1.0	0.0	8.381
TRPC6_HUMAN	7225	TRPC6	8.379	615	1	0	1.0	0.0	8.379
UCP2_HUMAN	7351	UCP2	8.377	618	1	0	1.0	0.0	8.377
ENOA_HUMAN	2023	ENO1	8.375	622	1	1	1.0	0.0	8.375
D103A_HUMAN	55894	DEFB103B	8.374	623	1	0	1.0	0.0	8.374
VEGFD_HUMAN	2277	VEGFD	8.369	630	1	4	1.0	0.0	8.369
PDGFA_HUMAN	5154	PDGFA	8.368	632	1	1	1.0	0.0	8.368
AKT2_HUMAN	208	AKT2	8.365	636	1	3	1.0	0.0	8.365
PMP22_HUMAN	5376	PMP22	8.363	638	1	0	1.0	0.0	8.363
IPYR_HUMAN	5464	PPA1	8.363	638	1	0	1.0	0.0	8.363
LYN_HUMAN	4067	LYN	8.362	640	1	0	1.0	0.0	8.362
CTF1_HUMAN	1489	CTF1	8.356	649	1	0	1.0	0.0	8.356
NMDZ1_HUMAN	2902	GRIN1	8.353	654	1	0	1.0	0.0	8.353
ATX2_HUMAN	6311	ATXN2	8.352	655	1	0	1.0	0.0	8.352
PAF15_HUMAN	9768	PCLAF	8.351	656	1	0	1.0	0.0	8.351
TBB3_HUMAN	10381	TUBB3	8.351	657	1	1	1.0	0.0	8.351
WNT5A_HUMAN	7474	WNT5A	8.346	664	1	3	1.0	0.0	8.346
PGS1_HUMAN	633	BGN	8.343	669	1	4	1.0	0.0	8.343
RAN_HUMAN	5901	RAN	8.342	670	1	0	1.0	0.0	8.342
NKX25_HUMAN	1482	NKX2-5	8.34	674	1	6	1.0	0.0	8.34
GPX1_HUMAN	2876	GPX1	8.336	679	1	0	1.0	0.0	8.336
PPARD_HUMAN	5467	PPARD	8.336	680	1	3	1.0	0.0	8.336
VPP2_HUMAN	23545	ATP6V0A2	8.336	680	1	0	1.0	0.0	8.336
CMA1_HUMAN	1215	CMA1	8.333	684	1	2	1.0	0.0	8.333
PKD2_HUMAN	5311	PKD2	8.333	685	1	1	1.0	0.0	8.333
CDK20_HUMAN	23552	CDK20	8.321	704	1	0	1.0	0.0	8.321
CCL22_HUMAN	6367	CCL22	8.307	727	1	0	1.0	0.0	8.307
STAR_HUMAN	6770	STAR	8.305	730	1	0	1.0	0.0	8.305
C11B2_HUMAN	1585	CYP11B2	8.304	731	1	0	1.0	0.0	8.304
TY3H_HUMAN	7054	TH	8.303	734	1	0	1.0	0.0	8.303
FSHR_HUMAN	2492	FSHR	8.297	743	1	0	1.0	0.0	8.297
COPE_HUMAN	11316	COPE	8.293	751	1	0	1.0	0.0	8.293
AMPE_HUMAN	2028	ENPEP	8.291	754	1	1	1.0	0.0	8.291
ATN1_HUMAN	1822	ATN1	8.29	755	1	0	1.0	0.0	8.29
SO1B1_HUMAN	10599	SLCO1B1	8.29	756	1	1	1.0	0.0	8.29
ADRB3_HUMAN	155	ADRB3	8.286	763	1	4	1.0	0.0	8.286
SPRC_HUMAN	6678	SPARC	8.281	772	1	1	1.0	0.0	8.281
BASI_HUMAN	682	BSG	8.273	785	1	0	1.0	0.0	8.273
BAK_HUMAN	578	BAK1	8.271	790	1	2	1.0	0.0	8.271
CO6_HUMAN	729	C6	8.27	791	1	0	1.0	0.0	8.27
GRB2_HUMAN	2885	GRB2	8.27	792	1	2	1.0	0.0	8.27
PAEP_HUMAN	5047	PAEP	8.27	791	1	0	1.0	0.0	8.27
SMG1_HUMAN	23049	SMG1	8.267	797	1	0	1.0	0.0	8.267
RETN_HUMAN	56729	RETN	8.267	796	1	1	1.0	0.0	8.267
MUC18_HUMAN	4162	MCAM	8.259	812	1	0	1.0	0.0	8.259
CASR_HUMAN	846	CASR	8.254	820	1	1	1.0	0.0	8.254
TOR1A_HUMAN	1861	TOR1A	8.252	824	1	0	1.0	0.0	8.252
CP24A_HUMAN	1591	CYP24A1	8.249	831	1	0	1.0	0.0	8.249
PIP_HUMAN	5304	PIP	8.247	835	1	0	1.0	0.0	8.247
VTDB_HUMAN	2638	GC	8.246	837	1	0	1.0	0.0	8.246
CATL1_HUMAN	1514	CTSL	8.245	839	1	0	1.0	0.0	8.245
DCTN6_HUMAN	10671	DCTN6	8.242	844	1	1	1.0	0.0	8.242
MX1_HUMAN	4599	MX1	8.24	848	1	7	1.0	0.0	8.24
RHD_HUMAN	6007	RHD	8.237	854	1	0	1.0	0.0	8.237
EWS_HUMAN	2130	EWSR1	8.233	862	1	0	1.0	0.0	8.233
NTRK2_HUMAN	4915	NTRK2	8.229	870	1	1	1.0	0.0	8.229
CP2C8_HUMAN	1558	CYP2C8	8.223	882	1	3	1.0	0.0	8.223
RTN4_HUMAN	57142	RTN4	8.223	882	1	0	1.0	0.0	8.223
CH3L1_HUMAN	1116	CHI3L1	8.222	884	1	1	1.0	0.0	8.222
HXK4_HUMAN	2645	GCK	8.22	887	1	0	1.0	0.0	8.22
ALDH2_HUMAN	217	ALDH2	8.216	896	1	1	1.0	0.0	8.216
CO5_HUMAN	727	C5	8.216	897	1	0	1.0	0.0	8.216
PTN22_HUMAN	26191	PTPN22	8.216	896	1	0	1.0	0.0	8.216
CY24B_HUMAN	1536	CYBB	8.215	898	1	0	1.0	0.0	8.215
ATX3_HUMAN	4287	ATXN3	8.21	909	1	0	1.0	0.0	8.21
SDHB_HUMAN	6390	SDHB	8.209	910	1	0	1.0	0.0	8.209
EF1A2_HUMAN	1917	EEF1A2	8.208	912	1	0	1.0	0.0	8.208
BMI1_HUMAN	648	BMI1	8.198	935	1	2	1.0	0.0	8.198
L1CAM_HUMAN	3897	L1CAM	8.188	955	1	0	1.0	0.0	8.188
PAX6_HUMAN	5080	PAX6	8.184	964	1	0	1.0	0.0	8.184
CP21A_HUMAN	1589	CYP21A2	8.182	970	1	0	1.0	0.0	8.182
FOLH1_HUMAN	2346	FOLH1	8.174	986	1	4	1.0	0.0	8.174
PPAP_HUMAN	55	ACPP	8.17	995	1	0	1.0	0.0	8.17
CXCR2_HUMAN	3579	CXCR2	8.17	995	1	0	1.0	0.0	8.17
NOS1_HUMAN	4842	NOS1	8.17	995	1	0	1.0	0.0	8.17
NKX21_HUMAN	7080	NKX2-1	8.161	1017	1	0	1.0	0.0	8.161
ADML_HUMAN	133	ADM	8.155	1031	1	0	1.0	0.0	8.155
ANGI_HUMAN	283	ANG	8.152	1039	1	0	1.0	0.0	8.152
DPOLA_HUMAN	5422	POLA1	8.151	1041	1	0	1.0	0.0	8.151
GDN_HUMAN	5270	SERPINE2	8.15	1043	1	0	1.0	0.0	8.15
ERCC2_HUMAN	2068	ERCC2	8.146	1053	1	2	1.0	0.0	8.146
FCG2A_HUMAN	2212	FCGR2A	8.141	1066	1	0	1.0	0.0	8.141
APEX1_HUMAN	328	APEX1	8.14	1067	1	0	1.0	0.0	8.14
ERBB4_HUMAN	2066	ERBB4	8.139	1071	1	2	1.0	0.0	8.139
KCNQ1_HUMAN	3784	KCNQ1	8.132	1087	1	0	1.0	0.0	8.132
TGFB3_HUMAN	7043	TGFB3	8.13	1092	1	2	1.0	0.0	8.13
CEBPB_HUMAN	1051	CEBPB	8.128	1097	1	5	1.0	0.0	8.128
TRPV1_HUMAN	7442	TRPV1	8.127	1100	1	0	1.0	0.0	8.127
WDHD1_HUMAN	11169	WDHD1	8.127	1100	1	0	1.0	0.0	8.127
PA2GA_HUMAN	5320	PLA2G2A	8.125	1104	1	0	1.0	0.0	8.125
ALDR_HUMAN	231	AKR1B1	8.122	1112	1	0	1.0	0.0	8.122
HXK1_HUMAN	3098	HK1	8.11	1143	1	3	1.0	0.0	8.11
CENPJ_HUMAN	55835	CENPJ	8.106	1155	1	0	1.0	0.0	8.106
FOXO1_HUMAN	2308	FOXO1	8.103	1163	1	0	1.0	0.0	8.103
AGAL_HUMAN	2717	GLA	8.099	1174	1	1	1.0	0.0	8.099
PDGFB_HUMAN	5155	PDGFB	8.099	1172	1	0	1.0	0.0	8.099
SCN5A_HUMAN	6331	SCN5A	8.095	1183	1	0	1.0	0.0	8.095
MARH8_HUMAN	220972	MARCH8	8.093	1189	1	0	1.0	0.0	8.093
DAF_HUMAN	1604	CD55	8.086	1210	1	2	1.0	0.0	8.086
CNOT8_HUMAN	9337	CNOT8	8.086	1210	1	1	1.0	0.0	8.086
ADRB1_HUMAN	153	ADRB1	8.083	1218	1	1	1.0	0.0	8.083
PDLI7_HUMAN	9260	PDLIM7	8.073	1246	1	0	1.0	0.0	8.073
NKG2D_HUMAN	22914	KLRK1	8.073	1245	1	1	1.0	0.0	8.073
AP2A_HUMAN	7020	TFAP2A	8.072	1247	1	0	1.0	0.0	8.072
GDNF_HUMAN	2668	GDNF	8.07	1253	1	0	1.0	0.0	8.07
GROA_HUMAN	2919	CXCL1	8.068	1260	1	0	1.0	0.0	8.068
MECP2_HUMAN	4204	MECP2	8.067	1263	1	2	1.0	0.0	8.067
BMP7_HUMAN	655	BMP7	8.061	1280	1	0	1.0	0.0	8.061
DQA1_HUMAN	3117	HLA-DQA1	8.054	1302	1	0	1.0	0.0	8.054
SHH_HUMAN	6469	SHH	8.054	1302	1	0	1.0	0.0	8.054
HD_HUMAN	3064	HTT	8.047	1323	1	5	1.0	0.0	8.047
ABCA1_HUMAN	19	ABCA1	8.043	1333	1	1	1.0	0.0	8.043
CXCR3_HUMAN	2833	CXCR3	8.036	1355	1	2	1.0	0.0	8.036
KLK4_HUMAN	9622	KLK4	8.03	1375	1	0	1.0	0.0	8.03
TSC1_HUMAN	7248	TSC1	8.028	1381	1	0	1.0	0.0	8.028
RO52_HUMAN	6737	TRIM21	8.025	1390	1	0	1.0	0.0	8.025
CCR7_HUMAN	1236	CCR7	8.019	1409	1	0	1.0	0.0	8.019
IL6RA_HUMAN	3570	IL6R	8.003	1462	1	2	1.0	0.0	8.003
RET4_HUMAN	5950	RBP4	7.995	1491	1	5	1.0	0.0	7.995
TNFB_HUMAN	4049	LTA	7.99	1506	1	0	1.0	0.0	7.99
PML_HUMAN	5371	PML	7.988	1516	1	0	1.0	0.0	7.988
PER2_HUMAN	8864	PER2	7.988	1516	1	0	1.0	0.0	7.988
EDNRA_HUMAN	1909	EDNRA	7.963	1603	1	0	1.0	0.0	7.963
VEGFC_HUMAN	7424	VEGFC	7.962	1609	1	0	1.0	0.0	7.962
TNR1B_HUMAN	7133	TNFRSF1B	7.955	1635	1	0	1.0	0.0	7.955
CAV1_HUMAN	857	CAV1	7.944	1675	1	1	1.0	0.0	7.944
IDHC_HUMAN	3417	IDH1	7.942	1683	1	0	1.0	0.0	7.942
LOX5_HUMAN	240	ALOX5	7.933	1718	1	0	1.0	0.0	7.933
PLGF_HUMAN	5228	PGF	7.932	1722	1	0	1.0	0.0	7.932
VTNC_HUMAN	7448	VTN	7.92	1771	1	0	1.0	0.0	7.92
KPCA_HUMAN	5578	PRKCA	7.918	1780	1	1	1.0	0.0	7.918
CFAH_HUMAN	3075	CFH	7.915	1793	1	0	1.0	0.0	7.915
ANF_HUMAN	4878	NPPA	7.915	1793	1	1	1.0	0.0	7.915
MIF_HUMAN	4282	MIF	7.914	1798	1	0	1.0	0.0	7.914
NGF_HUMAN	4803	NGF	7.914	1798	1	0	1.0	0.0	7.914
HMGB1_HUMAN	3146	HMGB1	7.91	1811	1	3	1.0	0.0	7.91
CR2_HUMAN	1380	CR2	7.909	1815	1	1	1.0	0.0	7.909
THIO_HUMAN	7295	TXN	7.9	1854	1	0	1.0	0.0	7.9
ERG_HUMAN	2078	ERG	7.899	1860	1	0	1.0	0.0	7.899
PYC_HUMAN	5091	PC	7.899	1859	1	0	1.0	0.0	7.899
ILRL1_HUMAN	9173	IL1RL1	7.896	1872	1	0	1.0	0.0	7.896
HSPB1_HUMAN	3315	HSPB1	7.894	1880	1	0	1.0	0.0	7.894
CH60_HUMAN	3329	HSPD1	7.89	1898	1	1	1.0	0.0	7.89
KPCD_HUMAN	5580	PRKCD	7.886	1915	1	1	1.0	0.0	7.886
RAF1_HUMAN	5894	RAF1	7.881	1938	1	1	1.0	0.0	7.881
LIF_HUMAN	3976	LIF	7.88	1943	1	0	1.0	0.0	7.88
TNNI3_HUMAN	7137	TNNI3	7.88	1943	1	0	1.0	0.0	7.88
PAX5_HUMAN	5079	PAX5	7.875	1964	1	0	1.0	0.0	7.875
FCER2_HUMAN	2208	FCER2	7.871	1985	1	0	1.0	0.0	7.871
ZNF77_HUMAN	58492	ZNF77	7.867	2001	1	1	1.0	0.0	7.867
PUM3_HUMAN	9933	PUM3	7.866	2006	1	0	1.0	0.0	7.866
LEG1_HUMAN	3956	LGALS1	7.861	2031	1	0	1.0	0.0	7.861
PSMD1_HUMAN	5707	PSMD1	7.835	2154	1	0	1.0	0.0	7.835
IL23A_HUMAN	51561	IL23A	7.832	2171	1	0	1.0	0.0	7.832
MRP1_HUMAN	4363	ABCC1	7.83	2177	1	0	1.0	0.0	7.83
HLAG_HUMAN	3135	HLA-G	7.817	2247	1	0	1.0	0.0	7.817
THYG_HUMAN	7038	TG	7.816	2252	1	0	1.0	0.0	7.816
K2C7_HUMAN	3855	KRT7	7.814	2263	1	0	1.0	0.0	7.814
DRD2_HUMAN	1813	DRD2	7.805	2309	1	0	1.0	0.0	7.805
BAD_HUMAN	572	BAD	7.8	2337	1	0	1.0	0.0	7.8
TMED2_HUMAN	10959	TMED2	7.795	2361	1	0	1.0	0.0	7.795
GSTP1_HUMAN	2950	GSTP1	7.794	2367	1	1	1.0	0.0	7.794
IBP1_HUMAN	3484	IGFBP1	7.784	2421	1	1	1.0	0.0	7.784
HCFC1_HUMAN	3054	HCFC1	7.783	2426	1	0	1.0	0.0	7.783
CP2B6_HUMAN	1555	CYP2B6	7.781	2440	1	0	1.0	0.0	7.781
ITIH4_HUMAN	3700	ITIH4	7.781	2437	1	0	1.0	0.0	7.781
B3GA1_HUMAN	27087	B3GAT1	7.776	2467	1	0	1.0	0.0	7.776
IL15_HUMAN	3600	IL15	7.764	2534	1	0	1.0	0.0	7.764
CSF1_HUMAN	1435	CSF1	7.751	2616	1	0	1.0	0.0	7.751
SLIB_HUMAN	2691	GHRH	7.748	2635	1	0	1.0	0.0	7.748
TSHR_HUMAN	7253	TSHR	7.748	2634	1	0	1.0	0.0	7.748
TF_HUMAN	2152	F3	7.746	2644	1	1	1.0	0.0	7.746
MCL1_HUMAN	4170	MCL1	7.742	2669	1	2	1.0	0.0	7.742
CAH2_HUMAN	760	CA2	7.739	2690	1	3	1.0	0.0	7.739
COX1_HUMAN	4512	MT-CO1	7.728	2758	1	1	1.0	0.0	7.728
ALK_HUMAN	238	ALK	7.723	2791	1	3	1.0	0.0	7.723
LYAM1_HUMAN	6402	SELL	7.715	2840	1	0	1.0	0.0	7.715
CP1A1_HUMAN	1543	CYP1A1	7.687	3030	1	1	1.0	0.0	7.687
FA5_HUMAN	2153	F5	7.687	3031	1	0	1.0	0.0	7.687
HMOX1_HUMAN	3162	HMOX1	7.687	3032	1	1	1.0	0.0	7.687
CP2C9_HUMAN	1559	CYP2C9	7.678	3093	1	0	1.0	0.0	7.678
IKBA_HUMAN	4792	NFKBIA	7.675	3112	1	1	1.0	0.0	7.675
CDK2_HUMAN	1017	CDK2	7.672	3134	1	0	1.0	0.0	7.672
GFAP_HUMAN	2670	GFAP	7.667	3173	1	0	1.0	0.0	7.667
GCR_HUMAN	2908	NR3C1	7.656	3252	1	2	1.0	0.0	7.656
CDK4_HUMAN	1019	CDK4	7.645	3335	1	0	1.0	0.0	7.645
FPR1_HUMAN	2357	FPR1	7.619	3542	1	0	1.0	0.0	7.619
MDM2_HUMAN	4193	MDM2	7.619	3545	1	0	1.0	0.0	7.619
CD2_HUMAN	914	CD2	7.596	3738	1	0	1.0	0.0	7.596
CCR5_HUMAN	1234	CCR5	7.591	3774	1	0	1.0	0.0	7.591
IL18_HUMAN	3606	IL18	7.571	3957	1	0	1.0	0.0	7.571
ERAL1_HUMAN	26284	ERAL1	7.568	3986	1	0	1.0	0.0	7.568
CP2D6_HUMAN	1565	CYP2D6	7.563	4031	1	0	1.0	0.0	7.563
SRC_HUMAN	6714	SRC	7.527	4377	1	1	1.0	0.0	7.527
LDLR_HUMAN	3949	LDLR	7.524	4411	1	0	1.0	0.0	7.524
MTHR_HUMAN	4524	MTHFR	7.514	4515	1	0	1.0	0.0	7.514
NEP_HUMAN	4311	MME	7.512	4534	1	0	1.0	0.0	7.512
SP1_HUMAN	6667	SP1	7.506	4591	1	1	1.0	0.0	7.506
RB_HUMAN	5925	RB1	7.504	4614	1	0	1.0	0.0	7.504
IL3_HUMAN	3562	IL3	7.503	4630	1	0	1.0	0.0	7.503
S17A5_HUMAN	26503	SLC17A5	7.501	4645	1	0	1.0	0.0	7.501
SHBG_HUMAN	6462	SHBG	7.498	4679	1	0	1.0	0.0	7.498
DDIT3_HUMAN	1649	DDIT3	7.489	4779	1	0	1.0	0.0	7.489
TNF10_HUMAN	8743	TNFSF10	7.484	4830	1	0	1.0	0.0	7.484
EGF_HUMAN	1950	EGF	7.478	4898	1	0	1.0	0.0	7.478
IGF2_HUMAN	3481	IGF2	7.464	5059	1	0	1.0	0.0	7.464
MMP1_HUMAN	4312	MMP1	7.464	5066	1	0	1.0	0.0	7.464
GAST_HUMAN	2520	GAST	7.458	5136	1	0	1.0	0.0	7.458
FOXP3_HUMAN	50943	FOXP3	7.45	5222	1	4	1.0	0.0	7.45
NEU2_HUMAN	551	AVP	7.434	5426	1	0	1.0	0.0	7.434
VCAM1_HUMAN	7412	VCAM1	7.422	5577	1	0	1.0	0.0	7.422
ANFB_HUMAN	4879	NPPB	7.411	5715	1	0	1.0	0.0	7.411
PCNA_HUMAN	5111	PCNA	7.404	5813	1	0	1.0	0.0	7.404
TLR4_HUMAN	7099	TLR4	7.359	6440	1	1	1.0	0.0	7.359
STAT3_HUMAN	6774	STAT3	7.311	7199	1	1	1.0	0.0	7.311
PRL_HUMAN	5617	PRL	7.277	7779	1	0	1.0	0.0	7.277
ALAT1_HUMAN	2875	GPT	7.26	8086	1	0	1.0	0.0	7.26
PGH2_HUMAN	5743	PTGS2	7.248	8324	1	0	1.0	0.0	7.248
PRGR_HUMAN	5241	PGR	7.235	8583	1	0	1.0	0.0	7.235
IL2RA_HUMAN	3559	IL2RA	7.224	8791	1	0	1.0	0.0	7.224
MYC_HUMAN	4609	MYC	7.155	10313	1	0	1.0	0.0	7.155
FIBB_HUMAN	2244	FGB	6.982	15352	1	0	1.0	0.0	6.982
