Big_T	6156
Big_F	17252753
UniProtKB_ID	GeneID	Gene_Name	PPS	Big_P	T+P	Citation	1+Log(T+P)	log10((Cit/yr+1)/10)	1+log10(F/T)+log10(F/P)
P53_HUMAN	7157	TP53	44.325	46130	1280	1608	4.107	2.207	7.02
ARF_HUMAN	1029	CDKN2A	41.128	9187	329	644	3.517	1.81	7.721
EGFR_HUMAN	1956	EGFR	36.469	30695	163	715	3.212	1.855	7.197
SF3B1_HUMAN	23451	SF3B1	35.826	291	39	196	2.591	1.294	9.22
ASXL1_HUMAN	171023	ASXL1	34.513	351	36	165	2.556	1.22	9.139
CTNB1_HUMAN	1499	CTNNB1	34.359	8844	87	316	2.94	1.501	7.738
RASK_HUMAN	3845	KRAS	34.163	10492	138	207	3.14	1.318	7.663
MDM2_HUMAN	4193	MDM2	33.539	3545	84	157	2.924	1.199	8.135
IDHC_HUMAN	3417	IDH1	33.168	1683	56	148	2.748	1.173	8.458
ERBB2_HUMAN	2064	ERBB2	32.97	26330	93	371	2.968	1.571	7.264
CHK2_HUMAN	11200	CHEK2	31.365	1355	50	92	2.699	0.968	8.552
AMER1_HUMAN	139285	AMER1	29.704	56	4	243	1.602	1.387	9.936
BRCA1_HUMAN	672	BRCA1	29.157	9743	75	81	2.875	0.914	7.695
CDN1A_HUMAN	1026	CDKN1A	27.1	5857	53	49	2.724	0.699	7.917
NOTC1_HUMAN	4851	NOTCH1	26.968	2179	13	130	2.114	1.117	8.346
CDK4_HUMAN	1019	CDK4	26.956	3335	49	40	2.69	0.613	8.161
RB_HUMAN	5925	RB1	26.049	4614	30	58	2.477	0.771	8.02
PK3CA_HUMAN	5290	PIK3CA	25.992	2646	25	55	2.398	0.748	8.262
NF1_HUMAN	4763	NF1	25.858	5140	25	69	2.398	0.845	7.973
AKT3_HUMAN	10000	AKT3	25.405	289	8	70	1.903	0.851	9.223
FOXM1_HUMAN	2305	FOXM1	24.888	872	3	233	1.477	1.369	8.744
FGFR3_HUMAN	2261	FGFR3	24.791	1310	27	28	2.431	0.462	8.567
AKT1_HUMAN	207	AKT1	24.25	18505	31	59	2.491	0.778	7.417
PTEN_HUMAN	5728	PTEN	24.224	6259	31	37	2.491	0.58	7.888
CDK6_HUMAN	1021	CDK6	23.792	1532	9	69	1.954	0.845	8.499
RAD50_HUMAN	10111	RAD50	23.766	464	12	35	2.079	0.556	9.018
ATM_HUMAN	472	ATM	23.379	2339	24	26	2.38	0.431	8.315
PRIMA_HUMAN	145270	PRIMA1	21.576	195	11	17	2.041	0.255	9.394
EZH2_HUMAN	2146	EZH2	20.966	1309	10	27	2.0	0.447	8.567
CBP_HUMAN	1387	CREBBP	20.843	1601	7	40	1.845	0.613	8.48
MYCN_HUMAN	4613	MYCN	20.405	2383	13	21	2.114	0.342	8.307
CEBPA_HUMAN	1050	CEBPA	20.399	1727	13	19	2.114	0.301	8.447
DDX3X_HUMAN	1654	DDX3X	20.145	153	3	43	1.477	0.643	9.5
MGMT_HUMAN	4255	MGMT	19.914	2601	16	15	2.204	0.204	8.269
MYC_HUMAN	4609	MYC	19.399	10313	13	25	2.114	0.415	7.671
PARP1_HUMAN	142	PARP1	19.31	6579	15	18	2.176	0.279	7.866
CFAH_HUMAN	3075	CFH	19.074	1793	3	60	1.477	0.785	8.431
ESR1_HUMAN	2099	ESR1	18.999	13814	10	32	2.0	0.519	7.544
BRAF_HUMAN	673	BRAF	18.83	6965	9	27	1.954	0.447	7.841
CHK1_HUMAN	1111	CHEK1	18.526	1262	8	17	1.903	0.255	8.583
K1C20_HUMAN	54474	KRT20	18.307	10103	11	21	2.041	0.342	7.68
DNM3A_HUMAN	1788	DNMT3A	18.122	930	8	14	1.903	0.176	8.716
FLT3_HUMAN	2322	FLT3	18.092	2594	11	13	2.041	0.146	8.27
MLH1_HUMAN	4292	MLH1	18.019	3231	16	8	2.204	0.0	8.175
MYCL_HUMAN	4610	MYCL	17.987	302	5	17	1.699	0.255	9.204
MTOR_HUMAN	2475	MTOR	17.76	14590	10	22	2.0	0.362	7.52
STAG2_HUMAN	10735	STAG2	17.664	111	4	16	1.602	0.23	9.639
FHIT_HUMAN	2272	FHIT	17.607	760	10	2	2.0	0.0	8.803
JAK2_HUMAN	3717	JAK2	17.418	4222	5	28	1.699	0.462	8.059
SIR1_HUMAN	23411	SIRT1	17.39	2460	5	24	1.699	0.398	8.293
FAT1_HUMAN	2195	FAT1	16.777	211	2	30	1.301	0.491	9.36
MSH6_HUMAN	2956	MSH6	16.744	1307	9	7	1.954	0.0	8.568
CDK2_HUMAN	1017	CDK2	16.715	3134	11	5	2.041	0.0	8.188
RASH_HUMAN	3265	HRAS	16.623	2263	9	10	1.954	0.041	8.33
RPP14_HUMAN	11102	RPP14	16.58	499	7	1	1.845	0.0	8.986
KMT2A_HUMAN	4297	KMT2A	16.344	2095	6	14	1.778	0.176	8.363
PK3CD_HUMAN	5293	PIK3CD	16.271	6997	7	16	1.845	0.23	7.839
RASN_HUMAN	4893	NRAS	16.218	2546	7	12	1.845	0.114	8.278
TERT_HUMAN	7015	TERT	15.934	4242	5	18	1.699	0.279	8.057
IDHP_HUMAN	3418	IDH2	15.73	810	2	30	1.301	0.491	8.776
MIB1_HUMAN	57534	MIB1	15.584	3128	8	1	1.903	0.0	8.189
SMAD4_HUMAN	4089	SMAD4	15.479	1728	4	16	1.602	0.23	8.447
DCC_HUMAN	1630	DCC	15.423	404	5	1	1.699	0.0	9.078
HPRT_HUMAN	3251	HPRT1	15.382	2227	7	7	1.845	0.0	8.337
SH2B3_HUMAN	10019	SH2B3	15.256	145	4	4	1.602	0.0	9.523
IKZF1_HUMAN	10320	IKZF1	15.254	508	5	6	1.699	0.0	8.978
DAPK1_HUMAN	1612	DAPK1	15.234	522	5	5	1.699	0.0	8.967
BCL2_HUMAN	596	BCL2	15.204	23522	12	6	2.079	0.0	7.313
RRP44_HUMAN	22894	DIS3	15.175	40	1	31	1.0	0.505	10.082
SMYD2_HUMAN	56950	SMYD2	15.056	31	3	9	1.477	0.0	10.193
ETV6_HUMAN	2120	ETV6	15.022	1723	6	3	1.778	0.0	8.448
BRCA2_HUMAN	675	BRCA2	15.008	6283	8	4	1.903	0.0	7.886
VGFR2_HUMAN	3791	KDR	14.985	6464	8	3	1.903	0.0	7.874
GRHL1_HUMAN	29841	GRHL1	14.909	39	3	0	1.477	0.0	10.093
E2F4_HUMAN	1874	E2F4	14.894	244	4	3	1.602	0.0	9.297
STK11_HUMAN	6794	STK11	14.818	917	5	1	1.699	0.0	8.722
BTK_HUMAN	695	BTK	14.711	859	3	15	1.477	0.204	8.75
MDM4_HUMAN	4194	MDM4	14.706	320	4	1	1.602	0.0	9.179
MSH2_HUMAN	4436	MSH2	14.703	2603	6	1	1.778	0.0	8.269
ARID2_HUMAN	196528	ARID2	14.633	264	2	18	1.301	0.279	9.263
CMGA_HUMAN	1113	CHGA	14.485	3455	6	1	1.778	0.0	8.146
E2F1_HUMAN	1869	E2F1	14.449	1512	5	5	1.699	0.0	8.505
FGFR1_HUMAN	2260	FGFR1	14.401	1615	5	9	1.699	0.0	8.476
P85A_HUMAN	5295	PIK3R1	14.392	658	3	13	1.477	0.146	8.866
ERCC1_HUMAN	2067	ERCC1	14.382	1656	5	4	1.699	0.0	8.465
DDIT3_HUMAN	1649	DDIT3	14.234	4779	6	4	1.778	0.0	8.005
KIT_HUMAN	3815	KIT	13.998	6488	6	3	1.778	0.0	7.872
ALK_HUMAN	238	ALK	13.997	2791	5	5	1.699	0.0	8.239
PLK1_HUMAN	5347	PLK1	13.985	901	4	8	1.602	0.0	8.73
BARD1_HUMAN	580	BARD1	13.976	167	3	4	1.477	0.0	9.462
HIC1_HUMAN	3090	HIC1	13.976	167	3	1	1.477	0.0	9.462
CDN1B_HUMAN	1027	CDKN1B	13.942	3007	5	7	1.699	0.0	8.206
CDX2_HUMAN	1045	CDX2	13.922	987	4	5	1.602	0.0	8.69
CDN2C_HUMAN	1031	CDKN2C	13.897	189	3	7	1.477	0.0	9.408
ERCC2_HUMAN	2068	ERCC2	13.877	1053	4	3	1.602	0.0	8.662
NBN_HUMAN	4683	NBN	13.847	1099	4	0	1.602	0.0	8.643
AURKA_HUMAN	6790	AURKA	13.825	1134	4	1	1.602	0.0	8.63
GATA3_HUMAN	2625	GATA3	13.817	1147	4	4	1.602	0.0	8.625
DIDO1_HUMAN	11083	DIDO1	13.798	12	2	0	1.301	0.0	10.605
DAXX_HUMAN	1616	DAXX	13.79	223	3	3	1.477	0.0	9.336
TEN1_HUMAN	10178	TENM1	13.782	3736	5	1	1.699	0.0	8.112
ALEX_HUMAN	2778	GNAS	13.741	1281	4	0	1.602	0.0	8.577
CEAM3_HUMAN	1084	CEACAM3	13.74	9052	6	1	1.778	0.0	7.727
CCND1_HUMAN	595	CCND1	13.711	9412	6	5	1.778	0.0	7.711
CD24_HUMAN	100133941	CD24	13.706	1346	4	9	1.602	0.0	8.555
TWSG1_HUMAN	57045	TWSG1	13.699	257	3	3	1.477	0.0	9.274
ING1_HUMAN	3621	ING1	13.661	273	3	0	1.477	0.0	9.248
NQO1_HUMAN	1728	NQO1	13.657	1445	4	3	1.602	0.0	8.524
H33_HUMAN	3021	H3F3B	13.586	51	1	22	1.0	0.362	9.977
BAX_HUMAN	581	BAX	13.574	11225	6	4	1.778	0.0	7.634
KILIN_HUMAN	100144748	KLLN	13.569	18	2	4	1.301	0.0	10.429
COBA2_HUMAN	1302	COL11A2	13.532	1728	4	6	1.602	0.0	8.447
CAD10_HUMAN	1008	CDH10	13.509	20	2	9	1.301	0.0	10.383
ELF3_HUMAN	1999	ELF3	13.465	240	1	27	1.0	0.447	9.304
HDAC6_HUMAN	10013	HDAC6	13.452	378	3	8	1.477	0.0	9.107
FGFR4_HUMAN	2264	FGFR4	13.4	410	3	3	1.477	0.0	9.072
ABL1_HUMAN	25	ABL1	13.395	6311	5	0	1.699	0.0	7.884
NOP53_HUMAN	29997	NOP53	13.193	35	2	0	1.301	0.0	10.14
CDK8_HUMAN	1024	CDK8	13.136	109	1	22	1.0	0.362	9.647
APC_HUMAN	324	APC	13.135	619	3	1	1.477	0.0	8.893
GA45A_HUMAN	1647	GADD45A	13.12	634	3	1	1.477	0.0	8.882
CD52_HUMAN	1043	CD52	13.115	639	3	7	1.477	0.0	8.879
WAP53_HUMAN	55135	WRAP53	13.103	41	2	1	1.301	0.0	10.072
BRD7_HUMAN	29117	BRD7	13.076	43	2	6	1.301	0.0	10.051
DICER_HUMAN	23405	DICER1	13.065	691	3	8	1.477	0.0	8.845
RSF1_HUMAN	51773	RSF1	13.063	44	2	3	1.301	0.0	10.041
PUR6_HUMAN	10606	PAICS	12.991	50	2	0	1.301	0.0	9.985
CIC_HUMAN	23152	CIC	12.948	54	2	1	1.301	0.0	9.952
CKS1_HUMAN	1163	CKS1B	12.927	56	2	1	1.301	0.0	9.936
INSC_HUMAN	387755	INSC	12.785	72	2	4	1.301	0.0	9.827
NDKA_HUMAN	4830	NME1	12.779	1079	3	0	1.477	0.0	8.651
NAB2_HUMAN	4665	NAB2	12.762	75	2	1	1.301	0.0	9.809
HELLS_HUMAN	3070	HELLS	12.726	80	2	1	1.301	0.0	9.781
IASPP_HUMAN	10848	PPP1R13L	12.726	80	2	4	1.301	0.0	9.781
IKZF3_HUMAN	22806	IKZF3	12.726	80	2	0	1.301	0.0	9.781
KC1A_HUMAN	1452	CSNK1A1	12.712	82	2	2	1.301	0.0	9.771
ATRX_HUMAN	546	ATRX	12.633	340	2	11	1.301	0.079	9.153
EGR1_HUMAN	1958	EGR1	12.61	1404	3	0	1.477	0.0	8.537
B2L11_HUMAN	10018	BCL2L11	12.59	365	2	11	1.301	0.079	9.122
DNMT1_HUMAN	1786	DNMT1	12.536	1576	3	6	1.477	0.0	8.487
HXB13_HUMAN	10481	HOXB13	12.521	115	2	2	1.301	0.0	9.624
RAD51_HUMAN	5888	RAD51	12.514	1631	3	7	1.477	0.0	8.472
MEN1_HUMAN	4221	MEN1	12.479	1723	3	0	1.477	0.0	8.448
GNA13_HUMAN	10672	GNA13	12.46	128	2	3	1.301	0.0	9.577
SUFU_HUMAN	51684	SUFU	12.46	128	2	1	1.301	0.0	9.577
MK14_HUMAN	1432	MAPK14	12.428	8447	4	0	1.602	0.0	7.758
HSPB1_HUMAN	3315	HSPB1	12.423	1880	3	1	1.477	0.0	8.41
PRGR_HUMAN	5241	PGR	12.417	8583	4	4	1.602	0.0	7.751
SPB3_HUMAN	6317	SERPINB3	12.395	1962	3	0	1.477	0.0	8.392
DDB2_HUMAN	1643	DDB2	12.293	172	2	3	1.301	0.0	9.449
DMBT1_HUMAN	1755	DMBT1	12.264	181	2	0	1.301	0.0	9.427
GPC6_HUMAN	10082	GPC6	12.257	32	1	15	1.0	0.204	10.179
AGAP2_HUMAN	116986	AGAP2	12.173	97	1	17	1.0	0.255	9.698
KLF6_HUMAN	1316	KLF6	12.159	218	2	7	1.301	0.0	9.346
HS90A_HUMAN	3320	HSP90AA1	12.125	2989	3	0	1.477	0.0	8.209
EP300_HUMAN	2033	EP300	12.116	3033	3	5	1.477	0.0	8.202
GFAP_HUMAN	2670	GFAP	12.087	3173	3	0	1.477	0.0	8.183
IFI27_HUMAN	3429	IFI27	12.058	3320	3	0	1.477	0.0	8.163
IRF5_HUMAN	3663	IRF5	12.012	283	2	1	1.301	0.0	9.233
TPP1_HUMAN	1200	TPP1	11.942	320	2	2	1.301	0.0	9.179
SETD2_HUMAN	29072	SETD2	11.905	342	2	1	1.301	0.0	9.15
ATF3_HUMAN	467	ATF3	11.836	386	2	5	1.301	0.0	9.098
IGF2_HUMAN	3481	IGF2	11.788	5059	3	1	1.477	0.0	7.98
FGF3_HUMAN	2248	FGF3	11.747	452	2	0	1.301	0.0	9.029
RS6_HUMAN	6194	RPS6	11.735	462	2	0	1.301	0.0	9.02
ATG4B_HUMAN	23192	ATG4B	11.724	52	1	14	1.0	0.176	9.968
FBXW7_HUMAN	55294	FBXW7	11.72	474	2	2	1.301	0.0	9.009
PTHD4_HUMAN	442213	PTCHD4	11.684	1	1	0	1.0	0.0	11.684
CTCF_HUMAN	10664	CTCF	11.681	508	2	0	1.301	0.0	8.978
MUTYH_HUMAN	4595	MUTYH	11.651	536	2	1	1.301	0.0	8.955
TET2_HUMAN	54790	TET2	11.636	550	2	1	1.301	0.0	8.944
FAAH2_HUMAN	158584	FAAH2	11.635	8	1	11	1.0	0.079	10.781
ANDR_HUMAN	367	AR	11.589	6901	3	1	1.477	0.0	7.845
ANXA5_HUMAN	308	ANXA5	11.588	6904	3	4	1.477	0.0	7.845
SNF5_HUMAN	6598	SMARCB1	11.584	603	2	0	1.301	0.0	8.904
CASP_HUMAN	1523	CUX1	11.573	615	2	2	1.301	0.0	8.895
NOX4_HUMAN	50507	NOX4	11.561	628	2	5	1.301	0.0	8.886
RBBP4_HUMAN	5928	RBBP4	11.491	711	2	1	1.301	0.0	8.832
GELS_HUMAN	2934	GSN	11.483	722	2	0	1.301	0.0	8.826
PGH2_HUMAN	5743	PTGS2	11.468	8324	3	0	1.477	0.0	7.764
RED2_HUMAN	105	ADARB2	11.404	28	1	12	1.0	0.114	10.237
YAP1_HUMAN	10413	YAP1	11.373	877	2	9	1.301	0.0	8.741
A0A024R7K5_HUMAN	100271849	MEF2B	11.37	30	1	12	1.0	0.114	10.207
IF1AX_HUMAN	1964	EIF1AX	11.354	31	1	12	1.0	0.114	10.193
DKK1_HUMAN	22943	DKK1	11.312	976	2	2	1.301	0.0	8.695
CP2A6_HUMAN	1548	CYP2A6	11.281	1032	2	0	1.301	0.0	8.671
P73_HUMAN	7161	TP73	11.266	1060	2	1	1.301	0.0	8.659
OGG1_HUMAN	4968	OGG1	11.265	1062	2	3	1.301	0.0	8.658
ARY2_HUMAN	10	NAT2	11.221	1148	2	0	1.301	0.0	8.624
FOXO1_HUMAN	2308	FOXO1	11.213	1163	2	4	1.301	0.0	8.619
WDR17_HUMAN	116966	WDR17	11.207	3	1	1	1.0	0.0	11.207
CIB4_HUMAN	130106	CIB4	11.207	3	1	0	1.0	0.0	11.207
TRIMM_HUMAN	205860	TRIML2	11.207	3	1	1	1.0	0.0	11.207
MYD88_HUMAN	4615	MYD88	11.182	1229	2	0	1.301	0.0	8.595
GLI2_HUMAN	2736	GLI2	11.181	4855	1	24	1.0	0.398	7.998
PROC_HUMAN	5624	PROC	11.178	1238	2	4	1.301	0.0	8.592
GROA_HUMAN	2919	CXCL1	11.168	1260	2	3	1.301	0.0	8.584
PTPA_HUMAN	5524	PTPA	11.162	1274	2	1	1.301	0.0	8.579
FGFR2_HUMAN	2263	FGFR2	11.152	1295	2	1	1.301	0.0	8.572
NPM_HUMAN	4869	NPM1	11.129	1351	2	2	1.301	0.0	8.554
CHD4_HUMAN	1108	CHD4	11.123	50	1	12	1.0	0.114	9.985
EPCAM_HUMAN	4072	EPCAM	11.066	1509	2	1	1.301	0.0	8.506
MERL_HUMAN	4771	NF2	11.062	1519	2	0	1.301	0.0	8.503
CADH2_HUMAN	1000	CDH2	11.004	1685	2	2	1.301	0.0	8.458
UHRF1_HUMAN	29128	UHRF1	10.969	130	1	13	1.0	0.146	9.57
CP19A_HUMAN	1588	CYP19A1	10.934	1908	2	2	1.301	0.0	8.404
FCER2_HUMAN	2208	FCER2	10.911	1985	2	0	1.301	0.0	8.387
ASTE1_HUMAN	28990	ASTE1	10.906	6	1	1	1.0	0.0	10.906
GTSF1_HUMAN	121355	GTSF1	10.906	6	1	2	1.0	0.0	10.906
OVCA2_HUMAN	124641	OVCA2	10.906	6	1	0	1.0	0.0	10.906
PGFRA_HUMAN	5156	PDGFRA	10.901	2020	2	0	1.301	0.0	8.379
HMDH_HUMAN	3156	HMGCR	10.843	2238	2	2	1.301	0.0	8.334
DHX33_HUMAN	56919	DHX33	10.839	7	1	1	1.0	0.0	10.839
ATP23_HUMAN	91419	ATP23	10.839	7	1	0	1.0	0.0	10.839
NAA30_HUMAN	122830	NAA30	10.839	7	1	0	1.0	0.0	10.839
RUNX1_HUMAN	861	RUNX1	10.827	2302	2	3	1.301	0.0	8.322
FLNB_HUMAN	2317	FLNB	10.818	176	1	13	1.0	0.146	9.439
GSTP1_HUMAN	2950	GSTP1	10.812	2367	2	1	1.301	0.0	8.31
P63_HUMAN	8626	TP63	10.811	2371	2	1	1.301	0.0	8.309
TM10A_HUMAN	93587	TRMT10A	10.781	8	1	2	1.0	0.0	10.781
ANO9_HUMAN	338440	ANO9	10.781	8	1	0	1.0	0.0	10.781
LIPL_HUMAN	4023	LPL	10.779	2508	2	0	1.301	0.0	8.285
GSTM1_HUMAN	2944	GSTM1	10.739	2692	2	1	1.301	0.0	8.254
EGF_HUMAN	1950	EGF	10.732	4898	1	21	1.0	0.342	7.994
ANR12_HUMAN	23253	ANKRD12	10.73	9	1	3	1.0	0.0	10.73
UNC5D_HUMAN	137970	UNC5D	10.73	9	1	1	1.0	0.0	10.73
P3C2G_HUMAN	5288	PIK3C2G	10.643	11	1	3	1.0	0.0	10.643
SDK1_HUMAN	221935	SDK1	10.643	11	1	0	1.0	0.0	10.643
DESM_HUMAN	1674	DES	10.613	3365	2	0	1.301	0.0	8.157
MXRA5_HUMAN	25878	MXRA5	10.605	12	1	1	1.0	0.0	10.605
PO5F1_HUMAN	5460	POU5F1	10.587	3526	2	5	1.301	0.0	8.137
CSMD2_HUMAN	114784	CSMD2	10.57	13	1	2	1.0	0.0	10.57
C9JVC3_HUMAN	100131827	ZNF717	10.57	13	1	2	1.0	0.0	10.57
AICDA_HUMAN	57379	AICDA	10.56	3697	2	1	1.301	0.0	8.116
IGF1R_HUMAN	3480	IGF1R	10.559	3702	2	2	1.301	0.0	8.116
SP140_HUMAN	11262	SP140	10.538	14	1	2	1.0	0.0	10.538
FA46C_HUMAN	54855	FAM46C	10.538	14	1	3	1.0	0.0	10.538
UB2Q1_HUMAN	55585	UBE2Q1	10.538	14	1	0	1.0	0.0	10.538
G6PD_HUMAN	2539	G6PD	10.517	3985	2	4	1.301	0.0	8.084
IQGA3_HUMAN	128239	IQGAP3	10.48	16	1	1	1.0	0.0	10.48
SRSF2_HUMAN	6427	SRSF2	10.458	363	1	13	1.0	0.146	9.124
BRE1A_HUMAN	56254	RNF20	10.456	44	1	10	1.0	0.041	10.041
CSMD3_HUMAN	114788	CSMD3	10.429	18	1	0	1.0	0.0	10.429
CMBL_HUMAN	134147	CMBL	10.406	19	1	0	1.0	0.0	10.406
LARP1_HUMAN	23367	LARP1	10.383	20	1	0	1.0	0.0	10.383
RIC8A_HUMAN	60626	RIC8A	10.362	21	1	0	1.0	0.0	10.362
PECA1_HUMAN	5175	PECAM1	10.352	5336	2	0	1.301	0.0	7.957
PPARG_HUMAN	5468	PPARG	10.35	5362	2	1	1.301	0.0	7.955
ATS14_HUMAN	140766	ADAMTS14	10.342	22	1	2	1.0	0.0	10.342
JUN_HUMAN	3725	JUN	10.324	5610	2	1	1.301	0.0	7.935
PMF1_HUMAN	11243	PMF1	10.323	23	1	0	1.0	0.0	10.323
TALAN_HUMAN	22891	ZNF365	10.304	24	1	1	1.0	0.0	10.304
NLGN2_HUMAN	57555	NLGN2	10.304	24	1	0	1.0	0.0	10.304
ACHB_HUMAN	1140	CHRNB1	10.286	25	1	0	1.0	0.0	10.286
DCTN2_HUMAN	10540	DCTN2	10.286	25	1	0	1.0	0.0	10.286
BCCIP_HUMAN	56647	BCCIP	10.286	25	1	1	1.0	0.0	10.286
TNR27_HUMAN	60401	EDA2R	10.286	25	1	2	1.0	0.0	10.286
IL6_HUMAN	3569	IL6	10.272	53611	3	4	1.477	0.0	6.954
NEBL_HUMAN	10529	NEBL	10.269	26	1	6	1.0	0.0	10.269
KLF12_HUMAN	11278	KLF12	10.269	26	1	0	1.0	0.0	10.269
BIG1_HUMAN	10565	ARFGEF1	10.253	27	1	1	1.0	0.0	10.253
B2MG_HUMAN	567	B2M	10.244	6463	2	6	1.301	0.0	7.874
RASF6_HUMAN	166824	RASSF6	10.237	28	1	0	1.0	0.0	10.237
CCD39_HUMAN	339829	CCDC39	10.222	29	1	0	1.0	0.0	10.222
YETS4_HUMAN	8089	YEATS4	10.207	30	1	1	1.0	0.0	10.207
TCRG1_HUMAN	10915	TCERG1	10.207	30	1	2	1.0	0.0	10.207
MSRB3_HUMAN	253827	MSRB3	10.193	31	1	0	1.0	0.0	10.193
HIF1A_HUMAN	3091	HIF1A	10.188	7140	2	3	1.301	0.0	7.831
BAI1_HUMAN	575	BAI1	10.179	32	1	2	1.0	0.0	10.179
CXXC5_HUMAN	51523	CXXC5	10.166	33	1	1	1.0	0.0	10.166
MACD2_HUMAN	140733	MACROD2	10.153	34	1	1	1.0	0.0	10.153
PSMG2_HUMAN	56984	PSMG2	10.14	35	1	0	1.0	0.0	10.14
TOP3A_HUMAN	7156	TOP3A	10.128	36	1	0	1.0	0.0	10.128
GBP2_HUMAN	2634	GBP2	10.105	38	1	0	1.0	0.0	10.105
SAT2_HUMAN	112483	SAT2	10.072	41	1	1	1.0	0.0	10.072
RASL2_HUMAN	10156	RASA4	10.051	43	1	5	1.0	0.0	10.051
ARHGC_HUMAN	23365	ARHGEF12	10.051	43	1	8	1.0	0.0	10.051
FKB10_HUMAN	60681	FKBP10	10.051	43	1	0	1.0	0.0	10.051
CADH1_HUMAN	999	CDH1	10.044	9209	2	1	1.301	0.0	7.72
TBX22_HUMAN	50945	TBX22	10.041	44	1	2	1.0	0.0	10.041
PLAC1_HUMAN	10761	PLAC1	10.031	45	1	0	1.0	0.0	10.031
DLG2_HUMAN	1740	DLG2	10.022	46	1	0	1.0	0.0	10.022
SEM3C_HUMAN	10512	SEMA3C	10.012	47	1	0	1.0	0.0	10.012
MACF1_HUMAN	23499	MACF1	10.012	47	1	1	1.0	0.0	10.012
ATPA_HUMAN	498	ATP5A1	9.994	49	1	0	1.0	0.0	9.994
AATF_HUMAN	26574	AATF	9.994	49	1	0	1.0	0.0	9.994
EFNB3_HUMAN	1949	EFNB3	9.985	50	1	0	1.0	0.0	9.985
MDR1_HUMAN	5243	ABCB1	9.964	10598	2	0	1.301	0.0	7.659
2AAA_HUMAN	5518	PPP2R1A	9.96	53	1	1	1.0	0.0	9.96
FAN1_HUMAN	22909	FAN1	9.96	53	1	0	1.0	0.0	9.96
RNZ2_HUMAN	60528	ELAC2	9.952	54	1	0	1.0	0.0	9.952
LYL1_HUMAN	4066	LYL1	9.944	55	1	0	1.0	0.0	9.944
MMP2_HUMAN	4313	MMP2	9.944	10989	2	0	1.301	0.0	7.643
KC1E_HUMAN	1454	CSNK1E	9.936	56	1	1	1.0	0.0	9.936
ERP29_HUMAN	10961	ERP29	9.936	56	1	0	1.0	0.0	9.936
CADH4_HUMAN	1002	CDH4	9.928	57	1	9	1.0	0.0	9.928
GCSP_HUMAN	2731	GLDC	9.928	57	1	4	1.0	0.0	9.928
TFCP2_HUMAN	7024	TFCP2	9.928	57	1	1	1.0	0.0	9.928
ANGT_HUMAN	183	AGT	9.914	11591	2	3	1.301	0.0	7.62
MSH4_HUMAN	4438	MSH4	9.913	59	1	0	1.0	0.0	9.913
TIGAR_HUMAN	57103	TIGAR	9.913	59	1	0	1.0	0.0	9.913
ARI3A_HUMAN	1820	ARID3A	9.906	60	1	2	1.0	0.0	9.906
PARI_HUMAN	55010	PARPBP	9.906	60	1	1	1.0	0.0	9.906
CSF3_HUMAN	1440	CSF3	9.893	12033	2	1	1.301	0.0	7.604
DIAP1_HUMAN	1729	DIAPH1	9.892	62	1	1	1.0	0.0	9.892
SLU7_HUMAN	10569	SLU7	9.892	62	1	2	1.0	0.0	9.892
PHLP1_HUMAN	23239	PHLPP1	9.892	62	1	8	1.0	0.0	9.892
CL12A_HUMAN	160364	CLEC12A	9.892	62	1	0	1.0	0.0	9.892
DNLI1_HUMAN	3978	LIG1	9.878	64	1	0	1.0	0.0	9.878
NFIA_HUMAN	4774	NFIA	9.865	66	1	1	1.0	0.0	9.865
DUS5_HUMAN	1847	DUSP5	9.852	68	1	3	1.0	0.0	9.852
KMT5A_HUMAN	387893	KMT5A	9.852	68	1	6	1.0	0.0	9.852
SRSF3_HUMAN	6428	SRSF3	9.839	70	1	0	1.0	0.0	9.839
TFG_HUMAN	10342	TFG	9.839	70	1	1	1.0	0.0	9.839
E2F5_HUMAN	1875	E2F5	9.827	72	1	5	1.0	0.0	9.827
LC7L3_HUMAN	51747	LUC7L3	9.827	72	1	1	1.0	0.0	9.827
A0A075B762_HUMAN	100132406	NBPF10	9.821	73	1	0	1.0	0.0	9.821
PINX1_HUMAN	54984	PINX1	9.815	74	1	0	1.0	0.0	9.815
HUWE1_HUMAN	10075	HUWE1	9.798	77	1	4	1.0	0.0	9.798
KIF2C_HUMAN	11004	KIF2C	9.792	78	1	1	1.0	0.0	9.792
EGFL7_HUMAN	51162	EGFL7	9.792	78	1	5	1.0	0.0	9.792
AAKG2_HUMAN	51422	PRKAG2	9.792	78	1	0	1.0	0.0	9.792
RFWD2_HUMAN	64326	RFWD2	9.792	78	1	2	1.0	0.0	9.792
EXOS8_HUMAN	11340	EXOSC8	9.787	79	1	2	1.0	0.0	9.787
PSF2_HUMAN	51659	GINS2	9.781	80	1	0	1.0	0.0	9.781
GLSL_HUMAN	27165	GLS2	9.776	81	1	0	1.0	0.0	9.776
NPT2B_HUMAN	10568	SLC34A2	9.771	82	1	0	1.0	0.0	9.771
DLL3_HUMAN	10683	DLL3	9.765	83	1	1	1.0	0.0	9.765
FZD3_HUMAN	7976	FZD3	9.755	85	1	0	1.0	0.0	9.755
PRP8_HUMAN	10594	PRPF8	9.755	85	1	0	1.0	0.0	9.755
CHIO_HUMAN	1124	CHN2	9.73	90	1	0	1.0	0.0	9.73
S35B2_HUMAN	347734	SLC35B2	9.73	90	1	0	1.0	0.0	9.73
DGUOK_HUMAN	1716	DGUOK	9.721	92	1	2	1.0	0.0	9.721
S23IP_HUMAN	11196	SEC23IP	9.721	92	1	0	1.0	0.0	9.721
CAD17_HUMAN	1015	CDH17	9.716	93	1	1	1.0	0.0	9.716
UBE2N_HUMAN	7334	UBE2N	9.716	93	1	4	1.0	0.0	9.716
XAF1_HUMAN	54739	XAF1	9.716	93	1	1	1.0	0.0	9.716
BRMS1_HUMAN	25855	BRMS1	9.711	94	1	0	1.0	0.0	9.711
HIPK2_HUMAN	28996	HIPK2	9.711	94	1	2	1.0	0.0	9.711
DUS4_HUMAN	1846	DUSP4	9.702	96	1	0	1.0	0.0	9.702
CLYBL_HUMAN	171425	CLYBL	9.693	98	1	3	1.0	0.0	9.693
ZN363_HUMAN	25898	RCHY1	9.689	99	1	2	1.0	0.0	9.689
TACC3_HUMAN	10460	TACC3	9.68	101	1	7	1.0	0.0	9.68
UBE2C_HUMAN	11065	UBE2C	9.68	101	1	1	1.0	0.0	9.68
HPLN1_HUMAN	1404	HAPLN1	9.676	102	1	0	1.0	0.0	9.676
IL4_HUMAN	3565	IL4	9.669	17876	2	5	1.301	0.0	7.432
TRIB1_HUMAN	10221	TRIB1	9.667	104	1	2	1.0	0.0	9.667
DDX5_HUMAN	1655	DDX5	9.659	106	1	0	1.0	0.0	9.659
SYK_HUMAN	3735	KARS	9.651	108	1	0	1.0	0.0	9.651
KINH_HUMAN	3799	KIF5B	9.651	108	1	1	1.0	0.0	9.651
DDX17_HUMAN	10521	DDX17	9.643	110	1	3	1.0	0.0	9.643
DHX9_HUMAN	1660	DHX9	9.639	111	1	2	1.0	0.0	9.639
PROF2_HUMAN	5217	PFN2	9.639	111	1	0	1.0	0.0	9.639
HXA5_HUMAN	3202	HOXA5	9.616	117	1	0	1.0	0.0	9.616
TETN_HUMAN	7123	CLEC3B	9.616	117	1	0	1.0	0.0	9.616
ZN645_HUMAN	158506	ZNF645	9.616	117	1	0	1.0	0.0	9.616
E2JJS1_HUMAN	100288687	DUX4	9.616	117	1	0	1.0	0.0	9.616
CDN2D_HUMAN	1032	CDKN2D	9.605	120	1	1	1.0	0.0	9.605
TOPB1_HUMAN	11073	TOPBP1	9.605	120	1	4	1.0	0.0	9.605
FOXE1_HUMAN	2304	FOXE1	9.602	121	1	0	1.0	0.0	9.602
CO5A2_HUMAN	1290	COL5A2	9.594	123	1	1	1.0	0.0	9.594
TIG1_HUMAN	5918	RARRES1	9.591	124	1	0	1.0	0.0	9.591
PARP2_HUMAN	10038	PARP2	9.591	124	1	1	1.0	0.0	9.591
NFAT5_HUMAN	10725	NFAT5	9.584	126	1	0	1.0	0.0	9.584
TINF2_HUMAN	26277	TINF2	9.581	127	1	0	1.0	0.0	9.581
TDG_HUMAN	6996	TDG	9.567	131	1	0	1.0	0.0	9.567
HRSL4_HUMAN	5920	RARRES3	9.564	132	1	2	1.0	0.0	9.564
MLXIP_HUMAN	22877	MLXIP	9.544	138	1	3	1.0	0.0	9.544
LN28B_HUMAN	389421	LIN28B	9.511	149	1	6	1.0	0.0	9.511
DEK_HUMAN	7913	DEK	9.505	151	1	1	1.0	0.0	9.505
ACM2_HUMAN	1129	CHRM2	9.502	152	1	0	1.0	0.0	9.502
FHL2_HUMAN	2274	FHL2	9.497	154	1	0	1.0	0.0	9.497
RECO_HUMAN	5957	RCVRN	9.494	155	1	0	1.0	0.0	9.494
CRBG1_HUMAN	202	CRYBG1	9.491	156	1	2	1.0	0.0	9.491
EHMT2_HUMAN	10919	EHMT2	9.488	157	1	0	1.0	0.0	9.488
PPM1D_HUMAN	8493	PPM1D	9.486	158	1	0	1.0	0.0	9.486
TP4A3_HUMAN	11156	PTP4A3	9.483	159	1	0	1.0	0.0	9.483
DKC1_HUMAN	1736	DKC1	9.48	160	1	2	1.0	0.0	9.48
ID4_HUMAN	3400	ID4	9.477	161	1	0	1.0	0.0	9.477
GNA11_HUMAN	2767	GNA11	9.469	164	1	0	1.0	0.0	9.469
RA51C_HUMAN	5889	RAD51C	9.469	164	1	1	1.0	0.0	9.469
SDHL_HUMAN	10993	SDS	9.467	165	1	0	1.0	0.0	9.467
IF5A1_HUMAN	1984	EIF5A	9.464	166	1	3	1.0	0.0	9.464
RHG07_HUMAN	10395	DLC1	9.462	167	1	2	1.0	0.0	9.462
SMCA2_HUMAN	6595	SMARCA2	9.454	170	1	1	1.0	0.0	9.454
NU5M_HUMAN	4540	MT-ND5	9.431	179	1	1	1.0	0.0	9.431
AGR2_HUMAN	10551	AGR2	9.431	179	1	0	1.0	0.0	9.431
COE1_HUMAN	1879	EBF1	9.42	184	1	1	1.0	0.0	9.42
BIK_HUMAN	638	BIK	9.401	192	1	0	1.0	0.0	9.401
8ODP_HUMAN	4521	NUDT1	9.397	194	1	0	1.0	0.0	9.397
MYBB_HUMAN	4605	MYBL2	9.388	198	1	2	1.0	0.0	9.388
HDAC8_HUMAN	55869	HDAC8	9.381	201	1	2	1.0	0.0	9.381
RBBP6_HUMAN	5930	RBBP6	9.373	205	1	1	1.0	0.0	9.373
POTE1_HUMAN	25913	POT1	9.368	207	1	6	1.0	0.0	9.368
WWOX_HUMAN	51741	WWOX	9.368	207	1	1	1.0	0.0	9.368
ORN_HUMAN	25996	REXO2	9.366	208	1	0	1.0	0.0	9.366
CYLD_HUMAN	1540	CYLD	9.364	209	1	9	1.0	0.0	9.364
1433S_HUMAN	2810	SFN	9.36	211	1	0	1.0	0.0	9.36
BC11A_HUMAN	53335	BCL11A	9.36	211	1	1	1.0	0.0	9.36
ELF4_HUMAN	2000	ELF4	9.344	219	1	1	1.0	0.0	9.344
PRP31_HUMAN	26121	PRPF31	9.338	222	1	1	1.0	0.0	9.338
E2F3_HUMAN	1871	E2F3	9.33	226	1	0	1.0	0.0	9.33
WASF3_HUMAN	10810	WASF3	9.323	230	1	0	1.0	0.0	9.323
BUB1_HUMAN	699	BUB1	9.317	233	1	0	1.0	0.0	9.317
RHOB_HUMAN	388	RHOB	9.315	234	1	1	1.0	0.0	9.315
DYR1A_HUMAN	1859	DYRK1A	9.31	237	1	8	1.0	0.0	9.31
CPSM_HUMAN	1373	CPS1	9.308	238	1	1	1.0	0.0	9.308
PDIA3_HUMAN	2923	PDIA3	9.302	241	1	2	1.0	0.0	9.302
ID3_HUMAN	3399	ID3	9.297	244	1	3	1.0	0.0	9.297
NCOA2_HUMAN	10499	NCOA2	9.283	252	1	2	1.0	0.0	9.283
FOLR1_HUMAN	2348	FOLR1	9.281	253	1	4	1.0	0.0	9.281
TXNIP_HUMAN	10628	TXNIP	9.278	255	1	2	1.0	0.0	9.278
CEBPZ_HUMAN	10153	CEBPZ	9.273	258	1	1	1.0	0.0	9.273
FIBA_HUMAN	2243	FGA	9.269	260	1	0	1.0	0.0	9.269
TR13B_HUMAN	23495	TNFRSF13B	9.266	262	1	0	1.0	0.0	9.266
EGR2_HUMAN	1959	EGR2	9.264	263	1	1	1.0	0.0	9.264
EFNB2_HUMAN	1948	EFNB2	9.253	270	1	0	1.0	0.0	9.253
SC5A5_HUMAN	6528	SLC5A5	9.251	271	1	0	1.0	0.0	9.251
AMACR_HUMAN	23600	AMACR	9.233	283	1	4	1.0	0.0	9.233
BIRC5_HUMAN	332	BIRC5	9.226	287	1	1	1.0	0.0	9.226
SDCB1_HUMAN	6386	SDCBP	9.225	288	1	0	1.0	0.0	9.225
PB1_HUMAN	55193	PBRM1	9.219	292	1	0	1.0	0.0	9.219
GLI3_HUMAN	2737	GLI3	9.207	300	1	0	1.0	0.0	9.207
CO4A5_HUMAN	1287	COL4A5	9.206	301	1	7	1.0	0.0	9.206
NDRG1_HUMAN	10397	NDRG1	9.204	302	1	0	1.0	0.0	9.204
ETS2_HUMAN	2114	ETS2	9.203	303	1	0	1.0	0.0	9.203
CSPG2_HUMAN	1462	VCAN	9.192	311	1	0	1.0	0.0	9.192
TFE3_HUMAN	7030	TFE3	9.185	316	1	1	1.0	0.0	9.185
OLIG2_HUMAN	10215	OLIG2	9.182	318	1	0	1.0	0.0	9.182
ATS5_HUMAN	11096	ADAMTS5	9.178	321	1	0	1.0	0.0	9.178
BUB1B_HUMAN	701	BUB1B	9.175	323	1	0	1.0	0.0	9.175
AK1C1_HUMAN	1645	AKR1C1	9.175	323	1	0	1.0	0.0	9.175
PLIN2_HUMAN	123	PLIN2	9.174	324	1	0	1.0	0.0	9.174
MSH3_HUMAN	4437	MSH3	9.171	326	1	2	1.0	0.0	9.171
MYPC3_HUMAN	4607	MYBPC3	9.167	329	1	0	1.0	0.0	9.167
SIR3_HUMAN	23410	SIRT3	9.161	334	1	5	1.0	0.0	9.161
FANCA_HUMAN	2175	FANCA	9.152	341	1	0	1.0	0.0	9.152
ID2_HUMAN	3398	ID2	9.139	351	1	0	1.0	0.0	9.139
K2C6A_HUMAN	3853	KRT6A	9.139	351	1	0	1.0	0.0	9.139
FOXP1_HUMAN	27086	FOXP1	9.139	351	1	0	1.0	0.0	9.139
PRDX1_HUMAN	5052	PRDX1	9.138	352	1	0	1.0	0.0	9.138
MD2L1_HUMAN	4085	MAD2L1	9.132	357	1	1	1.0	0.0	9.132
TNAP3_HUMAN	7128	TNFAIP3	9.121	366	1	2	1.0	0.0	9.121
LIRB1_HUMAN	10859	LILRB1	9.118	368	1	0	1.0	0.0	9.118
MUTA_HUMAN	4594	MUT	9.114	372	1	1	1.0	0.0	9.114
ARBK1_HUMAN	156	GRK2	9.108	377	1	0	1.0	0.0	9.108
LAT1_HUMAN	8140	SLC7A5	9.105	380	1	0	1.0	0.0	9.105
GBRAP_HUMAN	11337	GABARAP	9.092	391	1	0	1.0	0.0	9.092
MYH11_HUMAN	4629	MYH11	9.089	394	1	0	1.0	0.0	9.089
MP2K4_HUMAN	6416	MAP2K4	9.086	397	1	0	1.0	0.0	9.086
MSX2_HUMAN	4488	MSX2	9.08	402	1	0	1.0	0.0	9.08
PAX2_HUMAN	5076	PAX2	9.066	415	1	1	1.0	0.0	9.066
PIN1_HUMAN	5300	PIN1	9.052	429	1	0	1.0	0.0	9.052
LDHA_HUMAN	3939	LDHA	9.041	440	1	5	1.0	0.0	9.041
MOT1_HUMAN	6566	SLC16A1	9.039	442	1	1	1.0	0.0	9.039
ELAF_HUMAN	5266	PI3	9.037	444	1	1	1.0	0.0	9.037
PLCG1_HUMAN	5335	PLCG1	9.035	446	1	0	1.0	0.0	9.035
HNF1B_HUMAN	6928	HNF1B	9.035	446	1	0	1.0	0.0	9.035
CBX5_HUMAN	23468	CBX5	9.034	447	1	0	1.0	0.0	9.034
DCK_HUMAN	1633	DCK	9.033	448	1	0	1.0	0.0	9.033
WFDC2_HUMAN	10406	WFDC2	9.015	467	1	4	1.0	0.0	9.015
MRP4_HUMAN	10257	ABCC4	9.014	468	1	0	1.0	0.0	9.014
CISH_HUMAN	1154	CISH	9.008	475	1	0	1.0	0.0	9.008
CEAM5_HUMAN	1048	CEACAM5	8.994	490	1	1	1.0	0.0	8.994
NOTC2_HUMAN	4853	NOTCH2	8.987	498	1	2	1.0	0.0	8.987
STF1_HUMAN	2516	NR5A1	8.982	504	1	0	1.0	0.0	8.982
TOP2A_HUMAN	7153	TOP2A	8.973	514	1	0	1.0	0.0	8.973
CD82_HUMAN	3732	CD82	8.971	517	1	1	1.0	0.0	8.971
S26A4_HUMAN	5172	SLC26A4	8.968	520	1	0	1.0	0.0	8.968
S10A4_HUMAN	6275	S100A4	8.955	536	1	1	1.0	0.0	8.955
TMPS2_HUMAN	7113	TMPRSS2	8.946	547	1	0	1.0	0.0	8.946
EST1_HUMAN	1066	CES1	8.943	551	1	1	1.0	0.0	8.943
PE2R2_HUMAN	5732	PTGER2	8.938	558	1	1	1.0	0.0	8.938
S10A6_HUMAN	6277	S100A6	8.938	557	1	0	1.0	0.0	8.938
CI072_HUMAN	203228	C9orf72	8.933	564	1	3	1.0	0.0	8.933
ID1_HUMAN	3397	ID1	8.925	575	1	0	1.0	0.0	8.925
MRE11_HUMAN	4361	MRE11	8.924	576	1	3	1.0	0.0	8.924
XPO1_HUMAN	7514	XPO1	8.915	588	1	3	1.0	0.0	8.915
ERN1_HUMAN	2081	ERN1	8.91	595	1	0	1.0	0.0	8.91
SRSF1_HUMAN	6426	SRSF1	8.897	613	1	0	1.0	0.0	8.897
BIRC2_HUMAN	329	BIRC2	8.896	614	1	1	1.0	0.0	8.896
ENOA_HUMAN	2023	ENO1	8.891	622	1	0	1.0	0.0	8.891
AKT2_HUMAN	208	AKT2	8.881	636	1	0	1.0	0.0	8.881
JAK3_HUMAN	3718	JAK3	8.876	643	1	0	1.0	0.0	8.876
HSF1_HUMAN	3297	HSF1	8.87	652	1	1	1.0	0.0	8.87
TBB3_HUMAN	10381	TUBB3	8.867	657	1	0	1.0	0.0	8.867
HES1_HUMAN	3280	HES1	8.865	660	1	6	1.0	0.0	8.865
RAN_HUMAN	5901	RAN	8.858	670	1	0	1.0	0.0	8.858
REL_HUMAN	5966	REL	8.852	679	1	2	1.0	0.0	8.852
FYN_HUMAN	2534	FYN	8.841	697	1	3	1.0	0.0	8.841
CDN1C_HUMAN	1028	CDKN1C	8.838	702	1	0	1.0	0.0	8.838
PE2R4_HUMAN	5734	PTGER4	8.83	715	1	1	1.0	0.0	8.83
FLI1_HUMAN	2313	FLI1	8.815	741	1	0	1.0	0.0	8.815
BIRC3_HUMAN	330	BIRC3	8.801	764	1	2	1.0	0.0	8.801
APR_HUMAN	5366	PMAIP1	8.788	787	1	0	1.0	0.0	8.788
BAK_HUMAN	578	BAK1	8.787	790	1	1	1.0	0.0	8.787
GP1BA_HUMAN	2811	GP1BA	8.784	795	1	0	1.0	0.0	8.784
CP24A_HUMAN	1591	CYP24A1	8.765	831	1	1	1.0	0.0	8.765
FAS_HUMAN	2194	FASN	8.764	832	1	2	1.0	0.0	8.764
AL1A1_HUMAN	216	ALDH1A1	8.754	852	1	0	1.0	0.0	8.754
ZEB1_HUMAN	6935	ZEB1	8.754	851	1	6	1.0	0.0	8.754
IRF1_HUMAN	3659	IRF1	8.751	857	1	0	1.0	0.0	8.751
TSYL2_HUMAN	64061	TSPYL2	8.75	860	1	0	1.0	0.0	8.75
CLUS_HUMAN	1191	CLU	8.749	861	1	0	1.0	0.0	8.749
EWS_HUMAN	2130	EWSR1	8.749	862	1	0	1.0	0.0	8.749
CSF1R_HUMAN	1436	CSF1R	8.747	865	1	0	1.0	0.0	8.747
NUCL_HUMAN	4691	NCL	8.744	872	1	4	1.0	0.0	8.744
PMS2_HUMAN	5395	PMS2	8.74	879	1	0	1.0	0.0	8.74
CH3L1_HUMAN	1116	CHI3L1	8.738	884	1	2	1.0	0.0	8.738
LAMP1_HUMAN	3916	LAMP1	8.73	900	1	3	1.0	0.0	8.73
SDHB_HUMAN	6390	SDHB	8.725	910	1	1	1.0	0.0	8.725
ATR_HUMAN	545	ATR	8.711	941	1	1	1.0	0.0	8.711
L1CAM_HUMAN	3897	L1CAM	8.704	955	1	2	1.0	0.0	8.704
EPAS1_HUMAN	2034	EPAS1	8.703	957	1	1	1.0	0.0	8.703
PTC1_HUMAN	5727	PTCH1	8.687	993	1	0	1.0	0.0	8.687
RASF1_HUMAN	11186	RASSF1	8.679	1012	1	1	1.0	0.0	8.679
GLI1_HUMAN	2735	GLI1	8.674	1025	1	1	1.0	0.0	8.674
4EBP1_HUMAN	1978	EIF4EBP1	8.673	1027	1	2	1.0	0.0	8.673
FOXO3_HUMAN	2309	FOXO3	8.659	1061	1	2	1.0	0.0	8.659
APEX1_HUMAN	328	APEX1	8.656	1067	1	1	1.0	0.0	8.656
ERBB4_HUMAN	2066	ERBB4	8.655	1071	1	6	1.0	0.0	8.655
TFPI1_HUMAN	7035	TFPI	8.652	1077	1	0	1.0	0.0	8.652
CYB_HUMAN	4519	MT-CYB	8.651	1080	1	0	1.0	0.0	8.651
EDNRB_HUMAN	1910	EDNRB	8.641	1105	1	5	1.0	0.0	8.641
CADH5_HUMAN	1003	CDH5	8.631	1131	1	9	1.0	0.0	8.631
MICA_HUMAN	100507436	MICA	8.628	1138	1	0	1.0	0.0	8.628
PTN11_HUMAN	5781	PTPN11	8.624	1150	1	0	1.0	0.0	8.624
TPOR_HUMAN	4352	MPL	8.622	1153	1	0	1.0	0.0	8.622
APOA2_HUMAN	336	APOA2	8.618	1166	1	0	1.0	0.0	8.618
HDAC1_HUMAN	3065	HDAC1	8.611	1183	1	3	1.0	0.0	8.611
H2AX_HUMAN	3014	H2AFX	8.609	1188	1	1	1.0	0.0	8.609
MARH8_HUMAN	220972	MARCH8	8.609	1189	1	1	1.0	0.0	8.609
FAK2_HUMAN	2185	PTK2B	8.601	1212	1	0	1.0	0.0	8.601
ADRB1_HUMAN	153	ADRB1	8.599	1218	1	1	1.0	0.0	8.599
NEC1_HUMAN	5122	PCSK1	8.591	1239	1	1	1.0	0.0	8.591
GDNF_HUMAN	2668	GDNF	8.586	1253	1	0	1.0	0.0	8.586
TN13B_HUMAN	10673	TNFSF13B	8.585	1256	1	0	1.0	0.0	8.585
PAPP1_HUMAN	5069	PAPPA	8.574	1288	1	0	1.0	0.0	8.574
PRGC1_HUMAN	10891	PPARGC1A	8.571	1298	1	1	1.0	0.0	8.571
BCL6_HUMAN	604	BCL6	8.57	1300	1	0	1.0	0.0	8.57
SHH_HUMAN	6469	SHH	8.57	1302	1	0	1.0	0.0	8.57
LMNA_HUMAN	4000	LMNA	8.568	1307	1	1	1.0	0.0	8.568
HD_HUMAN	3064	HTT	8.563	1323	1	1	1.0	0.0	8.563
ABCA1_HUMAN	19	ABCA1	8.559	1333	1	1	1.0	0.0	8.559
K2C5_HUMAN	3852	KRT5	8.529	1430	1	1	1.0	0.0	8.529
PML_HUMAN	5371	PML	8.504	1516	1	0	1.0	0.0	8.504
BECN1_HUMAN	8678	BECN1	8.5	1527	1	3	1.0	0.0	8.5
ACTS_HUMAN	58	ACTA1	8.483	1589	1	0	1.0	0.0	8.483
MMP13_HUMAN	4322	MMP13	8.437	1769	1	2	1.0	0.0	8.437
ERBB3_HUMAN	2065	ERBB3	8.433	1783	1	0	1.0	0.0	8.433
CDN2B_HUMAN	1030	CDKN2B	8.423	1824	1	2	1.0	0.0	8.423
CXA1_HUMAN	2697	GJA1	8.414	1865	1	0	1.0	0.0	8.414
GSTT1_HUMAN	2952	GSTT1	8.399	1930	1	0	1.0	0.0	8.399
JUNB_HUMAN	3726	JUNB	8.397	1939	1	0	1.0	0.0	8.397
ZHX2_HUMAN	22882	ZHX2	8.393	1955	1	0	1.0	0.0	8.393
TGFB2_HUMAN	7042	TGFB2	8.384	1996	1	0	1.0	0.0	8.384
ZNF77_HUMAN	58492	ZNF77	8.383	2001	1	0	1.0	0.0	8.383
CCNA2_HUMAN	890	CCNA2	8.38	2014	1	0	1.0	0.0	8.38
PGFRB_HUMAN	5159	PDGFRB	8.379	2018	1	0	1.0	0.0	8.379
CATD_HUMAN	1509	CTSD	8.367	2076	1	0	1.0	0.0	8.367
CATB_HUMAN	1508	CTSB	8.362	2098	1	1	1.0	0.0	8.362
AHR_HUMAN	196	AHR	8.34	2209	1	2	1.0	0.0	8.34
TFR1_HUMAN	7037	TFRC	8.336	2230	1	0	1.0	0.0	8.336
HLAG_HUMAN	3135	HLA-G	8.333	2247	1	0	1.0	0.0	8.333
DRB4_HUMAN	3126	HLA-DRB4	8.33	2263	1	2	1.0	0.0	8.33
K2C7_HUMAN	3855	KRT7	8.33	2263	1	0	1.0	0.0	8.33
SMAD3_HUMAN	4088	SMAD3	8.329	2266	1	0	1.0	0.0	8.329
TSP1_HUMAN	7057	THBS1	8.329	2268	1	1	1.0	0.0	8.329
WT1_HUMAN	7490	WT1	8.324	2295	1	1	1.0	0.0	8.324
FAK1_HUMAN	5747	PTK2	8.312	2356	1	1	1.0	0.0	8.312
CP2B6_HUMAN	1555	CYP2B6	8.297	2440	1	1	1.0	0.0	8.297
SOX2_HUMAN	6657	SOX2	8.28	2534	1	0	1.0	0.0	8.28
PD1L1_HUMAN	29126	CD274	8.275	2564	1	0	1.0	0.0	8.275
NR4A1_HUMAN	3164	NR4A1	8.254	2694	1	1	1.0	0.0	8.254
PROM1_HUMAN	8842	PROM1	8.252	2703	1	0	1.0	0.0	8.252
NF2L2_HUMAN	4780	NFE2L2	8.246	2742	1	8	1.0	0.0	8.246
GSK3B_HUMAN	2932	GSK3B	8.231	2838	1	0	1.0	0.0	8.231
TNR6_HUMAN	355	FAS	8.226	2871	1	0	1.0	0.0	8.226
COMT_HUMAN	1312	COMT	8.225	2880	1	2	1.0	0.0	8.225
AGTR1_HUMAN	185	AGTR1	8.204	3025	1	0	1.0	0.0	8.204
CP1A1_HUMAN	1543	CYP1A1	8.203	3030	1	0	1.0	0.0	8.203
HMOX1_HUMAN	3162	HMOX1	8.203	3032	1	1	1.0	0.0	8.203
S100B_HUMAN	6285	S100B	8.199	3058	1	3	1.0	0.0	8.199
CP1A2_HUMAN	1544	CYP1A2	8.192	3110	1	0	1.0	0.0	8.192
IKBA_HUMAN	4792	NFKBIA	8.191	3112	1	0	1.0	0.0	8.191
GCR_HUMAN	2908	NR3C1	8.172	3252	1	2	1.0	0.0	8.172
MMP3_HUMAN	4314	MMP3	8.162	3326	1	0	1.0	0.0	8.162
GLUC_HUMAN	2641	GCG	8.16	3341	1	1	1.0	0.0	8.16
CYTC_HUMAN	1471	CST3	8.143	3479	1	2	1.0	0.0	8.143
ESR2_HUMAN	2100	ESR2	8.134	3549	1	0	1.0	0.0	8.134
MBP_HUMAN	4155	MBP	8.126	3613	1	0	1.0	0.0	8.126
CTLA4_HUMAN	1493	CTLA4	8.102	3826	1	0	1.0	0.0	8.102
PPB1_HUMAN	250	ALPP	8.083	3991	1	0	1.0	0.0	8.083
HSP74_HUMAN	3308	HSPA4	8.072	4092	1	0	1.0	0.0	8.072
TLR2_HUMAN	7097	TLR2	8.064	4167	1	0	1.0	0.0	8.064
TF65_HUMAN	5970	RELA	8.047	4340	1	1	1.0	0.0	8.047
TNFL6_HUMAN	356	FASLG	8.032	4494	1	3	1.0	0.0	8.032
NEP_HUMAN	4311	MME	8.028	4534	1	0	1.0	0.0	8.028
CFTR_HUMAN	1080	CFTR	8.027	4546	1	0	1.0	0.0	8.027
IL3_HUMAN	3562	IL3	8.019	4630	1	0	1.0	0.0	8.019
FANCB_HUMAN	2187	FANCB	8.004	4785	1	0	1.0	0.0	8.004
IFNB_HUMAN	3456	IFNB1	7.94	5545	1	0	1.0	0.0	7.94
CASP8_HUMAN	841	CASP8	7.938	5573	1	0	1.0	0.0	7.938
PCNA_HUMAN	5111	PCNA	7.92	5813	1	4	1.0	0.0	7.92
PTPRC_HUMAN	5788	PTPRC	7.895	6151	1	0	1.0	0.0	7.895
A1AT_HUMAN	5265	SERPINA1	7.891	6209	1	0	1.0	0.0	7.891
NCAM1_HUMAN	4684	NCAM1	7.882	6337	1	0	1.0	0.0	7.882
PERM_HUMAN	4353	MPO	7.881	6357	1	0	1.0	0.0	7.881
MK08_HUMAN	5599	MAPK8	7.869	6528	1	1	1.0	0.0	7.869
CYC_HUMAN	54205	CYCS	7.856	6736	1	0	1.0	0.0	7.856
COX2_HUMAN	4513	MT-CO2	7.833	7092	1	0	1.0	0.0	7.833
EDN1_HUMAN	1906	EDN1	7.831	7138	1	0	1.0	0.0	7.831
CP3A4_HUMAN	1576	CYP3A4	7.817	7364	1	5	1.0	0.0	7.817
PAI1_HUMAN	5054	SERPINE1	7.795	7746	1	0	1.0	0.0	7.795
COX8A_HUMAN	1351	COX8A	7.781	7998	1	3	1.0	0.0	7.781
KCMB2_HUMAN	10242	KCNMB2	7.775	8108	1	2	1.0	0.0	7.775
NFKB1_HUMAN	4790	NFKB1	7.698	9691	1	1	1.0	0.0	7.698
FETA_HUMAN	174	AFP	7.67	10333	1	1	1.0	0.0	7.67
EPO_HUMAN	2056	EPO	7.492	15574	1	0	1.0	0.0	7.492
IL8_HUMAN	3576	CXCL8	7.275	25628	1	3	1.0	0.0	7.275
IL1B_HUMAN	3553	IL1B	7.232	28325	1	1	1.0	0.0	7.232
IL2_HUMAN	3558	IL2	7.205	30132	1	0	1.0	0.0	7.205
VEGFA_HUMAN	7422	VEGFA	7.169	32733	1	1	1.0	0.0	7.169
