Big_T	67680
Big_F	17820895
UniProtKB_ID	GeneID	Gene_Name	PPS	Big_P	T+P	Citation	1+Log(T+P)	log10((Cit/yr+1)/10)	1+log10(F/T)+log10(F/P)
INS_HUMAN	3630	INS	41.876	42836	6224	1380	4.794	2.14	6.039
DCE2_HUMAN	2572	GAD2	36.244	1042	378	143	3.577	1.158	7.653
ZNT8_HUMAN	169026	SLC30A8	34.553	328	137	125	3.137	1.1	8.155
DCE1_HUMAN	2571	GAD1	34.297	1053	296	102	3.471	1.013	7.648
DQB1_HUMAN	3119	HLA-DQB1	31.704	3227	318	83	3.502	0.924	7.162
PTPRN_HUMAN	5798	PTPRN	29.186	1015	153	41	3.185	0.623	7.664
DQA1_HUMAN	3117	HLA-DQA1	29.121	1302	188	37	3.274	0.58	7.556
CTLA4_HUMAN	1493	CTLA4	28.993	3826	162	75	3.21	0.881	7.088
DRB4_HUMAN	3126	HLA-DRB4	28.586	2263	197	40	3.294	0.613	7.316
ACE_HUMAN	1636	ACE	28.483	14773	334	71	3.524	0.857	6.501
WFS1_HUMAN	7466	WFS1	27.024	214	79	21	2.898	0.342	8.34
IAPP_HUMAN	3375	IAPP	26.863	1452	70	53	2.845	0.732	7.509
PTN22_HUMAN	26191	PTPN22	26.573	896	66	41	2.82	0.623	7.719
CD59_HUMAN	966	CD59	26.049	14755	175	57	3.243	0.763	6.502
IFIH1_HUMAN	64135	IFIH1	25.619	511	22	74	2.342	0.875	7.962
FOXP3_HUMAN	50943	FOXP3	25.585	5222	52	91	2.716	0.964	6.953
SOMA_HUMAN	2688	GH1	25.385	20651	429	22	3.632	0.362	6.355
TOR1A_HUMAN	1861	TOR1A	25.295	824	63	28	2.799	0.462	7.755
SC5A2_HUMAN	6524	SLC5A2	24.888	947	26	65	2.415	0.82	7.695
CRP_HUMAN	1401	CRP	24.641	36788	151	71	3.179	0.857	6.105
CYTC_HUMAN	1471	CST3	24.576	3479	56	49	2.748	0.699	7.129
RENI_HUMAN	5972	REN	24.456	15907	90	66	2.954	0.826	6.469
IFNG_HUMAN	3458	IFNG	24.424	34431	101	94	3.004	0.978	6.133
GLUC_HUMAN	2641	GCG	24.259	3341	67	36	2.826	0.568	7.147
KCJ11_HUMAN	3767	KCNJ11	24.248	804	51	25	2.708	0.415	7.766
SH2B3_HUMAN	10019	SH2B3	23.993	145	15	43	2.176	0.643	8.51
2B13_HUMAN	3123	HLA-DRB1	23.765	5313	88	29	2.944	0.477	6.946
VDR_HUMAN	7421	VDR	23.539	4185	42	51	2.623	0.716	7.049
IGF1_HUMAN	3479	IGF1	23.256	21183	178	25	3.25	0.415	6.345
IL2RA_HUMAN	3559	IL2RA	23.232	8791	49	57	2.69	0.763	6.727
CD4_HUMAN	920	CD4	23.171	54739	79	101	2.898	1.009	5.932
HXK4_HUMAN	2645	GCK	23.032	887	60	15	2.778	0.204	7.723
1A01_HUMAN	3105	HLA-A	22.875	5350	68	28	2.833	0.462	6.943
ADIPO_HUMAN	9370	ADIPOQ	22.734	8653	58	40	2.763	0.613	6.734
ALDR_HUMAN	231	AKR1B1	22.701	1112	73	12	2.863	0.114	7.625
IL6_HUMAN	3569	IL6	22.348	53611	77	74	2.886	0.875	5.941
CL16A_HUMAN	23274	CLEC16A	22.296	59	10	31	2.0	0.505	8.9
VEGFA_HUMAN	7422	VEGFA	22.27	32733	61	67	2.785	0.833	6.156
TGM2_HUMAN	7052	TGM2	22.043	1447	41	20	2.613	0.322	7.51
ATN1_HUMAN	1822	ATN1	21.9	755	17	37	2.23	0.58	7.793
PCSK1_HUMAN	27344	PCSK1N	21.646	906	64	9	2.806	0.0	7.714
IL2_HUMAN	3558	IL2	21.529	30132	75	39	2.875	0.602	6.192
DPB1_HUMAN	3115	HLA-DPB1	21.479	970	26	23	2.415	0.38	7.684
APOB_HUMAN	338	APOB	21.291	9710	73	20	2.863	0.322	6.684
IL1B_HUMAN	3553	IL1B	21.269	28325	56	46	2.748	0.672	6.219
APOA1_HUMAN	335	APOA1	21.265	7665	80	16	2.903	0.23	6.786
OGA_HUMAN	10724	MGEA5	21.178	2017	75	5	2.875	0.0	7.366
ANGT_HUMAN	183	AGT	21.161	11591	76	20	2.881	0.322	6.607
GLP1R_HUMAN	2740	GLP1R	21.04	2767	37	21	2.568	0.342	7.229
LAD1_HUMAN	3898	LAD1	20.862	158	29	9	2.462	0.0	8.472
GLNA_HUMAN	2752	GLUL	20.767	783	39	11	2.591	0.079	7.777
DPP4_HUMAN	1803	DPP4	20.358	3775	39	18	2.591	0.279	7.094
ICAM1_HUMAN	3383	ICAM1	20.096	11659	46	23	2.663	0.38	6.604
FIBB_HUMAN	2244	FGB	19.919	15352	118	9	3.072	0.0	6.484
IL7RA_HUMAN	3575	IL7R	19.783	936	7	52	1.845	0.724	7.7
TNFA_HUMAN	7124	TNF	19.772	75731	59	43	2.771	0.643	5.791
RAGE_HUMAN	177	AGER	19.622	924	22	15	2.342	0.204	7.705
MICA_HUMAN	100507436	MICA	19.556	1138	37	2	2.568	0.0	7.615
CTGF_HUMAN	1490	CTGF	19.531	1548	17	23	2.23	0.38	7.481
1B07_HUMAN	3106	HLA-B	19.273	7993	32	21	2.505	0.342	6.768
ZDH23_HUMAN	254887	ZDHHC23	19.211	27	12	0	2.079	0.0	9.24
SUMO4_HUMAN	387082	SUMO4	19.085	60	14	5	2.146	0.0	8.893
PERT_HUMAN	7173	TPO	18.867	1651	34	4	2.531	0.0	7.453
INSR_HUMAN	3643	INSR	18.704	3040	40	0	2.602	0.0	7.188
ALLC_HUMAN	55821	ALLC	18.703	193	17	0	2.23	0.0	8.385
IL10_HUMAN	3586	IL10	18.697	22907	27	33	2.431	0.531	6.31
ALBU_HUMAN	213	ALB	18.691	8072	58	2	2.763	0.0	6.764
E2AK3_HUMAN	9451	EIF2AK3	18.678	1351	20	14	2.301	0.176	7.54
K1C20_HUMAN	54474	KRT20	18.633	10103	13	47	2.114	0.681	6.666
IL17_HUMAN	3605	IL17A	18.587	6719	13	39	2.114	0.602	6.844
PDX1_HUMAN	3651	PDX1	18.562	725	17	13	2.23	0.146	7.811
IL1A_HUMAN	3552	IL1A	18.513	14669	27	25	2.431	0.415	6.504
NC2B_HUMAN	1810	DR1	18.399	759	23	4	2.362	0.0	7.791
LEP_HUMAN	3952	LEP	18.362	7002	49	6	2.69	0.0	6.826
DMRT1_HUMAN	1761	DMRT1	18.318	179	15	3	2.176	0.0	8.418
CD8A_HUMAN	925	CD8A	18.282	28961	20	43	2.301	0.643	6.209
PAHO_HUMAN	5539	PPY	18.242	885	23	4	2.362	0.0	7.724
HNF1A_HUMAN	6927	HNF1A	17.952	1016	22	6	2.342	0.0	7.664
NELFD_HUMAN	51497	NELFCD	17.91	9794	30	15	2.477	0.204	6.68
DBP_HUMAN	1628	DBP	17.898	3482	27	11	2.431	0.079	7.129
CETP_HUMAN	1071	CETP	17.852	1482	24	1	2.38	0.0	7.5
TNR25_HUMAN	8718	TNFRSF25	17.842	1700	25	1	2.398	0.0	7.44
GLIS3_HUMAN	169792	GLIS3	17.802	70	8	12	1.903	0.114	8.826
EPO_HUMAN	2056	EPO	17.799	15574	43	12	2.633	0.114	6.478
B2MG_HUMAN	567	B2M	17.776	6463	39	0	2.591	0.0	6.86
SOX13_HUMAN	9580	SOX13	17.584	27	8	0	1.903	0.0	9.24
NUD10_HUMAN	170685	NUDT10	17.568	48	9	2	1.954	0.0	8.99
ICA69_HUMAN	3382	ICA1	17.532	121	11	1	2.041	0.0	8.588
HPT_HUMAN	3240	HP	17.529	2768	19	13	2.279	0.146	7.229
COG2_HUMAN	22796	COG2	17.506	2433	23	10	2.362	0.041	7.285
G6PC2_HUMAN	57818	G6PC2	17.483	71	6	15	1.778	0.204	8.82
EGFR_HUMAN	1956	EGFR	17.463	30695	29	22	2.462	0.362	6.183
AIRE_HUMAN	326	AIRE	17.376	613	16	4	2.204	0.0	7.883
S19A2_HUMAN	10560	SLC19A2	17.299	105	10	0	2.0	0.0	8.65
CBPE_HUMAN	1363	CPE	17.262	164	11	0	2.041	0.0	8.456
CSF3_HUMAN	1440	CSF3	17.184	12033	15	26	2.176	0.431	6.591
THRB_HUMAN	2147	F2	17.129	14673	43	1	2.633	0.0	6.504
NLRP3_HUMAN	114548	NLRP3	17.09	2048	21	8	2.322	0.0	7.36
ANF_HUMAN	4878	NPPA	17.067	1793	20	0	2.301	0.0	7.417
CCL2_HUMAN	6347	CCL2	17.049	10029	18	19	2.255	0.301	6.669
INSM2_HUMAN	84684	INSM2	17.042	52	8	9	1.903	0.0	8.955
EDN1_HUMAN	1906	EDN1	16.887	7138	30	4	2.477	0.0	6.817
SUIS_HUMAN	6476	SI	16.883	1026	16	2	2.204	0.0	7.66
CISD2_HUMAN	493856	CISD2	16.753	39	7	6	1.845	0.0	9.08
KCMB2_HUMAN	10242	KCNMB2	16.547	8108	28	0	2.447	0.0	6.762
CH3L1_HUMAN	1116	CHI3L1	16.456	884	9	14	1.954	0.176	7.724
TR11B_HUMAN	4982	TNFRSF11B	16.423	2767	17	10	2.23	0.041	7.229
1C07_HUMAN	3107	HLA-C	16.402	2502	18	6	2.255	0.0	7.273
LYPD4_HUMAN	147719	LYPD4	16.389	439	10	10	2.0	0.041	8.028
VWF_HUMAN	7450	VWF	16.381	6909	25	2	2.398	0.0	6.831
GSHR_HUMAN	2936	GSR	16.357	1778	16	2	2.204	0.0	7.421
CH60_HUMAN	3329	HSPD1	16.294	1898	16	1	2.204	0.0	7.393
GHR_HUMAN	2690	GHR	16.245	1605	15	1	2.176	0.0	7.465
NOS3_HUMAN	4846	NOS3	16.196	3658	19	4	2.279	0.0	7.108
COLI_HUMAN	5443	POMC	16.136	8744	25	0	2.398	0.0	6.729
COX8A_HUMAN	1351	COX8A	16.133	7998	22	10	2.342	0.041	6.768
OSTCN_HUMAN	632	BGLAP	16.13	6938	23	8	2.362	0.0	6.83
CERU_HUMAN	1356	CP	16.08	2373	16	1	2.204	0.0	7.296
MBL2_HUMAN	4153	MBL2	16.074	1517	14	4	2.146	0.0	7.49
CXCL7_HUMAN	5473	PPBP	16.064	1534	14	0	2.146	0.0	7.485
NEU2_HUMAN	551	AVP	15.961	5426	20	0	2.301	0.0	6.936
IL18_HUMAN	3606	IL18	15.953	3957	18	4	2.255	0.0	7.073
G6PD_HUMAN	2539	G6PD	15.946	3985	18	4	2.255	0.0	7.07
FINC_HUMAN	2335	FN1	15.942	12999	27	6	2.431	0.0	6.557
TRFE_HUMAN	7018	TF	15.942	12237	24	10	2.38	0.041	6.583
CATA_HUMAN	847	CAT	15.93	4790	19	1	2.279	0.0	6.99
APOE_HUMAN	348	APOE	15.909	10879	25	4	2.398	0.0	6.634
INSRR_HUMAN	3645	INSRR	15.899	763	11	2	2.041	0.0	7.788
AIDA_HUMAN	64853	AIDA	15.894	114	7	0	1.845	0.0	8.614
CXCR3_HUMAN	2833	CXCR3	15.886	1355	8	15	1.903	0.204	7.539
RPGF5_HUMAN	9771	RAPGEF5	15.82	228	8	0	1.903	0.0	8.313
PON1_HUMAN	5444	PON1	15.809	2016	14	2	2.146	0.0	7.366
LGUL_HUMAN	2739	GLO1	15.75	409	9	1	1.954	0.0	8.059
FABPL_HUMAN	2168	FABP1	15.741	413	6	14	1.778	0.176	8.055
A2MG_HUMAN	2	A2M	15.737	2748	15	0	2.176	0.0	7.232
CELA1_HUMAN	1990	CELA1	15.731	254	8	3	1.903	0.0	8.266
ALAT1_HUMAN	2875	GPT	15.705	8086	21	8	2.322	0.0	6.763
CXL10_HUMAN	3627	CXCL10	15.671	3639	16	9	2.204	0.0	7.11
PTHY_HUMAN	5741	PTH	15.669	13691	25	8	2.398	0.0	6.534
ABCC8_HUMAN	6833	ABCC8	15.606	738	10	6	2.0	0.0	7.803
ERAL1_HUMAN	26284	ERAL1	15.584	3986	16	4	2.204	0.0	7.07
AKT1_HUMAN	207	AKT1	15.569	18505	15	17	2.176	0.255	6.404
OAS3_HUMAN	4940	OAS3	15.564	774	10	0	2.0	0.0	7.782
CRF_HUMAN	1392	CRH	15.558	4959	17	2	2.23	0.0	6.975
PTN2_HUMAN	5771	PTPN2	15.55	175	7	9	1.845	0.0	8.428
STH_HUMAN	246744	STH	15.543	319	8	0	1.903	0.0	8.167
SODC_HUMAN	6647	SOD1	15.531	5101	17	6	2.23	0.0	6.963
GAST_HUMAN	2520	GAST	15.524	5136	17	2	2.23	0.0	6.96
GIP_HUMAN	2695	GIP	15.5	1197	11	2	2.041	0.0	7.593
FGF2_HUMAN	2247	FGF2	15.487	6580	14	12	2.146	0.114	6.853
L0N195_HUMAN	3439	IFNA1	15.481	8773	20	6	2.301	0.0	6.728
PERL_HUMAN	4025	LPO	15.468	349	8	0	1.903	0.0	8.128
SMS_HUMAN	6750	SST	15.464	1712	12	0	2.079	0.0	7.437
HNF4A_HUMAN	3172	HNF4A	15.459	1721	12	7	2.079	0.0	7.435
FCG3A_HUMAN	2214	FCGR3A	15.457	5507	17	2	2.23	0.0	6.93
PAI1_HUMAN	5054	SERPINE1	15.454	7746	19	1	2.279	0.0	6.782
PPAC_HUMAN	52	ACP1	15.435	202	7	0	1.845	0.0	8.366
SHBG_HUMAN	6462	SHBG	15.43	4679	16	2	2.204	0.0	7.001
TNFL6_HUMAN	356	FASLG	15.392	4494	12	12	2.079	0.114	7.018
A1AT_HUMAN	5265	SERPINA1	15.341	6209	17	9	2.23	0.0	6.878
CP2R1_HUMAN	120227	CYP2R1	15.304	182	6	10	1.778	0.041	8.411
CABIN_HUMAN	23523	CABIN1	15.293	1511	11	4	2.041	0.0	7.492
CASB_HUMAN	1447	CSN2	15.29	118	6	0	1.778	0.0	8.599
CELR2_HUMAN	1952	CELSR2	15.282	34	1	46	1.0	0.672	9.139
IL1RA_HUMAN	3557	IL1RN	15.281	4455	15	4	2.176	0.0	7.022
IL4_HUMAN	3565	IL4	15.253	17876	14	16	2.146	0.23	6.418
NBL1_HUMAN	4681	NBL1	15.241	745	9	0	1.954	0.0	7.799
S17A5_HUMAN	26503	SLC17A5	15.241	4645	15	1	2.176	0.0	7.004
REG1A_HUMAN	5967	REG1A	15.24	460	8	2	1.903	0.0	8.008
DMPK_HUMAN	1760	DMPK	15.239	1125	10	3	2.0	0.0	7.62
JPH3_HUMAN	57338	JPH3	15.235	1613	11	1	2.041	0.0	7.463
HXK1_HUMAN	3098	HK1	15.226	1143	10	0	2.0	0.0	7.613
PAX4_HUMAN	5078	PAX4	15.164	139	6	1	1.778	0.0	8.528
PRL_HUMAN	5617	PRL	15.122	7779	17	2	2.23	0.0	6.78
CP27B_HUMAN	1594	CYP27B1	15.084	556	8	2	1.903	0.0	7.926
RT31_HUMAN	10240	MRPS31	15.057	3	3	0	1.477	0.0	10.194
LIPC_HUMAN	3990	LIPC	15.027	958	9	0	1.954	0.0	7.69
PO5F1_HUMAN	5460	POU5F1	14.962	3526	6	20	1.778	0.322	7.124
CSF2_HUMAN	1437	CSF2	14.946	14987	20	8	2.301	0.0	6.495
WDHD1_HUMAN	11169	WDHD1	14.91	1100	9	1	1.954	0.0	7.629
ERCC8_HUMAN	1161	ERCC8	14.856	1750	10	2	2.0	0.0	7.428
PTPR2_HUMAN	5799	PTPRN2	14.826	88	5	1	1.699	0.0	8.726
GON1_HUMAN	2796	GNRH1	14.725	8020	15	0	2.176	0.0	6.767
GPR83_HUMAN	10888	GPR83	14.706	31	4	3	1.602	0.0	9.18
MS18A_HUMAN	54069	MIS18A	14.706	31	4	0	1.602	0.0	9.18
PLF4_HUMAN	5196	PF4	14.664	1469	9	0	1.954	0.0	7.504
RET4_HUMAN	5950	RBP4	14.652	1491	9	1	1.954	0.0	7.497
CD226_HUMAN	10666	CD226	14.64	274	6	3	1.778	0.0	8.233
TLR2_HUMAN	7097	TLR2	14.635	4167	7	16	1.845	0.23	7.051
FPR1_HUMAN	2357	FPR1	14.538	3542	11	5	2.041	0.0	7.122
ZFP57_HUMAN	346171	ZFP57	14.529	40	4	7	1.602	0.0	9.069
LYAM2_HUMAN	6401	SELE	14.499	4980	12	4	2.079	0.0	6.974
IGF2_HUMAN	3481	IGF2	14.485	5059	12	2	2.079	0.0	6.967
CCR5_HUMAN	1234	CCR5	14.482	3774	11	0	2.041	0.0	7.094
NOS2_HUMAN	4843	NOS2	14.456	5227	12	0	2.079	0.0	6.953
RIR1_HUMAN	6240	RRM1	14.449	1974	7	12	1.845	0.114	7.375
OPTN_HUMAN	10133	OPTN	14.438	356	5	11	1.699	0.079	8.119
NDUB7_HUMAN	4713	NDUFB7	14.413	154	5	0	1.699	0.0	8.483
NDUB3_HUMAN	4709	NDUFB3	14.409	2927	10	1	2.0	0.0	7.204
A4_HUMAN	351	APP	14.403	7204	13	1	2.114	0.0	6.813
ITAX_HUMAN	3687	ITGAX	14.381	1884	4	21	1.602	0.342	7.396
CD1D_HUMAN	912	CD1D	14.336	796	7	3	1.845	0.0	7.77
LRBA_HUMAN	987	LRBA	14.336	171	5	4	1.699	0.0	8.438
PTPRC_HUMAN	5788	PTPRC	14.309	6151	12	3	2.079	0.0	6.882
G6PE_HUMAN	9563	H6PD	14.294	181	5	1	1.699	0.0	8.413
BMPR2_HUMAN	659	BMPR2	14.293	743	4	16	1.602	0.23	7.8
SBP1_HUMAN	8991	SELENBP1	14.29	4685	11	1	2.041	0.0	7.0
TNR21_HUMAN	27242	TNFRSF21	14.282	184	5	0	1.699	0.0	8.406
ZN410_HUMAN	57862	ZNF410	14.282	57	4	1	1.602	0.0	8.915
PTF1A_HUMAN	256297	PTF1A	14.27	58	4	2	1.602	0.0	8.907
CMGA_HUMAN	1113	CHGA	14.265	3455	10	5	2.0	0.0	7.132
FRMD3_HUMAN	257019	FRMD3	14.262	19	3	10	1.477	0.041	9.392
TNFB_HUMAN	4049	LTA	14.26	1506	8	1	1.903	0.0	7.493
SODM_HUMAN	6648	SOD2	14.243	2413	9	4	1.954	0.0	7.288
GTR1_HUMAN	6513	SLC2A1	14.235	2436	9	1	1.954	0.0	7.284
TBX1_HUMAN	6899	TBX1	14.231	908	7	0	1.845	0.0	7.713
MOTI_HUMAN	4295	MLN	14.223	470	6	0	1.778	0.0	7.999
TRBM_HUMAN	7056	THBD	14.186	1647	8	1	1.903	0.0	7.454
DDC_HUMAN	1644	DDC	14.18	497	6	2	1.778	0.0	7.975
PPARG_HUMAN	5468	PPARG	14.17	5362	11	0	2.041	0.0	6.941
BGLR_HUMAN	2990	GUSB	14.155	1709	8	0	1.903	0.0	7.438
NFKB1_HUMAN	4790	NFKB1	14.13	9691	13	4	2.114	0.0	6.684
STAT4_HUMAN	6775	STAT4	14.129	531	6	5	1.778	0.0	7.946
IL17F_HUMAN	112744	IL17F	14.127	1033	7	5	1.845	0.0	7.657
CO2_HUMAN	717	C2	14.123	15163	15	1	2.176	0.0	6.49
SL9C1_HUMAN	285335	SLC9C1	14.123	228	5	0	1.699	0.0	8.313
TDT_HUMAN	1791	DNTT	14.119	1787	8	2	1.903	0.0	7.419
CD177_HUMAN	57126	CD177	14.082	564	4	14	1.602	0.176	7.92
CREM_HUMAN	1390	CREM	14.024	608	6	6	1.778	0.0	7.887
MMP2_HUMAN	4313	MMP2	14.015	10989	13	3	2.114	0.0	6.63
TGFB1_HUMAN	7040	TGFB1	14.013	24445	17	4	2.23	0.0	6.283
DC1I2_HUMAN	1781	DYNC1I2	14.004	85	4	0	1.602	0.0	8.741
FANCB_HUMAN	2187	FANCB	13.982	4785	10	0	2.0	0.0	6.991
PDCD1_HUMAN	5133	PDCD1	13.97	2138	8	4	1.903	0.0	7.341
IL8_HUMAN	3576	CXCL8	13.951	25628	13	12	2.114	0.114	6.262
THYG_HUMAN	7038	TG	13.927	2252	8	0	1.903	0.0	7.318
FYN_HUMAN	2534	FYN	13.919	697	6	0	1.778	0.0	7.828
VMAT2_HUMAN	6571	SLC18A2	13.902	308	5	7	1.699	0.0	8.182
IDE_HUMAN	3416	IDE	13.899	309	5	6	1.699	0.0	8.181
S26A3_HUMAN	1811	SLC26A3	13.876	319	5	0	1.699	0.0	8.167
NDF1_HUMAN	4760	NEUROD1	13.869	322	5	0	1.699	0.0	8.163
IBP1_HUMAN	3484	IGFBP1	13.867	2421	8	0	1.903	0.0	7.287
FETA_HUMAN	174	AFP	13.84	10333	12	0	2.079	0.0	6.656
STK38_HUMAN	11329	STK38	13.838	108	4	4	1.602	0.0	8.637
PPB1_HUMAN	250	ALPP	13.816	3991	9	5	1.954	0.0	7.07
KNG1_HUMAN	3827	KNG1	13.809	4025	9	1	1.954	0.0	7.066
INSR2_HUMAN	723961	INS-IGF2	13.809	21	3	1	1.477	0.0	9.349
SLIB_HUMAN	2691	GHRH	13.798	2635	8	0	1.903	0.0	7.25
TSHR_HUMAN	7253	TSHR	13.798	2634	8	0	1.903	0.0	7.25
ACRO_HUMAN	49	ACR	13.752	865	6	6	1.778	0.0	7.734
SYMPK_HUMAN	8189	SYMPK	13.751	23	3	0	1.477	0.0	9.309
ARF_HUMAN	1029	CDKN2A	13.745	9187	8	13	1.903	0.146	6.708
FETUA_HUMAN	197	AHSG	13.744	874	6	2	1.778	0.0	7.729
VGFR1_HUMAN	2321	FLT1	13.736	2839	8	2	1.903	0.0	7.218
LDLR_HUMAN	3949	LDLR	13.731	4411	9	2	1.954	0.0	7.026
CCR4_HUMAN	1233	CCR4	13.711	912	6	1	1.778	0.0	7.711
PAFA_HUMAN	7941	PLA2G7	13.655	981	6	0	1.778	0.0	7.679
GRAB_HUMAN	3002	GZMB	13.642	1893	7	1	1.845	0.0	7.394
CO4A_HUMAN	721	C4A	13.639	1001	6	0	1.778	0.0	7.67
APOC3_HUMAN	345	APOC3	13.628	1016	6	2	1.778	0.0	7.664
ANT3_HUMAN	462	SERPINC1	13.623	7231	10	0	2.0	0.0	6.812
NDUB4_HUMAN	4710	NDUFB4	13.609	150	4	0	1.602	0.0	8.495
CSH2_HUMAN	1443	CSH2	13.602	1050	6	1	1.778	0.0	7.65
CEL3B_HUMAN	23436	CELA3B	13.586	155	4	0	1.602	0.0	8.481
CD5_HUMAN	921	CD5	13.564	3497	8	0	1.903	0.0	7.127
CADH5_HUMAN	1003	CDH5	13.545	1131	6	4	1.778	0.0	7.617
NAMPT_HUMAN	10135	NAMPT	13.537	1143	6	1	1.778	0.0	7.613
IL21_HUMAN	59067	IL21	13.48	1230	4	14	1.602	0.176	7.581
KCNA3_HUMAN	3738	KCNA3	13.473	332	3	14	1.477	0.176	8.15
DDX58_HUMAN	23586	DDX58	13.46	560	5	7	1.699	0.0	7.923
SWET1_HUMAN	55974	SLC50A1	13.446	37	3	1	1.477	0.0	9.103
TF7L2_HUMAN	6934	TCF7L2	13.442	574	5	2	1.699	0.0	7.912
LIPL_HUMAN	4023	LPL	13.417	2508	7	0	1.845	0.0	7.272
NPHN_HUMAN	4868	NPHS1	13.405	604	5	2	1.699	0.0	7.89
CCR7_HUMAN	1236	CCR7	13.375	1409	6	7	1.778	0.0	7.522
TF_HUMAN	2152	F3	13.374	2644	7	4	1.845	0.0	7.249
MTHR_HUMAN	4524	MTHFR	13.353	4515	8	0	1.903	0.0	7.016
ADRB2_HUMAN	154	ADRB2	13.332	2787	7	0	1.845	0.0	7.226
PER2_HUMAN	8864	PER2	13.319	1516	6	7	1.778	0.0	7.49
DQA2_HUMAN	3118	HLA-DQA2	13.292	47	3	0	1.477	0.0	8.999
ARX_HUMAN	170302	ARX	13.291	237	4	1	1.602	0.0	8.296
AGTR1_HUMAN	185	AGTR1	13.267	3025	7	0	1.845	0.0	7.19
PER1_HUMAN	5187	PER1	13.267	1621	6	2	1.778	0.0	7.461
EP300_HUMAN	2033	EP300	13.264	3033	7	0	1.845	0.0	7.189
NGN3_HUMAN	50674	NEUROG3	13.262	247	4	2	1.602	0.0	8.278
TNR5_HUMAN	958	CD40	13.24	5172	8	0	1.903	0.0	6.957
PLGF_HUMAN	5228	PGF	13.22	1722	6	2	1.778	0.0	7.435
RETN_HUMAN	56729	RETN	13.201	796	5	0	1.699	0.0	7.77
SHC2_HUMAN	25759	SHC2	13.195	272	4	0	1.602	0.0	8.236
BGAT_HUMAN	28	ABO	13.189	3333	7	0	1.845	0.0	7.148
HMGB1_HUMAN	3146	HMGB1	13.181	1811	6	5	1.778	0.0	7.413
ITA2B_HUMAN	3674	ITGA2B	13.166	3429	7	0	1.845	0.0	7.136
VTDB_HUMAN	2638	GC	13.164	837	5	9	1.699	0.0	7.748
ERG_HUMAN	2078	ERG	13.161	1860	6	1	1.778	0.0	7.401
NRAM1_HUMAN	6556	SLC11A1	13.148	291	4	1	1.602	0.0	8.207
NPL_HUMAN	80896	NPL	13.146	59	3	0	1.477	0.0	8.9
CP27A_HUMAN	1593	CYP27A1	13.132	874	5	0	1.699	0.0	7.729
MIS_HUMAN	268	AMH	13.121	1957	6	2	1.778	0.0	7.379
CFAB_HUMAN	629	CFB	13.12	303	4	0	1.602	0.0	8.189
MK14_HUMAN	1432	MAPK14	13.114	8447	8	10	1.903	0.041	6.744
AICDA_HUMAN	57379	AICDA	13.106	3697	7	2	1.845	0.0	7.103
PUM3_HUMAN	9933	PUM3	13.102	2006	6	2	1.778	0.0	7.369
X6R868_HUMAN	1056	CEL	13.061	330	4	0	1.602	0.0	8.152
DOA_HUMAN	3111	HLA-DOA	13.055	68	3	0	1.477	0.0	8.838
SE1L1_HUMAN	6400	SEL1L	13.046	69	3	0	1.477	0.0	8.832
HAOX1_HUMAN	54363	HAO1	13.046	69	3	6	1.477	0.0	8.832
PARP1_HUMAN	142	PARP1	13.041	6579	8	7	1.903	0.0	6.853
IL7_HUMAN	3574	IL7	13.038	2180	6	6	1.778	0.0	7.332
CNDP1_HUMAN	84735	CNDP1	13.037	70	3	5	1.477	0.0	8.826
HMDH_HUMAN	3156	HMGCR	13.018	2238	6	0	1.778	0.0	7.321
GBB3_HUMAN	2784	GNB3	12.992	364	4	0	1.602	0.0	8.11
HEP2_HUMAN	3053	SERPIND1	12.973	374	4	1	1.602	0.0	8.098
CBPB1_HUMAN	1360	CPB1	12.966	378	4	0	1.602	0.0	8.093
SC6A7_HUMAN	6534	SLC6A7	12.949	298	2	18	1.301	0.279	8.197
APOA2_HUMAN	336	APOA2	12.919	1166	5	0	1.699	0.0	7.604
AGAL_HUMAN	2717	GLA	12.914	1174	5	1	1.699	0.0	7.601
GTR4_HUMAN	6517	SLC2A4	12.905	1189	5	2	1.699	0.0	7.596
TNF10_HUMAN	8743	TNFSF10	12.891	4830	7	1	1.845	0.0	6.987
EGF_HUMAN	1950	EGF	12.88	4898	7	1	1.845	0.0	6.981
CHM2B_HUMAN	25978	CHMP2B	12.861	92	3	1	1.477	0.0	8.707
PNMA2_HUMAN	10687	PNMA2	12.86	1264	5	0	1.699	0.0	7.569
ADA1D_HUMAN	146	ADRA1D	12.851	2777	6	0	1.778	0.0	7.227
C1QA_HUMAN	712	C1QA	12.85	2781	6	1	1.778	0.0	7.227
NDUA2_HUMAN	4695	NDUFA2	12.834	96	3	0	1.477	0.0	8.689
FCRL3_HUMAN	115352	FCRL3	12.834	96	3	1	1.477	0.0	8.689
PCSK9_HUMAN	255738	PCSK9	12.827	1321	5	5	1.699	0.0	7.55
SOST_HUMAN	50964	SOST	12.823	464	4	8	1.602	0.0	8.004
FGF21_HUMAN	26291	FGF21	12.794	484	4	3	1.602	0.0	7.986
PLMN_HUMAN	5340	PLG	12.793	2993	6	1	1.778	0.0	7.195
PADI1_HUMAN	29943	PADI1	12.786	490	4	0	1.602	0.0	7.981
ANFB_HUMAN	4879	NPPB	12.757	5715	7	1	1.845	0.0	6.914
FUT2_HUMAN	2524	FUT2	12.755	512	4	3	1.602	0.0	7.962
CAMP_HUMAN	820	CAMP	12.747	1473	5	0	1.699	0.0	7.503
IL12B_HUMAN	3593	IL12B	12.747	518	4	0	1.602	0.0	7.957
A0A0A0MT80_HUMAN	50651	SLC45A1	12.747	110	3	0	1.477	0.0	8.629
ABCB6_HUMAN	10058	ABCB6	12.734	528	4	2	1.602	0.0	7.948
CO1A2_HUMAN	1278	COL1A2	12.714	1539	5	1	1.699	0.0	7.484
DPA1_HUMAN	3113	HLA-DPA1	12.696	119	3	2	1.477	0.0	8.595
KPCB_HUMAN	5579	PRKCB	12.682	569	4	6	1.602	0.0	7.916
TAP1_HUMAN	6890	TAP1	12.661	586	4	6	1.602	0.0	7.903
NR1D2_HUMAN	9975	NR1D2	12.645	129	3	0	1.477	0.0	8.56
IFNA2_HUMAN	3440	IFNA2	12.633	3683	6	1	1.778	0.0	7.105
CAVN2_HUMAN	8436	CAVIN2	12.615	135	3	1	1.477	0.0	8.541
ERBB3_HUMAN	2065	ERBB3	12.606	1783	5	3	1.699	0.0	7.42
VPP2_HUMAN	23545	ATP6V0A2	12.558	680	4	0	1.602	0.0	7.838
CD38_HUMAN	952	CD38	12.552	4089	6	0	1.778	0.0	7.059
ACES_HUMAN	43	ACHE	12.544	4133	6	0	1.778	0.0	7.055
USMG5_HUMAN	84833	USMG5	12.528	11	2	4	1.301	0.0	9.629
FCER2_HUMAN	2208	FCER2	12.527	1985	5	0	1.699	0.0	7.373
NGAL_HUMAN	3934	LCN2	12.507	2038	5	3	1.699	0.0	7.362
HGF_HUMAN	3082	HGF	12.494	4410	6	2	1.778	0.0	7.026
KI2S2_HUMAN	100132285	KIR2DS2	12.479	167	3	2	1.477	0.0	8.448
FA9_HUMAN	2158	F9	12.473	2136	5	0	1.699	0.0	7.341
CO3_HUMAN	718	C3	12.467	4567	6	2	1.778	0.0	7.011
PAEP_HUMAN	5047	PAEP	12.452	791	4	0	1.602	0.0	7.773
GLR_HUMAN	2642	GCGR	12.445	176	3	5	1.477	0.0	8.425
OAS1_HUMAN	4938	OAS1	12.438	178	3	3	1.477	0.0	8.42
CISY_HUMAN	1431	CS	12.436	810	4	2	1.602	0.0	7.762
NXF1_HUMAN	10482	NXF1	12.42	183	3	0	1.477	0.0	8.408
ADA_HUMAN	100	ADA	12.416	2306	5	0	1.699	0.0	7.308
BAD_HUMAN	572	BAD	12.406	2337	5	0	1.699	0.0	7.302
ITAM_HUMAN	3684	ITGAM	12.396	5008	6	1	1.778	0.0	6.971
HSFX1_HUMAN	100506164	HSFX2	12.392	14	2	2	1.301	0.0	9.525
IL1R1_HUMAN	3554	IL1R1	12.383	874	4	1	1.602	0.0	7.729
S10AA_HUMAN	6281	S100A10	12.379	879	4	1	1.602	0.0	7.727
TPA_HUMAN	5327	PLAT	12.376	5139	6	0	1.778	0.0	6.96
BGAL_HUMAN	2720	GLB1	12.37	2455	5	1	1.699	0.0	7.281
B3GA1_HUMAN	27087	B3GAT1	12.366	2467	5	0	1.699	0.0	7.279
C1QT6_HUMAN	114904	C1QTNF6	12.353	15	2	3	1.301	0.0	9.495
FAT1_HUMAN	2195	FAT1	12.329	211	3	5	1.477	0.0	8.347
CP21A_HUMAN	1589	CYP21A2	12.31	970	4	0	1.602	0.0	7.684
CAH2_HUMAN	760	CA2	12.302	2690	5	0	1.699	0.0	7.241
GSTM1_HUMAN	2944	GSTM1	12.302	2692	5	2	1.699	0.0	7.241
KI2L1_HUMAN	3802	KIR2DL1	12.282	227	3	0	1.477	0.0	8.315
ADML_HUMAN	133	ADM	12.268	1031	4	0	1.602	0.0	7.658
LYAM1_HUMAN	6402	SELL	12.262	2840	5	1	1.699	0.0	7.218
UCN3_HUMAN	114131	UCN3	12.26	235	3	3	1.477	0.0	8.3
DAPK3_HUMAN	1613	DAPK3	12.259	1045	4	3	1.602	0.0	7.652
TNR6_HUMAN	355	FAS	12.254	2871	5	0	1.699	0.0	7.213
FA5_HUMAN	2153	F5	12.214	3031	5	0	1.699	0.0	7.189
TXNIP_HUMAN	10628	TXNIP	12.207	255	3	4	1.477	0.0	8.264
VGFR2_HUMAN	3791	KDR	12.199	6464	6	6	1.778	0.0	6.86
ARY2_HUMAN	10	NAT2	12.193	1148	4	1	1.602	0.0	7.611
KI2L4_HUMAN	3805	KIR2DL4	12.19	1153	4	0	1.602	0.0	7.609
ASGL1_HUMAN	80150	ASRGL1	12.175	1178	4	0	1.602	0.0	7.6
CYTF_HUMAN	8530	CST7	12.147	280	3	1	1.477	0.0	8.224
FADS1_HUMAN	3992	FADS1	12.138	284	3	1	1.477	0.0	8.218
CD1C_HUMAN	911	CD1C	12.137	1244	4	1	1.602	0.0	7.576
EGLN_HUMAN	2022	ENG	12.128	1261	4	3	1.602	0.0	7.57
PAPP1_HUMAN	5069	PAPPA	12.113	1288	4	0	1.602	0.0	7.561
LAX1_HUMAN	54900	LAX1	12.111	23	2	0	1.301	0.0	9.309
PLXA2_HUMAN	5362	PLXNA2	12.108	1298	4	2	1.602	0.0	7.558
ELN_HUMAN	2006	ELN	12.1	3538	5	0	1.699	0.0	7.122
ATS13_HUMAN	11093	ADAMTS13	12.096	1320	4	3	1.602	0.0	7.55
G6PI_HUMAN	2821	GPI	12.089	1333	4	0	1.602	0.0	7.546
MBP_HUMAN	4155	MBP	12.085	3613	5	0	1.699	0.0	7.113
ANGP1_HUMAN	284	ANGPT1	12.08	1351	4	4	1.602	0.0	7.54
NU1M_HUMAN	4535	MT-ND1	12.076	313	3	0	1.477	0.0	8.175
UCHL1_HUMAN	7345	UCHL1	12.073	1365	4	2	1.602	0.0	7.536
OSTP_HUMAN	6696	SPP1	12.062	3725	5	4	1.699	0.0	7.1
TAGAP_HUMAN	117289	TAGAP	12.021	27	2	2	1.301	0.0	9.24
ENOG_HUMAN	2026	ENO2	12.017	3962	5	0	1.699	0.0	7.073
TKT_HUMAN	7086	TKT	12.015	344	3	2	1.477	0.0	8.134
C1QRF_HUMAN	10882	C1QL1	12.01	347	3	1	1.477	0.0	8.131
HSP74_HUMAN	3308	HSPA4	11.993	4092	5	1	1.699	0.0	7.059
RFX6_HUMAN	222546	RFX6	11.981	29	2	3	1.301	0.0	9.208
CTNB1_HUMAN	1499	CTNNB1	11.957	8844	6	6	1.778	0.0	6.724
CD79A_HUMAN	973	CD79A	11.953	1621	4	1	1.602	0.0	7.461
K1109_HUMAN	84162	KIAA1109	11.943	31	2	9	1.301	0.0	9.18
PGM1_HUMAN	5236	PGM1	11.94	387	3	0	1.477	0.0	8.083
CXCR6_HUMAN	10663	CXCR6	11.909	406	3	0	1.477	0.0	8.062
GPDM_HUMAN	2820	GPD2	11.908	33	2	0	1.301	0.0	9.152
NEU1_HUMAN	5020	OXT	11.885	1788	4	0	1.602	0.0	7.418
AMBP_HUMAN	259	AMBP	11.881	424	3	0	1.477	0.0	8.044
UN13B_HUMAN	10497	UNC13B	11.874	35	2	8	1.301	0.0	9.127
FN3K_HUMAN	64122	FN3K	11.874	35	2	0	1.301	0.0	9.127
UTS2_HUMAN	10911	UTS2	11.869	432	3	0	1.477	0.0	8.035
GLI2_HUMAN	2736	GLI2	11.867	4855	5	3	1.699	0.0	6.985
ILRL1_HUMAN	9173	IL1RL1	11.853	1872	4	1	1.602	0.0	7.399
KPCD_HUMAN	5580	PRKCD	11.837	1915	4	3	1.602	0.0	7.389
FCGR1_HUMAN	2209	FCGR1A	11.83	1935	4	0	1.602	0.0	7.384
CBPB2_HUMAN	1361	CPB2	11.787	491	3	0	1.477	0.0	7.98
SIAE_HUMAN	54414	SIAE	11.785	41	2	6	1.301	0.0	9.058
CP2E1_HUMAN	1571	CYP2E1	11.777	2088	4	0	1.602	0.0	7.351
CATB_HUMAN	1508	CTSB	11.774	2098	4	1	1.602	0.0	7.349
MYO9B_HUMAN	4650	MYO9B	11.745	44	2	0	1.301	0.0	9.027
HLAG_HUMAN	3135	HLA-G	11.726	2247	4	2	1.602	0.0	7.319
CD166_HUMAN	214	ALCAM	11.725	541	3	0	1.477	0.0	7.938
FABP4_HUMAN	2167	FABP4	11.71	554	3	0	1.477	0.0	7.927
G3P_HUMAN	2597	GAPDH	11.695	2349	4	2	1.602	0.0	7.3
PERM_HUMAN	4353	MPO	11.668	6357	5	2	1.699	0.0	6.868
IL15_HUMAN	3600	IL15	11.642	2534	4	4	1.602	0.0	7.267
UCP2_HUMAN	7351	UCP2	11.64	618	3	1	1.477	0.0	7.88
CATL2_HUMAN	1515	CTSV	11.609	56	2	0	1.301	0.0	8.923
CBPQ_HUMAN	10404	CPQ	11.609	648	3	0	1.477	0.0	7.859
P85A_HUMAN	5295	PIK3R1	11.599	658	3	0	1.477	0.0	7.853
COX1_HUMAN	4512	MT-CO1	11.583	2758	4	2	1.602	0.0	7.23
FA10_HUMAN	2159	F10	11.579	2775	4	0	1.602	0.0	7.228
GPX1_HUMAN	2876	GPX1	11.579	679	3	1	1.477	0.0	7.839
IL2RB_HUMAN	3560	IL2RB	11.578	2780	4	0	1.602	0.0	7.227
DEFB1_HUMAN	1672	DEFB1	11.562	697	3	3	1.477	0.0	7.828
B2L10_HUMAN	10017	BCL2L10	11.56	61	2	0	1.301	0.0	8.886
ITA4_HUMAN	3676	ITGA4	11.552	708	3	0	1.477	0.0	7.821
RBBP4_HUMAN	5928	RBBP4	11.55	711	3	0	1.477	0.0	7.819
CD40L_HUMAN	959	CD40LG	11.549	2898	4	3	1.602	0.0	7.209
FTO_HUMAN	79068	FTO	11.544	717	3	2	1.477	0.0	7.815
G6PC_HUMAN	2538	G6PC	11.543	718	3	0	1.477	0.0	7.815
ITAL_HUMAN	3683	ITGAL	11.523	3006	4	4	1.602	0.0	7.193
MLC1_HUMAN	23209	MLC1	11.515	750	3	0	1.477	0.0	7.796
ADRB3_HUMAN	155	ADRB3	11.504	763	3	0	1.477	0.0	7.788
CCR3_HUMAN	1232	CCR3	11.489	781	3	2	1.477	0.0	7.778
PTX3_HUMAN	5806	PTX3	11.487	784	3	1	1.477	0.0	7.777
SDF1_HUMAN	6387	CXCL12	11.474	3227	4	1	1.602	0.0	7.162
AOC1_HUMAN	26	AOC1	11.47	805	3	0	1.477	0.0	7.765
PGH2_HUMAN	5743	PTGS2	11.469	8324	5	3	1.699	0.0	6.75
TNIP3_HUMAN	79931	TNIP3	11.467	72	2	1	1.301	0.0	8.814
XYLT1_HUMAN	64131	XYLT1	11.459	73	2	0	1.301	0.0	8.808
RALB_HUMAN	5899	RALB	11.451	74	2	0	1.301	0.0	8.802
CP24A_HUMAN	1591	CYP24A1	11.45	831	3	5	1.477	0.0	7.751
SIK1_HUMAN	150094	SIK1	11.444	75	2	1	1.301	0.0	8.796
P53_HUMAN	7157	TP53	11.431	46130	8	2	1.903	0.0	6.007
USH1C_HUMAN	10083	USH1C	11.421	78	2	1	1.301	0.0	8.779
DPYD_HUMAN	1806	DPYD	11.385	919	3	2	1.477	0.0	7.708
HYOU1_HUMAN	10525	HYOU1	11.366	86	2	2	1.301	0.0	8.736
LIRB4_HUMAN	11006	LILRB4	11.366	86	2	1	1.301	0.0	8.736
CASP3_HUMAN	836	CASP3	11.354	19304	6	2	1.778	0.0	6.385
HBA_HUMAN	3040	HBA2	11.333	997	3	5	1.477	0.0	7.672
P3C2A_HUMAN	5286	PIK3C2A	11.326	1007	3	0	1.477	0.0	7.668
MYDGF_HUMAN	56005	MYDGF	11.322	93	2	5	1.301	0.0	8.702
NPAT_HUMAN	4863	NPAT	11.304	96	2	0	1.301	0.0	8.689
LSHR_HUMAN	3973	LHCGR	11.297	1054	3	0	1.477	0.0	7.648
TOR1B_HUMAN	27348	TOR1B	11.287	99	2	0	1.301	0.0	8.675
RFOX2_HUMAN	23543	RBFOX2	11.281	100	2	0	1.301	0.0	8.671
DRB3_HUMAN	3125	HLA-DRB3	11.275	101	2	2	1.301	0.0	8.667
AT1A1_HUMAN	476	ATP1A1	11.27	102	2	0	1.301	0.0	8.662
H15_HUMAN	3009	HIST1H1B	11.266	1107	3	2	1.477	0.0	7.627
TKN1_HUMAN	6863	TAC1	11.257	4407	4	0	1.602	0.0	7.027
HBG2_HUMAN	3048	HBG2	11.252	1130	3	0	1.477	0.0	7.618
DPYS_HUMAN	1807	DPYS	11.243	107	2	0	1.301	0.0	8.642
GATA3_HUMAN	2625	GATA3	11.243	1147	3	0	1.477	0.0	7.611
CNOT8_HUMAN	9337	CNOT8	11.209	1210	3	1	1.477	0.0	7.588
NKG2D_HUMAN	22914	KLRK1	11.19	1245	3	0	1.477	0.0	7.576
TN13B_HUMAN	10673	TNFSF13B	11.185	1256	3	0	1.477	0.0	7.572
MEFV_HUMAN	4210	MEFV	11.164	1297	3	0	1.477	0.0	7.558
MED25_HUMAN	81857	MED25	11.15	126	2	0	1.301	0.0	8.571
OST48_HUMAN	1650	DDOST	11.133	130	2	0	1.301	0.0	8.557
PRDX4_HUMAN	10549	PRDX4	11.133	130	2	3	1.301	0.0	8.557
APOM_HUMAN	55937	APOM	11.124	132	2	2	1.301	0.0	8.55
PRAF3_HUMAN	10550	ARL6IP5	11.116	134	2	0	1.301	0.0	8.544
ERF_HUMAN	2077	ERF	11.107	136	2	0	1.301	0.0	8.537
PRC2A_HUMAN	7916	PRRC2A	11.103	137	2	0	1.301	0.0	8.534
TBB4B_HUMAN	10383	TUBB4B	11.103	137	2	0	1.301	0.0	8.534
P5CR1_HUMAN	5831	PYCR1	11.06	148	2	1	1.301	0.0	8.501
MTOR_HUMAN	2475	MTOR	11.055	14590	5	5	1.699	0.0	6.507
ACBG1_HUMAN	23205	ACSBG1	11.041	153	2	0	1.301	0.0	8.486
GPBAR_HUMAN	151306	GPBAR1	11.033	155	2	0	1.301	0.0	8.481
HFE_HUMAN	3077	HFE	11.031	1596	3	0	1.477	0.0	7.468
DYH8_HUMAN	1769	DNAH8	11.028	1603	3	0	1.477	0.0	7.466
OMP_HUMAN	4975	OMP	11.026	157	2	0	1.301	0.0	8.475
FGF23_HUMAN	8074	FGF23	11.014	1638	3	0	1.477	0.0	7.457
CNR1_HUMAN	1268	CNR1	11.004	1665	3	1	1.477	0.0	7.449
RENR_HUMAN	10159	ATP6AP2	10.988	168	2	2	1.301	0.0	8.446
PLAL1_HUMAN	5325	PLAGL1	10.985	169	2	3	1.301	0.0	8.443
MEN1_HUMAN	4221	MEN1	10.982	1723	3	1	1.477	0.0	7.435
I18BP_HUMAN	10068	IL18BP	10.978	171	2	0	1.301	0.0	8.438
TLR3_HUMAN	7098	TLR3	10.975	1741	3	0	1.477	0.0	7.43
VTCN1_HUMAN	79679	VTCN1	10.965	175	2	2	1.301	0.0	8.428
MMP14_HUMAN	4323	MMP14	10.961	1781	3	0	1.477	0.0	7.42
MIF_HUMAN	4282	MIF	10.954	1798	3	0	1.477	0.0	7.416
CR2_HUMAN	1380	CR2	10.948	1815	3	4	1.477	0.0	7.412
ANXA5_HUMAN	308	ANXA5	10.945	6904	4	4	1.602	0.0	6.832
CASL_HUMAN	4739	NEDD9	10.933	185	2	5	1.301	0.0	8.404
AR2BP_HUMAN	23568	ARL2BP	10.933	185	2	1	1.301	0.0	8.404
DEAF1_HUMAN	10522	DEAF1	10.895	198	2	5	1.301	0.0	8.374
BSCL2_HUMAN	26580	BSCL2	10.878	204	2	0	1.301	0.0	8.361
TRH_HUMAN	7200	TRH	10.867	2061	3	0	1.477	0.0	7.357
CATD_HUMAN	1509	CTSD	10.862	2076	3	0	1.477	0.0	7.354
SEM1_HUMAN	7979	SEM1	10.862	210	2	0	1.301	0.0	8.349
TTHY_HUMAN	7276	TTR	10.855	2098	3	0	1.477	0.0	7.349
AHR_HUMAN	196	AHR	10.822	2209	3	1	1.477	0.0	7.327
KI2L2_HUMAN	3803	KIR2DL2	10.818	227	2	0	1.301	0.0	8.315
HPRT_HUMAN	3251	HPRT1	10.817	2227	3	0	1.477	0.0	7.323
MASP2_HUMAN	10747	MASP2	10.81	230	2	1	1.301	0.0	8.309
RPC10_HUMAN	51728	POLR3K	10.806	232	2	0	1.301	0.0	8.305
TRFL_HUMAN	4057	LTF	10.761	251	2	0	1.301	0.0	8.271
ELNE_HUMAN	1991	ELANE	10.755	2453	3	1	1.477	0.0	7.281
CREB1_HUMAN	1385	CREB1	10.752	2466	3	6	1.477	0.0	7.279
PSB8_HUMAN	5696	PSMB8	10.752	255	2	0	1.301	0.0	8.264
ARID2_HUMAN	196528	ARID2	10.733	264	2	0	1.301	0.0	8.249
PD1L1_HUMAN	29126	CD274	10.727	2564	3	1	1.477	0.0	7.262
PERI_HUMAN	5630	PRPH	10.722	269	2	0	1.301	0.0	8.241
KCMB1_HUMAN	3779	KCNMB1	10.717	2605	3	0	1.477	0.0	7.255
ISL1_HUMAN	3670	ISL1	10.709	275	2	3	1.301	0.0	8.232
AIF1_HUMAN	199	AIF1	10.707	276	2	3	1.301	0.0	8.23
MTA2_HUMAN	9219	MTA2	10.697	281	2	0	1.301	0.0	8.222
GLHA_HUMAN	1081	CGA	10.691	284	2	0	1.301	0.0	8.218
FA7_HUMAN	2155	F7	10.674	293	2	0	1.301	0.0	8.204
MF2L2_HUMAN	23101	MCF2L2	10.671	1	1	0	1.0	0.0	10.671
O56B4_HUMAN	196335	OR56B4	10.671	1	1	3	1.0	0.0	10.671
CD3E_HUMAN	916	CD3E	10.664	298	2	0	1.301	0.0	8.197
COMT_HUMAN	1312	COMT	10.652	2880	3	0	1.477	0.0	7.211
FNDC5_HUMAN	252995	FNDC5	10.642	310	2	1	1.301	0.0	8.18
SERA_HUMAN	26227	PHGDH	10.62	322	2	1	1.301	0.0	8.163
HMOX1_HUMAN	3162	HMOX1	10.619	3032	3	0	1.477	0.0	7.189
APEL_HUMAN	8862	APLN	10.617	324	2	0	1.301	0.0	8.16
CEBPD_HUMAN	1052	CEBPD	10.601	333	2	0	1.301	0.0	8.148
HHEX_HUMAN	3087	HHEX	10.601	333	2	1	1.301	0.0	8.148
EPCR_HUMAN	10544	PROCR	10.601	333	2	0	1.301	0.0	8.148
CD48_HUMAN	962	CD48	10.598	335	2	0	1.301	0.0	8.146
AHSP_HUMAN	51327	AHSP	10.598	335	2	0	1.301	0.0	8.146
CXAR_HUMAN	1525	CXADR	10.595	337	2	5	1.301	0.0	8.143
HXC10_HUMAN	3226	HOXC10	10.588	341	2	0	1.301	0.0	8.138
PLCB1_HUMAN	23236	PLCB1	10.578	347	2	0	1.301	0.0	8.131
GCR_HUMAN	2908	NR3C1	10.574	3252	3	7	1.477	0.0	7.159
DLL1_HUMAN	28514	DLL1	10.568	353	2	0	1.301	0.0	8.123
ITPR3_HUMAN	3710	ITPR3	10.559	359	2	1	1.301	0.0	8.116
FABPI_HUMAN	2169	FABP2	10.553	363	2	1	1.301	0.0	8.111
SDC2_HUMAN	6383	SDC2	10.545	368	2	0	1.301	0.0	8.105
CALCA_HUMAN	796	CALCA	10.539	3435	3	0	1.477	0.0	7.135
HEMO_HUMAN	3263	HPX	10.534	375	2	0	1.301	0.0	8.097
CY24A_HUMAN	1535	CYBA	10.524	382	2	0	1.301	0.0	8.089
TEST_HUMAN	10942	PRSS21	10.522	383	2	0	1.301	0.0	8.088
VITRN_HUMAN	5212	VIT	10.519	385	2	0	1.301	0.0	8.085
SODE_HUMAN	6649	SOD3	10.512	390	2	1	1.301	0.0	8.08
CSH1_HUMAN	1442	CSH1	10.472	419	2	0	1.301	0.0	8.049
EHD2_HUMAN	30846	EHD2	10.469	421	2	1	1.301	0.0	8.047
PSB9_HUMAN	5698	PSMB9	10.465	424	2	0	1.301	0.0	8.044
CENPV_HUMAN	201161	CENPV	10.464	425	2	2	1.301	0.0	8.042
HNRPM_HUMAN	4670	HNRNPM	10.44	443	2	0	1.301	0.0	8.024
HNF1B_HUMAN	6928	HNF1B	10.436	446	2	0	1.301	0.0	8.022
41_HUMAN	2035	EPB41	10.426	454	2	1	1.301	0.0	8.014
HLAE_HUMAN	3133	HLA-E	10.42	459	2	4	1.301	0.0	8.009
ICOS_HUMAN	29851	ICOS	10.413	465	2	5	1.301	0.0	8.003
CISH_HUMAN	1154	CISH	10.401	475	2	0	1.301	0.0	7.994
GHSR_HUMAN	2693	GHSR	10.395	480	2	2	1.301	0.0	7.99
MFGM_HUMAN	4240	MFGE8	10.394	481	2	3	1.301	0.0	7.989
ADA10_HUMAN	102	ADAM10	10.391	483	2	0	1.301	0.0	7.987
CSEN_HUMAN	30818	KCNIP3	10.383	490	2	3	1.301	0.0	7.981
FOS_HUMAN	2353	FOS	10.38	4405	3	0	1.477	0.0	7.027
AQP2_HUMAN	359	AQP2	10.375	497	2	1	1.301	0.0	7.975
CAPSL_HUMAN	133690	CAPSL	10.37	2	1	1	1.0	0.0	10.37
KCRB_HUMAN	1152	CKB	10.368	503	2	1	1.301	0.0	7.969
CFTR_HUMAN	1080	CFTR	10.359	4546	3	1	1.477	0.0	7.013
APOC2_HUMAN	344	APOC2	10.352	518	2	0	1.301	0.0	7.957
ACE2_HUMAN	59272	ACE2	10.327	541	2	3	1.301	0.0	7.938
IL27A_HUMAN	246778	IL27	10.32	548	2	1	1.301	0.0	7.932
GP183_HUMAN	1880	GPR183	10.311	26	1	12	1.0	0.114	9.256
SYNEM_HUMAN	23336	SYNM	10.3	568	2	3	1.301	0.0	7.917
IBP3_HUMAN	3486	IGFBP3	10.299	4998	3	1	1.477	0.0	6.972
MMP1_HUMAN	4312	MMP1	10.29	5066	3	2	1.477	0.0	6.966
IL12A_HUMAN	3592	IL12A	10.287	581	2	0	1.301	0.0	7.907
ATP4A_HUMAN	495	ATP4A	10.262	607	2	1	1.301	0.0	7.888
UCP1_HUMAN	7350	UCP1	10.262	607	2	0	1.301	0.0	7.888
CASP_HUMAN	1523	CUX1	10.255	615	2	2	1.301	0.0	7.882
CD52_HUMAN	1043	CD52	10.233	639	2	1	1.301	0.0	7.865
IFNB_HUMAN	3456	IFNB1	10.232	5545	3	8	1.477	0.0	6.927
HAVR1_HUMAN	26762	HAVCR1	10.225	648	2	9	1.301	0.0	7.859
CP11A_HUMAN	1583	CYP11A1	10.223	651	2	0	1.301	0.0	7.857
LYAG_HUMAN	2548	GAA	10.205	671	2	0	1.301	0.0	7.844
DHI2_HUMAN	3291	HSD11B2	10.2	677	2	0	1.301	0.0	7.84
CDN1A_HUMAN	1026	CDKN1A	10.197	5857	3	5	1.477	0.0	6.903
NEUT_HUMAN	4922	NTS	10.195	684	2	0	1.301	0.0	7.836
S22A1_HUMAN	6580	SLC22A1	10.195	684	2	4	1.301	0.0	7.836
CCR6_HUMAN	1235	CCR6	10.188	692	2	3	1.301	0.0	7.831
CD19_HUMAN	930	CD19	10.187	5943	3	1	1.477	0.0	6.897
CD34_HUMAN	947	CD34	10.174	20916	4	2	1.602	0.0	6.35
C11B2_HUMAN	1585	CYP11B2	10.157	731	2	0	1.301	0.0	7.807
AGTR2_HUMAN	186	AGTR2	10.156	732	2	1	1.301	0.0	7.806
SHIP1_HUMAN	3635	INPP5D	10.153	736	2	0	1.301	0.0	7.804
CX3C1_HUMAN	1524	CX3CR1	10.148	743	2	2	1.301	0.0	7.8
NCAM1_HUMAN	4684	NCAM1	10.146	6337	3	0	1.477	0.0	6.869
COPE_HUMAN	11316	COPE	10.142	751	2	1	1.301	0.0	7.795
CHP1_HUMAN	11261	CHP1	10.139	755	2	0	1.301	0.0	7.793
TLR4_HUMAN	7099	TLR4	10.136	6440	3	2	1.477	0.0	6.862
SRBP1_HUMAN	6720	SREBF1	10.126	772	2	2	1.301	0.0	7.783
ETS1_HUMAN	2113	ETS1	10.111	793	2	0	1.301	0.0	7.772
FRDA_HUMAN	2395	FXN	10.094	818	2	0	1.301	0.0	7.758
COX2_HUMAN	4513	MT-CO2	10.074	7092	3	0	1.477	0.0	6.82
TTF2_HUMAN	8458	TTF2	10.073	849	2	0	1.301	0.0	7.742
LEPR_HUMAN	3953	LEPR	10.071	852	2	1	1.301	0.0	7.74
TI17B_HUMAN	10245	TIMM17B	10.069	4	1	0	1.0	0.0	10.069
VWA2_HUMAN	340706	VWA2	10.069	4	1	0	1.0	0.0	10.069
FOXM1_HUMAN	2305	FOXM1	10.057	872	2	0	1.301	0.0	7.73
LCK_HUMAN	3932	LCK	10.057	872	2	0	1.301	0.0	7.73
MAMD1_HUMAN	10046	MAMLD1	10.024	925	2	0	1.301	0.0	7.705
THBG_HUMAN	6906	SERPINA7	10.019	934	2	0	1.301	0.0	7.701
L1CAM_HUMAN	3897	L1CAM	10.006	955	2	0	1.301	0.0	7.691
TWST1_HUMAN	7291	TWIST1	10.002	962	2	0	1.301	0.0	7.688
REG3A_HUMAN	5068	REG3A	9.986	990	2	0	1.301	0.0	7.675
IL4RA_HUMAN	3566	IL4R	9.985	992	2	1	1.301	0.0	7.674
NOS1_HUMAN	4842	NOS1	9.983	995	2	0	1.301	0.0	7.673
PSB3_HUMAN	5691	PSMB3	9.972	5	1	1	1.0	0.0	9.972
TRI10_HUMAN	10107	TRIM10	9.972	5	1	0	1.0	0.0	9.972
MYO16_HUMAN	23026	MYO16	9.972	5	1	1	1.0	0.0	9.972
SYT8_HUMAN	90019	SYT8	9.972	5	1	0	1.0	0.0	9.972
FBX17_HUMAN	115290	FBXO17	9.972	5	1	0	1.0	0.0	9.972
RBM46_HUMAN	166863	RBM46	9.972	5	1	0	1.0	0.0	9.972
NCPR_HUMAN	5447	POR	9.969	1019	2	0	1.301	0.0	7.663
ANGI_HUMAN	283	ANG	9.958	1039	2	0	1.301	0.0	7.654
MCR_HUMAN	4306	NR3C2	9.957	1042	2	0	1.301	0.0	7.653
FCG2A_HUMAN	2212	FCGR2A	9.944	1066	2	0	1.301	0.0	7.643
TFPI1_HUMAN	7035	TFPI	9.938	1077	2	0	1.301	0.0	7.639
CYB_HUMAN	4519	MT-CYB	9.937	1080	2	1	1.301	0.0	7.637
FA12_HUMAN	2161	F12	9.931	1090	2	0	1.301	0.0	7.633
NBN_HUMAN	4683	NBN	9.927	1099	2	0	1.301	0.0	7.63
PA2GA_HUMAN	5320	PLA2G2A	9.924	1104	2	0	1.301	0.0	7.628
B2LA1_HUMAN	597	BCL2A1	9.914	1124	2	0	1.301	0.0	7.62
TAF5L_HUMAN	27097	TAF5L	9.893	6	1	0	1.0	0.0	9.893
IR3IP_HUMAN	51124	IER3IP1	9.893	6	1	0	1.0	0.0	9.893
PTX4_HUMAN	390667	PTX4	9.893	6	1	0	1.0	0.0	9.893
FCGRN_HUMAN	2217	FCGRT	9.89	1173	2	0	1.301	0.0	7.602
GROA_HUMAN	2919	CXCL1	9.849	1260	2	1	1.301	0.0	7.57
BMP7_HUMAN	655	BMP7	9.841	1280	2	0	1.301	0.0	7.564
PRGC1_HUMAN	10891	PPARGC1A	9.833	1298	2	0	1.301	0.0	7.558
CLM2_HUMAN	342510	CD300E	9.826	7	1	0	1.0	0.0	9.826
ABCA1_HUMAN	19	ABCA1	9.818	1333	2	4	1.301	0.0	7.546
CD24_HUMAN	100133941	CD24	9.812	1346	2	2	1.301	0.0	7.542
MRP2_HUMAN	1244	ABCC2	9.792	1396	2	0	1.301	0.0	7.526
ADT2_HUMAN	292	SLC25A5	9.787	1407	2	0	1.301	0.0	7.523
APOH_HUMAN	350	APOH	9.786	1410	2	0	1.301	0.0	7.522
ST2A1_HUMAN	6822	SULT2A1	9.783	1418	2	0	1.301	0.0	7.519
IBP2_HUMAN	3485	IGFBP2	9.773	1443	2	0	1.301	0.0	7.512
NQO1_HUMAN	1728	NQO1	9.772	1445	2	0	1.301	0.0	7.511
HEPC_HUMAN	57817	HAMP	9.77	1449	2	3	1.301	0.0	7.51
E7ETZ0_HUMAN	801	CALM1	9.769	1452	2	0	1.301	0.0	7.509
SMAG2_HUMAN	55095	SAMD4B	9.768	8	1	0	1.0	0.0	9.768
ATPF1_HUMAN	64756	ATPAF1	9.768	8	1	0	1.0	0.0	9.768
GIMA1_HUMAN	170575	GIMAP1	9.768	8	1	1	1.0	0.0	9.768
IRS1_HUMAN	3667	IRS1	9.735	1544	2	0	1.301	0.0	7.482
PDE5A_HUMAN	8654	PDE5A	9.734	1545	2	2	1.301	0.0	7.482
XIAP_HUMAN	331	XIAP	9.72	1584	2	1	1.301	0.0	7.471
OMD_HUMAN	4958	OMD	9.717	9	1	0	1.0	0.0	9.717
TSSP_HUMAN	10279	PRSS16	9.717	9	1	0	1.0	0.0	9.717
YIPF3_HUMAN	25844	YIPF3	9.717	9	1	0	1.0	0.0	9.717
O14J1_HUMAN	442191	OR14J1	9.717	9	1	0	1.0	0.0	9.717
SFPA2_HUMAN	729238	SFTPA2	9.705	1628	2	0	1.301	0.0	7.459
LYSC_HUMAN	4069	LYZ	9.689	1675	2	0	1.301	0.0	7.447
PTHB1_HUMAN	27241	BBS9	9.682	1696	2	0	1.301	0.0	7.441
IL9_HUMAN	3578	IL9	9.672	1724	2	6	1.301	0.0	7.434
CEBPA_HUMAN	1050	CEBPA	9.671	1727	2	1	1.301	0.0	7.434
CPN2_HUMAN	1370	CPN2	9.671	10	1	2	1.0	0.0	9.671
HUMMR_HUMAN	84709	MGARP	9.671	10	1	0	1.0	0.0	9.671
MMP9_HUMAN	4318	MMP9	9.651	13703	3	2	1.477	0.0	6.534
ESR1_HUMAN	2099	ESR1	9.646	13814	3	0	1.477	0.0	6.531
RN180_HUMAN	285671	RNF180	9.629	11	1	0	1.0	0.0	9.629
TR10B_HUMAN	8795	TNFRSF10B	9.625	1873	2	0	1.301	0.0	7.398
HSPB1_HUMAN	3315	HSPB1	9.623	1880	2	1	1.301	0.0	7.397
GBP3_HUMAN	2635	GBP3	9.592	12	1	0	1.0	0.0	9.592
ECI2_HUMAN	10455	ECI2	9.592	12	1	0	1.0	0.0	9.592
NUP50_HUMAN	10762	NUP50	9.592	12	1	1	1.0	0.0	9.592
PIANP_HUMAN	196500	PIANP	9.592	12	1	0	1.0	0.0	9.592
LDHD_HUMAN	197257	LDHD	9.592	12	1	0	1.0	0.0	9.592
NPY_HUMAN	4852	NPY	9.578	2036	2	0	1.301	0.0	7.362
BL1S6_HUMAN	26258	BLOC1S6	9.557	13	1	1	1.0	0.0	9.557
NENF_HUMAN	29937	NENF	9.557	13	1	2	1.0	0.0	9.557
MIOX_HUMAN	55586	MIOX	9.557	13	1	0	1.0	0.0	9.557
IL23A_HUMAN	51561	IL23A	9.542	2171	2	0	1.301	0.0	7.334
LRRC7_HUMAN	57554	LRRC7	9.525	14	1	0	1.0	0.0	9.525
O13C3_HUMAN	138803	OR13C3	9.525	14	1	1	1.0	0.0	9.525
BID_HUMAN	637	BID	9.523	2245	2	0	1.301	0.0	7.32
AMPN_HUMAN	290	ANPEP	9.522	2249	2	1	1.301	0.0	7.319
KLK3_HUMAN	354	KLK3	9.522	16765	3	1	1.477	0.0	6.446
CR1_HUMAN	1378	CR1	9.519	2262	2	0	1.301	0.0	7.316
TNR1A_HUMAN	7132	TNFRSF1A	9.486	2396	2	0	1.301	0.0	7.291
SIR1_HUMAN	23411	SIRT1	9.471	2460	2	7	1.301	0.0	7.28
EMC3_HUMAN	55831	EMC3	9.467	16	1	4	1.0	0.0	9.467
BMP1_HUMAN	649	BMP1	9.461	2505	2	0	1.301	0.0	7.272
CD1A_HUMAN	909	CD1A	9.447	2569	2	3	1.301	0.0	7.261
VINEX_HUMAN	10174	SORBS3	9.44	17	1	0	1.0	0.0	9.44
MAON_HUMAN	10873	ME3	9.44	17	1	1	1.0	0.0	9.44
PSD3_HUMAN	23362	PSD3	9.44	17	1	1	1.0	0.0	9.44
SDS3_HUMAN	64426	SUDS3	9.44	17	1	0	1.0	0.0	9.44
CSF1_HUMAN	1435	CSF1	9.437	2616	2	0	1.301	0.0	7.253
MYC_HUMAN	4609	MYC	9.42	10313	2	12	1.301	0.114	6.657
PROM1_HUMAN	8842	PROM1	9.418	2703	2	0	1.301	0.0	7.239
NIT1_HUMAN	4817	NIT1	9.416	18	1	1	1.0	0.0	9.416
GRAP_HUMAN	10750	GRAP	9.416	18	1	1	1.0	0.0	9.416
PAPD1_HUMAN	55149	MTPAP	9.416	18	1	0	1.0	0.0	9.416
DMBX1_HUMAN	127343	DMBX1	9.416	18	1	0	1.0	0.0	9.416
TNR8_HUMAN	943	TNFRSF8	9.394	2823	2	0	1.301	0.0	7.22
ZDH17_HUMAN	23390	ZDHHC17	9.392	19	1	1	1.0	0.0	9.392
PHIP_HUMAN	55023	PHIP	9.392	19	1	0	1.0	0.0	9.392
I17RE_HUMAN	132014	IL17RE	9.392	19	1	1	1.0	0.0	9.392
GOGA3_HUMAN	2802	GOLGA3	9.37	20	1	0	1.0	0.0	9.37
PYGL_HUMAN	5836	PYGL	9.37	20	1	0	1.0	0.0	9.37
ITB1_HUMAN	3688	ITGB1	9.359	2999	2	0	1.301	0.0	7.194
5NT1B_HUMAN	93034	NT5C1B	9.349	21	1	1	1.0	0.0	9.349
CCNY_HUMAN	219771	CCNY	9.349	21	1	6	1.0	0.0	9.349
S100B_HUMAN	6285	S100B	9.348	3058	2	0	1.301	0.0	7.185
CP2C9_HUMAN	1559	CYP2C9	9.342	3093	2	2	1.301	0.0	7.18
PA21B_HUMAN	5319	PLA2G1B	9.333	3144	2	0	1.301	0.0	7.173
NKG2E_HUMAN	3823	KLRC3	9.328	22	1	0	1.0	0.0	9.328
EFTS_HUMAN	10102	TSFM	9.309	23	1	0	1.0	0.0	9.309
BCL2_HUMAN	596	BCL2	9.304	23522	3	0	1.477	0.0	6.299
DESM_HUMAN	1674	DES	9.294	3365	2	0	1.301	0.0	7.144
DNSL1_HUMAN	1774	DNASE1L1	9.291	24	1	0	1.0	0.0	9.291
OR7D2_HUMAN	162998	OR7D2	9.291	24	1	0	1.0	0.0	9.291
SERC5_HUMAN	256987	SERINC5	9.291	24	1	0	1.0	0.0	9.291
AEBP1_HUMAN	165	AEBP1	9.273	25	1	0	1.0	0.0	9.273
RL14_HUMAN	9045	RPL14	9.273	25	1	0	1.0	0.0	9.273
MAFF_HUMAN	23764	MAFF	9.273	25	1	0	1.0	0.0	9.273
FA8_HUMAN	2157	F8	9.26	3577	2	0	1.301	0.0	7.117
DMB_HUMAN	3109	HLA-DMB	9.24	27	1	0	1.0	0.0	9.24
AGAP3_HUMAN	116988	AGAP3	9.24	27	1	1	1.0	0.0	9.24
APRIO_HUMAN	5621	PRNP	9.225	3805	2	0	1.301	0.0	7.09
MAGD2_HUMAN	10916	MAGED2	9.224	28	1	0	1.0	0.0	9.224
FBX2_HUMAN	26232	FBXO2	9.224	28	1	0	1.0	0.0	9.224
HXD8_HUMAN	3234	HOXD8	9.208	29	1	0	1.0	0.0	9.208
SRBS1_HUMAN	10580	SORBS1	9.194	30	1	1	1.0	0.0	9.194
NEUR1_HUMAN	4758	NEU1	9.19	4047	2	0	1.301	0.0	7.064
CEAM7_HUMAN	1087	CEACAM7	9.18	31	1	0	1.0	0.0	9.18
KIF22_HUMAN	3835	KIF22	9.18	31	1	1	1.0	0.0	9.18
MFAP4_HUMAN	4239	MFAP4	9.18	31	1	1	1.0	0.0	9.18
TCPB_HUMAN	10576	CCT2	9.18	31	1	0	1.0	0.0	9.18
KIRR1_HUMAN	55243	KIRREL	9.18	31	1	0	1.0	0.0	9.18
FCRL1_HUMAN	115350	FCRL1	9.18	31	1	5	1.0	0.0	9.18
H1FOO_HUMAN	132243	H1FOO	9.18	31	1	0	1.0	0.0	9.18
CD86_HUMAN	942	CD86	9.177	4142	2	1	1.301	0.0	7.054
ATNG_HUMAN	486	FXYD2	9.166	32	1	1	1.0	0.0	9.166
GDIB_HUMAN	2665	GDI2	9.166	32	1	0	1.0	0.0	9.166
RET_HUMAN	5979	RET	9.162	4253	2	1	1.301	0.0	7.042
MMP24_HUMAN	10893	MMP24	9.152	33	1	0	1.0	0.0	9.152
OR6B1_HUMAN	135946	OR6B1	9.152	33	1	0	1.0	0.0	9.152
SRTD1_HUMAN	29950	SERTAD1	9.139	34	1	1	1.0	0.0	9.139
CAD15_HUMAN	1013	CDH15	9.127	35	1	3	1.0	0.0	9.127
GTR12_HUMAN	154091	SLC2A12	9.127	35	1	0	1.0	0.0	9.127
SP1_HUMAN	6667	SP1	9.119	4591	2	0	1.301	0.0	7.009
LYAM3_HUMAN	6403	SELP	9.117	4605	2	0	1.301	0.0	7.008
AES_HUMAN	166	AES	9.115	36	1	0	1.0	0.0	9.115
VSIG4_HUMAN	11326	VSIG4	9.115	36	1	0	1.0	0.0	9.115
PRDM6_HUMAN	93166	PRDM6	9.115	36	1	1	1.0	0.0	9.115
CP4F3_HUMAN	4051	CYP4F3	9.114	4628	2	0	1.301	0.0	7.005
CO8A1_HUMAN	1295	COL8A1	9.103	37	1	0	1.0	0.0	9.103
DDIT3_HUMAN	1649	DDIT3	9.096	4779	2	8	1.301	0.0	6.992
BCAT2_HUMAN	587	BCAT2	9.091	38	1	0	1.0	0.0	9.091
EXTL3_HUMAN	2137	EXTL3	9.091	38	1	0	1.0	0.0	9.091
IFI6_HUMAN	2537	IFI6	9.091	38	1	1	1.0	0.0	9.091
ZNF35_HUMAN	7584	ZNF35	9.091	38	1	0	1.0	0.0	9.091
CEL3A_HUMAN	10136	CELA3A	9.091	38	1	0	1.0	0.0	9.091
OR2T1_HUMAN	26696	OR2T1	9.091	38	1	4	1.0	0.0	9.091
ZBT22_HUMAN	9278	ZBTB22	9.08	39	1	0	1.0	0.0	9.08
NEP1_HUMAN	10436	EMG1	9.08	39	1	0	1.0	0.0	9.08
LFG2_HUMAN	23017	FAIM2	9.08	39	1	0	1.0	0.0	9.08
CAND2_HUMAN	23066	CAND2	9.08	39	1	0	1.0	0.0	9.08
CHLE_HUMAN	590	BCHE	9.058	5112	2	2	1.301	0.0	6.962
IL13_HUMAN	3596	IL13	9.055	5136	2	8	1.301	0.0	6.96
RL41_HUMAN	6171	RPL41	9.048	42	1	0	1.0	0.0	9.048
UBS3A_HUMAN	53347	UBASH3A	9.048	42	1	0	1.0	0.0	9.048
O10J5_HUMAN	127385	OR10J5	9.048	42	1	3	1.0	0.0	9.048
SC5A1_HUMAN	6523	SLC5A1	9.038	361	1	12	1.0	0.114	8.113
LPP_HUMAN	4026	LPP	9.037	43	1	0	1.0	0.0	9.037
LZTS1_HUMAN	11178	LZTS1	9.037	43	1	0	1.0	0.0	9.037
PECA1_HUMAN	5175	PECAM1	9.034	5336	2	1	1.301	0.0	6.944
CBPD_HUMAN	1362	CPD	9.027	44	1	0	1.0	0.0	9.027
LFTY1_HUMAN	10637	LEFTY1	9.027	44	1	0	1.0	0.0	9.027
RB3GP_HUMAN	22930	RAB3GAP1	9.027	44	1	0	1.0	0.0	9.027
ZNT10_HUMAN	55532	SLC30A10	9.027	44	1	0	1.0	0.0	9.027
CASP8_HUMAN	841	CASP8	9.009	5573	2	1	1.301	0.0	6.925
RS26_HUMAN	6231	RPS26	9.008	46	1	1	1.0	0.0	9.008
IGSF2_HUMAN	9398	CD101	9.008	46	1	0	1.0	0.0	9.008
KDM4C_HUMAN	23081	KDM4C	9.008	46	1	0	1.0	0.0	9.008
PTPRB_HUMAN	5787	PTPRB	8.999	47	1	0	1.0	0.0	8.999
DYRK2_HUMAN	8445	DYRK2	8.999	47	1	3	1.0	0.0	8.999
SMR3B_HUMAN	10879	SMR3B	8.999	47	1	1	1.0	0.0	8.999
EMAL1_HUMAN	2009	EML1	8.99	48	1	0	1.0	0.0	8.99
TARA_HUMAN	11078	TRIOBP	8.981	49	1	0	1.0	0.0	8.981
TPTE_HUMAN	7179	TPTE	8.955	52	1	0	1.0	0.0	8.955
OR2T4_HUMAN	127074	OR2T4	8.955	52	1	0	1.0	0.0	8.955
CD44_HUMAN	960	CD44	8.946	6231	2	0	1.301	0.0	6.876
CRIP1_HUMAN	1396	CRIP1	8.938	54	1	5	1.0	0.0	8.938
CY1_HUMAN	1537	CYC1	8.938	54	1	0	1.0	0.0	8.938
SNTB1_HUMAN	6641	SNTB1	8.938	54	1	0	1.0	0.0	8.938
SIVA_HUMAN	10572	SIVA1	8.938	54	1	0	1.0	0.0	8.938
TF3B_HUMAN	2972	BRF1	8.931	55	1	0	1.0	0.0	8.931
CITE1_HUMAN	4435	CITED1	8.931	55	1	0	1.0	0.0	8.931
NAA15_HUMAN	80155	NAA15	8.931	55	1	0	1.0	0.0	8.931
KIT_HUMAN	3815	KIT	8.923	6488	2	2	1.301	0.0	6.859
S29A3_HUMAN	55315	SLC29A3	8.923	56	1	0	1.0	0.0	8.923
IKBL1_HUMAN	4795	NFKBIL1	8.915	57	1	0	1.0	0.0	8.915
PHC1_HUMAN	1911	PHC1	8.907	58	1	2	1.0	0.0	8.907
MATN1_HUMAN	4146	MATN1	8.907	58	1	0	1.0	0.0	8.907
DKK4_HUMAN	27121	DKK4	8.907	58	1	0	1.0	0.0	8.907
NAAA_HUMAN	27163	NAAA	8.907	58	1	0	1.0	0.0	8.907
IGSF3_HUMAN	3321	IGSF3	8.9	59	1	0	1.0	0.0	8.9
CRIS3_HUMAN	10321	CRISP3	8.9	59	1	0	1.0	0.0	8.9
SLAF6_HUMAN	114836	SLAMF6	8.9	59	1	0	1.0	0.0	8.9
OR2J3_HUMAN	442186	OR2J3	8.893	60	1	3	1.0	0.0	8.893
ANDR_HUMAN	367	AR	8.889	6901	2	0	1.301	0.0	6.832
HDBP1_HUMAN	338328	GPIHBP1	8.886	61	1	0	1.0	0.0	8.886
ADCY8_HUMAN	114	ADCY8	8.878	62	1	1	1.0	0.0	8.878
FRK_HUMAN	2444	FRK	8.878	62	1	0	1.0	0.0	8.878
PAR15_HUMAN	165631	PARP15	8.878	62	1	0	1.0	0.0	8.878
SAP3_HUMAN	2760	GM2A	8.872	63	1	1	1.0	0.0	8.872
KIFC1_HUMAN	3833	KIFC1	8.872	63	1	0	1.0	0.0	8.872
HIF1A_HUMAN	3091	HIF1A	8.869	7140	2	3	1.301	0.0	6.817
DIEXF_HUMAN	27042	DIEXF	8.865	64	1	0	1.0	0.0	8.865
XYLT2_HUMAN	64132	XYLT2	8.865	64	1	0	1.0	0.0	8.865
PPIL1_HUMAN	51645	PPIL1	8.858	65	1	0	1.0	0.0	8.858
SC6A6_HUMAN	6533	SLC6A6	8.851	66	1	0	1.0	0.0	8.851
TSN8_HUMAN	7103	TSPAN8	8.851	66	1	0	1.0	0.0	8.851
NEIL3_HUMAN	55247	NEIL3	8.851	66	1	0	1.0	0.0	8.851
KCNKH_HUMAN	89822	KCNK17	8.851	66	1	0	1.0	0.0	8.851
MED29_HUMAN	55588	MED29	8.845	67	1	1	1.0	0.0	8.845
TMC6_HUMAN	11322	TMC6	8.838	68	1	0	1.0	0.0	8.838
BACH2_HUMAN	60468	BACH2	8.838	68	1	1	1.0	0.0	8.838
STIM2_HUMAN	57620	STIM2	8.82	71	1	2	1.0	0.0	8.82
UBP18_HUMAN	11274	USP18	8.814	72	1	6	1.0	0.0	8.814
VISTA_HUMAN	64115	VSIR	8.814	72	1	6	1.0	0.0	8.814
INSC_HUMAN	387755	INSC	8.814	72	1	1	1.0	0.0	8.814
MLX_HUMAN	6945	MLX	8.808	73	1	0	1.0	0.0	8.808
SELS_HUMAN	55829	SELENOS	8.808	73	1	0	1.0	0.0	8.808
SYAC_HUMAN	16	AARS	8.796	75	1	0	1.0	0.0	8.796
ADCY3_HUMAN	109	ADCY3	8.79	76	1	7	1.0	0.0	8.79
NUCB1_HUMAN	4924	NUCB1	8.79	76	1	0	1.0	0.0	8.79
CYH2_HUMAN	9266	CYTH2	8.79	76	1	0	1.0	0.0	8.79
VAV3_HUMAN	10451	VAV3	8.79	76	1	0	1.0	0.0	8.79
GALT3_HUMAN	2591	GALNT3	8.784	77	1	0	1.0	0.0	8.784
PTMS_HUMAN	5763	PTMS	8.784	77	1	0	1.0	0.0	8.784
RFWD2_HUMAN	64326	RFWD2	8.779	78	1	0	1.0	0.0	8.779
KAD2_HUMAN	204	AK2	8.773	79	1	0	1.0	0.0	8.773
Q31604_HUMAN	3108	DMA	8.773	79	1	0	1.0	0.0	8.773
BBS2_HUMAN	583	BBS2	8.768	80	1	0	1.0	0.0	8.768
RGN_HUMAN	9104	RGN	8.768	80	1	1	1.0	0.0	8.768
BTC_HUMAN	685	BTC	8.762	81	1	0	1.0	0.0	8.762
PDCD2_HUMAN	5134	PDCD2	8.762	81	1	0	1.0	0.0	8.762
CBPA6_HUMAN	57094	CPA6	8.762	81	1	0	1.0	0.0	8.762
AT1B1_HUMAN	481	ATP1B1	8.747	84	1	0	1.0	0.0	8.747
SHIP2_HUMAN	3636	INPPL1	8.741	85	1	0	1.0	0.0	8.741
PEPA5_HUMAN	5222	PGA5	8.741	85	1	0	1.0	0.0	8.741
PSD10_HUMAN	5716	PSMD10	8.741	85	1	2	1.0	0.0	8.741
TLX1_HUMAN	3195	TLX1	8.736	86	1	0	1.0	0.0	8.736
CEAM3_HUMAN	1084	CEACAM3	8.735	9052	2	5	1.301	0.0	6.714
LAMB1_HUMAN	3912	LAMB1	8.731	87	1	0	1.0	0.0	8.731
RGS1_HUMAN	5996	RGS1	8.726	88	1	2	1.0	0.0	8.726
NACC1_HUMAN	112939	NACC1	8.726	88	1	0	1.0	0.0	8.726
FKB1B_HUMAN	2281	FKBP1B	8.717	90	1	0	1.0	0.0	8.717
NKTR_HUMAN	4820	NKTR	8.712	91	1	0	1.0	0.0	8.712
FRMD6_HUMAN	122786	FRMD6	8.712	91	1	0	1.0	0.0	8.712
EHD3_HUMAN	30845	EHD3	8.707	92	1	1	1.0	0.0	8.707
SC5A7_HUMAN	60482	SLC5A7	8.698	94	1	0	1.0	0.0	8.698
L2GL1_HUMAN	3996	LLGL1	8.693	95	1	0	1.0	0.0	8.693
IKZF2_HUMAN	22807	IKZF2	8.693	95	1	7	1.0	0.0	8.693
MIXL1_HUMAN	83881	MIXL1	8.689	96	1	0	1.0	0.0	8.689
ADCY5_HUMAN	111	ADCY5	8.684	97	1	0	1.0	0.0	8.684
SPTC1_HUMAN	10558	SPTLC1	8.684	97	1	0	1.0	0.0	8.684
SIX5_HUMAN	147912	SIX5	8.684	97	1	0	1.0	0.0	8.684
PO210_HUMAN	23225	NUP210	8.68	98	1	0	1.0	0.0	8.68
NU3M_HUMAN	4537	MT-ND3	8.671	100	1	0	1.0	0.0	8.671
MAP4_HUMAN	4134	MAP4	8.667	101	1	0	1.0	0.0	8.667
PCKGC_HUMAN	5105	PCK1	8.667	101	1	0	1.0	0.0	8.667
ASCC1_HUMAN	51008	ASCC1	8.667	101	1	0	1.0	0.0	8.667
PP6R3_HUMAN	55291	PPP6R3	8.667	101	1	0	1.0	0.0	8.667
MTND_HUMAN	55256	ADI1	8.662	102	1	5	1.0	0.0	8.662
AKTIP_HUMAN	64400	AKTIP	8.662	102	1	0	1.0	0.0	8.662
FCN1_HUMAN	2219	FCN1	8.654	104	1	0	1.0	0.0	8.654
DDX5_HUMAN	1655	DDX5	8.646	106	1	0	1.0	0.0	8.646
RA51B_HUMAN	5890	RAD51B	8.646	106	1	0	1.0	0.0	8.646
NUP37_HUMAN	79023	NUP37	8.646	106	1	0	1.0	0.0	8.646
EGLN2_HUMAN	112398	EGLN2	8.637	108	1	0	1.0	0.0	8.637
TWST2_HUMAN	117581	TWIST2	8.637	108	1	0	1.0	0.0	8.637
HLAF_HUMAN	3134	HLA-F	8.626	111	1	1	1.0	0.0	8.626
PROF2_HUMAN	5217	PFN2	8.626	111	1	0	1.0	0.0	8.626
ADA2B_HUMAN	151	ADRA2B	8.622	112	1	0	1.0	0.0	8.622
AINX_HUMAN	9118	INA	8.618	113	1	0	1.0	0.0	8.618
CXD2_HUMAN	57369	GJD2	8.618	113	1	0	1.0	0.0	8.618
NRX1A_HUMAN	9378	NRXN1	8.614	114	1	3	1.0	0.0	8.614
TBCD4_HUMAN	9882	TBC1D4	8.614	114	1	0	1.0	0.0	8.614
GCFC2_HUMAN	6936	GCFC2	8.61	115	1	0	1.0	0.0	8.61
MOGT1_HUMAN	116255	MOGAT1	8.61	115	1	0	1.0	0.0	8.61
CDX1_HUMAN	1044	CDX1	8.606	116	1	0	1.0	0.0	8.606
NIN_HUMAN	51199	NIN	8.603	117	1	0	1.0	0.0	8.603
LOX12_HUMAN	239	ALOX12	8.599	118	1	1	1.0	0.0	8.599
POF1B_HUMAN	79983	POF1B	8.599	118	1	0	1.0	0.0	8.599
IF2B2_HUMAN	10644	IGF2BP2	8.595	119	1	0	1.0	0.0	8.595
KCNJ6_HUMAN	3763	KCNJ6	8.592	120	1	0	1.0	0.0	8.592
NAGAB_HUMAN	4668	NAGA	8.588	121	1	0	1.0	0.0	8.588
ACPH_HUMAN	327	APEH	8.585	122	1	0	1.0	0.0	8.585
RGRF1_HUMAN	5923	RASGRF1	8.585	122	1	0	1.0	0.0	8.585
UT1_HUMAN	6563	SLC14A1	8.585	122	1	0	1.0	0.0	8.585
TUB_HUMAN	7275	TUB	8.581	123	1	0	1.0	0.0	8.581
SBDS_HUMAN	51119	SBDS	8.581	123	1	0	1.0	0.0	8.581
CLIC1_HUMAN	1192	CLIC1	8.577	124	1	1	1.0	0.0	8.577
GRIA4_HUMAN	2893	GRIA4	8.577	124	1	0	1.0	0.0	8.577
HXA1_HUMAN	3198	HOXA1	8.577	124	1	0	1.0	0.0	8.577
DPEP1_HUMAN	1800	DPEP1	8.574	125	1	0	1.0	0.0	8.574
LTBP1_HUMAN	4052	LTBP1	8.574	125	1	0	1.0	0.0	8.574
WN10A_HUMAN	80326	WNT10A	8.574	125	1	0	1.0	0.0	8.574
OAT_HUMAN	4942	OAT	8.571	126	1	0	1.0	0.0	8.571
PON3_HUMAN	5446	PON3	8.567	127	1	1	1.0	0.0	8.567
BTNL2_HUMAN	56244	BTNL2	8.567	127	1	1	1.0	0.0	8.567
EDAR_HUMAN	10913	EDAR	8.564	128	1	1	1.0	0.0	8.564
KLK8_HUMAN	11202	KLK8	8.564	128	1	0	1.0	0.0	8.564
MNX1_HUMAN	3110	MNX1	8.56	129	1	6	1.0	0.0	8.56
GEPH_HUMAN	10243	GPHN	8.56	129	1	9	1.0	0.0	8.56
ASIC1_HUMAN	41	ASIC1	8.554	131	1	0	1.0	0.0	8.554
FCN3_HUMAN	8547	FCN3	8.554	131	1	0	1.0	0.0	8.554
VSIG2_HUMAN	23584	VSIG2	8.554	131	1	0	1.0	0.0	8.554
PO6F1_HUMAN	5463	POU6F1	8.547	133	1	0	1.0	0.0	8.547
SFPQ_HUMAN	6421	SFPQ	8.547	133	1	0	1.0	0.0	8.547
CUBN_HUMAN	8029	CUBN	8.547	133	1	0	1.0	0.0	8.547
SCAI_HUMAN	286205	SCAI	8.547	133	1	0	1.0	0.0	8.547
CALD1_HUMAN	800	CALD1	8.544	134	1	0	1.0	0.0	8.544
GLO2_HUMAN	3029	HAGH	8.544	134	1	0	1.0	0.0	8.544
CATH_HUMAN	1512	CTSH	8.537	136	1	0	1.0	0.0	8.537
AOC2_HUMAN	314	AOC2	8.531	138	1	0	1.0	0.0	8.531
CXA4_HUMAN	2701	GJA4	8.531	138	1	0	1.0	0.0	8.531
AP180_HUMAN	9892	SNAP91	8.528	139	1	0	1.0	0.0	8.528
HXA7_HUMAN	3204	HOXA7	8.525	140	1	0	1.0	0.0	8.525
ACLY_HUMAN	47	ACLY	8.522	141	1	0	1.0	0.0	8.522
SUV91_HUMAN	6839	SUV39H1	8.522	141	1	1	1.0	0.0	8.522
CD2AP_HUMAN	23607	CD2AP	8.522	141	1	0	1.0	0.0	8.522
NDUS7_HUMAN	374291	NDUFS7	8.522	141	1	0	1.0	0.0	8.522
PI2R_HUMAN	5739	PTGIR	8.519	142	1	0	1.0	0.0	8.519
FABP5_HUMAN	2171	FABP5	8.513	144	1	0	1.0	0.0	8.513
NMBR_HUMAN	4829	NMBR	8.504	147	1	0	1.0	0.0	8.504
CD3D_HUMAN	915	CD3D	8.495	150	1	0	1.0	0.0	8.495
HRG_HUMAN	3273	HRG	8.495	150	1	0	1.0	0.0	8.495
NDUA6_HUMAN	4700	NDUFA6	8.492	151	1	0	1.0	0.0	8.492
NDUB6_HUMAN	4712	NDUFB6	8.492	151	1	0	1.0	0.0	8.492
DDX3X_HUMAN	1654	DDX3X	8.486	153	1	0	1.0	0.0	8.486
FUZZY_HUMAN	80199	FUZ	8.486	153	1	0	1.0	0.0	8.486
ACACA_HUMAN	31	ACACA	8.483	154	1	0	1.0	0.0	8.483
SPY2_HUMAN	10253	SPRY2	8.483	154	1	0	1.0	0.0	8.483
ADT1_HUMAN	291	SLC25A4	8.481	155	1	0	1.0	0.0	8.481
CAC1E_HUMAN	777	CACNA1E	8.481	155	1	0	1.0	0.0	8.481
FYB_HUMAN	2533	FYB	8.481	155	1	0	1.0	0.0	8.481
CRBG1_HUMAN	202	CRYBG1	8.478	156	1	0	1.0	0.0	8.478
PREP_HUMAN	10531	PITRM1	8.475	157	1	0	1.0	0.0	8.475
HSP72_HUMAN	3306	HSPA2	8.469	159	1	0	1.0	0.0	8.469
IL21R_HUMAN	50615	IL21R	8.464	161	1	1	1.0	0.0	8.464
K2C6B_HUMAN	3854	KRT6B	8.461	162	1	0	1.0	0.0	8.461
BMPER_HUMAN	168667	BMPER	8.461	162	1	0	1.0	0.0	8.461
NLRP1_HUMAN	22861	NLRP1	8.456	164	1	5	1.0	0.0	8.456
TALDO_HUMAN	6888	TALDO1	8.451	166	1	0	1.0	0.0	8.451
NSD1_HUMAN	64324	NSD1	8.451	166	1	0	1.0	0.0	8.451
RBMS1_HUMAN	5937	RBMS1	8.448	167	1	0	1.0	0.0	8.448
ELK3_HUMAN	2004	ELK3	8.446	168	1	0	1.0	0.0	8.446
APJ_HUMAN	187	APLNR	8.443	169	1	0	1.0	0.0	8.443
PEAK1_HUMAN	79834	PEAK1	8.443	169	1	0	1.0	0.0	8.443
XIRP1_HUMAN	165904	XIRP1	8.443	169	1	0	1.0	0.0	8.443
RTEL1_HUMAN	51750	RTEL1	8.44	170	1	0	1.0	0.0	8.44
TCF7_HUMAN	6932	TCF7	8.438	171	1	0	1.0	0.0	8.438
CSN2_HUMAN	9318	COPS2	8.435	172	1	1	1.0	0.0	8.435
DUS6_HUMAN	1848	DUSP6	8.433	173	1	0	1.0	0.0	8.433
EFNA1_HUMAN	1942	EFNA1	8.433	173	1	0	1.0	0.0	8.433
TSG6_HUMAN	7130	TNFAIP6	8.433	173	1	4	1.0	0.0	8.433
DEC1_HUMAN	50514	DEC1	8.43	174	1	8	1.0	0.0	8.43
CIKS_HUMAN	10758	TRAF3IP2	8.423	177	1	5	1.0	0.0	8.423
EHD4_HUMAN	30844	EHD4	8.423	177	1	0	1.0	0.0	8.423
PRGC2_HUMAN	133522	PPARGC1B	8.42	178	1	0	1.0	0.0	8.42
PROF1_HUMAN	5216	PFN1	8.408	183	1	0	1.0	0.0	8.408
FST_HUMAN	10468	FST	8.406	184	1	0	1.0	0.0	8.406
ESTD_HUMAN	2098	ESD	8.404	185	1	0	1.0	0.0	8.404
PCY1B_HUMAN	9468	PCYT1B	8.404	185	1	0	1.0	0.0	8.404
CO5A1_HUMAN	1289	COL5A1	8.399	187	1	4	1.0	0.0	8.399
CP2J2_HUMAN	1573	CYP2J2	8.394	189	1	0	1.0	0.0	8.394
DRA_HUMAN	3122	HLA-DRA	8.394	189	1	0	1.0	0.0	8.394
CRYAB_HUMAN	1410	CRYAB	8.392	190	1	0	1.0	0.0	8.392
TNR17_HUMAN	608	TNFRSF17	8.39	191	1	1	1.0	0.0	8.39
FGR_HUMAN	2268	FGR	8.385	193	1	1	1.0	0.0	8.385
SAP_HUMAN	5660	PSAP	8.385	193	1	7	1.0	0.0	8.385
8ODP_HUMAN	4521	NUDT1	8.383	194	1	0	1.0	0.0	8.383
AIMP1_HUMAN	9255	AIMP1	8.383	194	1	0	1.0	0.0	8.383
KLF2_HUMAN	10365	KLF2	8.381	195	1	0	1.0	0.0	8.381
RAD18_HUMAN	56852	RAD18	8.381	195	1	3	1.0	0.0	8.381
TAF1_HUMAN	6872	TAF1	8.379	196	1	0	1.0	0.0	8.379
O10T2_HUMAN	128360	OR10T2	8.379	196	1	0	1.0	0.0	8.379
MALT1_HUMAN	10892	MALT1	8.376	197	1	3	1.0	0.0	8.376
CCR9_HUMAN	10803	CCR9	8.374	198	1	1	1.0	0.0	8.374
AFAM_HUMAN	173	AFM	8.372	199	1	0	1.0	0.0	8.372
SEM4D_HUMAN	10507	SEMA4D	8.361	204	1	0	1.0	0.0	8.361
CAP7_HUMAN	566	AZU1	8.355	207	1	1	1.0	0.0	8.355
LDB3_HUMAN	11155	LDB3	8.355	207	1	1	1.0	0.0	8.355
PAF1_HUMAN	54623	PAF1	8.355	207	1	0	1.0	0.0	8.355
SPA12_HUMAN	145264	SERPINA12	8.355	207	1	0	1.0	0.0	8.355
ORN_HUMAN	25996	REXO2	8.353	208	1	0	1.0	0.0	8.353
THTR_HUMAN	7263	TST	8.349	210	1	0	1.0	0.0	8.349
CAN1_HUMAN	823	CAPN1	8.345	212	1	0	1.0	0.0	8.345
PON2_HUMAN	5445	PON2	8.343	213	1	0	1.0	0.0	8.343
TIPRL_HUMAN	261726	TIPRL	8.334	217	1	0	1.0	0.0	8.334
PAGR1_HUMAN	79447	PAGR1	8.332	218	1	1	1.0	0.0	8.332
ELF4_HUMAN	2000	ELF4	8.33	219	1	0	1.0	0.0	8.33
FRIH_HUMAN	2495	FTH1	8.33	219	1	0	1.0	0.0	8.33
TRAF1_HUMAN	7185	TRAF1	8.33	219	1	2	1.0	0.0	8.33
DDAH1_HUMAN	23576	DDAH1	8.33	219	1	0	1.0	0.0	8.33
CRGD_HUMAN	1421	CRYGD	8.328	220	1	0	1.0	0.0	8.328
AATM_HUMAN	2806	GOT2	8.328	220	1	0	1.0	0.0	8.328
S22A4_HUMAN	6583	SLC22A4	8.326	221	1	0	1.0	0.0	8.326
NEDD8_HUMAN	4738	NEDD8	8.325	222	1	0	1.0	0.0	8.325
DAXX_HUMAN	1616	DAXX	8.323	223	1	0	1.0	0.0	8.323
PTGIS_HUMAN	5740	PTGIS	8.323	223	1	1	1.0	0.0	8.323
PTPRF_HUMAN	5792	PTPRF	8.323	223	1	0	1.0	0.0	8.323
MIME_HUMAN	4969	OGN	8.321	224	1	0	1.0	0.0	8.321
REST_HUMAN	5978	REST	8.319	225	1	0	1.0	0.0	8.319
DOCK3_HUMAN	1795	DOCK3	8.317	226	1	0	1.0	0.0	8.317
E2F3_HUMAN	1871	E2F3	8.317	226	1	1	1.0	0.0	8.317
RAD_HUMAN	6236	RRAD	8.315	227	1	0	1.0	0.0	8.315
NDUA5_HUMAN	4698	NDUFA5	8.309	230	1	0	1.0	0.0	8.309
H17B6_HUMAN	8630	HSD17B6	8.309	230	1	0	1.0	0.0	8.309
PD2R2_HUMAN	11251	PTGDR2	8.309	230	1	1	1.0	0.0	8.309
NSF_HUMAN	4905	NSF	8.304	233	1	0	1.0	0.0	8.304
FUT3_HUMAN	2525	FUT3	8.302	234	1	0	1.0	0.0	8.302
RBTN2_HUMAN	4005	LMO2	8.3	235	1	0	1.0	0.0	8.3
PPR1A_HUMAN	5502	PPP1R1A	8.3	235	1	0	1.0	0.0	8.3
TET1_HUMAN	80312	TET1	8.298	236	1	0	1.0	0.0	8.298
PPT1_HUMAN	5538	PPT1	8.296	237	1	0	1.0	0.0	8.296
TA2R_HUMAN	6915	TBXA2R	8.296	237	1	0	1.0	0.0	8.296
O10K2_HUMAN	391107	OR10K2	8.296	237	1	1	1.0	0.0	8.296
ELF3_HUMAN	1999	ELF3	8.291	240	1	2	1.0	0.0	8.291
PDIA3_HUMAN	2923	PDIA3	8.289	241	1	5	1.0	0.0	8.289
MVD1_HUMAN	4597	MVD	8.289	241	1	3	1.0	0.0	8.289
5NT1A_HUMAN	84618	NT5C1A	8.285	243	1	4	1.0	0.0	8.285
PHEX_HUMAN	5251	PHEX	8.283	244	1	1	1.0	0.0	8.283
EF1A1_HUMAN	1915	EEF1A1	8.282	245	1	1	1.0	0.0	8.282
MARK3_HUMAN	4140	MARK3	8.282	245	1	0	1.0	0.0	8.282
PPOX_HUMAN	5498	PPOX	8.28	246	1	0	1.0	0.0	8.28
HMOX2_HUMAN	3163	HMOX2	8.273	250	1	2	1.0	0.0	8.273
PLPL9_HUMAN	8398	PLA2G6	8.268	253	1	2	1.0	0.0	8.268
TNR18_HUMAN	8784	TNFRSF18	8.266	254	1	1	1.0	0.0	8.266
CD5R1_HUMAN	8851	CDK5R1	8.261	257	1	0	1.0	0.0	8.261
KI3L1_HUMAN	3811	KIR3DL1	8.259	258	1	0	1.0	0.0	8.259
TCPD_HUMAN	10575	CCT4	8.259	258	1	0	1.0	0.0	8.259
ARRC_HUMAN	407	ARR3	8.253	262	1	0	1.0	0.0	8.253
SOX17_HUMAN	64321	SOX17	8.251	263	1	1	1.0	0.0	8.251
RAC2_HUMAN	5880	RAC2	8.249	264	1	0	1.0	0.0	8.249
SUCO_HUMAN	51430	SUCO	8.246	266	1	0	1.0	0.0	8.246
AK1C4_HUMAN	1109	AKR1C4	8.244	267	1	0	1.0	0.0	8.244
KI3L2_HUMAN	3812	KIR3DL2	8.244	267	1	0	1.0	0.0	8.244
SIX1_HUMAN	6495	SIX1	8.244	267	1	0	1.0	0.0	8.244
LEG9_HUMAN	3965	LGALS9	8.243	268	1	0	1.0	0.0	8.243
PHB_HUMAN	5245	PHB	8.243	268	1	4	1.0	0.0	8.243
TCAM1_HUMAN	148022	TICAM1	8.243	268	1	1	1.0	0.0	8.243
CD79B_HUMAN	974	CD79B	8.241	269	1	0	1.0	0.0	8.241
I12R1_HUMAN	3594	IL12RB1	8.241	269	1	0	1.0	0.0	8.241
LPAR1_HUMAN	1902	LPAR1	8.238	271	1	0	1.0	0.0	8.238
TREM1_HUMAN	54210	TREM1	8.238	271	1	0	1.0	0.0	8.238
ICAM3_HUMAN	3385	ICAM3	8.236	272	1	0	1.0	0.0	8.236
GDF5_HUMAN	8200	GDF5	8.228	277	1	0	1.0	0.0	8.228
CIP2A_HUMAN	57650	KIAA1524	8.228	277	1	0	1.0	0.0	8.228
CAD13_HUMAN	1012	CDH13	8.225	279	1	0	1.0	0.0	8.225
MAVS_HUMAN	57506	MAVS	8.222	281	1	0	1.0	0.0	8.222
ACM1_HUMAN	1128	CHRM1	8.218	284	1	1	1.0	0.0	8.218
PNOC_HUMAN	5368	PNOC	8.218	284	1	0	1.0	0.0	8.218
GATA6_HUMAN	2627	GATA6	8.216	285	1	0	1.0	0.0	8.216
O10R2_HUMAN	343406	OR10R2	8.216	285	1	0	1.0	0.0	8.216
CLIP1_HUMAN	6249	CLIP1	8.215	286	1	0	1.0	0.0	8.215
CLN3_HUMAN	1201	CLN3	8.211	288	1	1	1.0	0.0	8.211
LCAP_HUMAN	4012	LNPEP	8.211	288	1	0	1.0	0.0	8.211
CART_HUMAN	9607	CARTPT	8.211	288	1	0	1.0	0.0	8.211
RHG26_HUMAN	23092	ARHGAP26	8.211	288	1	0	1.0	0.0	8.211
SEPT4_HUMAN	5414	SEPT4	8.21	289	1	0	1.0	0.0	8.21
FGF19_HUMAN	9965	FGF19	8.21	289	1	0	1.0	0.0	8.21
ITAE_HUMAN	3682	ITGAE	8.207	291	1	0	1.0	0.0	8.207
GLRX1_HUMAN	2745	GLRX	8.205	292	1	0	1.0	0.0	8.205
HYES_HUMAN	2053	EPHX2	8.204	293	1	3	1.0	0.0	8.204
KLK1_HUMAN	3816	KLK1	8.2	296	1	0	1.0	0.0	8.2
KAP0_HUMAN	5573	PRKAR1A	8.2	296	1	0	1.0	0.0	8.2
AQP5_HUMAN	362	AQP5	8.198	297	1	0	1.0	0.0	8.198
M3K1_HUMAN	4214	MAP3K1	8.198	297	1	0	1.0	0.0	8.198
RAD21_HUMAN	5885	RAD21	8.198	297	1	1	1.0	0.0	8.198
ARRS_HUMAN	6295	SAG	8.198	297	1	2	1.0	0.0	8.198
SCN2A_HUMAN	6326	SCN2A	8.198	297	1	0	1.0	0.0	8.198
DECR_HUMAN	1666	DECR1	8.195	299	1	0	1.0	0.0	8.195
DHB7_HUMAN	51478	HSD17B7	8.194	300	1	0	1.0	0.0	8.194
OR6B2_HUMAN	389090	OR6B2	8.194	300	1	0	1.0	0.0	8.194
PPCE_HUMAN	5550	PREP	8.192	301	1	0	1.0	0.0	8.192
MYH9_HUMAN	4627	MYH9	8.191	302	1	0	1.0	0.0	8.191
DAP1_HUMAN	1611	DAP	8.181	309	1	0	1.0	0.0	8.181
MCM2_HUMAN	4171	MCM2	8.177	312	1	2	1.0	0.0	8.177
ENPP1_HUMAN	5167	ENPP1	8.171	316	1	0	1.0	0.0	8.171
LIPS_HUMAN	3991	LIPE	8.17	317	1	1	1.0	0.0	8.17
CCL26_HUMAN	10344	CCL26	8.154	329	1	1	1.0	0.0	8.154
GRAA_HUMAN	3001	GZMA	8.152	330	1	0	1.0	0.0	8.152
DCHS_HUMAN	3067	HDC	8.152	330	1	0	1.0	0.0	8.152
NTR1_HUMAN	4923	NTSR1	8.148	333	1	0	1.0	0.0	8.148
DYL1_HUMAN	8655	DYNLL1	8.148	333	1	0	1.0	0.0	8.148
RTL1_HUMAN	388015	RTL1	8.148	333	1	0	1.0	0.0	8.148
CH10_HUMAN	3336	HSPE1	8.147	334	1	1	1.0	0.0	8.147
RN5A_HUMAN	6041	RNASEL	8.147	334	1	2	1.0	0.0	8.147
PDP1_HUMAN	54704	PDP1	8.147	334	1	0	1.0	0.0	8.147
IF_HUMAN	2694	GIF	8.134	344	1	0	1.0	0.0	8.134
CYTB_HUMAN	1476	CSTB	8.132	346	1	1	1.0	0.0	8.132
ERBB2_HUMAN	2064	ERBB2	8.131	26330	2	1	1.301	0.0	6.25
PLPL3_HUMAN	80339	PNPLA3	8.129	348	1	1	1.0	0.0	8.129
HEXA_HUMAN	3073	HEXA	8.128	349	1	0	1.0	0.0	8.128
CSK_HUMAN	1445	CSK	8.127	350	1	0	1.0	0.0	8.127
SHAN2_HUMAN	22941	SHANK2	8.127	350	1	0	1.0	0.0	8.127
PRP6_HUMAN	24148	PRPF6	8.126	351	1	0	1.0	0.0	8.126
SPRE_HUMAN	6697	SPR	8.122	354	1	0	1.0	0.0	8.122
BKRB1_HUMAN	623	BDKRB1	8.117	358	1	0	1.0	0.0	8.117
4F2_HUMAN	6520	SLC3A2	8.116	359	1	0	1.0	0.0	8.116
HMHA1_HUMAN	23526	ARHGAP45	8.11	364	1	0	1.0	0.0	8.11
ARSB_HUMAN	411	ARSB	8.109	365	1	0	1.0	0.0	8.109
B2L11_HUMAN	10018	BCL2L11	8.109	365	1	5	1.0	0.0	8.109
LIRB1_HUMAN	10859	LILRB1	8.105	368	1	2	1.0	0.0	8.105
DLL4_HUMAN	54567	DLL4	8.105	368	1	0	1.0	0.0	8.105
CN37_HUMAN	1267	CNP	8.104	369	1	0	1.0	0.0	8.104
FADS2_HUMAN	9415	FADS2	8.103	370	1	0	1.0	0.0	8.103
LY96_HUMAN	23643	LY96	8.103	370	1	4	1.0	0.0	8.103
TNF12_HUMAN	8742	TNFSF12	8.102	371	1	2	1.0	0.0	8.102
IRF7_HUMAN	3665	IRF7	8.099	373	1	1	1.0	0.0	8.099
ADRM1_HUMAN	11047	ADRM1	8.098	374	1	2	1.0	0.0	8.098
C2TA_HUMAN	4261	CIITA	8.097	375	1	0	1.0	0.0	8.097
ADR1_HUMAN	51094	ADIPOR1	8.092	379	1	2	1.0	0.0	8.092
RFA1_HUMAN	6117	RPA1	8.09	381	1	1	1.0	0.0	8.09
MARK1_HUMAN	4139	MARK1	8.083	387	1	0	1.0	0.0	8.083
Q6NSB3_HUMAN	276	AMY1A	8.082	388	1	0	1.0	0.0	8.082
GBRAP_HUMAN	11337	GABARAP	8.079	391	1	0	1.0	0.0	8.079
ATG7_HUMAN	10533	ATG7	8.072	397	1	0	1.0	0.0	8.072
GPX3_HUMAN	2878	GPX3	8.069	400	1	0	1.0	0.0	8.069
DCC_HUMAN	1630	DCC	8.065	404	1	0	1.0	0.0	8.065
CFAI_HUMAN	3426	CFI	8.063	405	1	0	1.0	0.0	8.063
ATF6A_HUMAN	22926	ATF6	8.06	408	1	0	1.0	0.0	8.06
PEPC_HUMAN	5225	PGC	8.059	409	1	0	1.0	0.0	8.059
PLIN1_HUMAN	5346	PLIN1	8.057	411	1	5	1.0	0.0	8.057
STRAP_HUMAN	11171	STRAP	8.057	411	1	0	1.0	0.0	8.057
SH21A_HUMAN	4068	SH2D1A	8.056	412	1	0	1.0	0.0	8.056
RAG1_HUMAN	5896	RAG1	8.056	412	1	0	1.0	0.0	8.056
RNAS1_HUMAN	6035	RNASE1	8.056	412	1	0	1.0	0.0	8.056
3BHS1_HUMAN	3283	HSD3B1	8.054	414	1	0	1.0	0.0	8.054
ANFC_HUMAN	4880	NPPC	8.053	415	1	0	1.0	0.0	8.053
TRY1_HUMAN	5644	PRSS1	8.052	416	1	0	1.0	0.0	8.052
ARGI1_HUMAN	383	ARG1	8.051	417	1	3	1.0	0.0	8.051
PGS2_HUMAN	1634	DCN	8.047	421	1	0	1.0	0.0	8.047
KHDR3_HUMAN	10656	KHDRBS3	8.046	422	1	0	1.0	0.0	8.046
FOXA2_HUMAN	3170	FOXA2	8.04	427	1	3	1.0	0.0	8.04
SPIN1_HUMAN	10927	SPIN1	8.038	429	1	0	1.0	0.0	8.038
APOA5_HUMAN	116519	APOA5	8.034	433	1	0	1.0	0.0	8.034
HEM2_HUMAN	210	ALAD	8.032	435	1	0	1.0	0.0	8.032
BMP6_HUMAN	654	BMP6	8.031	436	1	1	1.0	0.0	8.031
CSPG4_HUMAN	1464	CSPG4	8.026	441	1	1	1.0	0.0	8.026
IL24_HUMAN	11009	IL24	8.026	441	1	3	1.0	0.0	8.026
CBX5_HUMAN	23468	CBX5	8.021	447	1	1	1.0	0.0	8.021
SAA1_HUMAN	6288	SAA1	8.016	452	1	0	1.0	0.0	8.016
AA2AR_HUMAN	135	ADORA2A	8.005	463	1	0	1.0	0.0	8.005
TFAM_HUMAN	7019	TFAM	8.003	465	1	0	1.0	0.0	8.003
NEST_HUMAN	10763	NES	8.002	466	1	0	1.0	0.0	8.002
HAVR2_HUMAN	84868	HAVCR2	8.002	466	1	0	1.0	0.0	8.002
GALT_HUMAN	2592	GALT	8.001	468	1	0	1.0	0.0	8.001
IL37_HUMAN	27178	IL37	7.998	471	1	1	1.0	0.0	7.998
SKI_HUMAN	6497	SKI	7.991	479	1	0	1.0	0.0	7.991
FEZF2_HUMAN	55079	FEZF2	7.991	479	1	0	1.0	0.0	7.991
IGBP1_HUMAN	3476	IGBP1	7.989	481	1	0	1.0	0.0	7.989
IL16_HUMAN	3603	IL16	7.989	481	1	0	1.0	0.0	7.989
IBP7_HUMAN	3490	IGFBP7	7.984	486	1	0	1.0	0.0	7.984
BPI_HUMAN	671	BPI	7.975	496	1	0	1.0	0.0	7.975
MMRN1_HUMAN	22915	MMRN1	7.975	496	1	0	1.0	0.0	7.975
NOTC2_HUMAN	4853	NOTCH2	7.974	498	1	0	1.0	0.0	7.974
PPBI_HUMAN	248	ALPI	7.968	505	1	0	1.0	0.0	7.968
CNTF_HUMAN	1270	CNTF	7.968	504	1	1	1.0	0.0	7.968
PTN1_HUMAN	5770	PTPN1	7.966	507	1	0	1.0	0.0	7.966
IKZF1_HUMAN	10320	IKZF1	7.965	508	1	0	1.0	0.0	7.965
TIA1_HUMAN	7072	TIA1	7.964	509	1	0	1.0	0.0	7.964
NFKB2_HUMAN	4791	NFKB2	7.956	519	1	0	1.0	0.0	7.956
CASP2_HUMAN	835	CASP2	7.955	520	1	1	1.0	0.0	7.955
GPC3_HUMAN	2719	GPC3	7.952	524	1	0	1.0	0.0	7.952
SAGE1_HUMAN	55511	SAGE1	7.949	527	1	1	1.0	0.0	7.949
PAX3_HUMAN	5077	PAX3	7.948	528	1	0	1.0	0.0	7.948
KPCE_HUMAN	5581	PRKCE	7.948	528	1	0	1.0	0.0	7.948
GSH1_HUMAN	2729	GCLC	7.947	529	1	0	1.0	0.0	7.947
ARNT_HUMAN	405	ARNT	7.945	532	1	1	1.0	0.0	7.945
SPHK1_HUMAN	8877	SPHK1	7.945	532	1	0	1.0	0.0	7.945
V2R_HUMAN	554	AVPR2	7.943	535	1	0	1.0	0.0	7.943
SAMP_HUMAN	325	APCS	7.932	548	1	1	1.0	0.0	7.932
PACA_HUMAN	116	ADCYAP1	7.925	557	1	4	1.0	0.0	7.925
FOG1_HUMAN	161882	ZFPM1	7.923	559	1	0	1.0	0.0	7.923
CTG1B_HUMAN	246100	CTAG1B	7.923	560	1	4	1.0	0.0	7.923
NFL_HUMAN	4747	NEFL	7.92	564	1	1	1.0	0.0	7.92
PIT1_HUMAN	5449	POU1F1	7.92	564	1	0	1.0	0.0	7.92
IL23R_HUMAN	149233	IL23R	7.914	571	1	1	1.0	0.0	7.914
PARK7_HUMAN	11315	PARK7	7.908	579	1	0	1.0	0.0	7.908
KLOT_HUMAN	9365	KL	7.906	582	1	0	1.0	0.0	7.906
PEDF_HUMAN	5176	SERPINF1	7.905	583	1	0	1.0	0.0	7.905
IL2RG_HUMAN	3561	IL2RG	7.904	585	1	0	1.0	0.0	7.904
ERN1_HUMAN	2081	ERN1	7.896	595	1	2	1.0	0.0	7.896
ATF4_HUMAN	468	ATF4	7.884	612	1	0	1.0	0.0	7.884
APC_HUMAN	324	APC	7.879	619	1	0	1.0	0.0	7.879
ENOA_HUMAN	2023	ENO1	7.877	622	1	0	1.0	0.0	7.877
ISG20_HUMAN	3669	ISG20	7.876	623	1	1	1.0	0.0	7.876
CALCR_HUMAN	799	CALCR	7.872	630	1	0	1.0	0.0	7.872
VEGFD_HUMAN	2277	VEGFD	7.872	630	1	0	1.0	0.0	7.872
TNNT1_HUMAN	7138	TNNT1	7.871	631	1	0	1.0	0.0	7.871
SECR_HUMAN	6343	SCT	7.87	632	1	0	1.0	0.0	7.87
NRP1_HUMAN	8829	NRP1	7.869	633	1	0	1.0	0.0	7.869
PSIP1_HUMAN	11168	PSIP1	7.869	634	1	0	1.0	0.0	7.869
FILA_HUMAN	2312	FLG	7.866	638	1	0	1.0	0.0	7.866
PMP22_HUMAN	5376	PMP22	7.866	638	1	0	1.0	0.0	7.866
MAGA3_HUMAN	4102	MAGEA3	7.865	640	1	0	1.0	0.0	7.865
JAK3_HUMAN	3718	JAK3	7.863	643	1	0	1.0	0.0	7.863
LRP5_HUMAN	4041	LRP5	7.861	645	1	0	1.0	0.0	7.861
GNRHR_HUMAN	2798	GNRHR	7.853	657	1	2	1.0	0.0	7.853
MCH_HUMAN	5367	PMCH	7.852	659	1	0	1.0	0.0	7.852
PGS1_HUMAN	633	BGN	7.845	669	1	0	1.0	0.0	7.845
HXK2_HUMAN	3099	HK2	7.843	673	1	0	1.0	0.0	7.843
CBG_HUMAN	866	SERPINA6	7.828	696	1	0	1.0	0.0	7.828
X3CL1_HUMAN	6376	CX3CL1	7.828	696	1	0	1.0	0.0	7.828
SMAD1_HUMAN	4086	SMAD1	7.822	706	1	0	1.0	0.0	7.822
PE2R4_HUMAN	5734	PTGER4	7.817	715	1	0	1.0	0.0	7.817
FLT3L_HUMAN	2323	FLT3LG	7.814	719	1	0	1.0	0.0	7.814
HBEGF_HUMAN	1839	HBEGF	7.811	724	1	0	1.0	0.0	7.811
TY3H_HUMAN	7054	TH	7.805	734	1	0	1.0	0.0	7.805
SP3_HUMAN	6670	SP3	7.802	740	1	2	1.0	0.0	7.802
CCR1_HUMAN	1230	CCR1	7.791	758	1	1	1.0	0.0	7.791
BIRC3_HUMAN	330	BIRC3	7.788	764	1	0	1.0	0.0	7.788
PRRT2_HUMAN	112476	PRRT2	7.787	765	1	0	1.0	0.0	7.787
JAM1_HUMAN	50848	F11R	7.785	769	1	1	1.0	0.0	7.785
FURIN_HUMAN	5045	FURIN	7.777	784	1	0	1.0	0.0	7.777
MUC18_HUMAN	4162	MCAM	7.761	812	1	0	1.0	0.0	7.761
GDF15_HUMAN	9518	GDF15	7.759	816	1	1	1.0	0.0	7.759
CD6_HUMAN	923	CD6	7.756	822	1	0	1.0	0.0	7.756
DNM3B_HUMAN	1789	DNMT3B	7.754	826	1	0	1.0	0.0	7.754
SOCS1_HUMAN	8651	SOCS1	7.752	829	1	0	1.0	0.0	7.752
ANXA2_HUMAN	302	ANXA2	7.751	832	1	0	1.0	0.0	7.751
FAS_HUMAN	2194	FASN	7.751	832	1	0	1.0	0.0	7.751
PIP_HUMAN	5304	PIP	7.749	835	1	0	1.0	0.0	7.749
RHD_HUMAN	6007	RHD	7.739	854	1	0	1.0	0.0	7.739
GRN_HUMAN	2896	GRN	7.736	861	1	2	1.0	0.0	7.736
TSYL2_HUMAN	64061	TSPYL2	7.736	860	1	0	1.0	0.0	7.736
NUCL_HUMAN	4691	NCL	7.73	872	1	0	1.0	0.0	7.73
SELPL_HUMAN	6404	SELPLG	7.729	875	1	0	1.0	0.0	7.729
RTN4_HUMAN	57142	RTN4	7.725	882	1	0	1.0	0.0	7.725
ALDH2_HUMAN	217	ALDH2	7.719	896	1	0	1.0	0.0	7.719
CY24B_HUMAN	1536	CYBB	7.718	898	1	0	1.0	0.0	7.718
LAMP1_HUMAN	3916	LAMP1	7.717	900	1	0	1.0	0.0	7.717
IL33_HUMAN	90865	IL33	7.714	905	1	0	1.0	0.0	7.714
SDHB_HUMAN	6390	SDHB	7.712	910	1	0	1.0	0.0	7.712
EF1A2_HUMAN	1917	EEF1A2	7.711	912	1	0	1.0	0.0	7.711
K2C1_HUMAN	3848	KRT1	7.71	914	1	0	1.0	0.0	7.71
SOCS3_HUMAN	9021	SOCS3	7.707	920	1	0	1.0	0.0	7.707
CNR2_HUMAN	1269	CNR2	7.706	922	1	0	1.0	0.0	7.706
FBN1_HUMAN	2200	FBN1	7.706	923	1	0	1.0	0.0	7.706
CATG_HUMAN	1511	CTSG	7.686	966	1	0	1.0	0.0	7.686
PGBM_HUMAN	3339	HSPG2	7.685	969	1	0	1.0	0.0	7.685
DKK1_HUMAN	22943	DKK1	7.681	976	1	1	1.0	0.0	7.681
NUP62_HUMAN	23636	NUP62	7.68	979	1	0	1.0	0.0	7.68
OCLN_HUMAN	100506658	OCLN	7.679	981	1	6	1.0	0.0	7.679
K1C10_HUMAN	3858	KRT10	7.678	984	1	0	1.0	0.0	7.678
FOLH1_HUMAN	2346	FOLH1	7.677	986	1	0	1.0	0.0	7.677
LBP_HUMAN	3929	LBP	7.677	987	1	0	1.0	0.0	7.677
TNR16_HUMAN	4804	NGFR	7.676	988	1	0	1.0	0.0	7.676
LMOD1_HUMAN	25802	LMOD1	7.668	1006	1	0	1.0	0.0	7.668
LPH_HUMAN	3938	LCT	7.659	1027	1	0	1.0	0.0	7.659
STS_HUMAN	412	STS	7.651	1048	1	0	1.0	0.0	7.651
FOXO3_HUMAN	2309	FOXO3	7.645	1061	1	2	1.0	0.0	7.645
TIE2_HUMAN	7010	TEK	7.644	1063	1	3	1.0	0.0	7.644
ERBB4_HUMAN	2066	ERBB4	7.641	1071	1	0	1.0	0.0	7.641
MYB_HUMAN	4602	MYB	7.638	1079	1	0	1.0	0.0	7.638
AACT_HUMAN	12	SERPINA3	7.637	1082	1	0	1.0	0.0	7.637
PKD1_HUMAN	5310	PKD1	7.633	1092	1	0	1.0	0.0	7.633
CAH3_HUMAN	761	CA3	7.629	1101	1	0	1.0	0.0	7.629
TRPV1_HUMAN	7442	TRPV1	7.629	1100	1	1	1.0	0.0	7.629
ISK1_HUMAN	6690	SPINK1	7.611	1148	1	0	1.0	0.0	7.611
MARH1_HUMAN	55016	MARCH1	7.61	1151	1	2	1.0	0.0	7.61
C163A_HUMAN	9332	CD163	7.607	1158	1	0	1.0	0.0	7.607
CO1A1_HUMAN	1277	COL1A1	7.603	1168	1	0	1.0	0.0	7.603
CDR1_HUMAN	1038	CDR1	7.602	1172	1	0	1.0	0.0	7.602
IFNL3_HUMAN	282617	IFNL3	7.602	1173	1	0	1.0	0.0	7.602
H2AX_HUMAN	3014	H2AFX	7.596	1188	1	0	1.0	0.0	7.596
MARH8_HUMAN	220972	MARCH8	7.596	1189	1	0	1.0	0.0	7.596
PGH1_HUMAN	5742	PTGS1	7.592	1198	1	0	1.0	0.0	7.592
DAF_HUMAN	1604	CD55	7.588	1210	1	0	1.0	0.0	7.588
FAK2_HUMAN	2185	PTK2B	7.587	1212	1	0	1.0	0.0	7.587
NEC1_HUMAN	5122	PCSK1	7.578	1239	1	0	1.0	0.0	7.578
PROC_HUMAN	5624	PROC	7.578	1238	1	0	1.0	0.0	7.578
CXCL9_HUMAN	4283	CXCL9	7.574	1249	1	0	1.0	0.0	7.574
SON_HUMAN	6651	SON	7.57	1262	1	0	1.0	0.0	7.57
MECP2_HUMAN	4204	MECP2	7.569	1263	1	0	1.0	0.0	7.569
CD14_HUMAN	929	CD14	7.557	7700	1	12	1.0	0.114	6.784
CASP7_HUMAN	840	CASP7	7.555	1307	1	0	1.0	0.0	7.555
LMNA_HUMAN	4000	LMNA	7.555	1307	1	0	1.0	0.0	7.555
HD_HUMAN	3064	HTT	7.549	1323	1	2	1.0	0.0	7.549
AL5AP_HUMAN	241	ALOX5AP	7.545	1336	1	0	1.0	0.0	7.545
TLR7_HUMAN	51284	TLR7	7.543	1343	1	1	1.0	0.0	7.543
CXB2_HUMAN	2706	GJB2	7.537	1360	1	0	1.0	0.0	7.537
SDC1_HUMAN	6382	SDC1	7.532	1376	1	0	1.0	0.0	7.532
RO52_HUMAN	6737	TRIM21	7.528	1390	1	0	1.0	0.0	7.528
KCNH2_HUMAN	3757	KCNH2	7.526	1396	1	1	1.0	0.0	7.526
AQP4_HUMAN	361	AQP4	7.523	1404	1	0	1.0	0.0	7.523
CDC42_HUMAN	998	CDC42	7.517	1425	1	0	1.0	0.0	7.517
CCL11_HUMAN	6356	CCL11	7.509	1452	1	1	1.0	0.0	7.509
IL6RA_HUMAN	3570	IL6R	7.506	1462	1	0	1.0	0.0	7.506
CFLAR_HUMAN	8837	CFLAR	7.504	1469	1	3	1.0	0.0	7.504
MERL_HUMAN	4771	NF2	7.489	1519	1	0	1.0	0.0	7.489
PLPP_HUMAN	57026	PDXP	7.487	1527	1	0	1.0	0.0	7.487
MCP_HUMAN	4179	CD46	7.48	1553	1	0	1.0	0.0	7.48
MMP7_HUMAN	4316	MMP7	7.476	1567	1	0	1.0	0.0	7.476
ANGP2_HUMAN	285	ANGPT2	7.475	1569	1	0	1.0	0.0	7.475
DNMT1_HUMAN	1786	DNMT1	7.473	1576	1	0	1.0	0.0	7.473
ACTS_HUMAN	58	ACTA1	7.47	1589	1	0	1.0	0.0	7.47
TENA_HUMAN	3371	TNC	7.469	1590	1	0	1.0	0.0	7.469
CBP_HUMAN	1387	CREBBP	7.466	1601	1	1	1.0	0.0	7.466
EDNRA_HUMAN	1909	EDNRA	7.466	1603	1	3	1.0	0.0	7.466
LA_HUMAN	6741	SSB	7.465	1607	1	0	1.0	0.0	7.465
VEGFC_HUMAN	7424	VEGFC	7.464	1609	1	0	1.0	0.0	7.464
LEG3_HUMAN	3958	LGALS3	7.457	1637	1	0	1.0	0.0	7.457
TNR1B_HUMAN	7133	TNFRSF1B	7.457	1635	1	1	1.0	0.0	7.457
CAV1_HUMAN	857	CAV1	7.447	1675	1	0	1.0	0.0	7.447
LOX5_HUMAN	240	ALOX5	7.436	1718	1	0	1.0	0.0	7.436
ETV6_HUMAN	2120	ETV6	7.435	1723	1	0	1.0	0.0	7.435
S10A8_HUMAN	6279	S100A8	7.433	1730	1	0	1.0	0.0	7.433
5NTD_HUMAN	4907	NT5E	7.43	1741	1	0	1.0	0.0	7.43
HNRPC_HUMAN	3183	HNRNPC	7.422	1775	1	0	1.0	0.0	7.422
CFAH_HUMAN	3075	CFH	7.417	1793	1	0	1.0	0.0	7.417
PTHR_HUMAN	5744	PTHLH	7.407	1835	1	0	1.0	0.0	7.407
GRP_HUMAN	2922	GRP	7.406	1841	1	0	1.0	0.0	7.406
THIO_HUMAN	7295	TXN	7.403	1854	1	0	1.0	0.0	7.403
FUT4_HUMAN	2526	FUT4	7.401	1860	1	0	1.0	0.0	7.401
5HT2A_HUMAN	3356	HTR2A	7.4	1865	1	0	1.0	0.0	7.4
GRP78_HUMAN	3309	HSPA5	7.398	1873	1	0	1.0	0.0	7.398
GSTT1_HUMAN	2952	GSTT1	7.385	1930	1	0	1.0	0.0	7.385
LIF_HUMAN	3976	LIF	7.382	1943	1	0	1.0	0.0	7.382
TNNI3_HUMAN	7137	TNNI3	7.382	1943	1	0	1.0	0.0	7.382
ZHX2_HUMAN	22882	ZHX2	7.38	1955	1	0	1.0	0.0	7.38
SPB3_HUMAN	6317	SERPINB3	7.378	1962	1	0	1.0	0.0	7.378
TGFB2_HUMAN	7042	TGFB2	7.371	1996	1	0	1.0	0.0	7.371
LEG1_HUMAN	3956	LGALS1	7.363	2031	1	0	1.0	0.0	7.363
STA5A_HUMAN	6776	STAT5A	7.355	2070	1	0	1.0	0.0	7.355
KMT2A_HUMAN	4297	KMT2A	7.35	2095	1	5	1.0	0.0	7.35
C5AR1_HUMAN	728	C5AR1	7.322	2235	1	0	1.0	0.0	7.322
VHL_HUMAN	7428	VHL	7.313	2280	1	1	1.0	0.0	7.313
WT1_HUMAN	7490	WT1	7.31	2295	1	3	1.0	0.0	7.31
DRD2_HUMAN	1813	DRD2	7.307	2309	1	0	1.0	0.0	7.307
TMED2_HUMAN	10959	TMED2	7.298	2361	1	0	1.0	0.0	7.298
ABCG2_HUMAN	9429	ABCG2	7.287	2419	1	0	1.0	0.0	7.287
SOX2_HUMAN	6657	SOX2	7.267	2534	1	0	1.0	0.0	7.267
FLT3_HUMAN	2322	FLT3	7.257	2594	1	0	1.0	0.0	7.257
MGMT_HUMAN	4255	MGMT	7.256	2601	1	0	1.0	0.0	7.256
SORCN_HUMAN	6717	SRI	7.249	2643	1	4	1.0	0.0	7.249
CCL3_HUMAN	6348	CCL3	7.245	2667	1	0	1.0	0.0	7.245
MCL1_HUMAN	4170	MCL1	7.244	2669	1	3	1.0	0.0	7.244
NR4A1_HUMAN	3164	NR4A1	7.24	2694	1	0	1.0	0.0	7.24
ITB2_HUMAN	3689	ITGB2	7.223	2806	1	0	1.0	0.0	7.223
MYH14_HUMAN	79784	MYH14	7.221	2817	1	1	1.0	0.0	7.221
CDN1B_HUMAN	1027	CDKN1B	7.193	3007	1	1	1.0	0.0	7.193
CP1A1_HUMAN	1543	CYP1A1	7.189	3030	1	0	1.0	0.0	7.189
TNF11_HUMAN	8600	TNFSF11	7.185	3060	1	2	1.0	0.0	7.185
CDK2_HUMAN	1017	CDK2	7.175	3134	1	0	1.0	0.0	7.175
GFAP_HUMAN	2670	GFAP	7.169	3173	1	0	1.0	0.0	7.169
SC6A4_HUMAN	6532	SLC6A4	7.159	3249	1	0	1.0	0.0	7.159
MMP3_HUMAN	4314	MMP3	7.149	3326	1	0	1.0	0.0	7.149
UROK_HUMAN	5328	PLAU	7.149	3329	1	0	1.0	0.0	7.149
CDK4_HUMAN	1019	CDK4	7.148	3335	1	1	1.0	0.0	7.148
ESR2_HUMAN	2100	ESR2	7.121	3549	1	0	1.0	0.0	7.121
IGF1R_HUMAN	3480	IGF1R	7.102	3702	1	3	1.0	0.0	7.102
CD2_HUMAN	914	CD2	7.098	3738	1	7	1.0	0.0	7.098
CD80_HUMAN	941	CD80	7.085	3851	1	0	1.0	0.0	7.085
BMP2_HUMAN	650	BMP2	7.067	4018	1	0	1.0	0.0	7.067
CP2D6_HUMAN	1565	CYP2D6	7.065	4031	1	0	1.0	0.0	7.065
JAK2_HUMAN	3717	JAK2	7.045	4222	1	1	1.0	0.0	7.045
CCL5_HUMAN	6352	CCL5	7.035	4323	1	1	1.0	0.0	7.035
NEP_HUMAN	4311	MME	7.014	4534	1	0	1.0	0.0	7.014
MP2K7_HUMAN	5609	MAP2K7	7.008	4606	1	0	1.0	0.0	7.008
RB_HUMAN	5925	RB1	7.007	4614	1	0	1.0	0.0	7.007
CD68_HUMAN	968	CD68	6.964	5091	1	0	1.0	0.0	6.964
VCAM1_HUMAN	7412	VCAM1	6.924	5577	1	0	1.0	0.0	6.924
JUN_HUMAN	3725	JUN	6.922	5610	1	0	1.0	0.0	6.922
IL5_HUMAN	3567	IL5	6.889	6055	1	1	1.0	0.0	6.889
BRCA2_HUMAN	675	BRCA2	6.873	6283	1	0	1.0	0.0	6.873
MK08_HUMAN	5599	MAPK8	6.856	6528	1	3	1.0	0.0	6.856
CYC_HUMAN	54205	CYCS	6.842	6736	1	0	1.0	0.0	6.842
PK3CD_HUMAN	5293	PIK3CD	6.826	6997	1	0	1.0	0.0	6.826
VIME_HUMAN	7431	VIM	6.659	10272	1	1	1.0	0.0	6.659
MK03_HUMAN	5595	MAPK3	6.601	11751	1	0	1.0	0.0	6.601
